/*--------------------------------*- C++ -*----------------------------------*\
  =========                 |
  \\      /  F ield         | OpenFOAM: The Open Source CFD Toolbox
   \\    /   O peration     | Website:  https://openfoam.org
    \\  /    A nd           | Version:  11
     \\/     M anipulation  |
\*---------------------------------------------------------------------------*/
FoamFile
{
    format      ascii;
    class       surfaceScalarField;
    location    "1000";
    object      phi;
}
// * * * * * * * * * * * * * * * * * * * * * * * * * * * * * * * * * * * * * //

dimensions      [0 3 -1 0 0 0 0];

internalField   nonuniform List<scalar> 
2320
(
4.941149986e-07
-4.174543764e-10
4.945287844e-07
-4.137858128e-10
4.949389347e-07
-4.101502785e-10
4.953454822e-07
-4.065474881e-10
4.957484593e-07
-4.029771313e-10
4.961478982e-07
-3.994389287e-10
4.965438309e-07
-3.959326721e-10
4.96936289e-07
-3.924581449e-10
4.973253041e-07
-3.890150494e-10
4.977109071e-07
-3.856030361e-10
4.980931289e-07
-3.822217672e-10
4.984719999e-07
-3.788710017e-10
4.988475505e-07
-3.755506406e-10
4.99219811e-07
-3.722604688e-10
4.995888111e-07
-3.690001276e-10
4.999545804e-07
-3.657692485e-10
5.003171479e-07
-3.625675512e-10
5.006765428e-07
-3.593948683e-10
5.010327939e-07
-3.562510542e-10
5.013859297e-07
-3.531358096e-10
5.017359784e-07
-3.500487407e-10
5.02082968e-07
-3.469895797e-10
5.024269262e-07
-3.439582015e-10
5.027678806e-07
-3.409544558e-10
5.031058587e-07
-3.37978047e-10
5.034408873e-07
-3.350286213e-10
5.037729931e-07
-3.321058417e-10
5.041022027e-07
-3.292095214e-10
5.044285422e-07
-3.26339572e-10
5.04752038e-07
-3.234957567e-10
5.050727158e-07
-3.206777632e-10
5.053906011e-07
-3.178853033e-10
5.057057192e-07
-3.151181703e-10
5.060180955e-07
-3.123762409e-10
5.063277548e-07
-3.096593006e-10
5.066347218e-07
-3.069669922e-10
5.069390206e-07
-3.042988914e-10
5.072406754e-07
-3.016547235e-10
5.075397101e-07
-2.990346673e-10
5.078361489e-07
-2.964388646e-10
5.081300159e-07
-2.938669098e-10
5.084213341e-07
-2.913182407e-10
5.08710126e-07
-2.887919619e-10
5.08996414e-07
-2.862880047e-10
5.092802213e-07
-2.838071626e-10
5.095615709e-07
-2.813495853e-10
5.098404854e-07
-2.78914536e-10
5.101169866e-07
-2.765012035e-10
5.103910963e-07
-2.741098054e-10
5.106628365e-07
-2.717402499e-10
5.109322343e-07
-2.693976711e-10
5.111993049e-07
-2.670705634e-10
5.114641153e-07
-2.648105436e-10
5.11726595e-07
-2.624795722e-10
5.119872641e-07
-2.606689267e-10
5.122449504e-07
-2.576865048e-10
5.125049116e-07
-2.599613246e-10
5.127538057e-07
-2.488940615e-10
5.130391787e-07
-2.853731279e-10
-2.31554347e-10
1.478970083e-06
-1.639871821e-09
1.480181676e-06
-1.625378825e-09
1.481382544e-06
-1.611018346e-09
1.482572786e-06
-1.596789361e-09
1.4837525e-06
-1.582690622e-09
1.484921781e-06
-1.568720829e-09
1.486080728e-06
-1.554878821e-09
1.487229433e-06
-1.541163667e-09
1.488367993e-06
-1.527574519e-09
1.4894965e-06
-1.514110183e-09
1.490615047e-06
-1.500769096e-09
1.491723726e-06
-1.487549794e-09
1.492822627e-06
-1.474451551e-09
1.49391184e-06
-1.46147379e-09
1.494991456e-06
-1.448615705e-09
1.496061562e-06
-1.435875706e-09
1.497122247e-06
-1.423252132e-09
1.498173596e-06
-1.410743918e-09
1.499215695e-06
-1.398350662e-09
1.500248631e-06
-1.386071674e-09
1.501272488e-06
-1.373905529e-09
1.502287349e-06
-1.361850613e-09
1.503293297e-06
-1.349905866e-09
1.504290413e-06
-1.338070859e-09
1.50527878e-06
-1.326345034e-09
1.506258479e-06
-1.314727194e-09
1.507229588e-06
-1.303215582e-09
1.508192188e-06
-1.291808941e-09
1.509146355e-06
-1.280506697e-09
1.510092168e-06
-1.26930847e-09
1.511029703e-06
-1.258213349e-09
1.511959038e-06
-1.247219966e-09
1.512880247e-06
-1.23632693e-09
1.513793404e-06
-1.225533516e-09
1.514698584e-06
-1.214839338e-09
1.515595861e-06
-1.204243701e-09
1.516485307e-06
-1.193744998e-09
1.517366993e-06
-1.183341186e-09
1.51824099e-06
-1.173031627e-09
1.519107368e-06
-1.162816791e-09
1.519966199e-06
-1.152697543e-09
1.520817553e-06
-1.142672743e-09
1.521661499e-06
-1.132738229e-09
1.522498103e-06
-1.122890889e-09
1.523327428e-06
-1.11313187e-09
1.524149542e-06
-1.103464263e-09
1.524964516e-06
-1.093889244e-09
1.525772418e-06
-1.084402675e-09
1.526573309e-06
-1.075000774e-09
1.527367251e-06
-1.065682224e-09
1.528154321e-06
-1.056467414e-09
1.528934578e-06
-1.047328272e-09
1.529708196e-06
-1.038428408e-09
1.530475052e-06
-1.029335075e-09
1.531236343e-06
-1.021959802e-09
1.531989667e-06
-1.011010748e-09
1.532746939e-06
-1.017233886e-09
1.533481622e-06
-9.835770358e-10
1.534297355e-06
-1.101106277e-09
-9.350579109e-10
2.45225117e-06
-3.569163855e-09
2.454163097e-06
-3.537305499e-09
2.456057825e-06
-3.505746364e-09
2.457935519e-06
-3.474483991e-09
2.459796344e-06
-3.443515621e-09
2.461640462e-06
-3.412838202e-09
2.463468032e-06
-3.382448583e-09
2.465279212e-06
-3.352344176e-09
2.467074161e-06
-3.32252303e-09
2.468853033e-06
-3.292982783e-09
2.470615984e-06
-3.263720106e-09
2.472363165e-06
-3.23473101e-09
2.474094727e-06
-3.206012948e-09
2.475810817e-06
-3.177564467e-09
2.477511586e-06
-3.149384332e-09
2.47919718e-06
-3.121469437e-09
2.480867743e-06
-3.093815727e-09
2.482523419e-06
-3.066419744e-09
2.484164349e-06
-3.039280064e-09
2.485790673e-06
-3.012395619e-09
2.487402531e-06
-2.985763934e-09
2.489000062e-06
-2.959381189e-09
2.4905834e-06
-2.933243971e-09
2.492152679e-06
-2.907350662e-09
2.493708035e-06
-2.881700414e-09
2.495249599e-06
-2.856291397e-09
2.496777503e-06
-2.831119855e-09
2.498291876e-06
-2.806181998e-09
2.499792845e-06
-2.781475617e-09
2.501280537e-06
-2.75699993e-09
2.502755077e-06
-2.732753652e-09
2.504216591e-06
-2.708734237e-09
2.505665202e-06
-2.684937963e-09
2.507101031e-06
-2.661362309e-09
2.508524198e-06
-2.638006095e-09
2.509934823e-06
-2.614868553e-09
2.511333025e-06
-2.591947268e-09
2.512718921e-06
-2.569237349e-09
2.514092625e-06
-2.546735151e-09
2.515454248e-06
-2.524440486e-09
2.516803907e-06
-2.502356148e-09
2.518141717e-06
-2.48048304e-09
2.519467793e-06
-2.458813763e-09
2.52078224e-06
-2.437337898e-09
2.522085161e-06
-2.416052792e-09
2.523376662e-06
-2.394965397e-09
2.524656857e-06
-2.374083623e-09
2.525925857e-06
-2.3534036e-09
2.52718377e-06
-2.332913388e-09
2.52843069e-06
-2.312602298e-09
2.529666734e-06
-2.292511414e-09
2.530892001e-06
-2.272595497e-09
2.532106767e-06
-2.253193758e-09
2.533310872e-06
-2.233440404e-09
2.534506108e-06
-2.217195389e-09
2.535688996e-06
-2.193899581e-09
2.536877231e-06
-2.205468969e-09
2.538032511e-06
-2.138857211e-09
2.539308002e-06
-2.376597533e-09
-2.045037846e-09
3.404893964e-06
-6.047028293e-09
3.407348988e-06
-5.992330337e-09
3.409781407e-06
-5.938164558e-09
3.412191449e-06
-5.884525986e-09
3.414579342e-06
-5.831409404e-09
3.416945314e-06
-5.778809281e-09
3.419289584e-06
-5.726719486e-09
3.421612375e-06
-5.675134534e-09
3.423913902e-06
-5.624050349e-09
3.426194382e-06
-5.573462672e-09
3.428454028e-06
-5.52336583e-09
3.430693049e-06
-5.473752447e-09
3.432911653e-06
-5.424616952e-09
3.435110044e-06
-5.375955681e-09
3.437288427e-06
-5.327766495e-09
3.439447001e-06
-5.280044365e-09
3.441585968e-06
-5.232782365e-09
3.443705522e-06
-5.185973459e-09
3.445805856e-06
-5.139613834e-09
3.447887161e-06
-5.093701214e-09
3.449949629e-06
-5.048231987e-09
3.451993448e-06
-5.003199835e-09
3.454018802e-06
-4.958597939e-09
3.456025873e-06
-4.91442213e-09
3.458014843e-06
-4.870670426e-09
3.459985892e-06
-4.827340279e-09
3.461939198e-06
-4.784425814e-09
3.463874936e-06
-4.741920025e-09
3.465793278e-06
-4.699817544e-09
3.467694395e-06
-4.658116246e-09
3.469578455e-06
-4.616814162e-09
3.471445628e-06
-4.575907688e-09
3.473296081e-06
-4.535390356e-09
3.475129975e-06
-4.495256794e-09
3.476947473e-06
-4.455503766e-09
3.478748734e-06
-4.416129919e-09
3.480533919e-06
-4.377132227e-09
3.482303185e-06
-4.33850302e-09
3.484056685e-06
-4.300234739e-09
3.485794568e-06
-4.262324184e-09
3.487516988e-06
-4.224775672e-09
3.489224097e-06
-4.187592722e-09
3.49091605e-06
-4.150766534e-09
3.492592992e-06
-4.114279042e-09
3.494255059e-06
-4.078119777e-09
3.49590239e-06
-4.042295988e-09
3.49753513e-06
-4.006824524e-09
3.499153431e-06
-3.971705927e-09
3.50075744e-06
-3.936922215e-09
3.502347287e-06
-3.902448384e-09
3.50392312e-06
-3.868343774e-09
3.505485065e-06
-3.834540449e-09
3.507033479e-06
-3.801608863e-09
3.508568186e-06
-3.768146123e-09
3.510091455e-06
-3.74046374e-09
3.511598967e-06
-3.701413318e-09
3.513112808e-06
-3.719311692e-09
3.514585549e-06
-3.611598241e-09
3.516207371e-06
-3.998418869e-09
-3.462186366e-09
4.326113948e-06
-8.865548692e-09
4.328905696e-06
-8.784078288e-09
4.331670965e-06
-8.703433339e-09
4.334410044e-06
-8.623604941e-09
4.337123218e-06
-8.544584225e-09
4.339810771e-06
-8.466362293e-09
4.342472981e-06
-8.388929013e-09
4.345110121e-06
-8.312274861e-09
4.347722463e-06
-8.236392308e-09
4.350310275e-06
-8.161274033e-09
4.35287382e-06
-8.086911443e-09
4.355413361e-06
-8.013292853e-09
4.357929152e-06
-7.940408588e-09
4.360421448e-06
-7.868251348e-09
4.362890498e-06
-7.796817031e-09
4.365336552e-06
-7.726098182e-09
4.367759855e-06
-7.656084898e-09
4.370160647e-06
-7.586765384e-09
4.372539165e-06
-7.518131923e-09
4.374895643e-06
-7.450179795e-09
4.377230306e-06
-7.382894104e-09
4.379543402e-06
-7.316295114e-09
4.381835155e-06
-7.250352612e-09
4.384105772e-06
-7.185039008e-09
4.386355481e-06
-7.120378941e-09
4.3885845e-06
-7.056359026e-09
4.390793045e-06
-6.992971434e-09
4.392981331e-06
-6.930205469e-09
4.395149564e-06
-6.868051338e-09
4.397297952e-06
-6.806504124e-09
4.399426699e-06
-6.745560395e-09
4.401536007e-06
-6.685215834e-09
4.403626078e-06
-6.625461126e-09
4.405697108e-06
-6.566287511e-09
4.407749293e-06
-6.507688113e-09
4.409782822e-06
-6.449659792e-09
4.411797889e-06
-6.392198971e-09
4.413794682e-06
-6.335295451e-09
4.415773384e-06
-6.278937358e-09
4.417734178e-06
-6.223117321e-09
4.419677241e-06
-6.167838734e-09
4.421602756e-06
-6.113108375e-09
4.423510908e-06
-6.058918247e-09
4.425401872e-06
-6.005242844e-09
4.427275813e-06
-5.952061031e-09
4.429132893e-06
-5.899375978e-09
4.430973281e-06
-5.847211859e-09
4.432797145e-06
-5.795569727e-09
4.434604692e-06
-5.744470381e-09
4.436396047e-06
-5.693802044e-09
4.438171418e-06
-5.643716304e-09
4.439930921e-06
-5.594043133e-09
4.441674976e-06
-5.54566374e-09
4.443403399e-06
-5.496568434e-09
4.445118772e-06
-5.455836093e-09
4.446816303e-06
-5.398945443e-09
4.448520471e-06
-5.423479984e-09
4.450179055e-06
-5.270182694e-09
4.452000286e-06
-5.819650245e-09
-5.060344659e-09
5.202875115e-06
-1.178211199e-08
5.205762973e-06
-1.16719365e-08
5.208622466e-06
-1.156292624e-08
5.211453928e-06
-1.145506703e-08
5.214257689e-06
-1.134834486e-08
5.217034073e-06
-1.124274645e-08
5.219783401e-06
-1.113825675e-08
5.222505987e-06
-1.103486124e-08
5.225202142e-06
-1.093254774e-08
5.227872173e-06
-1.083130443e-08
5.23051638e-06
-1.073111885e-08
5.233135062e-06
-1.063197443e-08
5.23572851e-06
-1.053385681e-08
5.238297012e-06
-1.043675353e-08
5.240840853e-06
-1.034065742e-08
5.243360312e-06
-1.02455574e-08
5.245855667e-06
-1.015144055e-08
5.248327192e-06
-1.005828987e-08
5.250775153e-06
-9.966092736e-09
5.253199813e-06
-9.874840369e-09
5.255601445e-06
-9.784524951e-09
5.257980285e-06
-9.695135188e-09
5.260336588e-06
-9.606656006e-09
5.262670623e-06
-9.519074346e-09
5.264982626e-06
-9.432382066e-09
5.26727284e-06
-9.346573111e-09
5.269541506e-06
-9.261637422e-09
5.271788862e-06
-9.177560977e-09
5.274015139e-06
-9.094328877e-09
5.276220568e-06
-9.011932308e-09
5.278405372e-06
-8.930364961e-09
5.280569778e-06
-8.849621462e-09
5.282714006e-06
-8.769689735e-09
5.284838276e-06
-8.690557922e-09
5.286942803e-06
-8.612214526e-09
5.289027796e-06
-8.534653266e-09
5.291093467e-06
-8.457869003e-09
5.293140021e-06
-8.381849153e-09
5.295167662e-06
-8.30657861e-09
5.297176589e-06
-8.232044807e-09
5.299166999e-06
-8.158248976e-09
5.301139089e-06
-8.085198585e-09
5.303093058e-06
-8.012887276e-09
5.305029101e-06
-7.941285251e-09
5.306947402e-06
-7.870361153e-09
5.308848136e-06
-7.800109677e-09
5.310731482e-06
-7.73055843e-09
5.31259764e-06
-7.661728067e-09
5.314446775e-06
-7.59360682e-09
5.316279112e-06
-7.526137646e-09
5.3180948e-06
-7.459404353e-09
5.319894017e-06
-7.393259661e-09
5.321677185e-06
-7.32883215e-09
5.323444122e-06
-7.263504425e-09
5.325197523e-06
-7.209237464e-09
5.32693254e-06
-7.133963934e-09
5.32867376e-06
-7.164701296e-09
5.330369278e-06
-6.96570221e-09
5.332223152e-06
-7.673523721e-09
-6.697816602e-09
6.019568654e-06
-1.453849199e-08
6.022296769e-06
-1.440005191e-08
6.024996983e-06
-1.426314003e-08
6.027669651e-06
-1.412773577e-08
6.030315125e-06
-1.39938187e-08
6.032933749e-06
-1.386137026e-08
6.035525862e-06
-1.373036963e-08
6.038091798e-06
-1.360079685e-08
6.040631884e-06
-1.347263406e-08
6.043146455e-06
-1.334587691e-08
6.045635794e-06
-1.322045633e-08
6.048100247e-06
-1.309642797e-08
6.050540111e-06
-1.297372034e-08
6.05295571e-06
-1.285235429e-08
6.055347269e-06
-1.273221425e-08
6.057715152e-06
-1.261344066e-08
6.060059625e-06
-1.249591378e-08
6.062380972e-06
-1.237963688e-08
6.064679471e-06
-1.226459166e-08
6.066955419e-06
-1.215079052e-08
6.069209014e-06
-1.203811754e-08
6.071440593e-06
-1.192671504e-08
6.073650397e-06
-1.181645974e-08
6.075838683e-06
-1.170735971e-08
6.078005702e-06
-1.159940163e-08
6.080151705e-06
-1.149257624e-08
6.082276939e-06
-1.138687111e-08
6.084381647e-06
-1.128226905e-08
6.086466068e-06
-1.117874992e-08
6.088530436e-06
-1.107629996e-08
6.090575004e-06
-1.09749353e-08
6.092599929e-06
-1.087454425e-08
6.094605508e-06
-1.077526904e-08
6.096591941e-06
-1.067699104e-08
6.098559446e-06
-1.057971942e-08
6.100508261e-06
-1.048347018e-08
6.102438537e-06
-1.038814386e-08
6.104350518e-06
-1.029382962e-08
6.106244436e-06
-1.020049723e-08
6.108120443e-06
-1.010805066e-08
6.109978773e-06
-1.001657882e-08
6.111819611e-06
-9.926036532e-09
6.113643157e-06
-9.836433057e-09
6.115449607e-06
-9.747735539e-09
6.117239149e-06
-9.659903418e-09
6.119011959e-06
-9.572919789e-09
6.120768236e-06
-9.486836728e-09
6.122508116e-06
-9.401607637e-09
6.124231796e-06
-9.317285231e-09
6.125939514e-06
-9.233856482e-09
6.127631444e-06
-9.151334044e-09
6.129307749e-06
-9.069566423e-09
6.130968803e-06
-8.989885904e-09
6.132614428e-06
-8.909127779e-09
6.134247291e-06
-8.842100291e-09
6.135862827e-06
-8.749499754e-09
6.137483455e-06
-8.785330055e-09
6.139062833e-06
-8.545079576e-09
6.140777819e-06
-9.388511403e-09
-8.229288072e-09
6.757928428e-06
-1.688308627e-08
6.760247771e-06
-1.671939498e-08
6.762542217e-06
-1.655758592e-08
6.764812113e-06
-1.639763166e-08
6.767057799e-06
-1.623950445e-08
6.769279609e-06
-1.608318005e-08
6.771477871e-06
-1.59286313e-08
6.773652906e-06
-1.577583278e-08
6.775805033e-06
-1.562476064e-08
6.777934547e-06
-1.547539165e-08
6.780041794e-06
-1.53277024e-08
6.782127032e-06
-1.518166629e-08
6.78419057e-06
-1.503725757e-08
6.786232666e-06
-1.489445286e-08
6.788253688e-06
-1.475323386e-08
6.790253829e-06
-1.461358259e-08
6.792233394e-06
-1.447547845e-08
6.794192651e-06
-1.433889369e-08
6.796131864e-06
-1.420380473e-08
6.798051265e-06
-1.40701928e-08
6.799951188e-06
-1.393803935e-08
6.801831804e-06
-1.380733075e-08
6.803693386e-06
-1.367804189e-08
6.805536177e-06
-1.355015112e-08
6.807360415e-06
-1.342363939e-08
6.809166332e-06
-1.329849351e-08
6.810954159e-06
-1.317469812e-08
6.812724124e-06
-1.305223356e-08
6.814476449e-06
-1.293107468e-08
6.816211352e-06
-1.281120306e-08
6.817929019e-06
-1.26926045e-08
6.819629744e-06
-1.25752674e-08
6.821313653e-06
-1.24591776e-08
6.822980979e-06
-1.234431789e-08
6.824631926e-06
-1.223066649e-08
6.826266664e-06
-1.211820987e-08
6.827885456e-06
-1.200693439e-08
6.829488451e-06
-1.189682318e-08
6.831075811e-06
-1.178785805e-08
6.832647776e-06
-1.168001521e-08
6.834204488e-06
-1.157329051e-08
6.835746137e-06
-1.146768699e-08
6.837272907e-06
-1.136320321e-08
6.838784978e-06
-1.125980556e-08
6.840282523e-06
-1.115744735e-08
6.841765703e-06
-1.105609893e-08
6.843234646e-06
-1.095578143e-08
6.844689569e-06
-1.085653207e-08
6.846130651e-06
-1.075836714e-08
6.847558016e-06
-1.06612215e-08
6.848971877e-06
-1.056519416e-08
6.850372331e-06
-1.047002019e-08
6.851759813e-06
-1.037736775e-08
6.853134152e-06
-1.028346465e-08
6.854497595e-06
-1.020554541e-08
6.855846414e-06
-1.009831954e-08
6.857198628e-06
-1.013754523e-08
6.858518333e-06
-9.864785424e-09
6.859933795e-06
-1.080397439e-08
-9.518870583e-09
7.397199633e-06
-1.859441244e-08
7.398891241e-06
-1.841100315e-08
7.400563439e-06
-1.822978371e-08
7.402216497e-06
-1.805068821e-08
7.403850783e-06
-1.787379144e-08
7.405466511e-06
-1.769890722e-08
7.407064021e-06
-1.752614258e-08
7.408643562e-06
-1.735537407e-08
7.410205374e-06
-1.718657169e-08
7.411749781e-06
-1.701980019e-08
7.413276986e-06
-1.685490619e-08
7.414787286e-06
-1.669196661e-08
7.416280902e-06
-1.653087258e-08
7.417758137e-06
-1.637168908e-08
7.419219141e-06
-1.621423683e-08
7.420664222e-06
-1.605866492e-08
7.422093539e-06
-1.590479342e-08
7.423507421e-06
-1.575277744e-08
7.424906002e-06
-1.560238615e-08
7.426289498e-06
-1.545368726e-08
7.42765821e-06
-1.53067526e-08
7.429012242e-06
-1.516136214e-08
7.430351875e-06
-1.501767556e-08
7.431677236e-06
-1.487551087e-08
7.432988597e-06
-1.473499993e-08
7.434286134e-06
-1.459603182e-08
7.435570024e-06
-1.445858904e-08
7.43684041e-06
-1.432261745e-08
7.438097579e-06
-1.418824507e-08
7.439341621e-06
-1.405524569e-08
7.440572742e-06
-1.3923725e-08
7.441791082e-06
-1.379360583e-08
7.442996901e-06
-1.366499809e-08
7.444190249e-06
-1.353766451e-08
7.445371396e-06
-1.341181418e-08
7.446540459e-06
-1.32872735e-08
7.44769755e-06
-1.316402341e-08
7.448842926e-06
-1.304220125e-08
7.449976637e-06
-1.292156795e-08
7.451098906e-06
-1.280228554e-08
7.452209806e-06
-1.268418828e-08
7.453309583e-06
-1.256746582e-08
7.454398265e-06
-1.245188305e-08
7.455476115e-06
-1.233765792e-08
7.456543188e-06
-1.222452027e-08
7.457599611e-06
-1.211252092e-08
7.458645564e-06
-1.200173369e-08
7.45968117e-06
-1.18921394e-08
7.460706513e-06
-1.178370993e-08
7.461721755e-06
-1.167646274e-08
7.4627271e-06
-1.157054074e-08
7.463722582e-06
-1.146550122e-08
7.464708575e-06
-1.136336205e-08
7.465684835e-06
-1.125972235e-08
7.466653331e-06
-1.117404281e-08
7.467611124e-06
-1.105611073e-08
7.468570366e-06
-1.109678913e-08
7.469509372e-06
-1.080378898e-08
7.470490387e-06
-1.178499255e-08
-1.045221471e-08
7.914549053e-06
-1.950328067e-08
7.915445902e-06
-1.93078522e-08
7.916330955e-06
-1.911483639e-08
7.91720446e-06
-1.892419149e-08
7.918066549e-06
-1.873588084e-08
7.918917507e-06
-1.85498644e-08
7.919757471e-06
-1.836610777e-08
7.920586671e-06
-1.818457484e-08
7.921405331e-06
-1.800523086e-08
7.922213575e-06
-1.782804518e-08
7.923011651e-06
-1.76529811e-08
7.923799689e-06
-1.748000484e-08
7.924577897e-06
-1.730907909e-08
7.92534638e-06
-1.71401738e-08
7.926105401e-06
-1.697325732e-08
7.926855043e-06
-1.680830809e-08
7.927595546e-06
-1.664529489e-08
7.928326955e-06
-1.648418768e-08
7.929049519e-06
-1.63249501e-08
7.929763386e-06
-1.616755252e-08
7.930468604e-06
-1.601197268e-08
7.931165428e-06
-1.58581851e-08
7.931853917e-06
-1.570616545e-08
7.932534289e-06
-1.555588069e-08
7.933206595e-06
-1.540730668e-08
7.933870982e-06
-1.526041996e-08
7.934527594e-06
-1.511520145e-08
7.935176603e-06
-1.49716249e-08
7.935818021e-06
-1.482966434e-08
7.936452063e-06
-1.468928797e-08
7.937078814e-06
-1.455047546e-08
7.937698417e-06
-1.441320703e-08
7.938310887e-06
-1.427747035e-08
7.938916465e-06
-1.414324072e-08
7.939515146e-06
-1.401049695e-08
7.940107088e-06
-1.387921541e-08
7.940692438e-06
-1.37493716e-08
7.941271184e-06
-1.362094861e-08
7.941843536e-06
-1.349391901e-08
7.942409511e-06
-1.336826095e-08
7.942969282e-06
-1.324395787e-08
7.943522828e-06
-1.312101482e-08
7.944070372e-06
-1.299942541e-08
7.944611879e-06
-1.287916674e-08
7.94514754e-06
-1.27601804e-08
7.945677437e-06
-1.264241442e-08
7.946201575e-06
-1.252587158e-08
7.946720027e-06
-1.241059374e-08
7.947232945e-06
-1.229663026e-08
7.947740414e-06
-1.21839321e-08
7.948242502e-06
-1.207262854e-08
7.948739324e-06
-1.196232024e-08
7.949231045e-06
-1.185508305e-08
7.94971757e-06
-1.174624458e-08
7.95020008e-06
-1.165655591e-08
7.950677036e-06
-1.153306635e-08
7.951153178e-06
-1.157293433e-08
7.95162408e-06
-1.127469207e-08
7.952073802e-06
-1.223471716e-08
-1.094666948e-08
8.285671613e-06
-1.951082113e-08
8.285676346e-06
-1.931258566e-08
8.285678379e-06
-1.911686861e-08
8.285677812e-06
-1.892362504e-08
8.285674745e-06
-1.873281397e-08
8.285669273e-06
-1.854439228e-08
8.285661487e-06
-1.835832168e-08
8.285651476e-06
-1.817456391e-08
8.285639327e-06
-1.799308202e-08
8.285625121e-06
-1.781384225e-08
8.285608949e-06
-1.763680572e-08
8.285590879e-06
-1.746193486e-08
8.28557099e-06
-1.728919043e-08
8.285549352e-06
-1.711853882e-08
8.285526045e-06
-1.694994659e-08
8.285501126e-06
-1.6783389e-08
8.285474666e-06
-1.661883486e-08
8.285446729e-06
-1.645625145e-08
8.28541738e-06
-1.629560119e-08
8.285386678e-06
-1.613685055e-08
8.28535468e-06
-1.597997407e-08
8.28532144e-06
-1.582494574e-08
8.285287013e-06
-1.567173954e-08
8.285251456e-06
-1.552032207e-08
8.285214815e-06
-1.537066624e-08
8.285177141e-06
-1.522274604e-08
8.285138479e-06
-1.507654131e-08
8.285098882e-06
-1.493202551e-08
8.285058389e-06
-1.478917105e-08
8.285017045e-06
-1.464794495e-08
8.284974893e-06
-1.450832273e-08
8.284931965e-06
-1.437028314e-08
8.284888311e-06
-1.423381239e-08
8.284843959e-06
-1.4098888e-08
8.284798949e-06
-1.39654877e-08
8.284753321e-06
-1.3833587e-08
8.284707107e-06
-1.370315818e-08
8.28466034e-06
-1.357418107e-08
8.284613049e-06
-1.344662815e-08
8.284565261e-06
-1.332047641e-08
8.284517015e-06
-1.31957082e-08
8.284468327e-06
-1.307232669e-08
8.284419231e-06
-1.295032896e-08
8.284369754e-06
-1.282969423e-08
8.284319939e-06
-1.27103654e-08
8.284269809e-06
-1.25922807e-08
8.284219368e-06
-1.247543031e-08
8.284168629e-06
-1.235985399e-08
8.284117616e-06
-1.224561737e-08
8.284066369e-06
-1.213268536e-08
8.284014948e-06
-1.202120779e-08
8.283963353e-06
-1.191072585e-08
8.283911715e-06
-1.18034449e-08
8.283859845e-06
-1.169437502e-08
8.283808398e-06
-1.160510786e-08
8.283756926e-06
-1.148159374e-08
8.283702663e-06
-1.151867493e-08
8.283659235e-06
-1.123126039e-08
8.283528202e-06
-1.210368474e-08
-1.095842314e-08
8.485516316e-06
-1.859993478e-08
8.484612459e-06
-1.840872821e-08
8.483715599e-06
-1.822000922e-08
8.482825707e-06
-1.80337325e-08
8.481942748e-06
-1.784985551e-08
8.48106669e-06
-1.766833431e-08
8.480197498e-06
-1.748912904e-08
8.479335135e-06
-1.731220101e-08
8.478479567e-06
-1.713751358e-08
8.477630753e-06
-1.696503239e-08
8.476788669e-06
-1.679471845e-08
8.475953267e-06
-1.662653273e-08
8.475124513e-06
-1.646043589e-08
8.474302363e-06
-1.629639279e-08
8.473486791e-06
-1.613437021e-08
8.472677744e-06
-1.597434213e-08
8.471875187e-06
-1.581627856e-08
8.471079082e-06
-1.566014648e-08
8.47028939e-06
-1.5505909e-08
8.46950607e-06
-1.535353084e-08
8.468729081e-06
-1.520298507e-08
8.467958382e-06
-1.505424627e-08
8.467193929e-06
-1.49072882e-08
8.466435687e-06
-1.476207856e-08
8.46568361e-06
-1.461858975e-08
8.464937659e-06
-1.447679433e-08
8.464197788e-06
-1.433667253e-08
8.463463963e-06
-1.419819864e-08
8.462736137e-06
-1.406134518e-08
8.462014272e-06
-1.39260797e-08
8.461298325e-06
-1.379237558e-08
8.460588249e-06
-1.366021077e-08
8.459884011e-06
-1.352957095e-08
8.459185559e-06
-1.340043612e-08
8.458492856e-06
-1.327278493e-08
8.457805863e-06
-1.314659427e-08
8.45712454e-06
-1.302183471e-08
8.456448843e-06
-1.289848428e-08
8.455778731e-06
-1.277651536e-08
8.455114156e-06
-1.265590429e-08
8.454455086e-06
-1.253663454e-08
8.453801467e-06
-1.241870798e-08
8.453153261e-06
-1.230212476e-08
8.452510431e-06
-1.218686822e-08
8.451872951e-06
-1.207288469e-08
8.451240782e-06
-1.196010618e-08
8.450613866e-06
-1.184851312e-08
8.44999215e-06
-1.173813782e-08
8.449375587e-06
-1.162905716e-08
8.448764151e-06
-1.152125088e-08
8.448157835e-06
-1.141489265e-08
8.447556587e-06
-1.130947572e-08
8.44696043e-06
-1.120728651e-08
8.446369164e-06
-1.110310727e-08
8.44578278e-06
-1.10187236e-08
8.445202029e-06
-1.090084438e-08
8.44461674e-06
-1.093339055e-08
8.444058282e-06
-1.067280252e-08
8.443348856e-06
-1.139426103e-08
-1.048595052e-08
8.489035287e-06
-1.683873075e-08
8.487290551e-06
-1.666399278e-08
8.485562111e-06
-1.649157186e-08
8.483849806e-06
-1.632142512e-08
8.482153463e-06
-1.615351168e-08
8.480472918e-06
-1.598778936e-08
8.478808008e-06
-1.582421921e-08
8.477158571e-06
-1.566276416e-08
8.475524445e-06
-1.550339027e-08
8.473905478e-06
-1.534606533e-08
8.472301515e-06
-1.519075283e-08
8.470712397e-06
-1.503741479e-08
8.469137975e-06
-1.488601399e-08
8.467578098e-06
-1.473651569e-08
8.466032616e-06
-1.458888834e-08
8.464501381e-06
-1.444310702e-08
8.462984248e-06
-1.429914525e-08
8.461481073e-06
-1.41569718e-08
8.459991717e-06
-1.401655249e-08
8.458516038e-06
-1.387785209e-08
8.457053896e-06
-1.374084396e-08
8.455605155e-06
-1.360550501e-08
8.454169678e-06
-1.347181056e-08
8.45274733e-06
-1.333973088e-08
8.45133798e-06
-1.320923979e-08
8.449941492e-06
-1.30803098e-08
8.448557747e-06
-1.295292363e-08
8.447186605e-06
-1.282705741e-08
8.445827946e-06
-1.27026858e-08
8.444481644e-06
-1.257977833e-08
8.443147577e-06
-1.245830783e-08
8.441825619e-06
-1.233825278e-08
8.440515647e-06
-1.221959924e-08
8.439217542e-06
-1.210233049e-08
8.437931185e-06
-1.198642767e-08
8.436656461e-06
-1.187187101e-08
8.435393258e-06
-1.175863137e-08
8.43414146e-06
-1.164668667e-08
8.432900954e-06
-1.153600949e-08
8.431671626e-06
-1.142657653e-08
8.430453364e-06
-1.13183714e-08
8.429246053e-06
-1.12113967e-08
8.428049586e-06
-1.110565739e-08
8.42686386e-06
-1.100114267e-08
8.42568878e-06
-1.089780537e-08
8.424524246e-06
-1.079557298e-08
8.423370148e-06
-1.069441496e-08
8.422226363e-06
-1.059435471e-08
8.421092787e-06
-1.049547787e-08
8.419969315e-06
-1.039777864e-08
8.418855879e-06
-1.030145718e-08
8.41775237e-06
-1.020596655e-08
8.416658708e-06
-1.011362565e-08
8.415574686e-06
-1.001908494e-08
8.414499652e-06
-9.94368882e-09
8.413435469e-06
-9.836661185e-09
8.412365412e-06
-9.863333172e-09
8.411336674e-06
-9.644062622e-09
8.410103555e-06
-1.016114281e-08
-9.56959072e-09
8.271852077e-06
-1.437590647e-08
8.269413745e-06
-1.422566099e-08
8.266999607e-06
-1.407743679e-08
8.264609382e-06
-1.393119649e-08
8.262242773e-06
-1.378690363e-08
8.259899505e-06
-1.364452049e-08
8.257579297e-06
-1.350401159e-08
8.255281876e-06
-1.336534322e-08
8.253006969e-06
-1.322848628e-08
8.250754317e-06
-1.30934131e-08
8.248523659e-06
-1.296009205e-08
8.246314733e-06
-1.282848861e-08
8.244127289e-06
-1.269857004e-08
8.241961077e-06
-1.257030383e-08
8.239815851e-06
-1.244366196e-08
8.237691366e-06
-1.231862217e-08
8.235587384e-06
-1.219516319e-08
8.23350367e-06
-1.20732576e-08
8.231439993e-06
-1.195287615e-08
8.229396126e-06
-1.183398534e-08
8.227371843e-06
-1.171656083e-08
8.225366922e-06
-1.160058342e-08
8.223381142e-06
-1.148603119e-08
8.22141429e-06
-1.137287844e-08
8.219466153e-06
-1.126110232e-08
8.217536516e-06
-1.115067626e-08
8.215625183e-06
-1.104158773e-08
8.213731941e-06
-1.093381539e-08
8.211856593e-06
-1.082733756e-08
8.209998942e-06
-1.072212745e-08
8.208158793e-06
-1.061815923e-08
8.206335954e-06
-1.051541329e-08
8.204530232e-06
-1.041387692e-08
8.202741438e-06
-1.031353677e-08
8.200969387e-06
-1.021437722e-08
8.1992139e-06
-1.011638384e-08
8.197474798e-06
-1.001952924e-08
8.195751906e-06
-9.923794285e-09
8.194045049e-06
-9.829152423e-09
8.192354054e-06
-9.735580841e-09
8.190678747e-06
-9.643064197e-09
8.189018955e-06
-9.551605116e-09
8.187374511e-06
-9.461213436e-09
8.185745253e-06
-9.371886418e-09
8.184131034e-06
-9.283585698e-09
8.182531699e-06
-9.196237288e-09
8.18094709e-06
-9.109804936e-09
8.179377032e-06
-9.024298935e-09
8.177821365e-06
-8.939808451e-09
8.176279922e-06
-8.85633754e-09
8.174752574e-06
-8.774110097e-09
8.173239161e-06
-8.692553564e-09
8.171739509e-06
-8.613972094e-09
8.170253419e-06
-8.532993588e-09
8.168779636e-06
-8.469904791e-09
8.167321035e-06
-8.378060458e-09
8.165855655e-06
-8.397953409e-09
8.164443316e-06
-8.231727074e-09
8.162790038e-06
-8.507867598e-09
-8.287491485e-09
7.810763599e-06
-1.142946572e-08
7.807847361e-06
-1.130942314e-08
7.804960935e-06
-1.119101219e-08
7.802103942e-06
-1.107420294e-08
7.799276004e-06
-1.095896581e-08
7.796476753e-06
-1.084526993e-08
7.793705827e-06
-1.073308528e-08
7.790962867e-06
-1.062238296e-08
7.788247521e-06
-1.051314019e-08
7.785559443e-06
-1.04053353e-08
7.782898295e-06
-1.029894361e-08
7.780263742e-06
-1.019393614e-08
7.777655459e-06
-1.009028701e-08
7.775073122e-06
-9.987967127e-09
7.772516415e-06
-9.886952932e-09
7.769985017e-06
-9.787225987e-09
7.767478626e-06
-9.688772089e-09
7.764996938e-06
-9.591568948e-09
7.762539656e-06
-9.495594241e-09
7.760106489e-06
-9.400817151e-09
7.757697143e-06
-9.307217041e-09
7.75531134e-06
-9.214780137e-09
7.752948797e-06
-9.123488227e-09
7.75060924e-06
-9.0333216e-09
7.748292383e-06
-8.944244449e-09
7.745998003e-06
-8.856296604e-09
7.743725776e-06
-8.769360309e-09
7.741475505e-06
-8.683544342e-09
7.739246889e-06
-8.598721903e-09
7.737039695e-06
-8.514933692e-09
7.734853676e-06
-8.432140548e-09
7.732688589e-06
-8.350326239e-09
7.730544193e-06
-8.269480122e-09
7.728420249e-06
-8.189592328e-09
7.726316523e-06
-8.110651207e-09
7.724232771e-06
-8.032631513e-09
7.722168814e-06
-7.955572813e-09
7.720124387e-06
-7.879367445e-09
7.718099288e-06
-7.80405369e-09
7.716093301e-06
-7.729594526e-09
7.714106212e-06
-7.655973513e-09
7.7121378e-06
-7.583193115e-09
7.710187855e-06
-7.511268005e-09
7.708256175e-06
-7.440206329e-09
7.706342538e-06
-7.369948214e-09
7.704446848e-06
-7.300548324e-09
7.702568819e-06
-7.231777315e-09
7.700708277e-06
-7.163756335e-09
7.698865013e-06
-7.096543219e-09
7.697038822e-06
-7.030146476e-09
7.695229521e-06
-6.964809397e-09
7.693436913e-06
-6.899946412e-09
7.691660731e-06
-6.837790408e-09
7.689900802e-06
-6.77306444e-09
7.688155367e-06
-6.724469755e-09
7.686428205e-06
-6.650896748e-09
7.684693667e-06
-6.663414513e-09
7.683019979e-06
-6.55803749e-09
7.681092781e-06
-6.580670154e-09
-6.748578665e-09
7.084015133e-06
-8.271300926e-09
7.080889879e-06
-8.18416899e-09
7.077797094e-06
-8.098228843e-09
7.074736351e-06
-8.013459426e-09
7.071707224e-06
-7.929839137e-09
7.0687093e-06
-7.8473459e-09
7.065742171e-06
-7.765956319e-09
7.062805435e-06
-7.685646987e-09
7.059898698e-06
-7.60640279e-09
7.05702157e-06
-7.528208086e-09
7.054173673e-06
-7.451046119e-09
7.051354631e-06
-7.374894504e-09
7.048564081e-06
-7.299736511e-09
7.045801661e-06
-7.225547254e-09
7.043067018e-06
-7.152308625e-09
7.040359796e-06
-7.080005736e-09
7.037679657e-06
-7.008632186e-09
7.035026259e-06
-6.938171423e-09
7.032399274e-06
-6.868609874e-09
7.029798378e-06
-6.799919736e-09
7.027223245e-06
-6.732085166e-09
7.024673564e-06
-6.665098702e-09
7.022149021e-06
-6.598946064e-09
7.019649315e-06
-6.533614752e-09
7.017174156e-06
-6.469085859e-09
7.014723207e-06
-6.405347296e-09
7.012296232e-06
-6.342384762e-09
7.009892887e-06
-6.280199993e-09
7.007512934e-06
-6.218769166e-09
7.005156084e-06
-6.158083313e-09
7.002822063e-06
-6.098119911e-09
7.000510605e-06
-6.038867664e-09
6.998221443e-06
-5.980318191e-09
6.995954316e-06
-5.922464969e-09
6.993708964e-06
-5.865299868e-09
6.99148515e-06
-5.808816424e-09
6.989282579e-06
-5.753002829e-09
6.987101055e-06
-5.697843181e-09
6.984940325e-06
-5.643324e-09
6.982800155e-06
-5.589424635e-09
6.980680311e-06
-5.536128028e-09
6.978580551e-06
-5.483433682e-09
6.976500642e-06
-5.431358565e-09
6.974440357e-06
-5.379922492e-09
6.972399514e-06
-5.329104496e-09
6.970377822e-06
-5.278856161e-09
6.96837516e-06
-5.229115694e-09
6.966391281e-06
-5.179877145e-09
6.964425959e-06
-5.131220797e-09
6.962478964e-06
-5.083151938e-09
6.960550076e-06
-5.035921668e-09
6.958639084e-06
-4.988954932e-09
6.956745618e-06
-4.944324731e-09
6.954869716e-06
-4.897161694e-09
6.953008753e-06
-4.863505902e-09
6.951167892e-06
-4.810034276e-09
6.949319042e-06
-4.814564129e-09
6.947533763e-06
-4.772758963e-09
6.945514507e-06
-4.561415714e-09
-5.083383686e-09
6.071328944e-06
-5.210734579e-09
6.068300546e-06
-5.155771173e-09
6.065303879e-06
-5.101562024e-09
6.062338501e-06
-5.048081077e-09
6.059404026e-06
-4.995364526e-09
6.056500009e-06
-4.943328646e-09
6.05362603e-06
-4.891977106e-09
6.050781763e-06
-4.841380111e-09
6.047966745e-06
-4.791384756e-09
6.045180615e-06
-4.742078184e-09
6.042422983e-06
-4.693413721e-09
6.039693499e-06
-4.645410878e-09
6.036991803e-06
-4.598041016e-09
6.034317515e-06
-4.55125933e-09
6.031670297e-06
-4.505089809e-09
6.029049799e-06
-4.459508027e-09
6.026455682e-06
-4.414515382e-09
6.023887611e-06
-4.370099674e-09
6.021345258e-06
-4.32625787e-09
6.018828303e-06
-4.282964814e-09
6.016336428e-06
-4.240210225e-09
6.013869324e-06
-4.197992866e-09
6.011426679e-06
-4.156302344e-09
6.009008185e-06
-4.115121054e-09
6.006613557e-06
-4.074456626e-09
6.004242534e-06
-4.03432553e-09
6.001894774e-06
-3.994624696e-09
5.999570016e-06
-3.955442188e-09
5.997267983e-06
-3.916735643e-09
5.99498839e-06
-3.878490106e-09
5.992731004e-06
-3.840734819e-09
5.99049553e-06
-3.803392674e-09
5.988281716e-06
-3.766504937e-09
5.986089308e-06
-3.730056297e-09
5.983918049e-06
-3.694040274e-09
5.981767689e-06
-3.658457058e-09
5.979637983e-06
-3.6232964e-09
5.977528691e-06
-3.588551742e-09
5.975439582e-06
-3.554214876e-09
5.973370427e-06
-3.520269964e-09
5.971320998e-06
-3.486699212e-09
5.969291065e-06
-3.453499683e-09
5.967280381e-06
-3.420673304e-09
5.965288753e-06
-3.388295141e-09
5.963315936e-06
-3.356288035e-09
5.961361739e-06
-3.324660711e-09
5.95942597e-06
-3.29334606e-09
5.957508422e-06
-3.262327288e-09
5.955608848e-06
-3.231646948e-09
5.953727093e-06
-3.201396561e-09
5.951862846e-06
-3.171674603e-09
5.950015944e-06
-3.142052684e-09
5.948185879e-06
-3.114261508e-09
5.946372986e-06
-3.084270024e-09
5.944573741e-06
-3.064259413e-09
5.942795066e-06
-3.031358283e-09
5.941007237e-06
-3.026732557e-09
5.939279077e-06
-3.044597855e-09
5.937379021e-06
-2.661359281e-09
-3.433309504e-09
4.753697624e-06
-2.58008227e-09
4.751094722e-06
-2.552868847e-09
4.748519189e-06
-2.526028585e-09
4.745970659e-06
-2.499550892e-09
4.743448736e-06
-2.473441705e-09
4.740953094e-06
-2.447686752e-09
4.738483387e-06
-2.422270192e-09
4.736039211e-06
-2.397204103e-09
4.733620285e-06
-2.37245899e-09
4.731226257e-06
-2.348050385e-09
4.728856808e-06
-2.323963638e-09
4.726511589e-06
-2.300192557e-09
4.724190289e-06
-2.276741583e-09
4.721892619e-06
-2.253588674e-09
4.719618265e-06
-2.230736177e-09
4.717366927e-06
-2.208169635e-09
4.715138309e-06
-2.185897643e-09
4.712932118e-06
-2.163908777e-09
4.710748072e-06
-2.142212148e-09
4.708585891e-06
-2.120783424e-09
4.7064453e-06
-2.099619183e-09
4.704326032e-06
-2.078723783e-09
4.702227816e-06
-2.058088104e-09
4.700150407e-06
-2.037711466e-09
4.698093534e-06
-2.017583807e-09
4.696056916e-06
-1.99770755e-09
4.694040354e-06
-1.978062987e-09
4.692043585e-06
-1.958672429e-09
4.690066364e-06
-1.939514704e-09
4.688108466e-06
-1.920592186e-09
4.686169629e-06
-1.901898561e-09
4.684249658e-06
-1.883421654e-09
4.682348319e-06
-1.865165356e-09
4.680465389e-06
-1.847126283e-09
4.678600648e-06
-1.829298292e-09
4.67675388e-06
-1.811688739e-09
4.674924869e-06
-1.794285821e-09
4.673113409e-06
-1.777091648e-09
4.671319296e-06
-1.760102526e-09
4.669542334e-06
-1.74330903e-09
4.667782332e-06
-1.726696206e-09
4.666039094e-06
-1.710260963e-09
4.664312429e-06
-1.694006853e-09
4.662602105e-06
-1.677971069e-09
4.660907959e-06
-1.662142988e-09
4.659229802e-06
-1.646505853e-09
4.657567475e-06
-1.631018932e-09
4.655920813e-06
-1.615663341e-09
4.654289647e-06
-1.6004808e-09
4.652673722e-06
-1.585471051e-09
4.651072858e-06
-1.570809313e-09
4.649486914e-06
-1.556110042e-09
4.647915218e-06
-1.542566445e-09
4.646358605e-06
-1.527659612e-09
4.644812339e-06
-1.517991619e-09
4.643285622e-06
-1.504640063e-09
4.64174841e-06
-1.489518069e-09
4.640256515e-06
-1.552698706e-09
4.638711427e-06
-1.116271238e-09
-1.937439857e-09
3.11298117e-06
-7.24795967e-10
3.111145453e-06
-7.171514185e-10
3.109329049e-06
-7.096252927e-10
3.107531702e-06
-7.022036098e-10
3.105753129e-06
-6.948685776e-10
3.103993076e-06
-6.876342394e-10
3.102251317e-06
-6.805105563e-10
3.100527591e-06
-6.734782763e-10
3.098821673e-06
-6.665417724e-10
3.097133303e-06
-6.596795751e-10
3.095462261e-06
-6.529218443e-10
3.093808333e-06
-6.462644886e-10
3.092171267e-06
-6.396760074e-10
3.090550857e-06
-6.331785608e-10
3.088946879e-06
-6.267578844e-10
3.087359143e-06
-6.204337675e-10
3.08578743e-06
-6.141845333e-10
3.084231543e-06
-6.080217131e-10
3.082691248e-06
-6.019171715e-10
3.081166378e-06
-5.959134677e-10
3.079656741e-06
-5.899825549e-10
3.078162127e-06
-5.841102676e-10
3.076682359e-06
-5.783193462e-10
3.075217245e-06
-5.725972819e-10
3.07376661e-06
-5.669487664e-10
3.072330279e-06
-5.613764044e-10
3.070908086e-06
-5.558704984e-10
3.069499831e-06
-5.504168395e-10
3.068105365e-06
-5.450495323e-10
3.066724508e-06
-5.397352137e-10
3.065357099e-06
-5.34489696e-10
3.064002982e-06
-5.293038923e-10
3.062661992e-06
-5.241758201e-10
3.06133398e-06
-5.191134138e-10
3.060018799e-06
-5.141176291e-10
3.058716278e-06
-5.091674183e-10
3.057426285e-06
-5.042925883e-10
3.056148661e-06
-4.994679069e-10
3.054883254e-06
-4.946962541e-10
3.053629924e-06
-4.899790154e-10
3.052388543e-06
-4.853149785e-10
3.051158988e-06
-4.807048204e-10
3.04994113e-06
-4.761489364e-10
3.048734797e-06
-4.716373219e-10
3.047539852e-06
-4.67198601e-10
3.046356166e-06
-4.628215165e-10
3.045183621e-06
-4.584741336e-10
3.044022113e-06
-4.541546544e-10
3.042871518e-06
-4.498849754e-10
3.041731721e-06
-4.456728311e-10
3.040602495e-06
-4.415824226e-10
3.039483832e-06
-4.374480486e-10
3.038374956e-06
-4.336916786e-10
3.037276983e-06
-4.296884828e-10
3.036185221e-06
-4.262288485e-10
3.035107377e-06
-4.267950896e-10
3.034025504e-06
-4.076425442e-10
3.032947037e-06
-4.74228034e-10
3.032009416e-06
-1.786495953e-10
-7.156014072e-10
1.131351757e-06
1.130634606e-06
1.12992498e-06
1.129222777e-06
1.128527908e-06
1.127840274e-06
1.127159763e-06
1.126486285e-06
1.125819743e-06
1.125160064e-06
1.124507142e-06
1.123860877e-06
1.123221201e-06
1.122588023e-06
1.121961265e-06
1.121340831e-06
1.120726647e-06
1.120118625e-06
1.119516708e-06
1.118920794e-06
1.118330812e-06
1.117746701e-06
1.117168382e-06
1.116595785e-06
1.116028836e-06
1.11546746e-06
1.114911589e-06
1.114361172e-06
1.113816123e-06
1.113276387e-06
1.112741898e-06
1.112212594e-06
1.111688418e-06
1.111169305e-06
1.110655187e-06
1.11014602e-06
1.109641727e-06
1.109142259e-06
1.108647563e-06
1.108157584e-06
1.107672269e-06
1.107191564e-06
1.106715415e-06
1.106243778e-06
1.105776579e-06
1.105313758e-06
1.104855283e-06
1.104401129e-06
1.103951244e-06
1.103505571e-06
1.103063989e-06
1.102626541e-06
1.102192849e-06
1.10176316e-06
1.101336932e-06
1.100910136e-06
1.100502494e-06
1.100028266e-06
1.099849616e-06
)
;

boundaryField
{
    axis
    {
        type            empty;
    }
    inlet
    {
        type            calculated;
        value           nonuniform List<scalar> 0();
    }
    outlet
    {
        type            calculated;
        value           nonuniform List<scalar> 
20
(
5.13270733e-07
1.53500086e-06
2.540417982e-06
3.517624521e-06
4.453598444e-06
5.333860625e-06
6.14230929e-06
6.861223377e-06
7.47142373e-06
7.952568256e-06
8.283539954e-06
8.442876383e-06
8.409187194e-06
8.161507938e-06
7.679553867e-06
6.943849311e-06
5.935728946e-06
4.637215556e-06
3.030787576e-06
1.099134015e-06
)
;
    }
    wall
    {
        type            calculated;
        value           uniform 0;
    }
    wedgeLow
    {
        type            wedge;
        value           nonuniform List<scalar> 
1200
(
6.44665193e-18
1.817841241e-17
2.878922795e-17
3.923569739e-17
6.062977402e-17
6.984714933e-17
6.867149986e-17
8.534834506e-17
8.355906654e-17
8.89662823e-17
9.289830106e-17
7.206227128e-17
6.910972402e-17
6.05574197e-17
-1.175017872e-15
-9.901740683e-16
-9.760423465e-18
7.102114197e-17
5.963340897e-16
3.376925937e-16
6.394262007e-18
1.800719233e-17
2.883346609e-17
4.063800851e-17
5.925454624e-17
6.9280433e-17
7.080175008e-17
8.249259395e-17
7.386865331e-17
7.953037725e-17
8.985024225e-17
7.285216404e-17
6.923766766e-17
6.037547926e-17
1.28657048e-15
1.09056841e-15
1.245983105e-17
8.595966244e-17
-3.267087433e-17
-7.555379047e-17
6.354413175e-18
1.790250968e-17
2.900876458e-17
4.160936753e-17
5.796880647e-17
6.86847273e-17
7.221462606e-17
8.059579622e-17
7.760441479e-17
8.30307924e-17
8.773317687e-17
7.321047428e-17
1.62019445e-15
1.464278732e-15
5.191448519e-17
3.818890477e-17
-4.609700354e-17
-5.033896898e-17
-1.360964763e-16
-1.541478779e-16
6.298262734e-18
1.782995234e-17
2.922834185e-17
4.225006927e-17
5.690258214e-17
6.817440608e-17
7.298822295e-17
7.74866131e-17
-8.144291867e-16
-7.748356355e-16
8.448713392e-17
7.318777686e-17
-1.487455105e-15
-1.338970064e-15
4.684711757e-17
9.47008793e-18
-5.226390781e-16
-4.793751791e-16
-5.782302028e-18
-1.95048408e-17
6.243710457e-18
1.779048104e-17
2.945005427e-17
4.265674332e-17
5.604981724e-17
6.772525228e-17
7.299249616e-17
7.122791602e-17
2.444397499e-17
2.393340954e-17
7.828962339e-17
7.252908053e-17
6.925301527e-17
5.802038108e-17
3.945081641e-17
-6.952817732e-18
2.778387277e-16
1.442369712e-16
-1.334524314e-16
-4.472087503e-17
6.254170595e-18
1.781431387e-17
2.967534115e-17
4.289932747e-17
5.534333231e-17
6.718509755e-17
7.201257893e-17
6.483716948e-17
2.219600269e-17
2.017138033e-17
7.207823535e-17
7.124809881e-17
6.871565765e-17
5.596469374e-17
3.41552357e-17
1.110723754e-18
2.388667919e-17
1.124107743e-17
-2.287272037e-16
-7.849126574e-17
6.268908549e-18
1.786264883e-17
2.987607628e-17
4.303182247e-17
5.477761863e-17
6.678325879e-17
7.157206058e-17
6.063716095e-17
2.553329989e-17
2.398241545e-17
6.718570522e-17
6.955440939e-17
6.782162461e-17
5.387255845e-17
3.193789897e-17
1.34855611e-17
-3.249810986e-16
-2.376927869e-16
-1.411085855e-17
-6.490857775e-18
6.299159061e-18
1.793623745e-17
3.00526446e-17
4.308429116e-17
5.423984442e-17
6.563911622e-17
6.59262913e-17
5.320266881e-17
8.992681483e-16
8.624658088e-16
6.345704861e-17
6.763936147e-17
6.665109353e-17
5.211330565e-17
3.202577305e-17
2.328548693e-17
4.041419466e-16
2.947796868e-16
-1.0022418e-17
-6.593904853e-18
6.297575915e-18
1.799422369e-17
3.018316346e-17
4.306647358e-17
5.370807213e-17
6.556377154e-17
8.323101436e-17
6.847346289e-17
-8.3909146e-16
-8.001248404e-16
6.097806938e-17
6.569656588e-17
1.614502438e-15
1.452334566e-15
3.278339863e-17
2.65511325e-17
2.412944385e-17
3.380294139e-17
3.008295741e-16
1.901409066e-16
6.296243327e-18
1.804152886e-17
3.028371688e-17
4.302543529e-17
5.358715136e-17
6.931607652e-17
1.042512425e-15
1.002889706e-15
9.080767101e-16
8.661551721e-16
1.861720549e-15
1.755146719e-15
5.795731704e-17
5.45561831e-17
3.369014327e-17
3.409143955e-17
9.084956966e-17
1.628444088e-16
3.016605596e-16
2.129092883e-16
6.33947273e-18
1.811341292e-17
3.037536156e-17
4.301392373e-17
5.385738485e-17
7.185842503e-17
-8.368012839e-16
-8.208294524e-16
-8.132479506e-16
-7.810376985e-16
-1.753216258e-15
-1.622339153e-15
-1.49203333e-15
-1.346712202e-15
3.884602894e-17
7.164698402e-17
2.837037311e-16
3.685459641e-16
-1.389578237e-17
-7.785652823e-17
6.368412535e-18
1.818114263e-17
3.044959446e-17
4.303903745e-17
5.40842684e-17
7.044447527e-17
6.241584453e-17
5.716603006e-17
9.982758513e-16
9.510074255e-16
6.309770098e-17
6.072907188e-17
6.134513687e-17
5.015175199e-17
5.01271566e-17
1.164301348e-16
3.214619002e-16
3.374153322e-16
1.662950394e-16
-6.018532376e-17
6.406315812e-18
1.825379566e-17
3.052380342e-17
4.307206967e-17
5.404831034e-17
6.782493406e-17
5.619968252e-17
5.890767022e-17
-7.379469648e-16
-7.051503458e-16
7.039223757e-17
6.056810429e-17
6.065056427e-17
5.243133458e-17
6.13135912e-17
1.21673795e-16
1.235315601e-16
7.026120437e-17
-4.641905405e-19
-2.163330525e-17
6.40944514e-18
1.828706636e-17
3.057445189e-17
4.307873457e-17
5.373805516e-17
6.534878761e-17
9.856868333e-16
9.701483807e-16
9.950238692e-16
9.526526487e-16
1.878167951e-15
1.751572009e-15
6.053526998e-17
5.526176951e-17
6.708058447e-17
9.609816535e-17
-2.022617024e-17
-8.693551642e-17
-2.459764601e-17
-6.298026736e-18
6.398680651e-18
1.831884835e-17
3.060703128e-17
4.303720049e-17
5.324223824e-17
6.341264225e-17
-8.749105158e-16
-8.315700289e-16
1.499095833e-16
1.49391773e-16
-1.728983364e-15
-1.621584742e-15
6.090186691e-17
5.744737187e-17
6.561313618e-17
6.715322194e-17
-4.18707641e-17
-9.022347423e-17
-2.059768562e-16
-6.649447271e-17
6.435292518e-18
1.837661078e-17
3.064851764e-17
4.295591438e-17
5.26962371e-17
6.209844374e-17
6.086234309e-17
7.719634312e-17
1.237753679e-16
1.262581254e-16
8.60514948e-17
6.37450304e-17
6.159464009e-17
5.879195065e-17
6.267874791e-17
4.83087562e-17
-3.659970664e-17
-7.019315822e-17
-4.360308488e-17
-1.351258012e-17
6.460298355e-18
1.841715866e-17
3.066233135e-17
4.278536184e-17
5.197652689e-17
6.112565825e-17
6.303503305e-17
7.748976414e-17
-7.885370593e-16
-7.494833975e-16
8.538583009e-17
6.51858928e-17
6.240961885e-17
5.920812476e-17
5.776067635e-17
3.618832369e-17
-2.763572779e-17
-5.212170354e-17
-3.811111552e-17
-1.233029874e-17
6.488632768e-18
1.84556255e-17
3.067194609e-17
4.271809892e-17
5.204628624e-17
6.116243667e-17
6.474359632e-17
7.59503134e-17
9.485997159e-16
9.1061981e-16
8.315719738e-17
6.620521144e-17
6.314764728e-17
5.882268206e-17
5.264942628e-17
2.903842227e-17
-1.988552633e-17
-3.850195171e-17
1.340363699e-16
4.517622295e-17
6.480563673e-18
1.847959006e-17
3.064285311e-17
4.223523224e-17
4.868264572e-17
5.829822288e-17
6.555098178e-17
7.390930097e-17
7.058280582e-17
7.513262365e-17
8.06623277e-17
6.676430157e-17
6.368815905e-17
5.796374051e-17
4.842193328e-17
2.540408435e-17
-1.358333596e-17
-2.819367323e-17
-1.877020307e-16
-6.274467143e-17
6.461433041e-18
1.846171779e-17
3.051660994e-17
4.218916469e-17
6.169489572e-17
7.007256411e-17
9.979468469e-16
9.810098954e-16
-7.965227263e-16
-7.566010812e-16
7.934625129e-17
6.704538944e-17
6.397017594e-17
5.664741491e-17
4.359315065e-17
2.186433537e-17
-9.260041673e-18
-2.057221006e-17
-1.719282267e-17
-5.662044605e-18
6.481830461e-18
1.846630456e-17
3.077165532e-17
4.694744971e-17
1.083246443e-16
1.120795281e-16
-8.652233393e-16
-8.338194052e-16
9.273596059e-16
8.899363433e-16
7.701538381e-17
6.711697137e-17
6.397529153e-17
5.515406729e-17
4.128937892e-17
2.230319486e-17
-3.323943271e-18
-1.336617356e-17
1.505809161e-16
5.047304932e-17
6.50372641e-18
1.858140948e-17
3.183228005e-17
5.445579285e-17
1.214998351e-16
1.25865903e-16
7.483143323e-17
6.514729179e-17
-8.608458747e-16
-8.184954384e-16
7.048747212e-17
6.637136328e-17
6.380992624e-17
5.436541396e-17
4.09259687e-17
2.141933009e-17
-8.427104176e-16
-6.284601254e-16
2.418517654e-18
3.407002174e-18
6.56780945e-18
1.886014391e-17
3.323348161e-17
5.708451214e-17
7.617914009e-17
8.665768108e-17
7.581244162e-17
6.084944321e-17
9.078675235e-16
8.697537469e-16
6.598752345e-17
6.583464807e-17
6.32186383e-17
5.128091784e-17
2.930420951e-17
1.709081709e-17
8.900433396e-16
6.596069104e-16
-1.205002736e-16
-1.308175383e-16
6.650495535e-18
1.922235731e-17
3.428640855e-17
5.462380522e-17
4.172666526e-17
5.500023351e-17
7.353116249e-17
6.21263157e-17
-7.964677522e-16
-7.572503982e-16
6.606692194e-17
6.415933674e-17
6.251901122e-17
5.361789756e-17
8.001268781e-17
9.494173087e-17
1.636440681e-16
1.134749653e-16
-7.544637423e-16
-3.676779105e-16
6.750518771e-18
1.958279009e-17
3.475809279e-17
5.094517226e-17
3.566750182e-17
4.876593112e-17
7.062055638e-17
6.329236439e-17
6.34482168e-17
6.037366908e-17
6.664553591e-17
6.334227968e-17
6.322266037e-17
6.633053773e-17
1.5232812e-16
1.770202761e-16
-2.633105428e-16
-2.433611715e-16
3.845660939e-16
1.932139019e-16
6.88147838e-18
1.991271191e-17
3.475040358e-17
4.762458142e-17
3.593284999e-17
4.833326158e-17
6.769167868e-17
5.951879529e-17
2.260625915e-17
2.100040494e-17
6.269495874e-17
6.25125439e-17
1.610231065e-15
1.473700811e-15
1.555403044e-16
1.624010055e-16
3.659354486e-16
2.310710091e-16
1.962022634e-16
1.788795127e-16
6.990823114e-18
2.014235182e-17
3.441416448e-17
4.500996142e-17
3.729947096e-17
4.898063154e-17
6.49498262e-17
5.660033375e-17
9.16385988e-16
8.764958149e-16
6.047646871e-17
6.267154704e-17
-1.481323093e-15
-1.301409269e-15
1.54726981e-16
1.463180139e-16
1.072270883e-17
-1.975840042e-17
1.577331499e-16
-1.314378874e-17
7.074071824e-18
2.026307496e-17
3.388713995e-17
4.303754346e-17
3.858781438e-17
4.963842055e-17
6.281550739e-17
5.795259321e-17
-7.952154849e-16
-7.567156823e-16
6.161634892e-17
6.22288953e-17
7.160213211e-17
9.113806537e-17
9.295134495e-17
6.884073626e-17
-1.902550383e-18
-7.144084232e-17
-3.873199726e-16
-2.397298106e-16
7.108840642e-18
2.026722585e-17
3.326683679e-17
4.155966287e-17
3.958951314e-17
5.013476221e-17
6.139750702e-17
6.05073182e-17
9.610856839e-16
9.200023635e-16
6.437402402e-17
6.274098948e-17
7.300881137e-17
8.03564786e-17
1.262312537e-17
-1.377065282e-17
5.176991051e-17
1.929798666e-17
1.485139109e-16
1.154121778e-16
7.095748273e-18
2.017325302e-17
3.261747623e-17
4.044260684e-17
4.033674282e-17
5.04973711e-17
6.057898989e-17
6.276442826e-17
8.378780917e-17
8.565714895e-17
6.696428758e-17
6.355861636e-17
7.249384956e-17
6.811324404e-17
2.57646438e-18
1.314105702e-18
1.570715292e-16
1.971698009e-16
2.308439656e-16
1.826723567e-16
7.074676842e-18
2.002239223e-17
3.198498157e-17
3.958225908e-17
4.087815652e-17
5.077238333e-17
9.955837565e-16
9.750459994e-16
8.204776062e-17
8.406162632e-17
6.903874251e-17
6.432494533e-17
7.075682198e-17
5.902008412e-17
9.593416423e-18
2.146367039e-17
9.147093252e-17
1.423992219e-16
2.157283282e-16
9.45708651e-17
7.030705976e-18
1.982321872e-17
3.13834579e-17
3.890625627e-17
4.127375978e-17
5.101370965e-17
-8.787390997e-16
-8.422937556e-16
-7.948679573e-16
-7.556856672e-16
1.873928244e-15
1.752131677e-15
6.848801486e-17
5.308126274e-17
1.665296651e-17
1.954580449e-17
-1.742916914e-17
-5.925580877e-18
-2.07622846e-17
-9.215665939e-17
6.967588929e-18
1.959110119e-17
3.082372623e-17
3.836064908e-17
4.155002343e-17
5.116570512e-17
5.990050295e-17
6.640011701e-17
9.594588063e-16
9.186744783e-16
-1.738167183e-15
-1.61647803e-15
6.631017797e-17
5.003006901e-17
2.278327549e-17
1.318590941e-17
-4.286154028e-17
-9.317280459e-17
-4.181005778e-16
-2.525643469e-16
6.889771215e-18
1.933870465e-17
3.03084275e-17
3.79154979e-17
4.177140953e-17
5.152691297e-17
6.09269857e-17
6.662145823e-17
-8.171696371e-16
-7.768772152e-16
7.144926334e-17
6.511843032e-17
6.412899503e-17
4.601911991e-17
1.433901839e-17
-5.211140174e-18
-5.074277907e-17
-7.325229202e-17
7.501744395e-17
1.818101081e-16
6.803430878e-18
1.907625643e-17
2.983556474e-17
3.753873264e-17
4.189979602e-17
5.122169977e-17
5.640231633e-17
5.714886503e-17
1.68208195e-17
1.624695561e-17
6.631968631e-17
6.439736954e-17
6.216613317e-17
4.686694343e-17
6.060628979e-17
4.301537021e-17
-2.227085352e-17
5.638685272e-17
6.050726786e-16
4.264537745e-16
6.712806275e-18
1.881144045e-17
2.940133359e-17
3.719882004e-17
4.192682973e-17
5.183056095e-17
1.012202633e-15
9.826335745e-16
9.117819915e-16
8.718078248e-16
6.208017608e-17
6.314601815e-17
6.195009345e-17
5.977419557e-17
1.379781356e-16
1.280803561e-16
2.645957894e-17
7.776110254e-17
-1.199039464e-16
-1.743397547e-16
6.620827617e-18
1.854985192e-17
2.900387259e-17
3.692893747e-17
4.237675322e-17
5.718343705e-17
1.119812436e-16
1.12867985e-16
-7.917484693e-16
-7.561648992e-16
6.331908894e-17
6.226125698e-17
6.312018851e-17
6.768659384e-17
9.269147908e-17
7.97381598e-17
3.709061972e-17
-2.305297697e-17
-3.618026386e-16
-3.407408135e-16
6.529693148e-18
1.829618634e-17
2.864761562e-17
3.676957782e-17
4.322718578e-17
6.006140333e-17
-8.659403855e-16
-8.340652635e-16
9.459458051e-16
8.995760634e-16
6.456822948e-17
6.19093973e-17
6.381231793e-17
6.266842868e-17
1.500912687e-17
-3.419346483e-18
1.288808748e-17
-6.638477208e-17
1.109463359e-17
4.699012248e-17
6.441208772e-18
1.805466852e-17
2.833555966e-17
3.668201765e-17
4.358606946e-17
5.45520044e-17
3.396052767e-18
4.912030191e-18
-8.536269125e-16
-8.125559099e-16
6.114577156e-17
6.138597519e-17
6.331279224e-17
5.444635777e-17
1.28067923e-18
-1.62564117e-17
-1.607325254e-18
-1.028563769e-18
2.357562572e-16
2.749664632e-16
6.356758103e-18
1.782793464e-17
2.805995084e-17
3.657376742e-17
4.322340991e-17
4.873595513e-17
1.495181928e-17
1.228328613e-17
9.151361425e-16
8.779365194e-16
1.862389587e-15
1.746519991e-15
6.181183983e-17
4.747384771e-17
2.505248989e-18
-1.055305755e-17
1.253847168e-17
9.831501008e-17
3.768828756e-16
2.593130668e-16
6.277199109e-18
1.761674103e-17
2.780933041e-17
3.640186315e-17
4.258039506e-17
4.704303467e-17
4.829900349e-17
4.606000331e-17
-8.008733801e-16
-7.568456547e-16
-1.749431382e-15
-1.621075848e-15
5.974735873e-17
4.230547042e-17
4.770065939e-18
-5.291086844e-18
1.630431833e-17
9.574418452e-17
-4.962981714e-17
-8.185192909e-17
6.202706713e-18
1.741977651e-17
2.757132279e-17
3.617336485e-17
4.195706329e-17
4.710682219e-17
5.562244228e-17
5.622263802e-17
9.59217689e-16
9.210224709e-16
6.298071686e-17
5.897885976e-17
5.75389114e-17
3.893176104e-17
9.730015789e-18
1.035693086e-17
8.806693486e-17
1.120406303e-16
-1.197668026e-16
-1.527935377e-16
6.133225454e-18
1.723602201e-17
2.734366066e-17
3.592629841e-17
4.151675215e-17
4.765390187e-17
5.701232626e-17
6.016991144e-17
-7.947678222e-16
-7.522838482e-16
6.529582696e-17
5.851111611e-17
5.5500292e-17
3.726984156e-17
1.722066873e-17
4.260029563e-17
1.932865155e-16
2.131508935e-16
2.574268874e-16
1.493076661e-16
6.067783551e-18
1.706099465e-17
2.710783136e-17
3.560013489e-17
4.096710894e-17
4.798479345e-17
5.716092047e-17
6.212124291e-17
9.57607474e-16
9.177695956e-16
1.870775913e-15
1.743574105e-15
5.384489298e-17
3.718878122e-17
2.617027451e-17
6.130821443e-17
1.273019018e-16
1.724102366e-16
3.157947561e-16
2.1661789e-16
6.006368596e-18
1.689744964e-17
2.690470605e-17
3.550880469e-17
4.162584663e-17
4.920691114e-17
5.734532581e-17
6.320684426e-17
7.739179545e-17
8.073558943e-17
6.217010654e-17
6.283428407e-17
5.267489119e-17
3.819171491e-17
-4.972854447e-16
-3.936175974e-16
1.716370491e-17
1.559700957e-17
-2.251809621e-16
-2.288252509e-16
5.948129976e-18
1.673841874e-17
2.664755767e-17
3.471907184e-17
3.721775575e-17
4.574586855e-17
5.705058574e-17
6.386310268e-17
-7.998389915e-16
-7.58465341e-16
-1.741211438e-15
-1.622582957e-15
5.193126838e-17
3.929622602e-17
5.659548775e-16
4.894404004e-16
-1.843579087e-17
-1.142752183e-16
-4.413262677e-16
-3.664038445e-16
5.890165501e-18
1.657557893e-17
2.640361596e-17
3.531431349e-17
5.683488754e-17
6.362147423e-17
9.981346085e-16
9.777062216e-16
7.626970479e-17
7.385994196e-17
6.816289038e-17
5.734714095e-17
5.150329857e-17
4.02514926e-17
3.533597497e-17
2.777116479e-17
-3.94116704e-17
-1.41202575e-16
-3.249432788e-17
3.564328239e-17
5.836905694e-18
1.644870354e-17
2.655320583e-17
3.929257381e-17
8.561615957e-17
8.980756066e-17
5.821760048e-17
6.76525459e-17
9.567066287e-16
9.154996986e-16
6.869833298e-17
5.718590287e-17
1.591649983e-15
1.429020114e-15
3.328317801e-17
1.65410659e-17
-8.663456338e-16
-6.882867026e-16
6.29181688e-17
1.286869166e-16
5.799096237e-18
1.640305687e-17
2.712123583e-17
4.337196338e-17
8.68862469e-17
9.248733778e-17
-8.7944462e-16
-8.472430078e-16
5.109527503e-17
5.4338522e-17
6.729553547e-17
5.700138545e-17
-1.493191753e-15
-1.344079967e-15
3.026850255e-17
9.557834448e-18
4.308353509e-16
3.071285766e-16
-1.020272119e-16
-1.264490028e-17
5.789892031e-18
1.647656603e-17
2.807769045e-17
4.740095764e-17
8.848940647e-17
9.391822251e-17
6.667532341e-17
5.948116343e-17
-8.638589429e-16
-8.206112313e-16
6.193297081e-17
5.634049306e-17
5.085209743e-17
4.007285959e-17
2.737559066e-17
6.741809515e-18
3.374998539e-16
2.547316834e-16
3.016943908e-17
1.175312372e-17
5.819852681e-18
1.668065054e-17
2.918598286e-17
4.903362161e-17
6.454382579e-17
7.360869474e-17
6.733231068e-17
5.492340539e-17
8.890875742e-16
8.486666575e-16
5.640397576e-17
5.51790713e-17
5.044900229e-17
3.923145592e-17
2.500104722e-17
6.082778514e-18
-1.502952837e-17
-9.828012794e-18
-7.068575552e-18
-4.454103352e-18
5.886400059e-18
1.696243373e-17
2.995455519e-17
4.656555423e-17
3.244658935e-17
4.410800678e-17
1.005227236e-15
9.637576945e-16
-8.69728607e-16
-8.26705638e-16
5.107165675e-17
5.356677149e-17
4.983522905e-17
3.826411896e-17
2.339500094e-17
7.426750347e-18
-5.2536106e-18
1.691740394e-17
2.90699836e-16
1.856820411e-16
5.973813701e-18
1.724515863e-17
3.022622896e-17
4.31203825e-17
2.698665602e-17
3.90428089e-17
6.18576706e-17
5.385589189e-17
9.169991995e-16
8.746916539e-16
4.870033446e-17
5.180684278e-17
4.901860011e-17
3.727722818e-17
2.229845424e-17
8.490305367e-18
1.578150852e-18
6.769397927e-17
2.729925086e-16
2.030071518e-16
6.061506272e-18
1.746802926e-17
3.007844188e-17
4.005126103e-17
2.74640022e-17
3.802872486e-17
-9.049700177e-16
-8.786840694e-16
-7.991841184e-16
-7.589122845e-16
5.11821715e-17
5.047852276e-17
4.807558733e-17
3.628690113e-17
-5.072642032e-16
-4.315360119e-16
7.41289207e-17
1.372063946e-16
-9.681254021e-17
-1.003829739e-16
6.132135217e-18
1.759921385e-17
2.965098932e-17
3.761846251e-17
2.852314763e-17
3.375406835e-17
-2.824563298e-20
2.282869908e-18
9.597178225e-16
9.203749516e-16
5.469277864e-17
4.972645997e-17
4.714338812e-17
3.57890952e-17
5.563010266e-16
5.011089016e-16
2.564589e-16
2.853274432e-16
8.7941371e-17
-8.612820032e-17
6.174760998e-18
1.762976691e-17
2.906093791e-17
3.570994048e-17
2.907420936e-17
3.071531594e-17
1.83705126e-17
2.270973128e-17
-8.01669588e-16
-7.552409095e-16
5.756808575e-17
4.943823199e-17
4.64307529e-17
3.662583544e-17
3.668676437e-17
9.669378919e-17
2.872093402e-16
2.761931376e-16
2.431182485e-17
-1.710945869e-17
6.186772138e-18
1.757020357e-17
2.839578978e-17
3.419623604e-17
2.938720933e-17
3.189092457e-17
5.346490968e-17
5.870437611e-17
9.532330149e-16
9.1528263e-16
1.863599638e-15
1.733029274e-15
4.613603599e-17
3.880020877e-17
4.703081029e-17
9.991481439e-17
-2.688315829e-16
-2.256898505e-16
3.932277548e-17
1.256754308e-17
6.163780278e-18
1.741903282e-17
2.768192986e-17
3.296907406e-17
2.978166716e-17
3.443692746e-17
6.026698367e-17
6.690793373e-17
-8.050470717e-16
-7.61392575e-16
-1.748404215e-15
-1.629380126e-15
4.627013526e-17
4.135783768e-17
5.145127708e-17
7.269538248e-17
3.098615118e-16
1.600180899e-16
-1.682225645e-16
-5.259817899e-17
6.131221196e-18
1.725811846e-17
2.707250693e-17
3.206351456e-17
3.009971521e-17
3.682655443e-17
6.084799492e-17
6.826553988e-17
9.520262327e-16
9.10425073e-16
6.137792828e-17
4.985446834e-17
4.672185947e-17
4.348624831e-17
5.098067655e-17
4.605220959e-17
-6.608894157e-17
-1.027391571e-16
-3.824660876e-17
-1.024197507e-17
6.008827998e-18
1.683448848e-17
2.604491493e-17
3.096385135e-17
3.099419254e-17
3.978817266e-17
5.970928485e-17
6.760392629e-17
7.090350385e-17
7.209501378e-17
6.167711578e-17
5.042500676e-17
4.758858831e-17
4.443022243e-17
4.35993528e-17
2.117433258e-17
-5.300978125e-17
-7.427185362e-17
-4.545132846e-17
-1.420308786e-17
)
;
    }
    wedgeHigh
    {
        type            wedge;
        value           nonuniform List<scalar> 
1200
(
-6.446646269e-18
-1.817840006e-17
-2.878921017e-17
-3.923567237e-17
-6.396312836e-17
-6.606010845e-17
-6.458082869e-17
-8.958389236e-17
-8.77799438e-17
-8.491110545e-17
-8.805230294e-17
-7.638069061e-17
-6.542015365e-17
-6.356062486e-17
-6.111143571e-17
-5.189033064e-17
7.09286339e-18
-6.95850513e-17
-4.306002663e-16
-2.819738173e-16
-6.394256423e-18
-1.800717993e-17
-2.883344862e-17
-4.063798349e-17
-6.255750324e-17
-6.552851628e-17
-6.674971528e-17
-8.668739227e-17
-7.804818974e-17
-7.55155879e-17
-8.505323597e-17
-7.712635899e-17
-6.558628306e-17
-6.334734678e-17
-1.288338023e-15
-1.089311528e-15
-1.509923995e-17
-8.453872237e-17
-1.33587691e-16
1.99465592e-17
-6.35440754e-18
-1.790249748e-17
-2.900874711e-17
-4.160934324e-17
-6.124166847e-17
-6.496757109e-17
-6.820080948e-17
-8.47503065e-17
-8.174309531e-17
-7.905589818e-17
-8.29845469e-17
-7.744101591e-17
1.485058682e-15
1.340967496e-15
1.175713972e-15
1.008349685e-15
4.348535865e-17
5.174496777e-17
1.358757619e-16
1.541752788e-16
-6.298257176e-18
-1.782994025e-17
-2.922832458e-17
-4.225004477e-17
-6.014564754e-17
-6.449165024e-17
-6.90122108e-17
-8.160128843e-17
-9.269924726e-16
-8.916365289e-16
-7.978627488e-17
-7.737522516e-17
-1.622744059e-15
-1.460930626e-15
-5.254219472e-17
-5.420774909e-18
1.542051438e-16
2.109489786e-16
3.369089043e-16
1.307092279e-16
-6.243704925e-18
-1.7790469e-17
-2.945003711e-17
-4.265671933e-17
-5.926338187e-17
-6.407654185e-17
-6.905388209e-17
-7.530320453e-17
8.484908374e-16
8.074470151e-16
-7.363594052e-17
-7.667398663e-17
-6.571320389e-17
-6.090072396e-17
-4.508666521e-17
1.095987159e-17
8.60574596e-17
1.263932932e-16
1.329013036e-16
4.478930089e-17
-6.254165141e-18
-1.781430183e-17
-2.967532388e-17
-4.289930338e-17
-5.852768898e-17
-6.357008088e-17
-6.811095947e-17
-6.887351205e-17
-8.912845416e-16
-8.555203638e-16
-6.747114333e-17
-7.535100367e-17
-6.521207286e-17
-5.881533287e-17
-3.973264687e-17
2.854639688e-18
-2.641728e-17
-9.87869194e-18
-1.027908256e-16
-3.248562533e-17
-6.268903095e-18
-1.786263699e-17
-2.987605932e-17
-4.303179859e-17
-5.793305614e-17
-6.320158804e-17
-6.770703911e-17
-6.463499268e-17
8.477451312e-16
8.076177791e-16
-6.262462832e-17
-7.361584469e-17
-6.43537979e-17
-5.669388354e-17
-3.745764867e-17
-9.561329881e-18
-4.08192671e-16
-2.997299727e-16
1.389918325e-17
6.517141038e-18
-6.299153607e-18
-1.793622566e-17
-3.005262754e-17
-4.308426758e-17
-5.736664856e-17
-6.209044946e-17
-6.209747656e-17
-5.71624188e-17
-2.97622738e-17
-2.697534143e-17
-5.894142074e-17
-7.165985071e-17
-6.32185652e-17
-5.490569969e-17
-3.748862287e-17
-1.940184082e-17
3.252193223e-16
2.44232597e-16
9.812927036e-18
6.619918144e-18
-6.297570513e-18
-1.799421201e-17
-3.018314661e-17
-4.306645011e-17
-5.680652569e-17
-6.204776921e-17
-7.94380184e-17
-7.239555445e-17
-3.452284753e-17
-3.16895519e-17
-5.650733332e-17
-6.967662315e-17
1.487248067e-15
1.348028096e-15
-3.819009643e-17
-2.27075347e-17
-2.658222542e-17
-3.24824322e-17
2.939150382e-17
-7.926440994e-17
-6.296237977e-18
-1.804151717e-17
-3.028370034e-17
-4.302541213e-17
-5.665753516e-17
-6.583240403e-17
-1.110455332e-16
-1.012271491e-16
-3.816290421e-17
-3.052692887e-17
1.748718093e-15
1.62364124e-15
-6.65333818e-17
-4.758033367e-17
-3.904142575e-17
-3.028736009e-17
-9.327709772e-17
-1.615374894e-16
-4.673091989e-16
-2.68238039e-16
-6.339467418e-18
-1.811340144e-17
-3.037534502e-17
-4.301390109e-17
-5.689997507e-17
-6.840675057e-17
-9.131203613e-17
-8.498335058e-17
-6.06948539e-17
-5.098558902e-17
-1.864046996e-15
-1.750039889e-15
-1.613751904e-15
-1.447889301e-15
-4.414262062e-17
-6.788190225e-17
-6.507787997e-16
-6.360827071e-16
-1.515021771e-16
2.253888639e-17
-6.368407262e-18
-1.818113115e-17
-3.044957822e-17
-4.303901501e-17
-5.709933956e-17
-6.702447159e-17
-5.872803171e-17
-6.097762828e-17
-9.982758197e-16
-9.510073972e-16
-5.875838397e-17
-6.459083643e-17
-5.804935287e-17
-5.283212374e-17
-5.536976735e-17
-1.127035403e-16
-3.231171963e-16
-3.365241515e-16
1.634047656e-16
1.708731244e-16
-6.406310513e-18
-1.825378423e-17
-3.052378718e-17
-4.307204723e-17
-5.70361321e-17
-6.443627898e-17
-5.254618974e-17
-6.268324575e-17
-1.325617713e-16
-1.306779951e-16
-6.609567173e-17
-6.439141063e-17
-5.738789242e-17
-5.508459394e-17
-6.650291788e-17
-1.179851876e-16
2.391813835e-16
1.991820473e-16
-4.323366746e-20
2.16963264e-17
-6.409439918e-18
-1.828705514e-17
-3.057443571e-17
-4.307871224e-17
-5.669889522e-17
-6.199116152e-17
8.765349486e-16
8.392970444e-16
7.501009846e-16
7.155677481e-16
1.732391116e-15
1.625781905e-15
-5.730529585e-17
-5.788826069e-17
-7.221731078e-17
-9.244705377e-17
1.789637608e-17
8.818984781e-17
2.40953668e-17
6.360411405e-18
-6.398675468e-18
-1.831883723e-17
-3.06070151e-17
-4.303717847e-17
-5.617636264e-17
-6.008572958e-17
-9.880536999e-16
-9.784197515e-16
-1.024487915e-15
-9.818175085e-16
-1.88813187e-15
-1.749609144e-15
-5.77041824e-17
-6.004743349e-17
-1.295183252e-15
-1.103537207e-15
3.956461596e-17
9.14650824e-17
-1.239096074e-16
-4.392439669e-17
-6.435287361e-18
-1.837659977e-17
-3.064850177e-17
-4.295589236e-17
-5.560390796e-17
-5.880193182e-17
-5.730965157e-17
-8.08661967e-17
7.473089276e-16
7.097628735e-16
-8.188013122e-17
-6.745576852e-17
-5.8428844e-17
-6.136591586e-17
1.159894801e-15
9.923640233e-16
3.431690125e-17
7.142220627e-17
4.34100668e-17
1.353655569e-17
-6.460293211e-18
-1.841714775e-17
-3.066231574e-17
-4.278534043e-17
-5.485800384e-17
-5.785923802e-17
-5.951523624e-17
-8.112514373e-17
-9.57620629e-16
-9.192198736e-16
-8.125520878e-17
-6.88600197e-17
-5.927531622e-17
-6.175632122e-17
-6.27435906e-17
-3.264683871e-17
2.537596528e-17
5.333835284e-17
3.792003868e-17
1.235403411e-17
-6.488627663e-18
-1.845561454e-17
-3.067193042e-17
-4.271807741e-17
-5.490182538e-17
-5.792580394e-17
-6.125634948e-17
-7.955159329e-17
7.978948653e-16
7.582405404e-16
-7.906683547e-17
-6.984317069e-17
-6.004444913e-17
-6.13454328e-17
-5.758236459e-17
-2.553255031e-17
1.764851183e-17
3.970636106e-17
1.946675346e-16
6.515118337e-17
-6.480558568e-18
-1.847957931e-17
-3.064283765e-17
-4.223521104e-17
-5.151249997e-17
-5.509107666e-17
-6.209594473e-17
-7.747684927e-17
-7.41283174e-17
-7.173508919e-17
-7.661174976e-17
-7.036652973e-17
-6.061568352e-17
-6.046136243e-17
-5.33055251e-17
-2.193337326e-17
1.136877877e-17
2.938599982e-17
-1.415064747e-16
-4.744219276e-17
-6.461428e-18
-1.846170714e-17
-3.051659454e-17
-4.21891436e-17
-6.449931717e-17
-6.689460733e-17
8.686211894e-16
8.316191337e-16
-9.506345818e-16
-9.125676402e-16
-7.533499018e-17
-7.061231569e-17
-6.092804749e-17
-5.912021883e-17
-1.271040076e-15
-1.05640464e-15
7.067657646e-18
2.175260752e-17
1.700742183e-17
5.685077649e-18
-6.481825472e-18
-1.846629396e-17
-3.077164001e-17
-4.694742872e-17
-1.082321498e-15
-1.065969878e-15
-1.002044247e-15
-9.793213159e-16
8.201238171e-16
7.793838316e-16
-7.304297931e-17
-7.064901718e-17
-6.096314146e-17
-5.760235926e-17
1.179504129e-15
1.016314681e-15
1.153455595e-18
1.453478962e-17
1.776471892e-16
5.968222681e-17
-6.50372146e-18
-1.858139894e-17
-3.183226501e-17
-5.445577206e-17
-1.214998347e-16
-1.258658763e-16
-7.147102368e-17
-6.861581168e-17
-1.477999153e-17
-1.458904991e-17
-6.655347019e-17
-6.986894409e-17
-6.082739119e-17
-5.678949476e-17
-4.566518018e-17
-1.805147788e-17
-8.221780668e-16
-5.953496802e-16
-2.881930102e-18
-3.349426891e-18
-6.567804499e-18
-1.886013342e-17
-3.323346662e-17
-5.708449156e-17
8.960945332e-16
8.712213075e-16
-7.248292034e-17
-6.428566066e-17
-3.551161788e-17
-3.331030053e-17
1.741342512e-15
1.619582312e-15
-6.026536012e-17
-5.368108397e-17
-3.399648165e-17
-1.375640019e-17
7.728687903e-16
5.64356756e-16
1.200414483e-16
1.308745457e-16
-6.650490598e-18
-1.922234697e-17
-3.428639361e-17
-5.462378485e-17
-4.443181025e-17
-5.193612274e-17
-7.023221049e-17
-6.553057554e-17
-9.519730303e-16
-9.125132489e-16
-1.872518815e-15
-1.750202144e-15
-5.959463844e-17
-5.59944404e-17
-8.46585975e-17
-9.164033538e-17
-5.284468803e-16
-3.795162326e-16
2.144790249e-16
1.868194014e-16
-6.750513859e-18
-1.95827797e-17
-3.475807795e-17
-5.094515199e-17
-3.834842852e-17
-4.572957226e-17
-6.735185737e-17
-6.666500692e-17
-6.009879975e-17
-6.35809705e-17
-6.282408835e-17
-6.673889803e-17
-6.032684631e-17
-6.868374384e-17
-6.899531976e-16
-6.261023211e-16
-1.00695939e-16
-2.291406545e-17
-1.730786657e-16
-1.223001319e-16
-6.881473494e-18
-1.991270162e-17
-3.475038884e-17
-4.762456136e-17
-3.858979393e-17
-4.532437629e-17
-6.445292061e-17
-6.286015735e-17
8.535838788e-16
8.124365179e-16
-5.891016686e-17
-6.587629713e-17
1.482576417e-15
1.314295448e-15
3.741627389e-16
2.920398221e-16
3.580836495e-16
3.032441374e-16
-1.96376934e-16
-1.788578078e-16
-6.990818267e-18
-2.014234159e-17
-3.441415011e-17
-4.500994136e-17
-3.993266509e-17
-4.599894435e-17
-6.174070002e-17
-5.991074758e-17
-4.334533147e-17
-3.982660658e-17
1.746813145e-15
1.622168599e-15
-1.615401364e-15
-1.48234476e-15
-6.919608943e-16
-5.9513984e-16
-1.276742165e-17
2.085934682e-17
1.695849576e-16
1.229699397e-16
-7.074067029e-18
-2.026306488e-17
-3.388712532e-17
-4.303752371e-17
-4.119748929e-17
-4.668366089e-17
-5.963570786e-17
-6.123238771e-17
-9.544552057e-16
-9.136152758e-16
-1.868059838e-15
-1.747670109e-15
-6.878997104e-17
-9.342293587e-17
4.365151722e-16
3.852349972e-16
-1.220932284e-19
7.253099092e-17
2.23211811e-16
1.849081338e-16
-7.108835847e-18
-2.026721572e-17
-3.326682237e-17
-4.155964343e-17
-4.217589526e-17
-4.720666165e-17
-5.824673347e-17
-6.375681617e-17
7.888845107e-16
7.504663424e-16
-6.069669769e-17
-6.600843313e-17
-7.022387674e-17
-8.261911453e-17
-1.704555899e-17
1.691291267e-17
-5.377473043e-17
-1.821850265e-17
1.478313391e-17
-6.052494297e-17
-7.095743504e-18
-2.017324309e-17
-3.261746191e-17
-4.04425872e-17
-4.290005756e-17
-4.759566515e-17
-5.745694607e-17
-6.598394848e-17
-8.69833395e-17
-8.259869971e-17
-6.332197095e-17
-6.679469943e-17
-6.973582116e-17
-7.035391016e-17
-6.955809437e-18
1.79747805e-18
-5.209237293e-16
-4.625824788e-16
-2.312722193e-16
-1.82619134e-16
-7.074672125e-18
-2.00223823e-17
-3.198496741e-17
-3.958223995e-17
-4.341862691e-17
-4.789681028e-17
8.783163007e-16
8.42936915e-16
-8.521351782e-17
-8.103197186e-17
-6.543104018e-17
-6.753002815e-17
-6.802538577e-17
-6.123903969e-17
-1.393018634e-17
-1.838239463e-17
2.688940453e-16
1.247075586e-16
-2.161524246e-16
-9.451815706e-17
-7.030701258e-18
-1.98232089e-17
-3.13834441e-17
-3.890623704e-17
-4.379160668e-17
-4.816400978e-17
-9.957894454e-16
-9.761471338e-16
-9.559819585e-16
-9.151867243e-16
1.736968355e-15
1.619332519e-15
-6.57828615e-17
-5.527876332e-17
-2.094766597e-17
-1.649447625e-17
1.548239867e-17
6.973835176e-18
2.03422967e-17
9.22088586e-17
-6.967584276e-18
-1.959109147e-17
-3.082371243e-17
-3.836062995e-17
-4.4045465e-17
-4.834162211e-17
-5.686290032e-17
-6.95315792e-17
7.916783653e-16
7.523294436e-16
-1.878226616e-15
-1.749811198e-15
-6.363100221e-17
-5.220636657e-17
-2.703640204e-17
-1.016417291e-17
4.093366003e-17
9.421089566e-17
2.543729618e-16
1.978681845e-16
-6.8897666e-18
-1.933869504e-17
-3.030841386e-17
-3.791547887e-17
-4.424466136e-17
-4.872819266e-17
-5.791695838e-17
-6.972417994e-17
-9.342517256e-16
-8.942566897e-16
-6.794308254e-17
-6.82326276e-17
-6.147549568e-17
-4.817446276e-17
-1.855106328e-17
8.203636362e-18
4.883356425e-17
7.428034104e-17
-2.385459928e-16
-2.364974518e-16
-6.803426264e-18
-1.907624681e-17
-2.98355511e-17
-3.753871382e-17
-4.435107174e-17
-4.844809266e-17
-5.341958483e-17
-6.022314589e-17
8.605554913e-16
8.179255074e-16
-6.284659025e-17
-6.748196078e-17
-5.953801276e-17
-4.900157715e-17
-6.477773707e-17
-4.005176832e-17
2.038008296e-17
-5.536872734e-17
-4.420600333e-16
-3.717355404e-16
-6.712801674e-18
-1.881143088e-17
-2.94013201e-17
-3.719880153e-17
-4.435634057e-17
-4.90818193e-17
8.647806426e-16
8.37594775e-16
-3.730221317e-17
-3.466787297e-17
-5.863979481e-17
-6.620133992e-17
-5.934705967e-17
-6.188836158e-17
-6.735466417e-16
-5.757891125e-16
-2.833212461e-17
-7.67527824e-17
-4.348139665e-17
1.197007626e-16
-6.620823093e-18
-1.854984256e-17
-2.90038593e-17
-3.692891917e-17
-4.478470908e-17
-5.445931509e-17
-1.052236852e-15
-1.021690936e-15
-9.605082557e-16
-9.153503014e-16
-5.991105933e-17
-6.528764004e-17
-6.054195339e-17
-6.978053012e-17
4.357612624e-16
3.727827745e-16
-3.894515751e-17
2.405160945e-17
5.246819444e-16
3.954101104e-16
-6.529688624e-18
-1.829617698e-17
-2.864760223e-17
-3.676955941e-17
-4.561379303e-17
-5.736165931e-17
-7.16962907e-17
-7.797805827e-17
8.065837602e-16
7.720634231e-16
-6.119219376e-17
-6.490716767e-17
-6.125859817e-17
-6.474236874e-17
-1.906161998e-17
6.298299672e-18
-1.472482988e-17
6.737383135e-17
1.515985007e-16
7.670032999e-18
-6.441204261e-18
-1.805465921e-17
-2.833554663e-17
-3.668199955e-17
-4.595153181e-17
-5.187640009e-17
9.374239485e-16
9.043679751e-16
-2.424224342e-17
-2.192008895e-17
-5.780137757e-17
-6.435545237e-17
-6.078331032e-17
-5.650053048e-17
-5.294438012e-18
1.910780577e-17
-2.11829607e-19
2.008162451e-18
-2.361488162e-16
-2.749176614e-16
-6.356753618e-18
-1.782792523e-17
-2.80599376e-17
-3.657374953e-17
-4.556792804e-17
-4.60842549e-17
-9.531995775e-16
-9.247248639e-16
-4.005857914e-17
-4.060244192e-17
1.748579004e-15
1.62260103e-15
-5.930632278e-17
-4.950847777e-17
-6.480716288e-18
1.337720834e-17
-1.434024097e-17
-9.73447635e-17
-5.401082058e-16
-3.138434135e-16
-6.27719465e-18
-1.761673173e-17
-2.780931738e-17
-3.640184527e-17
-4.490416967e-17
-4.441500504e-17
-4.547435943e-17
-4.896971937e-17
-9.524580233e-16
-9.151583759e-16
-1.86663074e-15
-1.74324702e-15
-5.726553762e-17
-4.432077852e-17
-1.224367071e-15
-1.022412234e-15
-1.808889805e-17
-9.478318604e-17
-1.134094644e-16
2.732982243e-17
-6.202702306e-18
-1.741976741e-17
-2.757131002e-17
-3.617334727e-17
-4.426029539e-17
-4.450222917e-17
-5.282322731e-17
-5.910590715e-17
7.943756816e-16
7.511004341e-16
-5.972918588e-17
-6.186533101e-17
-5.508051925e-17
-4.092796716e-17
1.204446263e-15
1.020666345e-15
-8.983451922e-17
-1.110887771e-16
1.19617203e-16
1.528121376e-16
-6.133221034e-18
-1.723601301e-17
-2.734364774e-17
-3.592628093e-17
-4.379963985e-17
-4.507251385e-17
-5.423828229e-17
-6.302700764e-17
-9.590847855e-16
-9.199565807e-16
-6.207457204e-17
-6.137053463e-17
-5.306506194e-17
-3.924716521e-17
-2.108386214e-17
-3.985602443e-17
-5.552645236e-16
-4.77319358e-16
6.770982688e-17
-4.027004246e-17
-6.067779157e-18
-1.706098576e-17
-2.71078187e-17
-3.560011742e-17
-4.322984527e-17
-4.54263841e-17
-5.441179573e-17
-6.495243513e-17
7.965018694e-16
7.545871183e-16
1.740215877e-15
1.62443381e-15
-5.143256196e-17
-3.914743985e-17
-2.999690844e-17
-5.858994937e-17
2.316002914e-16
9.32526477e-17
-4.787480277e-16
-2.710583611e-16
-6.006364254e-18
-1.689744065e-17
-2.690469338e-17
-3.550878742e-17
-4.386861957e-17
-4.667126104e-17
-5.462087525e-17
-6.601239378e-17
-8.017257308e-17
-7.807758278e-17
-7.023213325e-17
-5.56785607e-17
-5.028520181e-17
-4.013192173e-17
-5.670160446e-16
-5.024429902e-16
-1.888149753e-17
-1.467194405e-17
6.240675958e-17
1.743927125e-16
-5.94812562e-18
-1.673840982e-17
-2.66475449e-17
-3.471905462e-17
-3.944075247e-17
-4.323275963e-17
-5.435056834e-17
-6.664326592e-17
-9.547760264e-16
-9.1412011e-16
-1.874644128e-15
-1.740573539e-15
-4.956397373e-17
-4.121818472e-17
-7.213646435e-16
-6.188437791e-16
1.673420842e-17
1.151915671e-16
6.036360786e-16
4.20864216e-16
-5.890161223e-18
-1.657557019e-17
-2.640360355e-17
-3.531429648e-17
-5.903829858e-17
-6.113068699e-17
8.851367449e-16
8.47091422e-16
-7.353938394e-17
-7.646924391e-17
-6.50594965e-17
-6.010129505e-17
-4.915815721e-17
-4.215540037e-17
1.177447139e-15
1.001661504e-15
3.77261241e-17
1.421102984e-16
1.94633229e-16
1.880871499e-17
-5.836901403e-18
-1.644869478e-17
-2.655319348e-17
-3.929255701e-17
-1.071758266e-15
-1.054485041e-15
-6.086943099e-17
-6.49223363e-17
7.984041525e-16
7.573096227e-16
-6.562362282e-17
-5.991444808e-17
1.491446259e-15
1.345691834e-15
-3.696763148e-17
-1.392391789e-17
-7.827860847e-16
-5.230105977e-16
-6.327859118e-17
-1.286420963e-16
-5.799091959e-18
-1.640304816e-17
-2.712122363e-17
-4.337194658e-17
8.974861533e-16
8.749868008e-16
-1.004901606e-15
-9.783343863e-16
-5.37760974e-17
-5.177681034e-17
-6.424919006e-17
-5.9704609e-17
-1.593074056e-15
-1.427194828e-15
-3.391839244e-17
-6.965270496e-18
4.976876001e-16
3.75219828e-16
-2.228709017e-16
-9.606511059e-17
-5.789887804e-18
-1.64765574e-17
-2.80776783e-17
-4.740094094e-17
-1.075418194e-15
-1.059292174e-15
-6.407061355e-17
-6.216235224e-17
-1.526764118e-17
-1.463383006e-17
-5.891468078e-17
-5.901867713e-17
-4.85719506e-17
-4.192381363e-17
-3.09913123e-17
-4.173549164e-18
3.807074113e-16
2.744970571e-16
-3.030815006e-17
-1.173587407e-17
-5.819848441e-18
-1.668064193e-17
-2.918597071e-17
-4.903360511e-17
9.206460872e-16
8.945124415e-16
-6.475081503e-17
-5.758050318e-17
-1.248572948e-17
-1.084102508e-17
-5.341340073e-17
-5.783252857e-17
-4.818999768e-17
-4.106519477e-17
-2.85830809e-17
-3.53845938e-18
1.340631621e-17
1.070220467e-17
6.931145671e-18
4.471195848e-18
-5.886395884e-18
-1.69624253e-17
-2.99545432e-17
-4.656553794e-17
-3.455485746e-17
-4.172557886e-17
8.806943121e-16
8.629618771e-16
-9.612255927e-18
-8.669705022e-18
-4.810855394e-17
-5.619571939e-17
-4.759718225e-17
-4.008078905e-17
-2.694361601e-17
-4.906202678e-18
3.645575909e-18
-1.605138586e-17
3.334865277e-17
-7.703757244e-17
-5.973809539e-18
-1.724515023e-17
-3.022621697e-17
-4.312036631e-17
-2.907663537e-17
-3.668120122e-17
-6.439356285e-17
-5.12460103e-17
-4.013788695e-17
-3.678264665e-17
-4.576406528e-17
-5.441187752e-17
-4.680096999e-17
-3.907730719e-17
-2.581469366e-17
-5.992672049e-18
-3.171666197e-18
-6.683569401e-17
-4.353706162e-16
-2.57257376e-16
-6.061502136e-18
-1.746802089e-17
-3.007843019e-17
-4.005124495e-17
-2.953540484e-17
-3.568824576e-17
-9.81977722e-16
-9.487791317e-16
-9.573563517e-16
-9.145405832e-16
-4.827312069e-17
-5.305927395e-17
-4.587872967e-17
-3.807004677e-17
-5.54556304e-16
-4.624168511e-16
-7.570725798e-17
-1.363562995e-16
-6.540090276e-17
4.614012396e-17
-6.132131094e-18
-1.75992055e-17
-2.965097763e-17
-3.761844659e-17
-3.057835562e-17
-3.143204323e-17
9.450013446e-16
9.103489986e-16
7.970523592e-16
7.531808209e-16
-5.180740744e-17
-5.228618175e-17
-4.49643924e-17
-3.755783653e-17
5.004493958e-16
3.960350822e-16
-6.169080357e-16
-5.484731425e-16
-1.35091512e-16
7.039105552e-17
-6.174756862e-18
-1.762975863e-17
-2.906092623e-17
-3.570992466e-17
-3.110773239e-17
-2.841780152e-17
-9.611156482e-16
-9.380760857e-16
-9.553302987e-16
-9.184184143e-16
-5.471330751e-17
-5.197087291e-17
-4.427471614e-17
-3.837605986e-17
-4.010618752e-17
-9.426420931e-17
-2.882889276e-16
-2.756109763e-16
3.463091098e-16
1.413336108e-16
-6.186768041e-18
-1.757019532e-17
-2.839577825e-17
-3.419622033e-17
-3.142116715e-17
-2.959340705e-17
-5.099860812e-17
-6.124172038e-17
8.03988103e-16
7.584745599e-16
1.747402351e-15
1.631625539e-15
-4.398312396e-17
-4.054724902e-17
-5.044219568e-17
-9.749306184e-17
-9.091576363e-17
-3.754881313e-17
-3.965293829e-17
-1.253029306e-17
-6.163776272e-18
-1.741902471e-17
-2.768191839e-17
-3.296905865e-17
-3.176321192e-17
-3.21974744e-17
-5.786187177e-17
-6.938363733e-17
-9.5241249e-16
-9.12473905e-16
-1.866959398e-15
-1.731166149e-15
-4.415645558e-17
-4.307817819e-17
-5.482548075e-17
-7.028334723e-17
4.066461104e-16
3.677691019e-16
-1.556117606e-16
-5.572871647e-17
-6.131216957e-18
-1.72581099e-17
-2.707249498e-17
-3.206349838e-17
-3.219679838e-17
-3.446001376e-17
-5.831025432e-17
-7.087306515e-17
8.05617104e-16
7.635182233e-16
-5.846615946e-17
-5.242698784e-17
-4.454452855e-17
-4.52389703e-17
-5.436162748e-17
-4.369862747e-17
6.463891433e-17
1.034688462e-16
3.814861585e-17
1.024373893e-17
-6.008823927e-18
-1.683448021e-17
-2.604490314e-17
-3.096383553e-17
-3.304403482e-17
-3.747336262e-17
-5.722584143e-17
-7.015688804e-17
-7.342917877e-17
-6.968558917e-17
-5.881679305e-17
-5.295891585e-17
-4.543429685e-17
-4.617759954e-17
-4.701489663e-17
-1.873836713e-17
5.143568997e-17
7.515189925e-17
4.529692376e-17
1.423708762e-17
)
;
    }
    procBoundary3to2
    {
        type            processor;
        value           nonuniform List<scalar> 
20
(
-4.936975442e-07
-1.477747666e-06
-2.450321878e-06
-3.402416099e-06
-4.323295427e-06
-5.199958552e-06
-6.016812274e-06
-6.755583834e-06
-7.395488306e-06
-7.913640185e-06
-8.285664072e-06
-8.486427203e-06
-8.490796491e-06
-8.274314901e-06
-7.813710039e-06
-7.087173296e-06
-6.07438951e-06
-4.756328277e-06
-3.114836456e-06
-1.132076553e-06
)
;
    }
}


// ************************************************************************* //
