/*--------------------------------*- C++ -*----------------------------------*\
  =========                 |
  \\      /  F ield         | OpenFOAM: The Open Source CFD Toolbox
   \\    /   O peration     | Website:  https://openfoam.org
    \\  /    A nd           | Version:  11
     \\/     M anipulation  |
\*---------------------------------------------------------------------------*/
FoamFile
{
    format      ascii;
    class       volScalarField;
    location    "2";
    object      p;
}
// * * * * * * * * * * * * * * * * * * * * * * * * * * * * * * * * * * * * * //

dimensions      [0 2 -2 0 0 0 0];

internalField   nonuniform List<scalar> 
1800
(
-0.3286528593
-0.3210384687
-0.3191402204
-0.316123277
-0.312361576
-0.3076654562
-0.301199664
-0.2919576045
-0.2798169623
-0.2683222858
-0.3543993622
-0.3468949097
-0.3444226766
-0.3407713119
-0.3362514576
-0.3308109158
-0.3238515466
-0.314881397
-0.3044605665
-0.294760755
-0.3802405472
-0.3730175855
-0.3699024648
-0.3653322814
-0.3595207372
-0.3525225455
-0.3439209476
-0.3334250373
-0.321562945
-0.3096642122
-0.405764929
-0.3988896017
-0.3950993132
-0.3893466913
-0.3818393815
-0.3728055745
-0.3620487366
-0.3494408789
-0.3354934204
-0.3213117524
-0.4301940599
-0.4237696439
-0.4191991147
-0.41196896
-0.4023426676
-0.3907968211
-0.377442458
-0.3624131568
-0.3463797928
-0.3303016372
-0.4524633916
-0.4465796997
-0.4411304583
-0.4321756944
-0.4201359975
-0.4058260137
-0.3896964279
-0.3721454985
-0.3539393108
-0.3359155337
-0.4712206649
-0.4659355549
-0.4595122581
-0.448620674
-0.4339788531
-0.4168252821
-0.397965111
-0.3780518499
-0.357930438
-0.3383304128
-0.4850087719
-0.4803251899
-0.4728502803
-0.4598633024
-0.4425512796
-0.4226230594
-0.4012134239
-0.3791759144
-0.3573780698
-0.3364391929
-0.4923826399
-0.4882166258
-0.4796516197
-0.4644893877
-0.4445765834
-0.4221003365
-0.3984732071
-0.3746823131
-0.3515685525
-0.3296486586
-0.4921323539
-0.4882773303
-0.4786511223
-0.4613678615
-0.4390892321
-0.4144446087
-0.3890517349
-0.363959163
-0.3399322942
-0.3173920357
-0.1113107413
-0.1084729518
-0.1088360335
-0.107506058
-0.1050436903
-0.1016403409
-0.09736284903
-0.09233190994
-0.08676092221
-0.08069377318
-0.1207252649
-0.1173121764
-0.1177535351
-0.1165139853
-0.1142036694
-0.1109798384
-0.1068767167
-0.1019842448
-0.09646716349
-0.09018550301
-0.1351834731
-0.1310991631
-0.1316863489
-0.130489325
-0.1283308326
-0.1253099156
-0.1214016781
-0.1166420563
-0.1111215426
-0.1046333262
-0.1539803391
-0.1491292941
-0.149875944
-0.1487020647
-0.1467196099
-0.1439487875
-0.140279418
-0.1356746659
-0.1301040737
-0.1233260861
-0.1762335634
-0.1703826443
-0.1715139851
-0.1701977052
-0.1684017847
-0.1659308599
-0.1625121186
-0.1580501518
-0.1524092933
-0.1452768052
-0.2008908198
-0.1936995066
-0.1958119588
-0.1936155284
-0.1921792654
-0.1899331195
-0.1866829103
-0.182216549
-0.1762704539
-0.1684007248
-0.2263609103
-0.218825607
-0.2202433134
-0.2186048256
-0.2169728075
-0.2147505919
-0.2114491531
-0.206709823
-0.2000942983
-0.1908650848
-0.251978504
-0.2445060725
-0.2449869582
-0.24347813
-0.2416133201
-0.2391479307
-0.2354988399
-0.2301577813
-0.2224506745
-0.2111881777
-0.2775306338
-0.2700290855
-0.269623623
-0.2677827718
-0.2653989938
-0.2622742355
-0.257740053
-0.251092275
-0.2413203564
-0.226900666
-0.3030415886
-0.2954490229
-0.2942300757
-0.2917928871
-0.2886739582
-0.2846389371
-0.278887231
-0.270396764
-0.25794176
-0.2407705543
-0.03496404
9.772143984e-05
0.004176069265
0.004889827973
0.003522069085
0.002372675295
0.001578540381
0.001024732506
0.000573488139
0.0002498379983
-0.04689812277
0.001341302434
0.00426909113
0.004459176898
0.003319849036
0.002250680835
0.001485640305
0.0009567817794
0.0005341168367
0.0002246192835
-0.0624868619
0.001654368311
0.003445533385
0.003814749051
0.002990260213
0.002057058832
0.001354010722
0.0008675613159
0.0004839882746
0.0001951840954
-0.0812843462
0.0009544296119
0.001736480232
0.002934784364
0.002530279045
0.001789571529
0.001182030179
0.0007561845119
0.0004225856279
0.0001617080478
-0.1029108916
-0.0007965185973
-0.0006965372849
0.001801220432
0.00193520185
0.001446425429
0.0009685509725
0.0006220391883
0.0003495325112
0.0001245001139
-0.1264596316
-0.004351216893
-0.003619100849
0.0004123155267
0.001203585598
0.001027601884
0.0007134269274
0.0004650028398
0.0002647040402
8.402553663e-05
-0.1508063737
-0.01075087096
-0.00685253197
-0.001214975072
0.0003427008112
0.000537483481
0.0004187746098
0.0002859563848
0.0001685022897
4.100021608e-05
-0.1743616975
-0.02099705762
-0.01044890001
-0.003092668699
-0.0006489617381
-2.215253224e-05
8.605881475e-05
8.558875504e-05
6.136586317e-05
-3.539963614e-06
-0.1934234091
-0.03557624987
-0.01491267433
-0.005409759867
-0.001858163324
-0.0006879821311
-0.0003000363771
-0.0001422498875
-5.915008406e-05
-4.8634039e-05
-0.2055410163
-0.05355455466
-0.02061559326
-0.008351117607
-0.003408313258
-0.001522696555
-0.0007672949158
-0.0004081660443
-0.000197822056
-9.284058079e-05
-0.2046813349
-0.0648570896
-0.02442905676
-0.01031093029
-0.004603990141
-0.002277092924
-0.001242963454
-0.0007090600844
-0.0003660880615
-0.0001403850958
-0.1724750129
-0.0710687226
-0.03066094656
-0.01451152374
-0.007167845834
-0.003760155333
-0.002083123328
-0.001182796346
-0.0006036852167
-0.0002205033132
-0.1500564632
-0.0703446981
-0.03252829559
-0.01623905539
-0.008533701643
-0.004731129174
-0.002719602306
-0.001577008752
-0.0008130882467
-0.0002953779203
-0.1340732829
-0.06976474952
-0.03503070217
-0.01850050688
-0.01011633982
-0.005756350524
-0.003358106771
-0.00196181339
-0.001015499058
-0.0003699519261
-0.1213093414
-0.0679714695
-0.03622538212
-0.02000571626
-0.01132459981
-0.006604723162
-0.003912808536
-0.002305318108
-0.001198904733
-0.0004390200784
-0.1113748244
-0.0660990023
-0.03709530282
-0.0212742264
-0.0123605575
-0.007333154063
-0.00439258109
-0.002604424084
-0.001359211427
-0.0005001907103
-0.1038480487
-0.06437715105
-0.03758892432
-0.02220216319
-0.01316919054
-0.007916640271
-0.004782889533
-0.002850182189
-0.001491569858
-0.000551193794
-0.09838523438
-0.06298172311
-0.03787006881
-0.02285883106
-0.01376754977
-0.008355224691
-0.005078693847
-0.003037563414
-0.001592698737
-0.000590168085
-0.09490023612
-0.06204072082
-0.03803225141
-0.02328530988
-0.01416651655
-0.008649523547
-0.005277675258
-0.003164016304
-0.001660923409
-0.0006162133564
-0.09288586997
-0.06147867044
-0.03808547788
-0.02349260579
-0.01437647196
-0.008807827856
-0.005384899326
-0.003232171557
-0.001697947286
-0.0006287831738
-0.2822378285
-0.2938353511
-0.3012082887
-0.3044902511
-0.3041323109
-0.3011450154
-0.2947584295
-0.2869166799
-0.2750769239
-0.2620130739
-0.225989761
-0.2382829201
-0.2461786974
-0.250058794
-0.2504176688
-0.248053131
-0.2430217493
-0.2372753211
-0.2303178533
-0.2246878944
-0.1952457107
-0.2057600151
-0.2128459115
-0.2167144191
-0.2174946274
-0.2158519693
-0.2118002859
-0.2065350304
-0.2002251515
-0.1938897966
-0.1706822045
-0.1804910705
-0.1874027441
-0.1914507533
-0.1926096316
-0.1915017426
-0.1881038031
-0.1833616926
-0.1773466058
-0.1708762268
-0.1502550159
-0.1596413183
-0.1661964239
-0.1701279512
-0.1714772584
-0.1707179076
-0.167845063
-0.1635663477
-0.1579770572
-0.1517797087
-0.1358396668
-0.1444308895
-0.1505325443
-0.1541994686
-0.155464439
-0.1547283203
-0.1520639207
-0.1480178046
-0.1427147875
-0.1366972547
-0.1241959175
-0.1325018334
-0.1383937563
-0.1419875317
-0.1433137532
-0.1426778995
-0.1402100881
-0.1363507652
-0.1312623389
-0.1254182126
-0.116212487
-0.1241383929
-0.1298076142
-0.1332748617
-0.1345914019
-0.1340109777
-0.1316773726
-0.1279576631
-0.1230243241
-0.1173157593
-0.1111067177
-0.1187802826
-0.1242965131
-0.1276931246
-0.1290202236
-0.1284910966
-0.1262515603
-0.1226341802
-0.1178120217
-0.1122128082
-0.1082188744
-0.1157921646
-0.1212457168
-0.1246155588
-0.1259608485
-0.1254751151
-0.123296876
-0.1197305902
-0.1149352561
-0.1093361733
0.07809936818
0.0596612439
0.04047149317
0.0213737602
0.001824995585
-0.01838794433
-0.03863581958
-0.05672622567
-0.06719026312
-0.0665838687
0.02464122142
0.007161292122
-0.01148808561
-0.03112818639
-0.05214315395
-0.07436387858
-0.09674322444
-0.1166779459
-0.1284210697
-0.1279022507
-0.03247518356
-0.04938568314
-0.06783082438
-0.08783748655
-0.1096794476
-0.1329933905
-0.156538415
-0.1774451209
-0.1899667838
-0.1893302116
-0.08420956133
-0.1018324911
-0.1212387153
-0.1424443374
-0.1655855487
-0.1901649329
-0.2148567036
-0.2365714726
-0.2496866086
-0.2490619842
-0.1306878697
-0.1496482373
-0.1704876928
-0.193228142
-0.2178700417
-0.2438090407
-0.2696799313
-0.2921435501
-0.3053706204
-0.3054322311
-0.1735189223
-0.1937077314
-0.2158709382
-0.2400105343
-0.265920483
-0.2927574988
-0.319909558
-0.3425606558
-0.3554753823
-0.3565094511
-0.2121477206
-0.2337546303
-0.257135427
-0.2823184399
-0.3092058774
-0.3368257984
-0.3636265164
-0.3862415919
-0.3989643364
-0.4007886299
-0.2454186653
-0.2690324531
-0.293099141
-0.3189163351
-0.3461740414
-0.3739410432
-0.4004569933
-0.4224494489
-0.4347171348
-0.4371954233
-0.2756338393
-0.2983724708
-0.32288607
-0.3490272281
-0.3762836753
-0.4036587075
-0.4293669185
-0.4502212547
-0.4617859439
-0.464805833
-0.2994531001
-0.3222020346
-0.3466713599
-0.3725433166
-0.399160913
-0.4254724167
-0.4497321877
-0.4689669001
-0.4796336565
-0.483104071
0.3451590355
0.3493027323
0.353483814
0.35744661
0.3610517862
0.3641740461
0.3667570584
0.3691409338
0.372190448
0.3738165185
0.331570907
0.3353075522
0.3388969632
0.3421474927
0.3449561222
0.3472003349
0.3488403676
0.350313304
0.3528236477
0.3547467446
0.3134906489
0.3166112945
0.3193296116
0.321550335
0.3232241856
0.3242393202
0.3245860915
0.324815647
0.3265727965
0.3286874485
0.2911887536
0.2934807655
0.2950484232
0.2959254195
0.2961317959
0.2955742133
0.2942872881
0.292955757
0.2937530784
0.2959540839
0.264850492
0.2661047641
0.2662710104
0.265535932
0.2639960127
0.261581508
0.2583823178
0.2552371
0.25485717
0.2570489297
0.2350132837
0.2350802267
0.2335985782
0.2309581779
0.2273528783
0.2227520617
0.2173237547
0.2120935453
0.2103197317
0.2124115218
0.2017591766
0.2005053439
0.197257725
0.1925813901
0.1867560179
0.1797935797
0.1719560451
0.1644802115
0.1611543522
0.1630563567
0.1673004702
0.1645023564
0.1589767916
0.1516880232
0.1431115695
0.1333357228
0.1227339176
0.1127698577
0.107741639
0.1093693374
0.1318390849
0.1274280625
0.1194246314
0.1092886989
0.09769770511
0.08481949883
0.07117237476
0.05850728876
0.05162726317
0.05292411348
0.1012525182
0.09191537238
0.07905587812
0.06484701208
0.04968808607
0.03351739634
0.01683348174
0.001585167071
-0.007040192481
-0.006097151625
0.2634483754
0.2571965341
0.2663248331
0.2606299845
0.2690391344
0.2699301935
0.277560437
0.2893954565
0.3055753221
0.3260131633
0.2626171393
0.256243886
0.2653143781
0.259347742
0.2675893242
0.2680017128
0.2751749714
0.2862622671
0.3013539892
0.3160066561
0.2617566516
0.2552468106
0.2642673484
0.2579726435
0.2660512853
0.265839502
0.272499751
0.2824072052
0.2958454318
0.303620493
0.2608711323
0.2542127311
0.2631873893
0.2565121001
0.264425131
0.2634462426
0.2695340393
0.2778065449
0.2890175174
0.2888179303
0.2599651867
0.2531501537
0.2620779959
0.2549752433
0.2627101863
0.2608286325
0.2662700766
0.2724316722
0.2808511446
0.2714574082
0.2590437943
0.2520683292
0.2609425694
0.2533723045
0.2609051453
0.2579963523
0.2626909433
0.2662405026
0.271352672
0.2514045687
0.2581125943
0.250976697
0.2597844727
0.2517140107
0.2590084553
0.2549605976
0.258769108
0.2591624946
0.2605297735
0.2281640274
0.2571779517
0.2498846095
0.2586076208
0.2500126064
0.257021002
0.2517371546
0.2544777387
0.2512125273
0.2483748494
0.2023588494
0.2562466942
0.2488044546
0.257418683
0.2482876948
0.2549541898
0.2483640264
0.249824835
0.2425360029
0.2341751789
0.1710002101
0.255347736
0.2477547533
0.2562261968
0.2465616709
0.2528414366
0.2449514701
0.2452245822
0.2339724874
0.2200927865
0.1415407712
0.2541186147
0.2464004735
0.2545638028
0.2442203387
0.2496753806
0.239944421
0.2375462009
0.2213269147
0.1996233051
0.1048363678
0.2528093898
0.2448250837
0.2527432847
0.2416258783
0.2461982386
0.2347391643
0.2300582301
0.2104623738
0.1823054329
0.1044239612
0.251525427
0.2433336783
0.2510022124
0.2391906958
0.2428943296
0.2299546266
0.2230569507
0.2010679452
0.1681372624
0.1002165143
0.2503548477
0.2419661663
0.2493918942
0.2369665491
0.2398374062
0.2256957781
0.2166890409
0.1932343882
0.1565988563
0.09726704422
0.249304169
0.2407450551
0.2479488711
0.2349994766
0.2371080613
0.222039466
0.2111157594
0.1869123613
0.1475730282
0.09549315933
0.2483968633
0.2396937128
0.2467022981
0.2333205053
0.2347610014
0.2190042776
0.2064188778
0.1819415702
0.1407699614
0.09410969621
0.2476500722
0.2388303921
0.2456760529
0.2319524808
0.2328378257
0.2165885482
0.2026372263
0.17824199
0.1357066653
0.09290406752
0.2470728434
0.2381696231
0.2448900691
0.2309137125
0.2313714996
0.214785068
0.1997795152
0.1756036938
0.1321661118
0.09188614627
0.2466952874
0.2377276142
0.2443640232
0.2302186534
0.2303904533
0.2135926838
0.1978847864
0.1739237941
0.1299952258
0.09116021122
0.2464544629
0.2374699234
0.2440526335
0.2298243462
0.2298208497
0.2129197492
0.1968106235
0.1729954607
0.1288214432
0.09070859787
0.06332596596
0.01454780253
-0.03600929386
-0.08060193657
-0.1203341603
-0.1578811593
-0.1936535841
-0.2252520992
-0.2489570126
-0.2669676854
0.04599432886
0.01266960581
-0.02252215347
-0.0555124299
-0.08656115071
-0.1157449894
-0.1419896309
-0.1645905275
-0.1871236977
-0.2089035896
0.03773091467
0.0110136682
-0.01715164795
-0.04460860803
-0.07104894346
-0.09645438783
-0.1207760711
-0.1442075953
-0.1650903166
-0.1815467572
0.03539915911
0.01180693585
-0.012280092
-0.03617044814
-0.05974774951
-0.08274313148
-0.1046878289
-0.1249523165
-0.1427240922
-0.1580826271
0.03596060152
0.01436137073
-0.007039483316
-0.0281410264
-0.0489881062
-0.0693175835
-0.08873655117
-0.1069199439
-0.1235352466
-0.1381519946
0.03771617137
0.01748768159
-0.002197039364
-0.02155000937
-0.04084998563
-0.06000801642
-0.0785707611
-0.09598163916
-0.1115665544
-0.1248673427
0.03970180567
0.02038665378
0.001741837085
-0.0165509685
-0.03481749356
-0.0529105664
-0.07030651303
-0.08641290332
-0.1008895606
-0.1135945726
0.04139574032
0.02264597695
0.00461358652
-0.01302043811
-0.03056585153
-0.04787574348
-0.06449622151
-0.07997140991
-0.09396557206
-0.1061256087
0.04258786897
0.02412296282
0.006397685212
-0.01087839454
-0.02800146909
-0.0448543419
-0.0610353943
-0.07609514689
-0.08963552652
-0.1013597696
0.04311572171
0.02470596729
0.007086596058
-0.01000775336
-0.02685796507
-0.0433716236
-0.05917632902
-0.07385766931
-0.08707941957
-0.09860494572
-0.5812331964
-0.5592499505
-0.5431072256
-0.5249880999
-0.5049455533
-0.4847665124
-0.4661743088
-0.4501703606
-0.4371063828
-0.4270543476
-0.5816581334
-0.5606783294
-0.5470926536
-0.5330736068
-0.5176871694
-0.5016563874
-0.4863717467
-0.4729030365
-0.4618033294
-0.4532395518
-0.5660701631
-0.5464547708
-0.535593358
-0.5258003894
-0.5152500292
-0.5036285775
-0.4917463033
-0.4806188183
-0.4709795643
-0.4631384693
-0.5401096572
-0.5223698297
-0.5141317628
-0.5081708856
-0.5020357179
-0.4945594537
-0.4858241299
-0.4766961072
-0.4681204243
-0.4607066717
-0.509450454
-0.4941020106
-0.488214392
-0.4852674448
-0.4826904974
-0.4786989819
-0.4727177974
-0.4653189241
-0.4575974802
-0.4505249205
-0.478071012
-0.4653981895
-0.4614225257
-0.4604194046
-0.4602080103
-0.4587632265
-0.4550371331
-0.4491569239
-0.4421580908
-0.4354211882
-0.4480851146
-0.4379033849
-0.4351592129
-0.4349217667
-0.4358024994
-0.4359872877
-0.434175513
-0.4300171141
-0.4242155955
-0.4185377853
-0.4207393977
-0.4124599427
-0.4101737463
-0.4098583607
-0.4109120884
-0.4121503571
-0.4121982202
-0.4103099358
-0.4066187081
-0.4032763959
-0.3964257361
-0.3895900081
-0.3876062147
-0.3871466152
-0.3883719057
-0.391019199
-0.3932303908
-0.394106034
-0.3934367272
-0.3937331665
-0.3730685378
-0.368302271
-0.3676574511
-0.3692331186
-0.3731590772
-0.378165588
-0.383772167
-0.3890934969
-0.3939704645
-0.4008945049
-0.3440480034
-0.3410387841
-0.3418647697
-0.3445868615
-0.3490318251
-0.3542207478
-0.3587902383
-0.361532113
-0.3607243792
-0.3462994293
-0.3081801941
-0.306725628
-0.3085326675
-0.3114121575
-0.3152769883
-0.3191807884
-0.3218387033
-0.3220033829
-0.3183199154
-0.3034377924
-0.2670586706
-0.2664558062
-0.2684375056
-0.2701555677
-0.2719943769
-0.2732338088
-0.2728194476
-0.2700003457
-0.2654795188
-0.2523061155
-0.2257537659
-0.2258033952
-0.2269446299
-0.227138711
-0.2267895613
-0.2256362156
-0.2230751149
-0.2186450581
-0.2119205197
-0.2019440881
-0.1887468149
-0.1886044262
-0.1890692959
-0.1879757315
-0.1859243917
-0.182963397
-0.1788174782
-0.1733253536
-0.1663778477
-0.157759699
-0.1581070477
-0.1576303627
-0.1577001733
-0.1559449589
-0.1530367399
-0.1491668855
-0.1442146977
-0.1381086066
-0.1308799365
-0.1224344784
-0.1347629496
-0.133897422
-0.1338294107
-0.1318824017
-0.128695691
-0.1244997531
-0.1192557391
-0.1129859706
-0.1058076451
-0.09780619224
-0.1188061216
-0.1174820281
-0.1174641346
-0.1156107491
-0.1125051525
-0.1083751787
-0.1032360483
-0.09712925804
-0.09023908159
-0.08268367667
-0.1098668403
-0.1080710441
-0.1081788598
-0.106532205
-0.1036697741
-0.09982869821
-0.09509106166
-0.08959796301
-0.08363672432
-0.07745253791
-0.1075278358
-0.1052268951
-0.1054784528
-0.1040202458
-0.1013872773
-0.09779853178
-0.09333824993
-0.08813767763
-0.08243585993
-0.07631945187
-0.2090570205
-0.07055290978
-0.02384947355
-0.003246685071
9.120791148e-05
0.0008128728695
0.001021365321
0.0008926891743
0.0005687673127
0.0002977044677
-0.1717740675
-0.05820558408
-0.01877250493
-0.0005923267034
0.001051830539
0.001272966315
0.001161676918
0.0009438008637
0.0005861094861
0.0003056559125
-0.1258520065
-0.04683409715
-0.0151804681
0.001017711893
0.001424024236
0.001436722119
0.001272464749
0.0009900697909
0.0006024186439
0.0003113048569
-0.08651413389
-0.0376763417
-0.01208554859
0.00243436578
0.001884171216
0.001665947581
0.001379889736
0.00103233902
0.0006169833571
0.0003148543584
-0.05786503445
-0.02935076113
-0.009011685897
0.003613071326
0.002315564674
0.001877645524
0.001474994245
0.001068023942
0.0006285907819
0.0003159089598
-0.0397896217
-0.02157804201
-0.005981263157
0.004453344806
0.002722995333
0.002067222363
0.0015543516
0.001095038548
0.0006360979633
0.0003140485029
-0.02948648401
-0.01483641578
-0.003136864107
0.004953811588
0.003085527398
0.002226799327
0.001613736044
0.001111079184
0.0006383527442
0.000308901974
-0.02451928986
-0.009435932625
-0.0005495615004
0.005189810651
0.003369936833
0.002346043759
0.001649257929
0.001113993064
0.0006342440422
0.0003001465291
-0.02350056662
-0.005210912619
0.001620134272
0.005227303319
0.003545913549
0.00241517839
0.001657416253
0.001101779646
0.0006227094228
0.0002875106013
-0.02705346297
-0.002046208868
0.003237226108
0.005130017493
0.003597618574
0.002426079554
0.001634888486
0.001072583962
0.0006027569469
0.0002707857135
-0.1820242793
-0.04602856025
-0.01973569841
-0.005050212408
-0.001023653193
0.0001805756091
0.0006255242584
0.0006969665631
0.0004859390476
0.0002545850646
-0.1885213567
-0.04869253224
-0.02043133772
-0.005039495579
-0.0009669100935
0.0002196356145
0.0006502195612
0.0007103772764
0.000491458645
0.0002580668759
-0.1995009331
-0.05401097402
-0.02149554521
-0.00487936472
-0.0007944021794
0.0003312596552
0.0007122339144
0.0007399241267
0.0005044684836
0.0002643848356
-0.2135709196
-0.06235055382
-0.02343940043
-0.00484102109
-0.0006184238996
0.0004452767267
0.0007915181817
0.0007834230347
0.0005236407365
0.0002732713003
-0.2179807071
-0.07099953162
-0.02320371825
-0.003322321587
0.0001716308419
0.0008159758723
0.000940102099
0.0008423127251
0.0005479968394
0.0002851801951
-0.4122407606
-0.4383968724
-0.4486998026
-0.4476836462
-0.4371247012
-0.4202484284
-0.3952439492
-0.3668554515
-0.3316974112
-0.2942109591
-0.4133375894
-0.439722489
-0.4496789139
-0.4481223552
-0.4371855359
-0.4199975971
-0.3954959904
-0.3683879729
-0.3351667871
-0.3033130108
-0.4151853532
-0.441779888
-0.4514895773
-0.4494020823
-0.438433978
-0.4213489938
-0.3987415408
-0.3750236613
-0.3454428965
-0.3233101316
-0.4175290313
-0.4443296634
-0.4540068073
-0.4513276432
-0.4402322646
-0.4232173649
-0.4029556663
-0.3840837668
-0.3631113425
-0.3577423517
-0.4213269302
-0.4480756417
-0.4571363669
-0.4531971935
-0.441158212
-0.4230750659
-0.4020922999
-0.3814622321
-0.3692095107
-0.3892032557
0.2118705647
0.2088154871
0.2039655143
0.1977484481
0.1904177668
0.1822440994
0.1739362397
0.1667417853
0.161697914
0.1526303306
0.2473440485
0.2463114168
0.243457056
0.2394349579
0.2345969162
0.2291189174
0.2234930705
0.2186611051
0.215375637
0.2079612695
0.2787574384
0.2786937409
0.277382414
0.2752781601
0.2725951923
0.2694267544
0.266130771
0.2634119973
0.2618007954
0.2559048465
0.3049167178
0.3059479666
0.3062510675
0.3059980109
0.3052765812
0.3041343444
0.3028250506
0.3018644135
0.3016165372
0.2972017291
0.3259433551
0.3279945105
0.3296346526
0.3308858391
0.3317660177
0.332287736
0.332619156
0.3331334933
0.3340833145
0.3310392064
0.3416638389
0.3445542254
0.3473168579
0.3498328207
0.3520436922
0.3539219189
0.3555611254
0.3572337939
0.3591419292
0.3573471935
0.3522043244
0.3557813659
0.3594158132
0.3628920551
0.3660996061
0.36897896
0.371563669
0.3740676925
0.3767028572
0.3760053222
0.357696998
0.3617564482
0.3659768708
0.370085948
0.3739395966
0.3774517309
0.3806096018
0.3836091481
0.386735542
0.3869235576
0.3583083605
0.3626194896
0.3671233455
0.3715229971
0.3756580667
0.379421848
0.382770908
0.3859206608
0.3892935885
0.3900955041
0.3541079642
0.3584450633
0.3629326528
0.3672806562
0.3713307086
0.3749630036
0.3781199933
0.3810672824
0.3844182726
0.385659697
-0.3831025506
-0.3950062108
-0.4102666177
-0.428816245
-0.4504551232
-0.4742570744
-0.4983343693
-0.5201079615
-0.5382681334
-0.561082037
-0.323127377
-0.3371314404
-0.3547928995
-0.3757607368
-0.3999179945
-0.4263689174
-0.4532970577
-0.4779114468
-0.4969668804
-0.5206740922
-0.2518671613
-0.2686331733
-0.288547372
-0.3112667202
-0.3366459876
-0.3643274234
-0.3925058393
-0.4189930229
-0.4372869827
-0.4621157745
-0.1788984315
-0.1956239477
-0.2155758092
-0.2383697834
-0.2638502526
-0.291597643
-0.3199977318
-0.3467208671
-0.3636583965
-0.3897319515
-0.1006113769
-0.1188625217
-0.1397792997
-0.1628096469
-0.187923041
-0.2148644639
-0.2422109937
-0.267152199
-0.2846402491
-0.3070888873
-0.03070350524
-0.04830910613
-0.06788635486
-0.08910797893
-0.1121249353
-0.1367689693
-0.1617430707
-0.1843066587
-0.2008975145
-0.2205364922
0.03307418755
0.01691664648
-0.0006304750078
-0.01946939873
-0.03984759526
-0.06161339558
-0.08357884596
-0.1032678443
-0.1178845707
-0.1351075468
0.08870535689
0.0748499021
0.06013999155
0.04442452556
0.02734791512
0.009034606407
-0.009452448125
-0.0259426301
-0.03820817432
-0.05311944243
0.1374647109
0.1261983668
0.114636332
0.1022378968
0.08853077327
0.07367120221
0.05866099166
0.04539221831
0.03562094687
0.02292771681
0.180531786
0.1718395457
0.1633742235
0.1541085942
0.1435069389
0.13183103
0.1200578579
0.1098043395
0.1024217143
0.09167627869
0.2693682084
0.2635856352
0.273605749
0.2682609785
0.2785169787
0.2782433865
0.286056964
0.2878332266
0.2876413679
0.2692666898
0.2690018742
0.2632057723
0.2731518884
0.2678501118
0.2779606359
0.2780397196
0.285860396
0.2891777608
0.29148156
0.2886760603
0.2685846707
0.2627732067
0.2726319255
0.2673815928
0.2773301656
0.2777985642
0.2862219382
0.2918062873
0.2976059165
0.3074256752
0.2681170303
0.2622837903
0.2720473843
0.2668475441
0.2766175949
0.2774336625
0.2861170645
0.2932713676
0.3022408203
0.3215807498
0.2675965427
0.261736212
0.2713998113
0.2662379264
0.2758161023
0.2769198502
0.2857493612
0.2944665793
0.3060321941
0.3315334245
0.267023023
0.2611293109
0.2706906793
0.2655442052
0.2749214437
0.2762437594
0.2851053535
0.2950916868
0.3088370523
0.3379590711
0.266398189
0.2604620194
0.2699222453
0.2647594619
0.2739320049
0.2753911418
0.2841739375
0.2951670363
0.3105121868
0.3411049361
0.2657247873
0.2597338913
0.2690976233
0.2638782985
0.2728478419
0.2743464409
0.2829552358
0.2946827996
0.3110056135
0.3411925321
0.2650061717
0.258945491
0.2682205032
0.2628970492
0.2716699469
0.2730954811
0.281450233
0.2935827161
0.3103525803
0.3386844573
0.2642460611
0.2580986326
0.2672948779
0.261814077
0.2703998241
0.2716263572
0.279653066
0.2918283822
0.3085563719
0.3335961591
0.2703044919
0.2644963569
0.2745313151
0.2689413991
0.2787840806
0.2769729445
0.2812882622
0.2771338795
0.2633951093
0.2302675372
0.2702349592
0.2644283006
0.2744770522
0.2688966785
0.2787978635
0.27707904
0.281760588
0.2778422286
0.2653431045
0.2320717221
0.2701083709
0.264316984
0.2743622246
0.2688249729
0.2788066296
0.2772864747
0.2823713852
0.2791729421
0.2685158059
0.236120153
0.26991807
0.264148377
0.2741891028
0.2687125391
0.2788059795
0.2775725502
0.2835119043
0.2812174124
0.2727873494
0.2427584686
0.2696633796
0.2639215574
0.2739572998
0.2685551713
0.2787813141
0.2778994752
0.2843327573
0.2834239166
0.2772182793
0.2475651172
0.1522820618
0.1183370932
0.07584356881
0.02317665894
-0.03769097765
-0.1054510937
-0.1787207601
-0.247444164
-0.3154564746
-0.371103741
0.1554144151
0.1216094275
0.07934586444
0.02722083132
-0.03326362297
-0.1009682819
-0.1751237366
-0.2446999631
-0.3143928161
-0.3713486156
0.1611373533
0.126075048
0.08299789618
0.03086272243
-0.02961065859
-0.09739848197
-0.1726270487
-0.2426780052
-0.3141720578
-0.372358075
0.1697410524
0.1319185157
0.08716641411
0.03458819276
-0.02644911351
-0.09474109512
-0.1715443829
-0.2411174014
-0.3140859256
-0.3736937671
0.1823233847
0.1417431199
0.09532882473
0.04167773095
-0.02075782673
-0.09020997306
-0.1693405685
-0.2419844018
-0.3165653107
-0.3769016537
)
;

boundaryField
{
    left
    {
        type            zeroGradient;
    }
    right
    {
        type            fixedValue;
        value           uniform 0;
    }
    down
    {
        type            zeroGradient;
    }
    up
    {
        type            zeroGradient;
    }
    cylinder
    {
        type            zeroGradient;
    }
    defaultFaces
    {
        type            empty;
    }
}


// ************************************************************************* //
