/*--------------------------------*- C++ -*----------------------------------*\
  =========                 |
  \\      /  F ield         | OpenFOAM: The Open Source CFD Toolbox
   \\    /   O peration     | Website:  https://openfoam.org
    \\  /    A nd           | Version:  11
     \\/     M anipulation  |
\*---------------------------------------------------------------------------*/
FoamFile
{
    format      ascii;
    class       surfaceScalarField;
    location    "2";
    object      phi;
}
// * * * * * * * * * * * * * * * * * * * * * * * * * * * * * * * * * * * * * //

dimensions      [0 3 -1 0 0 0 0];

internalField   nonuniform List<scalar> 
3485
(
0.0008077002151
-0.0180564404
0.01724874019
0.003206738501
-0.04289704
0.04049800172
0.00710102034
-0.05790675995
0.05401247811
0.01226262384
-0.06825421653
0.06309261304
0.01839813302
-0.07748563033
0.07135012115
0.02521150516
-0.0869246318
0.08011125965
0.03242349579
-0.09658266008
0.08937066945
0.03977661726
-0.1059916738
0.0986385523
0.04709430866
-0.1146982289
0.1073805375
-0.1221991525
0.114825774
0.05446768709
0.0009680866717
-0.01902452707
0.003801954848
-0.04573090818
0.008330238343
-0.06243504345
0.01424223636
-0.07416621455
0.02114546796
-0.08438886193
0.02864352434
-0.09442268818
0.03637857996
-0.1043177157
0.04405971142
-0.1136728052
0.05148821486
-0.1221267324
-0.1291704058
0.05845946821
0.001128072976
-0.02015260005
0.004343833205
-0.04894666841
0.009394340906
-0.06748555115
0.01584870861
-0.08062058225
0.02319569329
-0.09173584661
0.03092630932
-0.1021533042
0.03859204462
-0.111983451
0.04583532536
-0.120916086
0.05238585317
-0.1286772602
-0.1348152804
0.05803072778
0.001284231901
-0.02143683195
0.004845942708
-0.05250837922
0.01030248742
-0.07294209586
0.01710455676
-0.0874226516
0.0246399507
-0.09927124055
0.0323341931
-0.1098475466
0.03971626317
-0.1193655211
0.04644955253
-0.1276493753
0.05233005738
-0.134557765
-0.1398186698
0.05733344677
0.001434603176
-0.02287143513
0.00527368324
-0.05634745928
0.01097400788
-0.07864242049
0.01785744572
-0.09430608944
0.02523329897
-0.1066470938
0.03250468877
-0.1171189364
0.03923048641
-0.1260913187
0.04514550289
-0.1335643918
0.05014219882
-0.139554461
-0.1439317037
0.05425523272
0.001571146212
-0.02444258134
0.00559836984
-0.06037468291
0.01135387727
-0.08439792793
0.01804417416
-0.1009963863
0.02494345659
-0.1135463762
0.03148671944
-0.1236621993
0.03730815679
-0.1319127561
0.04223543095
-0.138491666
0.04624810801
-0.143567138
-0.1471364744
0.04945287869
0.001675331073
-0.02611791241
0.005769048815
-0.06446840065
0.01136731566
-0.08999619477
0.01759653919
-0.1072256099
0.02374858768
-0.1196984247
0.02933862245
-0.129252234
0.0341042225
-0.1366783561
0.03797129923
-0.1423587427
0.04099436367
-0.1465902025
-0.1494589385
0.04331682781
0.001735632124
-0.02785354453
0.005763937494
-0.06849670602
0.01101201977
-0.09524427705
0.01657697835
-0.1127905684
0.02181672014
-0.1249381665
0.02635407925
-0.1337895931
0.0300323117
-0.1403565886
0.03285688117
-0.1451833122
0.03492728886
-0.1486606102
-0.1509279456
0.03639629598
0.001739344714
-0.02959288925
0.005566925472
-0.07232428678
0.01030085941
-0.09997821099
0.01506129257
-0.1175510016
0.01930545725
-0.1291823312
0.02277098401
-0.1372551199
0.02539413159
-0.1429797361
0.02723639967
-0.1470255802
0.02841767093
-0.1498418814
-0.1515954737
0.02908519903
0.00169377485
-0.0312866641
0.005197865602
-0.07582837753
0.009295836029
-0.1040761814
0.01317410365
-0.1214292692
0.01640524485
-0.1324134724
0.01883556924
-0.1396854443
0.02047561033
-0.1446197772
0.0214211958
-0.1479711657
0.02179509713
-0.1502157828
0.02173180433
-0.1515321809
-0.0008077789353
-0.01837116282
0.01917894176
-0.002285298717
-0.04011081706
0.04158833684
-0.003802641038
-0.04946804381
0.05098538613
-0.004944621423
-0.05311376924
0.05425574962
-0.005447175423
-0.05541277683
0.05591533083
-0.005154995705
-0.05798708563
0.05769490591
-0.004002017769
-0.06101083681
0.05985785888
-0.002004205639
-0.0642113822
0.06221357007
0.0007460515137
-0.0673047481
0.06455449094
-0.07009119906
0.004091864006
0.06674538657
-0.0007338354915
-0.01763732733
-0.002056863372
-0.03878778918
-0.003374763813
-0.04815014337
-0.004312084428
-0.05217644862
-0.004618046592
-0.05510681467
-0.004146322178
-0.05845881005
-0.002830903122
-0.06232625587
-0.0006820254593
-0.06636025986
0.002217033185
-0.07020380674
-0.07359309267
0.005718926796
-0.0006376292595
-0.01699969807
-0.001759067608
-0.03766635083
-0.00283369001
-0.04707552097
-0.003505199438
-0.05150493919
-0.003558529078
-0.05505348503
-0.002857890858
-0.05915944827
-0.001336264442
-0.06384788228
0.001004886556
-0.06870141086
0.004096132705
-0.07329505289
-0.07730063491
0.007803674952
-0.0005162921986
-0.01648340587
-0.001379443345
-0.03680319968
-0.002125946895
-0.04632901742
-0.002450250619
-0.05118063547
-0.002168393979
-0.05533534167
-0.00116040633
-0.06016743591
0.000641422732
-0.06564971134
0.003247813334
-0.07130780146
0.006607623354
-0.07665486291
-0.08129790131
0.01060488975
-0.0003634263243
-0.01611997955
-0.000895271256
-0.03627135475
-0.001223411527
-0.04600087715
-0.001086924252
-0.05131712274
-0.0003542281719
-0.05606803775
0.001078029385
-0.06159969347
0.003274093735
-0.06784577569
0.006257135508
-0.07429084323
0.009999943533
-0.08039767093
-0.08570914474
0.01441118696
-0.0001731226631
-0.01594685689
-0.0003161634359
-0.03612831398
-9.145157732e-05
-0.04622558901
0.0006234899315
-0.05203206425
0.001950308671
-0.05739485649
0.003952809418
-0.06360219422
0.006684536989
-0.07057750326
0.01017518522
-0.07778149146
0.01442172817
-0.08464421389
-0.09065458443
0.01936716786
3.906770897e-05
-0.0159859246
0.0003483796242
-0.03643762589
0.001193654903
-0.04707086429
0.002637508635
-0.05347591798
0.00470831238
-0.05946566023
0.007433340398
-0.06632722223
0.01083867612
-0.07398283899
0.01494339089
-0.08188620623
0.01975613788
-0.08945696087
-0.0961535422
0.02525509565
0.0002272178713
-0.01621314247
0.001061050872
-0.03727145889
0.002597955488
-0.0486077689
0.004864992574
-0.05574295507
0.007803895401
-0.06240456306
0.01137582255
-0.06989914939
0.01555914076
-0.0781661572
0.0203412766
-0.08666834206
0.02572278559
-0.09483846986
-0.1021382415
0.03170748486
0.0004202001599
-0.01663334263
0.001766974862
-0.0386182336
0.00406426765
-0.05090506169
0.007237714262
-0.05891640168
0.01115375064
-0.06632059944
0.01569175749
-0.07443715623
0.02075965483
-0.08323405454
0.02629118606
-0.0921998733
0.0322472409
-0.1007945247
-0.1085029345
0.03861193394
0.0006153975609
0.002495165683
0.005602582105
0.009778793464
0.01480831516
0.02048241859
0.02661903349
0.0330577125
0.03964372534
0.04596656485
0.04161760975
-0.3783492757
0.3414048975
0.06900037931
-0.07808696138
0.05070419182
0.08324906792
-0.06173928962
0.04749060101
0.09133189577
-0.04539193031
0.03730910246
0.09559848685
-0.03406014087
0.0297935498
0.09768578376
-0.02568240081
0.0235951039
0.09853438257
-0.0194679553
0.01861935649
0.09862822205
-0.01405750796
0.01396366848
0.09834911142
-0.01127920793
0.01155831856
-0.00601009571
0.006677083251
0.04233299115
-0.4132081012
0.06884120177
-0.104595172
0.08312851177
-0.07602659963
0.09120694084
-0.05347035938
0.09553007265
-0.03838327268
0.09768211547
-0.02783444363
0.09858876513
-0.02037460496
0.09873584452
-0.01420458735
0.09850414283
-0.01104750624
-0.005392077793
0.04282398449
-0.4452991441
0.06840888574
-0.1301800733
0.08266108959
-0.09027880347
0.09077574732
-0.06158501711
0.09519300961
-0.04280053497
0.09745591453
-0.03009734856
0.09847355732
-0.02139224775
0.09873160376
-0.01446263379
0.09860744859
-0.01092335108
-0.004886360003
0.04329287637
-0.4738836526
0.06771756781
-0.1546047647
0.0818540801
-0.1044153158
0.09003264924
-0.06976358624
0.09458476631
-0.04735265205
0.09700669398
-0.03251927622
0.09818895003
-0.02257450381
0.09861548946
-0.01488917321
0.09865835186
-0.01096621348
-0.004555826516
0.04406996607
-0.4982646516
0.0668556193
-0.1773904179
0.08072562325
-0.1182853197
0.08897446721
-0.0780124302
0.09370265336
-0.0520808382
0.09633397538
-0.03515059823
0.09773541305
-0.02397594148
0.09838774878
-0.01554150894
0.09865623339
-0.0112346981
-0.004462659373
0.0454223065
-0.5178678643
0.06598775644
-0.1979558679
0.07933864364
-0.1316362069
0.08761581194
-0.0862895985
0.09254944445
-0.05701447071
0.09543894152
-0.0380400953
0.09711418483
-0.0256511848
0.09804902649
-0.0164763506
0.09860058122
-0.01178625283
-0.004668083467
0.04721530563
-0.5322026046
0.0652407934
-0.2159813556
0.07780302587
-0.1441984394
0.08600729788
-0.09449387051
0.09114528567
-0.06215245851
0.09433001602
-0.04122482565
0.09632945442
-0.0276506232
0.09760118042
-0.01774807659
0.09849127621
-0.01267634862
-0.005232011684
0.04902920367
-0.5407265938
0.06450379942
-0.2314559514
0.0761841184
-0.1558787584
0.08421843257
-0.1025281847
0.08953136427
-0.0674653902
0.09302796706
-0.04472142845
0.0953913854
-0.03001404154
0.09704878053
-0.01940547173
0.09832933032
-0.0139568984
-0.006212276932
0.05052342148
-0.5426703371
0.06344174207
-0.244374272
0.07434978366
-0.1667868
0.08224528733
-0.1104236883
0.08773359606
-0.07295369893
0.09155527678
-0.04854310917
0.09431402415
-0.03277278892
0.09639927704
-0.02149072461
0.09811711514
-0.0156747365
-0.007663883098
0.05151407602
-0.5370835963
0.0618012906
-0.2546614866
0.07203719666
-0.177022706
0.07996922712
-0.1183557188
0.08572239128
-0.07870686309
0.08991465765
-0.05273537554
0.09310564673
-0.035963778
0.09565912995
-0.02404420783
0.09785779006
-0.01787339662
-0.009638609183
0.2116593388
-0.2858383288
-0.3271232919
0.1845283646
-0.2275305123
0.1696610682
-0.1621554096
0.1619291727
-0.1106238233
0.1579409286
-0.074718619
0.1557950725
-0.05058951942
0.1545265656
-0.03469527113
0.1537350834
-0.0232527256
0.1531412299
-0.01727954315
-0.009297950763
0.2199229071
-0.2390756856
-0.2666855503
0.1899094361
-0.1975170413
0.1737457583
-0.1459917318
0.1653310628
-0.1022091278
0.1606670134
-0.07005456964
0.1578533056
-0.0477758116
0.1560151855
-0.03285715103
0.1547999584
-0.02203749848
0.1538840758
-0.01636366061
-0.008790655287
0.2291326086
-0.1963630745
-0.2718452197
0.1994095595
-0.1677939923
0.1812485731
-0.1278307453
0.1705094258
-0.09146998047
0.1640954339
-0.06364057773
0.1601277401
-0.04380811783
0.1575461256
-0.03027553658
0.1558555613
-0.02034693416
0.1546048382
-0.01511293752
-0.008114504517
0.2336333448
-0.1584031554
-0.2715932638
0.2051626336
-0.1393232811
0.1863394171
-0.1090075288
0.1744401343
-0.07957069774
0.1669381885
-0.05613863193
0.1621233399
-0.03899326922
0.1589304116
-0.02708260829
0.1568250088
-0.01824153136
0.1552708631
-0.0135587918
-0.007280287288
0.2358648726
-0.124898644
-0.269369384
0.2092846562
-0.1127430646
0.1904068772
-0.09012974985
0.1777656538
-0.06692947434
0.1694174096
-0.04779038778
0.163889881
-0.03346574057
0.1601651733
-0.02335790063
0.1576937701
-0.01577012811
0.1558687006
-0.01173372234
-0.006302915397
0.2370281692
-0.09530887616
-0.2666179371
0.2121754904
-0.08789038581
0.1935001151
-0.07145437456
0.1804066398
-0.0538359991
0.171454114
-0.03883786193
0.1653765942
-0.02738822073
0.1612193562
-0.01920066267
0.1584416915
-0.01299246341
0.1563853317
-0.009677362511
-0.005201482209
0.2374912267
-0.06883819285
-0.2639619101
0.2141216258
-0.06452078487
0.1957956787
-0.05312842745
0.1824537956
-0.04049411599
0.1730731812
-0.02945724759
0.1665783201
-0.02089335956
0.1620803894
-0.01470273203
0.1590564762
-0.009968550224
0.156811403
-0.007432289224
-0.003997725751
0.2376203915
-0.04462891072
-0.2618296736
0.2154025626
-0.04230295603
0.1974237034
-0.03514956816
0.1839554077
-0.02702582032
0.1742857219
-0.01978756183
0.1674912785
-0.01409891614
0.1627405012
-0.009951954713
0.1595303909
-0.006758439918
0.1571407155
-0.005042613861
-0.002715166474
0.2375616399
-0.02190006269
-0.2602904879
0.2161563231
-0.02089763917
0.1984756526
-0.01746889774
0.1849639165
-0.01351408419
0.1751177226
-0.009941367887
0.168126403
-0.007107596559
0.1632033133
-0.005028865
0.1598644953
-0.00341962198
0.1573734428
-0.002551561388
-0.001376654001
0.2374493178
-0.2593493805
0.2165516786
0.1990827809
0.1855686967
0.1756273288
0.1685197322
0.1634908672
0.1600712452
0.1575196839
0.331885506
0.01806854921
-0.3282202124
0.3354853878
0.02549300159
0.3387986778
0.03308525969
0.3417177751
0.04037624613
0.3437273345
0.0473727904
0.3447747633
0.05305623443
0.3433900948
0.05844721754
0.3409107384
0.06007575457
0.333376324
0.06534676135
0.05980680899
0.2334887018
0.01492599147
-0.2303461441
0.2372825948
0.0216991086
0.2415523431
0.02881551142
0.2463935451
0.03553504417
0.2512227582
0.04254357722
0.2564229944
0.04785599822
0.2605342873
0.05433592469
0.264396285
0.05621375689
0.266962181
0.06278086532
0.06008343973
0.2279105831
0.0122802771
-0.2252648687
0.2311023927
0.01850729897
0.2348225771
0.02509532704
0.239225819
0.03113180226
0.2441350286
0.03763436757
0.2496397336
0.04235129325
0.2555108789
0.04846477934
0.2610834581
0.05064117769
0.2673581646
0.05650615889
0.05559638459
0.2219944615
0.009989123664
-0.219703308
0.2250411934
0.01546056702
0.2288950686
0.02124145191
0.2335240684
0.02650280238
0.2389274096
0.0322310264
0.2447960585
0.03648264434
0.2514583664
0.04180247142
0.2578718868
0.04422765734
0.2652490222
0.04912902348
0.04925214297
0.2178069945
0.007926940868
-0.2157448117
0.2206242363
0.01264332525
0.2242825557
0.01758313249
0.2287207816
0.02206457645
0.2340951752
0.02685663277
0.2400436062
0.03053421334
0.2469445994
0.03490147829
0.2539312492
0.03724100751
0.2619032007
0.04115707198
0.04178595971
0.2137989598
0.006119124078
-0.211991143
0.2164802938
0.009961991181
0.220111198
0.01395222827
0.2245715018
0.01760427269
0.2299878267
0.02144030784
0.2360365229
0.02448551712
0.243024566
0.02791343529
0.2503158678
0.02994970565
0.2585208442
0.03295209556
0.03368886686
0.2109426101
0.004468572805
-0.2092920589
0.2134991244
0.007405476952
0.217023245
0.01042810764
0.2214138648
0.01321365285
0.2267773219
0.01607685082
0.2328569771
0.01840586188
0.2398484478
0.02092196462
0.2472869223
0.02251123111
0.2555713081
0.02466770974
0.02529826493
0.2087613816
0.002919700711
-0.2072125095
0.211256936
0.004909922572
0.2147457363
0.006939307362
0.2191376363
0.008821752812
0.2244889404
0.01072554678
0.2305978788
0.01229692348
0.2375768546
0.01394298882
0.2450726633
0.01501542232
0.2533442162
0.01639615686
0.01681280754
0.2073121184
0.001440803385
-0.2058332211
0.2097714807
0.002450560349
0.2132355129
0.003475275108
0.2176307095
0.004426556213
0.2229802432
0.005376013106
0.2291130989
0.006164067815
0.2360843737
0.006971714014
0.2435984308
0.007501365189
0.2518350924
0.008159495241
0.008357411991
0.2064669214
-0.205026118
0.2089174818
0.2123927569
0.2168193131
0.2221953262
0.228359394
0.235331108
0.2428324732
0.2509919685
0.03161306428
0.1270570523
-0.121843477
-0.0368266396
0.02668960075
0.1262617296
-0.1213382661
0.02197799255
0.125528995
-0.1208173868
0.01743059139
0.1247109814
-0.1201635803
0.01305999154
0.1234586032
-0.1190880033
0.008963115318
0.1211314194
-0.1170345432
0.005337104468
0.1162607739
-0.112634763
0.002463596693
0.1054295931
-0.1025560853
0.0006286303657
0.08194519698
-0.08011023065
0.03656381052
-0.03593518016
0.0294841688
0.1316873779
-0.03411449436
0.0247968642
0.1309490342
0.02020275916
0.1301231
0.01578510262
0.129128638
0.01161382349
0.1276298823
0.007798446788
0.1249467961
0.004517443766
0.1195417769
0.002007677079
0.1079393597
0.0004765042448
0.08347636981
0.03704031477
0.02614133697
0.1358626128
-0.03031657188
0.021867637
0.1352227342
0.01763009194
0.1343606451
0.01354670681
0.1332120231
0.009728298935
0.1314482902
0.006307297547
0.1283677975
0.003459155326
0.1223899191
0.00139678791
0.1100017272
0.0002614855705
0.08461167215
0.03730180034
0.02194356916
0.1395221186
-0.02560307502
0.01818441483
0.1389818885
0.01442710963
0.1381179503
0.01079543246
0.1368437002
0.007427101212
0.1348166214
0.004482343596
0.1313125551
0.002153989393
0.1247182733
0.0006242713078
0.1115314452
9.73867495e-06
0.08522620478
0.03731153901
0.01691532937
0.1426843447
-0.02007755538
0.01369262242
0.1422045955
0.01048395787
0.1413266148
0.007405275674
0.1399223824
0.00460991239
0.1376119847
0.002274332959
0.1336481345
0.000585897708
0.1264067086
-0.0002647136075
0.1123820566
-0.000308734338
0.08527022551
0.03700280467
0.01137793854
0.1453357594
-0.01402935332
0.008687934408
0.1448945996
0.006035528646
0.1439790206
0.00355704157
0.1424008695
0.001409768159
0.1397592581
-0.0002196206748
0.1352775234
-0.001119644717
0.1273067326
-0.001201489832
0.1124639017
-0.000613964211
0.08468269989
0.03638884046
0.005216035117
0.1475921774
-0.007472453094
0.002990785657
0.1471198491
0.0009381115864
0.1460316946
-0.0008365569206
0.144175538
-0.00218854191
0.1411112431
-0.002946191782
0.1360351732
-0.002961301166
0.127321842
-0.002185383697
0.1116879842
-0.0009140665933
0.08341138279
0.03547477387
-0.001397439839
0.1495430127
-0.0005533954585
-0.003103655885
0.1488260651
-0.00451218251
0.1474402213
-0.005520059999
0.1451834155
-0.005996129961
0.1415873131
-0.005796808829
0.1358358521
-0.004822290793
0.126347324
-0.003138082142
0.1100037756
-0.001190398136
0.08146369878
0.03428437573
-0.008344486009
0.150818888
0.007068610712
-0.009376585183
0.1498581643
-0.01002901929
0.1480926554
-0.01018445146
0.1453388477
-0.009715502554
0.1411183642
-0.008508928203
0.1346292777
-0.006534487436
0.1243728832
-0.003973807722
0.1074430958
-0.001415562506
0.07890545356
0.03286881323
-0.01510142047
0.01438812754
-0.01545903894
-0.01533754928
-0.01461847883
-0.01318555894
-0.01096975358
-0.008026139587
-0.004659225161
-0.001582149128
0.04707378128
0.07432736712
-0.05279529721
-0.06860585118
0.04123873295
0.07293451216
-0.06709946383
0.03528140643
0.07156322462
-0.0656058981
0.02920925966
0.07021793773
-0.06414579096
0.02306006269
0.06893265754
-0.06278346057
0.01693338545
0.06771383274
-0.0615871555
0.011041048
0.06614276655
-0.0602504291
0.005774484043
0.06224164235
-0.0569750784
0.001778173367
0.0508168918
-0.04682058113
0.02369927869
-0.02192110532
0.04682193998
0.08005728505
-0.05255185792
0.04098780325
0.07876864888
0.03503922659
0.07751180128
0.02898357141
0.07627359291
0.02285877422
0.07505745472
0.01676466606
0.0738079409
0.0109132395
0.07199419311
0.005694873979
0.06746000787
0.001747639771
0.05476412601
0.02544691846
0.04639789092
0.08578731387
-0.05212791973
0.04057462297
0.08459191683
0.03464658348
0.08343984078
0.02862184996
0.08229832642
0.02253924829
0.08114005639
0.01649933952
0.07984784967
0.01071436673
0.07777916591
0.005572827577
0.07260154702
0.001701672786
0.0586352808
0.02714859125
0.04572766765
0.09150053137
-0.05144088516
0.03993650785
0.09038307663
0.03405216014
0.08932418849
0.02808274435
0.08826774222
0.02206815305
0.08715464769
0.01611066613
0.0858053366
0.01042390558
0.08346592645
0.005394495817
0.07763095679
0.001634381821
0.0623953948
0.02878297307
0.04474739694
0.0971749335
-0.05042179907
0.03901030856
0.09612016501
0.03319701479
0.09513748226
0.02731614751
0.09414860949
0.02140773641
0.0930630588
0.01557434501
0.09163872799
0.01002994662
0.08901032484
0.005157500165
0.08250340324
0.001548352232
0.06600454273
0.0303313253
0.04332897241
0.1027659384
-0.04891997729
0.03769395251
0.1017551849
0.03199352207
0.1008379127
0.02623941579
0.09990271576
0.02047762873
0.09882484586
0.01481633619
0.09730002053
0.009471839199
0.09435482184
0.004820627633
0.08715461481
0.001423923471
0.06940124689
0.03175524877
0.04147288976
0.1082099829
-0.04691693433
0.03601142859
0.1072166461
0.03050642658
0.1063429147
0.02495814165
0.1054510007
0.01940839176
0.1043745958
0.01396876846
0.1027396438
0.00886203255
0.09946155775
0.004462475912
0.09155417145
0.001298971113
0.07256475169
0.03305421988
0.03870566081
0.1134129435
-0.04390862137
0.03349688747
0.1124254194
0.02825662635
0.1115831758
0.0229991667
0.1107084603
0.01777157171
0.1096021907
0.01268404936
0.1078271662
0.007953101783
0.1041925053
0.003936070717
0.09557120251
0.001113488218
0.07538733419
0.0341677081
0.03638776483
0.1180824034
-0.04105722476
0.0316048294
0.1172083549
0.02665799459
0.1165300106
0.02161736534
0.1157490896
0.01658922507
0.114630331
0.01172488765
0.1126915036
0.007258442147
0.1086589508
0.003535213891
0.09929443077
0.0009803261771
0.07794222191
0.03514803428
0.03182511124
-0.0355861848
0.02769520001
0.0234078239
0.01899333324
0.01453566093
0.01019262135
0.006216809133
0.002955154621
0.0007871458775
0.1001902447
0.0005901051605
-0.001785449819
0.1010742278
0.007626201825
-0.008510184991
0.1013737985
0.01486255214
-0.01516212284
0.1012034528
0.02117978449
-0.02100943872
0.100345231
0.02560597565
-0.02474775389
0.09872966978
0.0325082462
-0.03089268499
0.09533157003
0.03866879152
-0.03527069177
0.08927242519
0.0501823207
-0.04412317585
0.07681582554
0.06629180753
-0.05383520788
0.3618956913
-0.3384688883
0.1001151953
-0.0005301901646
0.1009235758
0.006817821332
0.1011573388
0.01462878913
0.1009462797
0.02139084367
0.100045637
0.02650661835
0.09834921035
0.0342046728
0.0949358986
0.04208210328
0.08863234198
0.05648587731
0.07641215409
0.07851199542
0.3839884157
0.09996681373
-0.001502103893
0.1006241058
0.006160529298
0.1007264907
0.01452640418
0.1004088181
0.02170851628
0.09941811473
0.02749732172
0.09757039452
0.03605239302
0.0941356493
0.04551684849
0.08748891003
0.06313261658
0.07563497459
0.09036593087
0.4045539211
0.09974536859
-0.002252572481
0.100178654
0.005727243894
0.1000867472
0.014618311
0.09960105912
0.02219420434
0.09846812843
0.02863025241
0.09641149645
0.03810902499
0.09292377991
0.04900456503
0.08584829984
0.07020809665
0.07448364771
0.101730583
0.4234809979
0.09945125378
-0.00270892626
0.09959098359
0.00558751408
0.09924507713
0.01496421746
0.0985352791
0.02290400237
0.09720329022
0.02996224129
0.09489477061
0.0404175446
0.09129268069
0.05260665496
0.08372444854
0.0777763288
0.07296138793
0.1124936436
0.4407307002
0.09908537231
-0.002799398573
0.09886651992
0.005806366475
0.09821051235
0.01562022502
0.09722560789
0.02388890683
0.09563449256
0.03155335662
0.09304342143
0.04300861573
0.08923431683
0.05641575956
0.08113031609
0.08588032954
0.0710454472
0.1225785125
0.4563922652
0.09865001071
-0.002454509283
0.09801379692
0.00644258026
0.0969950116
0.01663901034
0.09568834114
0.02519557729
0.09377694481
0.03346475296
0.0908793397
0.04590622083
0.08673663986
0.0605584594
0.07808928176
0.09452768765
0.06873189612
0.1319358981
0.4705699335
0.09815043861
-0.001610047893
0.0970461002
0.00754691867
0.09561433505
0.01807077549
0.09394267845
0.02686723389
0.09165006274
0.03575736868
0.08842134087
0.0491349427
0.08377541182
0.06520438845
0.07470280286
0.1036002966
0.06584461214
0.1407940888
0.4836965537
0.09759655172
-0.0002116996159
0.09598077109
0.009162699305
0.09408774801
0.01996379857
0.09200905702
0.02894592488
0.08927176759
0.0384946581
0.08568033568
0.0527263746
0.08041302444
0.07047169969
0.07146943148
0.1125438896
0.06290527167
0.1493582487
0.4955654274
0.09700818276
0.00177501762
0.09482145728
0.01134942479
0.09243864764
0.02234660821
0.08987693608
0.03150763644
0.08660338456
0.04176820963
0.08244096858
0.05688879058
0.0762317647
0.07668090357
0.06682483339
0.1219508209
0.05819156112
0.1579915209
0.5070253651
0.1509522863
0.001827831318
0.1512779007
0.01102381037
0.1521711759
0.02145333303
0.1535465118
0.03013230059
0.1549470654
0.04036765598
0.1573300838
0.05450577216
0.1603230493
0.07368793809
0.1653388742
0.116934996
0.1823515983
0.1409787968
0.2599567801
0.2938031581
0.1510229878
0.001809943504
0.1515232208
0.01052357734
0.1527900909
0.02018646297
0.1547363727
0.02818601875
0.1568673291
0.03823669958
0.1607022175
0.05067088375
0.1646882222
0.06970193341
0.1736982286
0.1079249896
0.1915246809
0.1231523445
0.2304658346
0.2210156264
0.1510888361
0.001726207425
0.1518220695
0.00979034389
0.1534445535
0.01856397905
0.1558809753
0.02574959689
0.1587644731
0.03535320175
0.1635979558
0.0458374011
0.1688664522
0.06443343703
0.1802369515
0.09655449022
0.1978499411
0.105539355
0.2008326649
0.2274831108
0.1511460311
0.001585276278
0.1521094887
0.008826886296
0.1540708473
0.01660262045
0.1569230395
0.02289740474
0.1605628996
0.0317133416
0.1659997947
0.04040050604
0.1728670498
0.05756618194
0.1852277289
0.08419381108
0.2021887952
0.08857828863
0.1705313022
0.2324901579
0.1511936886
0.001396687691
0.152359182
0.007661392878
0.1546283438
0.01433345867
0.1578421011
0.01968364738
0.1621642083
0.02739123443
0.168019359
0.03454535539
0.1763465988
0.04923894211
0.1891580215
0.07138238838
0.2052959467
0.07244036343
0.1399389989
0.23588825
0.1512324995
0.001169288158
0.1525656767
0.006328215715
0.1551003708
0.0117987646
0.1586290216
0.01615499651
0.1635053524
0.02251490363
0.1697529588
0.02829774904
0.1790683034
0.03992359747
0.192451284
0.05799940775
0.207721786
0.05716986147
0.1097957545
0.2378650305
0.1512630291
0.0009113590295
0.1527293739
0.004861870965
0.155480693
0.009047445529
0.1592748702
0.01236081925
0.1645663625
0.01722341135
0.1712065248
0.02165758676
0.1810077481
0.03012237419
0.1949312962
0.04407585965
0.2096359722
0.04246518544
0.08072454325
0.2387071834
0.1512857559
0.0006307031783
0.1528519499
0.003295676867
0.1557677173
0.006131678228
0.1597709136
0.008357622856
0.1653519466
0.01164237839
0.172343782
0.01466575139
0.1823357401
0.02013041605
0.1967280436
0.02968355617
0.2110694845
0.02812374457
0.05291084117
0.2388831865
0.1513039785
0.0003318246476
0.1529391507
0.001660504713
0.1559653671
0.00310546177
0.1601138154
0.004209174634
0.1658774368
0.005878756984
0.1731361123
0.007407075854
0.1831937322
0.01007279619
0.1979271402
0.01495014815
0.2120474691
0.01400341563
0.02614748548
0.2388108248
0.1513369246
0.1529974294
0.1561028911
0.1603120658
0.1661908227
0.1735978986
0.1836706948
0.1986208429
0.2126242586
0.238771744
0.2999874157
-0.04210210665
0.3042381862
-0.03772308401
0.3077486028
-0.03339743009
0.310740295
-0.0283284847
0.313393252
-0.02258341842
0.3158861295
-0.01645605696
0.3185718075
-0.01014090235
0.3212606812
-0.003248702407
0.3245905232
0.003726956379
0.01075229787
0.2213191633
-0.04240564363
0.2213287894
-0.03773271004
0.2212831123
-0.03335175301
0.2214735971
-0.0285189695
0.2220519286
-0.02316174995
0.2230022564
-0.0174063847
0.2241049097
-0.01124355572
0.2256804579
-0.004824250546
0.2277909875
0.001616426717
0.008197141306
0.2251519817
-0.04007451451
0.2233047996
-0.03588552793
0.221702698
-0.03174965144
0.2204845921
-0.02730086356
0.2197744351
-0.022451593
0.2196027105
-0.01723466004
0.2200934032
-0.01173424847
0.2212840007
-0.006014848024
0.2230450529
-0.0001446255122
0.005977325561
0.2284031604
-0.03598751701
0.2251190089
-0.03260137641
0.2223559964
-0.02898663893
0.2201402926
-0.02508515973
0.2185386111
-0.02084991155
0.2175795846
-0.01627563353
0.2172267532
-0.01138141708
0.2174545551
-0.006242649944
0.218172118
-0.0008621884347
0.004446135551
0.2308342405
-0.03093350748
0.2264813001
-0.02824843603
0.222736523
-0.02524186186
0.2195793748
-0.0219280115
0.2170436453
-0.01831418208
0.2151700708
-0.01440205903
0.2140522155
-0.01026356174
0.213769003
-0.005959437463
0.2144072957
-0.001500481118
0.003108619569
0.2321220481
-0.02519052514
0.2270121428
-0.02313853071
0.2225422899
-0.02077200896
0.2187336869
-0.01811940853
0.2156333356
-0.01521383077
0.213312456
-0.01208117944
0.2118084745
-0.008759580179
0.2110995318
-0.005250494763
0.2111198151
-0.001520764417
0.002237291674
0.2325462403
-0.01902958206
0.2269812578
-0.01757354817
0.2220610057
-0.01585175693
0.2178311074
-0.01388951021
0.2143425607
-0.01172528404
0.2116421987
-0.009380817512
0.2097433756
-0.006860757059
0.2086805849
-0.004187704086
0.2085405141
-0.001380693597
0.00148574692
0.2325396842
-0.01268607972
0.2267404543
-0.0117743183
0.2215635643
-0.0106748669
0.2170720646
-0.009398010449
0.213320539
-0.007973758527
0.2103547459
-0.006415024392
0.2082192515
-0.004725262672
0.2069633462
-0.002931798708
0.2066267272
-0.001044074651
0.0008999646167
0.2324420929
-0.006317347804
0.2265596618
-0.005891887185
0.2212530614
-0.005368266553
0.2166049521
-0.004749901086
0.2126812901
-0.004050096572
0.2095430554
-0.003276789708
0.2072500575
-0.002432264694
0.2058450304
-0.001526771658
0.2053617961
-0.0005608403661
0.0004285396243
0.2324543962
0.2265625091
0.2211942425
0.2164443414
0.2123942448
0.2091174551
0.2066851904
0.2051584188
0.2045975784
0.003000439976
-0.002680343799
-0.000320096177
0.008898381067
0.003088655566
-0.008986596657
0.01520480494
0.01681987471
-0.02312629859
0.02024326471
0.03140199716
-0.03644045693
0.02331154008
0.04244589092
-0.04551416629
0.02449107802
0.04888805201
-0.05006758995
0.02423841312
0.0515509191
-0.0512982542
0.02303424465
0.05176324413
-0.05055907566
0.02121411936
0.05063781202
-0.04881768673
0.04885441733
0.01897157164
-0.04661186961
0.003432759505
-0.006113103304
0.01087985653
-0.004358441457
0.01972463201
0.007975099228
0.02781882538
0.02330780379
0.03395218743
0.03631252886
0.03786721578
0.04497302367
0.0399162555
0.04950187938
0.04066610126
0.05101339837
0.04064403926
0.05065987402
0.04924352095
0.04025493564
0.003552616765
-0.00966572007
0.01193556073
-0.01274138542
0.02278498402
-0.002874324064
0.03376681234
0.01232597547
0.04320118996
0.02687815125
0.05035579549
0.03781841814
0.05529712058
0.04456055429
0.05851990132
0.04779061764
0.06061364123
0.0485661341
0.04780338469
0.06205377749
0.003369460786
-0.01303518086
0.01189396666
-0.0212658913
0.02375686325
-0.01473722065
0.03684426961
-0.000761430888
0.04924186748
0.01448055338
0.05972728005
0.02733300556
0.06789499461
0.03639283973
0.07395303153
0.04173258071
0.07839851148
0.04412065416
0.04451201017
0.08168988601
0.002964739451
-0.01599992031
0.01087163138
-0.02917278323
0.02255908511
-0.02642467438
0.03648666
-0.01468900578
0.05090948284
5.773053376e-05
0.06432830919
0.01391417921
0.07583150606
0.02488964286
0.0851524949
0.03241159187
0.09250311209
0.03677003697
0.03881608817
0.09819903409
0.002423238527
-0.01842315883
0.009148191156
-0.03589773586
0.01960224116
-0.03687872439
0.03294989007
-0.02803665469
0.04796811196
-0.01496049135
0.06325587081
-0.001373579638
0.07760120768
0.01054430599
0.09023845496
0.01977434459
0.1009004641
0.02610802784
0.03014718831
0.109569364
0.001832065983
-0.02025522482
0.007130554407
-0.04119622428
0.01573870883
-0.04548687881
0.02739747281
-0.03969541867
0.041504864
-0.02906788254
0.05708047376
-0.0169491894
0.07298493957
-0.005360159814
0.08820530715
0.004553977007
0.1020384745
0.0122748605
0.01811365564
0.1140720072
0.001344668209
-0.02159989303
0.005404541764
-0.04525609783
0.01219607843
-0.05227841548
0.02173530023
-0.04923464047
0.03390600457
-0.04123858687
0.04822086097
-0.03126404579
0.06389687518
-0.02103617403
0.08001080758
-0.01155995539
0.09565599925
-0.003370331172
0.003575942826
0.1101937121
0.001147087028
-0.02274698005
0.004479497627
-0.04858850843
0.00990593434
-0.05770485219
0.01752898606
-0.05685769219
0.02745414801
-0.05116374882
0.03952069529
-0.04333059307
0.05340566493
-0.03492114367
0.06851104724
-0.0266653377
0.08406552318
-0.01892480711
-0.01186901189
0.0995104779
0.001233034418
-0.02398001447
0.00419319337
-0.05154866738
0.008615188806
-0.06212684762
0.01453274068
-0.06277524407
0.02212295405
-0.0587539622
0.03160716178
-0.0528148008
0.04291892271
-0.0462329046
0.05582365413
-0.03957006911
0.06988893427
-0.03299008726
-0.02676197019
0.08478189257
0.001064976142
-0.02504499061
0.003227572798
-0.05371126404
0.006076635546
-0.06497591037
0.009644171609
-0.06634278013
0.01411893295
-0.06322872354
0.01964278135
-0.05833864919
0.02613010348
-0.05272022673
0.0333182896
-0.04675825523
0.04086716678
-0.04053896444
-0.03407042122
0.04817561781
0.0006121662242
-0.02565715684
0.00156260027
-0.05466169808
0.002579074357
-0.06599238446
0.003820564255
-0.06758427003
0.00555044785
-0.06495860714
0.007931645016
-0.06071984636
0.01097499177
-0.05576357349
0.01476923622
-0.05055249968
0.01932701554
-0.04509674376
-0.03995160495
0.02520819927
-5.190275561e-05
-0.02560525408
-0.0004960187836
-0.05421758206
-0.001245738604
-0.06524266464
-0.001993793257
-0.06683621538
-0.002395862559
-0.06455653784
-0.002195503335
-0.06092020558
-0.001179870521
-0.0567792063
0.0007893946028
-0.0525217648
0.004033008807
-0.04834035796
-0.0447068687
0.008788272552
-0.0006257199688
-0.02497953411
-0.002082186888
-0.05276111514
-0.003971813031
-0.06335303849
-0.005852489853
-0.06495553855
-0.007350878424
-0.06305814926
-0.008176839105
-0.0600942449
-0.008084972092
-0.05687107331
-0.00688106092
-0.05372567598
-0.004337188958
-0.05088422993
-0.04874636833
-0.000297689322
-0.0009341658029
-0.02404536831
-0.002877244564
-0.05081803638
-0.005197995246
-0.06103228781
-0.007405637212
-0.06274789659
-0.009140753838
-0.06132303264
-0.01014391599
-0.05909108275
-0.01021825879
-0.05679673052
-0.009250420266
-0.0546935145
-0.007166949057
-0.05296770114
-0.05188844605
-0.004024871339
-0.001042103945
-0.02300326436
-0.003094450056
-0.04876569026
-0.005431261724
-0.05869547614
-0.007550471495
-0.06062868682
-0.009114170312
-0.05975933382
-0.009900522351
-0.05830473071
-0.009772090269
-0.0569251626
-0.008689639615
-0.05577596515
-0.006679487598
-0.05497785315
-0.05468019519
-0.003887738463
-0.00103764603
-0.02196561833
-0.003021183354
-0.04678215294
-0.005209964301
-0.0565066952
-0.007110580034
-0.05872807108
-0.008404911523
-0.05846500233
-0.008899307943
-0.05781033429
-0.008501473779
-0.05732299676
-0.007185329922
-0.05709210901
-0.00506456795
-0.05709861512
-0.05745719791
-0.00228756523
-0.0009882977373
-0.0209773206
-0.002843773467
-0.04492667721
-0.004848665974
-0.05450180269
-0.006522564357
-0.0570541727
-0.007561554334
-0.05742601236
-0.007785885204
-0.05758600342
-0.007116650829
-0.05799223114
-0.005578755904
-0.05863000393
-0.003228891736
-0.05944847929
-0.06045032598
-0.0002357636612
-0.0009286114983
-0.0200487091
-0.002659580953
-0.04319570776
-0.004495776943
-0.0526656067
-0.005979837982
-0.05557011166
-0.006820737735
-0.0565851126
-0.006849219007
-0.05755752215
-0.005995451062
-0.05884599908
-0.004278912569
-0.06034654242
-0.00179695893
-0.06193043293
-0.0635257051
0.001278420185
-0.0008697673382
-0.002477138252
-0.004157358817
-0.005471720855
-0.006141502624
-0.006004118854
-0.004992259061
-0.003125231418
-0.0005011734032
0.002718508065
0.05430300097
0.004255157395
-0.02152797916
0.06149713912
0.1879287441
-0.1951228823
0.07151135659
0.09460441349
-0.104618631
0.07827333103
0.03753225944
-0.04429423388
0.08274763963
0.01046584487
-0.01494015347
0.08614274453
-0.0009920164299
-0.002403088467
0.08906045719
-0.005318813252
0.002401100592
0.09167456946
-0.006170105514
0.003555993245
0.09417076442
-0.006317006069
0.003820811109
-0.00459931627
0.002388966868
0.04420898602
-0.02472480252
0.05840453658
0.1737331936
0.07249267332
0.08051627675
0.08032791258
0.02969702018
0.08496358831
0.005830169135
0.08815943458
-0.004187862695
0.09068213526
-0.007841513938
0.0928152072
-0.008303177455
0.0947843881
-0.008286186969
-0.006266817069
0.0366085705
-0.06135447106
0.05691806531
0.1534236988
0.07390018048
0.06353416157
0.08226771049
0.02132949017
0.08697594308
0.001121936541
0.08999205826
-0.007203977877
0.09216836885
-0.01001782452
0.09386644078
-0.01000124939
0.09535922402
-0.009778970206
-0.007442537886
0.03195316734
-0.1012426213
0.05764810612
0.12772876
0.07568221597
0.04550005173
0.08418411466
0.01282759148
0.08887008779
-0.00356403659
0.09166177393
-0.009995664014
0.09351426616
-0.01187031676
0.09482371793
-0.01131070115
0.09589277291
-0.01084802519
-0.00818033009
0.03063791545
-0.1423693129
0.05984293941
0.09852373602
0.07747969293
0.02786329821
0.08596175214
0.004345532271
0.09054907121
-0.008151355665
0.09314222358
-0.01258881638
0.09471061206
-0.01343870524
0.09568227122
-0.01228236031
0.09638302707
-0.01154878103
-0.008536495273
0.03176339532
-0.1833103332
0.06248988315
0.06779724819
0.07909371557
0.01125946579
0.08753536898
-0.004096121137
0.09200875503
-0.01262474172
0.09442467923
-0.01500474058
0.09575267047
-0.01476669648
0.09643929355
-0.0129689834
0.09682871475
-0.01193820223
-0.008569178187
0.03411496647
-0.2238285507
0.06491243583
0.03699977883
0.08045563015
-0.004283728534
0.08886258232
-0.01250307331
0.09323363161
-0.01699579101
0.09550337184
-0.01727448081
0.09663685066
-0.0159001753
0.09709252134
-0.01342465408
0.09722871555
-0.01207439644
-0.008338066206
0.03666312091
-0.2636689848
0.06679871738
0.006864182363
0.08155477145
-0.01903978261
0.08991593205
-0.0208642339
0.09421253809
-0.02129239705
0.09637311563
-0.01943505835
0.09735983008
-0.01688688976
0.09763981295
-0.01370463694
0.09758187601
-0.01201645951
-0.007904165586
0.03886988089
-0.3030280172
0.06810093315
-0.0223668699
0.08239646127
-0.03333531072
0.09068090115
-0.02914867379
0.0949367257
-0.0255482216
0.09702916374
-0.02152749638
0.0979185879
-0.01777631392
0.09807921138
-0.01386526042
0.09788704141
-0.01182428953
-0.007329551934
0.04050166296
0.06883898489
0.08299427518
0.09115470385
0.09540003205
0.09746763956
0.09831068213
0.09840909019
0.09814311921
0.1869432028
0.05999643527
-0.2469396381
0.1404693382
0.04647386468
0.1140215885
0.02644774967
0.102425336
0.01159625253
0.09820433683
0.004220999135
0.09716158377
0.001042753053
0.09738324297
-0.0002216591969
0.09797925172
-0.0005960087469
0.09868964403
-0.000710392313
-0.0004591879063
0.1837053959
0.1202272222
-0.2439361828
0.1377373035
0.092441957
0.1124807564
0.05170429687
0.1016885875
0.0223884214
0.0978772469
0.008032339725
0.0970226556
0.001897344344
0.09733198851
-0.0005309921081
0.09796621555
-0.001230235782
0.09869631448
-0.001440491243
-0.0009230233429
0.1753179264
0.1764982018
-0.231588906
0.1323142842
0.1354455992
0.1098764204
0.07414216065
0.1005518597
0.03171298205
0.09738593004
0.01119826941
0.09682078807
0.00246248631
0.09725745422
-0.0009676582617
0.09795027497
-0.001923056533
0.09870673368
-0.002196949948
-0.001396979627
0.1595415872
0.2200563923
-0.2030997777
0.1237312474
0.171255939
0.1062444524
0.09162895567
0.09906473652
0.03889269795
0.09675447864
0.01350852729
0.09655145984
0.002665505117
0.09716351188
-0.001579710304
0.09793263295
-0.002692177605
0.09872408301
-0.002988400011
-0.001884746262
0.1396616626
-0.1033518348
0.1157947194
0.1028050441
0.09740350814
0.09597188195
0.0962342986
0.09705568888
0.09791950452
0.09875191562
0.05648558981
-0.003646927922
-0.05283866189
0.06447024694
-0.007984657127
0.07692692668
-0.01245667974
0.09349050928
-0.01656358261
0.1139051268
-0.02041461749
0.1369525991
-0.02304747235
0.1632077915
-0.02625519234
0.1899736532
-0.02676586177
0.2188131292
-0.028839476
-0.02812650887
0.05657752642
-0.007362549842
-0.0528619045
0.06460774093
-0.01601487164
0.07706330563
-0.02491224444
0.09361479043
-0.03311506741
0.1137754485
-0.04057527558
0.1368516029
-0.04612362671
0.1625275183
-0.05193110771
0.1890679254
-0.05330626887
0.2177071052
-0.05747865586
-0.05435558645
0.05674317867
-0.01115627878
-0.05294944973
0.06482499375
-0.02409668672
0.07727251184
-0.03735976253
0.09374190246
-0.04958445803
0.1136245326
-0.06045790567
0.1365492971
-0.0690483913
0.1609192956
-0.07630110616
0.1863848356
-0.07877180892
0.2117422507
-0.08283607095
-0.07420224168
0.04088423469
-0.01602655193
-0.0375058278
0.04746333881
-0.03512797477
0.07748014273
-0.04903034064
0.09377293993
-0.06587725524
0.1132307151
-0.07991568085
0.1350481095
-0.09086578564
0.1570027756
-0.09825577226
0.178565515
-0.1003345484
0.193658728
-0.09792928391
-0.08364329143
0.02529726809
-0.02235224838
0.03042422896
0.05790701788
0.07048484475
0.08473109949
0.09868494141
0.1091464358
0.1131703243
0.108575676
0.04508858259
0.0175021593
-0.01197703996
-0.05061370193
0.03930934917
0.01501763457
-0.00923840116
0.0335953439
0.01239672637
-0.006682721104
0.0279043003
0.009822742975
-0.004131699372
0.02215256832
0.007659911676
-0.001908179695
0.01635620363
0.006558148942
-0.0007617842504
0.01070188077
0.00723071419
-0.001576391339
0.005594358551
0.009497632122
-0.004390109898
0.001705519149
0.01070069924
-0.006811859835
0.005764201173
-0.004058682024
0.04588393358
0.02302026138
-0.05140203567
0.04034259598
0.02055897218
0.03467118664
0.01806813571
0.02883140156
0.01566252805
0.02284548019
0.01364583305
0.01682188414
0.01258174499
0.01099022398
0.01306237435
0.0057579178
0.0147299383
0.00177891413
0.01467970291
0.007543115303
0.04631633949
0.02866946989
-0.051965548
0.04056385655
0.02631145512
0.03469382823
0.02393816404
0.02871584129
0.02164051499
0.02266780699
0.01969386735
0.01664482265
0.01860472933
0.0108511636
0.0188560334
0.005670865319
0.01991023658
0.001740977695
0.01860959053
0.009284092998
0.0469359414
0.03438242231
-0.05264889381
0.04111172568
0.03213567083
0.03517753579
0.02987235394
0.02913494617
0.02768310461
0.02301546335
0.02581335016
0.01691441183
0.02470578085
0.01104145714
0.02472898809
0.005786209912
0.02516548381
0.00178962806
0.02260617238
0.01107372106
0.04710293973
0.04009697859
-0.05281749601
0.04127939845
0.03795921211
0.03533415853
0.03581759385
0.02927192103
0.03374534211
0.02312753028
0.03195774091
0.01699942819
0.03083388294
0.01109923227
0.030629184
0.005818046296
0.03044666979
0.001799674009
0.02662454467
0.01287339507
0.04723563452
0.04580290327
-0.0529415592
0.04140221021
0.04379263642
0.03544265341
0.04177715065
0.02936354609
0.03982444944
0.02320196105
0.03811932596
0.0170572592
0.0369785848
0.011140725
0.03654571819
0.005843107193
0.0357442876
0.001809629301
0.03065802256
0.01468302437
0.04728473135
0.05150535735
-0.05298718543
0.04145765731
0.04961971046
0.03550060783
0.04773420013
0.02942041567
0.04590464159
0.02325396464
0.04428577699
0.01710063471
0.04313191473
0.01117241858
0.04247393432
0.005861629757
0.04105507642
0.001816132985
0.03470351933
0.01649915735
0.04729871793
0.05720164668
-0.05299500727
0.04147372316
0.05544470523
0.0355167112
0.05369121209
0.02943498953
0.05198636326
0.02326603632
0.0504547302
0.0171095558
0.04928839525
0.0111777827
0.04840570741
0.005863367774
0.04636949135
0.001815392814
0.03875149429
0.01831455017
0.04727519896
0.06289891228
-0.05297246456
0.04144976535
0.06127013884
0.03549267629
0.05964830116
0.02941157809
0.05806746146
0.02324420102
0.05662210727
0.01709023387
0.0554423624
0.01116176813
0.05433417315
0.005851582502
0.05167967698
0.001809005176
0.04279407162
0.02012355534
0.04720711469
-0.05291405359
0.0413777897
0.03542019276
0.02934186326
0.02318050996
0.01703571686
0.01111946091
0.00582405949
0.001797549978
-0.003156773984
-0.0426381441
-0.0008169515264
-0.006556810216
-0.0454176505
-0.009393928194
-0.04772195768
-0.01152485863
-0.04916732376
-0.01260136081
-0.04899108777
-0.01217948521
-0.0459360419
-0.009991695515
-0.03862824662
-0.006329039284
-0.02678895482
-0.002311915081
-0.01300372086
-0.002632011259
0.0119927992
-0.03714980397
-0.01748113933
0.007330339006
-0.04075519031
0.003236538342
-0.04362815702
-0.0003282109451
-0.04560257448
-0.003127039197
-0.04619225952
-0.004771451778
-0.04429162932
-0.00493051158
-0.03846918682
-0.003656134861
-0.02806333154
-0.001512115597
-0.01514774012
-0.004144126856
0.02413611265
-0.03089794753
-0.03038796909
0.01875731142
-0.03537638908
0.01380794942
-0.03867879502
0.009193694544
-0.0409883196
0.00507626627
-0.04207483125
0.001783546788
-0.04099890983
-0.0003397642252
-0.0363458758
-0.001046499958
-0.02735659581
-0.0006906899491
-0.01550355013
-0.004834816805
0.03556338586
-0.02497031188
-0.04149102152
0.02973361172
-0.02954661494
0.02379911086
-0.03274429415
0.01796833979
-0.03515754853
0.0125051744
-0.03661166586
0.007713071159
-0.0362068066
0.003920926978
-0.03255373162
0.001367456865
-0.02480312569
0.0001044879305
-0.0142405812
-0.004730328875
0.0411904832
-0.0185470307
-0.04761376438
0.03479604009
-0.02315217183
0.02849726427
-0.02644551832
0.02235450766
-0.02901479193
0.0164982001
-0.0307553583
0.01112468086
-0.03083328736
0.00649690537
-0.02792595613
0.00291290723
-0.02121912756
0.0007017098304
-0.0120293838
-0.004028619045
0.04555563567
-0.01240181157
-0.0517008548
0.03922030453
-0.01681684069
0.03278345283
-0.02000866663
0.02636073871
-0.0225920778
0.02007619085
-0.02447081044
0.01411115568
-0.0248682522
0.00872631927
-0.02254111972
0.004271473449
-0.01676428173
0.001203037313
-0.008960947664
-0.002825581732
0.04782057468
-0.00648733821
-0.05373504804
0.04154920415
-0.01054547015
0.03507484732
-0.01353430981
0.02852866282
-0.0160458933
0.02204820038
-0.017990348
0.01579949715
-0.01861954897
0.01001993243
-0.016761555
0.005071280502
-0.0118156298
0.001492277511
-0.005381944674
-0.001333304221
0.04953266492
-0.0007111035176
-0.05530889961
0.04326950231
-0.004282307542
0.0367285079
-0.006993315401
0.03007943497
-0.009396820372
0.02345944802
-0.01137036105
0.01701219557
-0.01217229652
0.01095455636
-0.01070391579
0.005655765246
-0.006516838693
0.00171492532
-0.001441104749
0.0003816210992
0.05098704521
0.005196867008
-0.05689501574
0.04448587527
0.002218862404
0.03772692412
-0.0002343642506
0.03092586284
-0.002595759094
0.02420246004
-0.004646958252
0.01765340376
-0.005623240232
0.01145623657
-0.004506748602
0.005972981279
-0.001033583406
0.001836364965
0.002695511566
0.002217986064
0.05106812248
-0.05784829544
0.04404858373
0.03713149837
0.0304040399
0.02384890196
0.01746387747
0.01138073753
0.00595704423
0.001840695961
0.09695797263
0.003741595776
-0.001704668407
0.09445977198
0.007149911581
-0.004651710934
0.09167262194
0.009411228596
-0.006624078552
0.08857270848
0.01075115954
-0.007651246072
0.08531823127
0.01087049436
-0.007616017153
0.08155781042
0.009642646
-0.005882225149
0.077034648
0.004782779477
-0.0002596170556
0.0708407993
-0.01367117857
0.01986502727
0.06454594322
-0.03891721727
0.04521207335
0.1052443224
-0.08017782921
0.09756934061
0.005167155167
0.09570885211
0.009010400081
0.09350497748
0.01161510322
0.090931321
0.01332481601
0.08818165021
0.01362016515
0.0848392464
0.01298504981
0.08086651788
0.008755507997
0.07440959163
-0.007214252323
0.06793598055
-0.03244360619
0.1317460116
0.09813293776
0.006029117403
0.0968552929
0.01028804495
0.09519038797
0.01328000815
0.09308635483
0.01542884915
0.0907710716
0.01593544838
0.08768580474
0.01607031668
0.0840413902
0.01239992253
0.07714999924
-0.0003228613648
0.06950001559
-0.02479362254
0.1580782088
0.09864021942
0.006383797978
0.0978861966
0.01104206777
0.096702647
0.01446355775
0.09502300733
0.01710848882
0.09308786591
0.0178705898
0.09027835127
0.01887983131
0.08692822924
0.01575004456
0.07995917924
0.006646188634
0.07108349638
-0.01591793967
0.184138281
0.09908230435
0.00629639363
0.09878686886
0.01133750326
0.09802184484
0.01522858177
0.09672232748
0.01840800618
0.09511037086
0.01948254642
0.09256565703
0.02142454514
0.0893490797
0.01896662189
0.08252617561
0.01346909272
0.0725364545
-0.005928218569
0.2103091655
0.09945313594
0.005838157689
0.09954590774
0.01124473146
0.09913326001
0.01564122951
0.09816717462
0.01937409157
0.09681790469
0.02083181635
0.09453230351
0.02371014633
0.09136113458
0.02213779082
0.08479193495
0.02003829236
0.07391567398
0.004948042399
0.2365610604
0.09974991588
0.005083141811
0.1001564937
0.01083815363
0.1000274974
0.01577022586
0.09934364826
0.02005794066
0.09819679395
0.02197867066
0.09615368141
0.02575325886
0.09296219873
0.0253292735
0.08671897653
0.02628151456
0.0751029455
0.01656407343
0.2627802986
0.09997182923
0.004106212586
0.1006153187
0.01019466413
0.1006995053
0.01568603932
0.1002411966
0.02051624927
0.09923997921
0.0229798881
0.09740255898
0.02759067909
0.09415256973
0.02857926275
0.08813752412
0.03229656017
0.07592219189
0.02877940566
0.2886367498
0.1001189439
0.002982168657
0.1009211478
0.009392460286
0.1011474098
0.01545977728
0.1008524388
0.02081122031
0.09994510878
0.0238872181
0.0982559532
0.02927983466
0.09493580855
0.03189940741
0.08903011999
0.03820224873
0.07653348934
0.04127603631
0.3139530134
0.1001916188
0.1010738941
0.1013715486
0.1011733302
0.1003127944
0.09869994403
0.09532865966
0.08940773254
0.07684856096
0.1016796532
0.0003305468157
0.1007296291
0.0009500241223
0.09943771829
0.001291910776
0.09791896158
0.00151875671
0.09658833925
0.001330622326
0.09555114837
0.001037190884
0.09644079542
-0.0008896470523
0.100970408
-0.00452961254
0.1117626127
-0.01079220479
-0.02969865479
0.1414612675
0.1016715542
0.0006691926584
0.1007425759
0.001879002408
0.09941884125
0.002615645398
0.09791975136
0.003017846595
0.09650379836
0.002746575328
0.09546913311
0.002071856138
0.09598097985
-0.001401493799
0.1006044279
-0.009153060624
0.1106333529
-0.02082112977
-0.05817571231
0.1391104104
0.1016682971
0.001011095545
0.1007351581
0.002812141455
0.09940647942
0.003944324046
0.09789552011
0.004528805902
0.09638709411
0.004255001334
0.09530612786
0.003152822381
0.0952567893
-0.001352155238
0.09983675346
-0.01373302479
0.1086888018
-0.02967317808
-0.08511592957
0.135629019
0.1016630927
0.001358202836
0.100733055
0.003742179118
0.09939868555
0.005278693547
0.09786108409
0.006066407359
0.09623865011
0.005877435313
0.09500066115
0.004390811339
0.09447112668
-0.0008226207658
0.09831898748
-0.01758088559
0.105992294
-0.03734648465
-0.1113145727
0.1321909371
0.1016637344
0.1007542026
0.0994088176
0.09782397889
0.09608539705
0.09459398324
0.09351174542
0.0957958871
0.1036614758
0.07453736647
0.1288634541
0.01259781349
0.1169602423
0.01190321178
0.1053343046
0.01162593772
0.09391299342
0.01142131114
0.08294692771
0.01096606571
0.07271923325
0.01022769446
0.06388087312
0.008838360137
0.05727159805
0.006609275061
0.05327353142
0.003998066633
0.0004348695341
0.1266745673
0.02503365667
0.114961167
0.02361661199
0.103539708
0.02304739675
0.09243363154
0.02252738761
0.08177977121
0.02161992604
0.07189864908
0.02010881659
0.06332724646
0.01740976276
0.05697836534
0.01295815618
0.05318019582
0.007796236156
0.0007531608497
0.1238846126
0.03677806313
0.1126148696
0.03488635496
0.1015502242
0.03411204219
0.09082411587
0.0332534959
0.08051759705
0.03192644486
0.07100954987
0.02961686377
0.06271898744
0.02570032518
0.05668592068
0.01899122294
0.05312808186
0.01135407498
0.000931792973
0.1215959864
0.04737301382
0.1107135221
0.04576881933
0.1000486955
0.04477686874
0.08961199171
0.0436901997
0.07947420779
0.04206422878
0.07021199953
0.03887907203
0.06220032184
0.03371200288
0.03873224216
0.02416231085
0.03701769747
0.01751911154
0.001933929592
0.07041914183
0.06546409754
0.06076329527
0.05606972398
0.05117988581
0.04647978325
0.04193341878
0.0211972981
0.02123527032
)
;

boundaryField
{
    left
    {
        type            calculated;
        value           nonuniform List<scalar> 
35
(
-0.1510051
-0.1510051
-0.1510051
-0.1510051
-0.1510051
-0.1510051
-0.1510051
-0.1510051
-0.1510051
-0.1510051
-0.0989949
-0.0989949
-0.0989949
-0.0989949
-0.0989949
-0.0989949
-0.0989949
-0.0989949
-0.0989949
-0.0989949
-0.0989949
-0.0989949
-0.0989949
-0.0989949
-0.0989949
-0.0989949
-0.0989949
-0.0989949
-0.0989949
-0.0989949
-0.1020102
-0.1020102
-0.1020102
-0.1020102
-0.1020102
)
;
    }
    right
    {
        type            calculated;
        value           nonuniform List<scalar> 
35
(
0.09914883194
0.09916014991
0.09918068996
0.09921184965
0.09925613622
0.09638111382
0.0964518889
0.09653494483
0.09663056511
0.09673919225
0.09686139767
0.09699760357
0.09714797539
0.09731242775
0.09749065053
0.09768212388
0.09788612491
0.0981017308
0.09832781837
0.09856306625
0.09880600532
0.09905520442
0.09930959557
0.09956872131
0.09983251615
0.1528005715
0.1533767803
0.1539286875
0.1544366459
0.1548913287
0.1552838985
0.1556076465
0.1558581563
0.1560349304
0.1561430299
)
;
    }
    down
    {
        type            calculated;
        value           uniform 0;
    }
    up
    {
        type            calculated;
        value           uniform 0;
    }
    cylinder
    {
        type            calculated;
        value           nonuniform List<scalar> 
80
(
2.553804336e-19
-1.782157321e-18
-1.43995601e-20
-3.000197317e-18
-6.057132606e-18
-2.574133127e-18
8.053582645e-18
-3.020526107e-18
-1.690889852e-17
1.883801275e-18
-1.093943051e-18
-6.08423766e-18
-8.523692548e-18
2.237014014e-18
1.006698658e-18
3.735415297e-18
5.319366909e-19
3.663841013e-18
2.541098842e-21
-1.905824131e-19
5.257533504e-18
6.166399856e-19
-1.530588536e-18
-2.533475545e-18
8.885375617e-19
-2.513146755e-18
-7.962109704e-19
5.819963381e-18
-3.330533549e-18
-4.963613071e-19
7.792703115e-20
-1.002039977e-18
3.698992881e-18
7.453889936e-19
3.638853541e-18
-1.228197774e-18
-4.939049115e-18
2.519075985e-18
7.623296525e-21
-1.058791184e-18
5.257533504e-18
6.166399856e-19
-1.530588536e-18
-2.533475545e-18
8.885375617e-19
-2.513146755e-18
-7.962109704e-19
5.819963381e-18
-3.330533549e-18
-4.963613071e-19
7.792703115e-20
-1.002039977e-18
3.698992881e-18
7.453889936e-19
3.638853541e-18
-1.228197774e-18
-4.939049115e-18
2.519075985e-18
7.623296525e-21
-1.058791184e-18
5.598887781e-19
-8.859964628e-19
5.784811513e-18
1.159164588e-18
-5.183421429e-18
3.850611778e-18
4.142838145e-18
-8.940009242e-18
6.166399856e-19
5.222381636e-18
-1.093943051e-18
-6.08423766e-18
-8.523692548e-18
2.237014014e-18
1.006698658e-18
3.735415297e-18
5.319366909e-19
3.663841013e-18
2.541098842e-21
-1.905824131e-19
)
;
    }
    defaultFaces
    {
        type            empty;
    }
}


// ************************************************************************* //
