/*--------------------------------*- C++ -*----------------------------------*\
  =========                 |
  \\      /  F ield         | OpenFOAM: The Open Source CFD Toolbox
   \\    /   O peration     | Website:  https://openfoam.org
    \\  /    A nd           | Version:  11
     \\/     M anipulation  |
\*---------------------------------------------------------------------------*/
FoamFile
{
    format      ascii;
    class       surfaceScalarField;
    location    "0.5";
    object      phi;
}
// * * * * * * * * * * * * * * * * * * * * * * * * * * * * * * * * * * * * * //

dimensions      [0 3 -1 0 0 0 0];

internalField   nonuniform List<scalar> 
4432
(
-3.799370159e-06
3.799370159e-06
-5.304661883e-06
1.505291874e-06
-3.404451033e-06
-1.900210544e-06
6.621763957e-07
-4.066627404e-06
5.976037751e-06
-5.313861326e-06
1.14796231e-05
-5.503585389e-06
1.626347922e-05
-4.783856194e-06
1.985642905e-05
-3.592949905e-06
2.222774233e-05
-2.371313331e-06
2.356967595e-05
-1.341933548e-06
2.410715128e-05
-5.374749425e-07
2.397719726e-05
1.29954645e-07
2.321461157e-05
7.625865452e-07
2.1786142e-05
1.428470146e-06
1.946670144e-05
2.31944124e-06
1.581796206e-05
3.648739875e-06
1.035065924e-05
5.467303487e-06
3.12011041e-06
7.230549073e-06
-3.533980396e-06
6.654091469e-06
-9.85398776e-06
6.320006934e-06
-1.765503794e-05
7.801051143e-06
-1.641578702e-05
-1.239251786e-06
-1.641578508e-05
-4.083287278e-06
7.882657843e-06
-4.992231792e-06
2.414236491e-06
-2.934601962e-06
-3.957840164e-06
1.112178111e-06
-8.113407584e-06
6.357538802e-06
-1.055922214e-05
1.179180105e-05
-1.093784775e-05
1.649501308e-05
-9.487068324e-06
2.000445125e-05
-7.102388057e-06
2.231735925e-05
-4.684220972e-06
2.365022994e-05
-2.674803472e-06
2.425585076e-05
-1.143094542e-06
2.437577163e-05
1.003490704e-08
2.423250489e-05
9.058545937e-07
2.391039526e-05
1.750580577e-06
2.343437773e-05
2.795459832e-06
2.260093289e-05
4.4821854e-06
2.066417329e-05
7.404064195e-06
1.608470662e-05
1.181001556e-05
7.656661472e-06
1.508213782e-05
-3.746167429e-06
1.772283468e-05
-1.172107819e-05
1.577596425e-05
-9.880205583e-06
-3.080126603e-06
-2.629598902e-05
-3.470303295e-06
1.135296144e-05
-4.073038643e-06
3.016971707e-06
-2.068365075e-06
-5.962513758e-06
1.700150733e-06
-1.188192362e-05
6.691090945e-06
-1.555016254e-05
1.19849525e-05
-1.623170937e-05
1.654832708e-05
-1.40504429e-05
1.987692072e-05
-1.04309815e-05
2.201947234e-05
-6.82677212e-06
2.324839242e-05
-3.903722825e-06
2.382092788e-05
-1.715629052e-06
2.392698608e-05
-9.602266102e-08
2.367617016e-05
1.156671321e-06
2.31729998e-05
2.25375143e-06
2.252960044e-05
3.438860011e-06
2.194284616e-05
5.068940031e-06
2.167142751e-05
7.675483708e-06
2.108988644e-05
1.239155609e-05
1.773687346e-05
1.843515182e-05
1.049831107e-05
2.496139586e-05
1.507468353e-06
2.476680949e-05
-5.810655955e-07
-9.915942038e-07
-2.68770532e-05
-2.566819179e-06
1.391978076e-05
-2.75048341e-06
3.200635546e-06
-9.585536602e-07
-7.754443778e-06
2.212424208e-06
-1.505290182e-05
6.780153222e-06
-2.011789176e-05
1.191913908e-05
-2.137069518e-05
1.638328538e-05
-1.8514589e-05
1.956320114e-05
-1.36108969e-05
2.154679186e-05
-8.810362251e-06
2.267584203e-05
-5.032772414e-06
2.324504779e-05
-2.284834174e-06
2.343240393e-05
-2.833785413e-07
2.332922864e-05
1.259847081e-06
2.298772238e-05
2.595257957e-06
2.244346475e-05
3.983118286e-06
2.179193373e-05
5.720471168e-06
2.134225218e-05
8.125165846e-06
2.173132057e-05
1.200248693e-05
2.231959834e-05
1.784687505e-05
2.131683535e-05
2.596415786e-05
1.741487446e-05
2.86687729e-05
9.767935851e-06
6.655343338e-06
-1.710911618e-05
-1.356015774e-06
1.527579648e-05
-8.982900137e-07
2.742909137e-06
6.08201807e-07
-9.260936079e-06
3.201842761e-06
-1.764654311e-05
7.263203917e-06
-2.417925303e-05
1.200820243e-05
-2.611569351e-05
1.614187761e-05
-2.26482637e-05
1.905702565e-05
-1.652604438e-05
2.087809394e-05
-1.063143e-05
2.195889364e-05
-6.113571812e-06
2.257926462e-05
-2.905204924e-06
2.289401829e-05
-5.981323518e-07
2.297384361e-05
1.180021879e-06
2.286213839e-05
2.706963304e-06
2.258398602e-05
4.261271082e-06
2.219756659e-05
6.106890425e-06
2.180758348e-05
8.515149348e-06
2.193004478e-05
1.188002492e-05
2.331454602e-05
1.646237508e-05
2.56795704e-05
2.359913285e-05
2.53865004e-05
2.896184516e-05
1.651178569e-05
1.553005732e-05
-5.973295265e-07
2.465369729e-07
1.502925925e-05
1.818220664e-06
1.171224631e-06
3.598704575e-06
-1.104142058e-05
6.240950323e-06
-2.028878918e-05
9.757232386e-06
-2.769553503e-05
1.345787635e-05
-2.981633706e-05
1.655841207e-05
-2.574879888e-05
1.873610855e-05
-1.870374035e-05
2.016671795e-05
-1.206203902e-05
2.114672916e-05
-7.093583006e-06
2.186062411e-05
-3.619100002e-06
2.237911997e-05
-1.116628575e-06
2.269604036e-05
8.631014561e-07
2.282610528e-05
2.576898346e-06
2.27898849e-05
4.297491753e-06
2.267144475e-05
6.225330303e-06
2.25809298e-05
8.60566476e-06
2.268337815e-05
1.17775762e-05
2.353930592e-05
1.560644882e-05
2.614476095e-05
2.099367746e-05
2.746830594e-05
2.763830202e-05
1.94555986e-05
2.354276416e-05
1.88582698e-05
2.522192286e-06
1.250706655e-05
5.770091738e-06
-2.076675668e-06
9.153586869e-06
-1.442491627e-05
1.261441023e-05
-2.374961275e-05
1.521479202e-05
-3.029591668e-05
1.694171923e-05
-3.154326382e-05
1.823791749e-05
-2.704499656e-05
1.922151296e-05
-1.968733534e-05
1.997178585e-05
-1.281231171e-05
2.062645554e-05
-7.74825292e-06
2.127059663e-05
-4.263241384e-06
2.18969441e-05
-1.742976472e-06
2.246941711e-05
2.906283685e-07
2.288385647e-05
2.162458913e-06
2.311563345e-05
4.065714992e-06
2.32315712e-05
6.109392365e-06
2.337365666e-05
8.463580018e-06
2.366325868e-05
1.148797431e-05
2.418235294e-05
1.508735614e-05
2.586584501e-05
1.931018518e-05
2.736599121e-05
2.613815722e-05
2.185547334e-05
2.905328178e-05
4.071374365e-05
4.862670607e-06
7.644395455e-06
1.095461523e-05
-8.168620927e-06
1.731319805e-05
-2.078349943e-05
2.139557909e-05
-2.783199379e-05
2.208164435e-05
-3.098198167e-05
2.115276934e-05
-3.06143884e-05
2.04982931e-05
-2.639051995e-05
2.044865573e-05
-1.96376978e-05
2.070903605e-05
-1.307269211e-05
2.108958872e-05
-8.128805979e-06
2.154970509e-05
-4.723358134e-06
2.203208067e-05
-2.225352341e-06
2.242022227e-05
-9.751325398e-08
2.292474061e-05
1.657940555e-06
2.334529391e-05
3.64516195e-06
2.376594481e-05
5.688741575e-06
2.421429208e-05
8.0152337e-06
2.473895932e-05
1.096330752e-05
2.533587604e-05
1.449044049e-05
2.636255591e-05
1.828350508e-05
2.730341127e-05
2.519730276e-05
2.263471605e-05
3.372197699e-05
6.334845997e-05
0.0001303576617
-0.0001303576733
0.0002193675498
-8.900981106e-05
0.0002542580519
-3.489054262e-05
0.0002630778297
-8.819829053e-06
0.0001886168689
7.446115197e-05
6.858870254e-05
0.0001200284239
-2.975522515e-05
9.834368521e-05
-5.603637285e-05
2.628116745e-05
-2.531996358e-05
-3.071658595e-05
-9.125000348e-05
6.593025304e-05
-0.0002586215863
0.0001673714534
-0.0003536595631
9.503783095e-05
-0.0003460445406
-7.614960884e-06
-0.0002931117402
-5.293278991e-05
-0.0002302071492
-6.290459759e-05
-0.000178048666
-5.215848892e-05
-0.0001277357306
-5.031293426e-05
-5.089415943e-05
-7.684157444e-05
-5.089416158e-05
3.672178718e-05
-0.0001670794851
8.370385475e-05
-0.0001359918683
0.0001034644237
-5.465111952e-05
0.0001435548938
-4.891020847e-05
0.0001857011184
3.231480856e-05
0.0001386950126
0.0001670346281
3.148331274e-05
0.00020555515
-3.538053484e-05
9.314522157e-05
-9.461592508e-05
2.851860381e-05
-0.0002816916245
0.0002530056849
-0.0004610988352
0.0003467784966
-0.0005380644146
0.0001720034227
-0.0005021914339
-4.348793509e-05
-0.0004343717265
-0.0001207525439
-0.0003570085288
-0.0001402677414
-0.0002701467155
-0.0001390202727
-0.000161196109
-0.0001592635437
-5.069158252e-05
-0.0001873460827
-0.0001015857504
3.347994066e-06
-0.000170427479
1.031205846e-05
-0.0001429560302
3.692949759e-05
-8.126841796e-05
6.36369994e-05
-7.561770606e-05
0.0001103791676
-1.442749941e-05
0.0001329010706
0.0001445126945
6.903135888e-05
0.0002694247242
-2.415919869e-05
0.0001863356219
-0.0001701782164
0.0001745377144
-0.0003504077816
0.0004332352806
-0.0004849219531
0.0004812927336
-0.0005097758693
0.0001968575261
-0.0005035828367
-4.968113739e-05
-0.0004726471679
-0.0001516881336
-0.0004206977558
-0.0001922170517
-0.0003527228462
-0.0002069951941
-0.000246694088
-0.0002652922862
-6.96669705e-05
-0.0003643732454
-0.0001712527075
-3.93773968e-05
-0.0001310501008
-4.058171962e-05
-0.0001417516889
1.784256594e-05
-0.0001396928572
4.552443364e-05
-0.0001032994174
7.389846217e-05
-4.280160573e-05
0.0001016610166
0.0001167499474
5.952450991e-05
0.0003115612571
-3.821432896e-05
0.0002840744941
-0.0002044437323
0.000340767498
-0.0003483544625
0.0005771461453
-0.0004317262169
0.0005646642995
-0.0004287985444
0.0001939297117
-0.0003958469931
-8.263242327e-05
-0.0003343564165
-0.0002131786549
-0.0002787765486
-0.0002477968359
-0.0002454518778
-0.0002403200282
-0.000207869033
-0.0003028753858
-7.834212958e-05
-0.0004939001765
-0.0002495948518
-4.527604108e-05
-8.577407399e-05
-3.781368261e-05
-0.0001492142555
-9.783239147e-06
-0.0001677233211
2.000716553e-05
-0.0001330898045
4.211927528e-05
-6.49135308e-05
5.777495185e-05
0.0001010941064
3.253219923e-05
0.0003368041294
-6.050505475e-05
0.0003771118939
-0.0002065745363
0.0004868371487
-0.0003162553646
0.0006868269822
-0.0003511184295
0.0005995275676
-0.0003406484398
0.0001834600114
-0.0002927088142
-0.0001305721231
-0.0002119160909
-0.0002939711639
-0.000149683771
-0.0003100293664
-0.000125852155
-0.0002641515736
-0.0001121091958
-0.0003166183596
-5.380499573e-05
-0.0005522043863
-0.0003033998513
-2.352107906e-05
-6.225299071e-05
-3.769715812e-05
-0.0001350381634
-1.96850779e-05
-0.0001857354561
-2.327657102e-06
-0.0001504474047
8.657331567e-06
-7.589818823e-05
1.749809614e-05
9.225337889e-05
5.457042388e-06
0.0003488455201
-8.867557044e-05
0.0004712442515
-0.0002096925091
0.0006078538664
-0.0002596004209
0.0007367349439
-0.0002514629547
0.0005913900755
-0.0002310299877
0.0001630269621
-0.0001720307093
-0.000189571488
-9.641600743e-05
-0.0003695856554
-4.554004308e-05
-0.0003609052103
-2.727179602e-05
-0.000282419655
-3.466896773e-05
-0.0003092219096
-2.572415435e-05
-0.0005611493237
-0.0003291240034
-5.741787413e-06
-5.651120304e-05
-1.983870557e-05
-0.0001209412424
-1.987780188e-05
-0.0001856962625
-1.168762092e-05
-0.0001586375994
-9.274035753e-06
-7.83114666e-05
-1.222002684e-05
9.519908712e-05
-2.073853654e-05
0.000357364209
-7.987511032e-05
0.0005303809681
-0.0001634434767
0.0006914223193
-0.0001813461612
0.0007546377705
-0.0001334038972
0.0005434478988
-9.063912073e-05
0.0001202620475
-3.188765286e-05
-0.000248322871
7.808316247e-06
-0.0004092817898
2.378636699e-05
-0.0003768829415
4.830036507e-05
-0.000306933727
1.994719883e-05
-0.0002808686955
-2.05361583e-05
-0.0005206660623
-0.0003496601619
1.266048493e-05
-6.917168922e-05
4.305696204e-06
-0.000112586456
-1.875370842e-05
-0.0001626368508
-5.626358146e-06
-0.0001717649407
-1.540131334e-05
-6.85365655e-05
-3.483333178e-05
0.0001146311369
-3.554296429e-05
0.0003580736434
-2.052038963e-05
0.0005153583247
-5.416896753e-05
0.0007250708237
-6.048428535e-05
0.0007609531285
6.672829038e-06
0.0004762907232
5.902101442e-05
6.791379652e-05
8.54060259e-05
-0.0002747077112
8.150340838e-05
-0.0004053790114
7.274686698e-05
-0.0003681264554
7.682148362e-05
-0.000311008606
6.704405581e-05
-0.0002710912057
-1.449576983e-05
-0.0004391261888
-0.0003641559203
1.841956659e-05
-1.077517153e-05
4.214021262e-05
-3.188926724e-05
6.013126114e-05
-3.877454803e-05
6.313020721e-05
-3.083093976e-05
5.606828372e-05
-2.392005798e-05
4.794957062e-05
-2.249567509e-05
4.327040818e-05
-2.171135738e-05
4.243173558e-05
-1.879902525e-05
4.405497379e-05
-1.469593048e-05
4.657874363e-05
-1.065257608e-05
4.900549482e-05
-7.150109525e-06
5.077509824e-05
-3.994955893e-06
5.18208844e-05
-1.143299374e-06
5.186899302e-05
1.609831998e-06
5.16336165e-05
3.880538802e-06
5.182694769e-05
5.495410773e-06
5.293092652e-05
6.911255771e-06
5.467694988e-05
9.217284532e-06
5.723537973e-05
1.193201112e-05
6.107220097e-05
1.444668368e-05
6.842212784e-05
1.784737673e-05
8.175128891e-05
2.039281638e-05
3.356815831e-05
0.0001115315911
2.854985215e-05
-3.932502405e-05
5.78143685e-05
-6.115378328e-05
6.408308777e-05
-4.504326718e-05
4.623113266e-05
-1.297898463e-05
3.180470268e-05
-9.493627941e-06
2.345014111e-05
-1.414111359e-05
1.848087665e-05
-1.67420932e-05
1.840053237e-05
-1.871868124e-05
2.494489632e-05
-2.124029436e-05
3.442631822e-05
-2.013399833e-05
4.347932704e-05
-1.62031186e-05
5.050918874e-05
-1.102481771e-05
5.466343321e-05
-5.297543786e-06
5.642011124e-05
-1.468458764e-07
5.611612117e-05
4.18452931e-06
5.60114967e-05
5.600035698e-06
5.684479165e-05
6.077961368e-06
5.775887951e-05
8.303196668e-06
6.007572694e-05
9.615163842e-06
6.493035522e-05
9.592055708e-06
7.271092772e-05
1.006680528e-05
8.357406088e-05
9.529683391e-06
1.063702398e-05
0.0001065051921
4.23113921e-05
-8.163641535e-05
2.861369819e-05
-4.745609311e-05
-2.974861007e-05
1.331903649e-05
-6.639335084e-05
2.366574366e-05
-6.532340695e-05
-1.056358983e-05
-7.472226888e-05
-4.742271501e-06
-9.153997104e-05
7.558944737e-08
-9.63122611e-05
-1.39464119e-05
-7.717810956e-05
-4.037446509e-05
-4.300974175e-05
-5.430237706e-05
-1.786216852e-05
-4.135069351e-05
3.742991847e-06
-3.262997939e-05
2.225683084e-05
-2.381138354e-05
3.548051784e-05
-1.337053316e-05
4.636058188e-05
-6.695534277e-06
5.709732501e-05
-5.136707223e-06
6.152907124e-05
1.646215169e-06
6.013813466e-05
9.694133079e-06
5.919694191e-05
1.055635698e-05
6.1928876e-05
6.860122404e-06
6.698328851e-05
5.012393784e-06
7.390573301e-05
2.607239819e-06
-2.60094841e-06
8.714370649e-05
-1.4626107e-05
-6.70103088e-05
-2.968002483e-05
-3.240218675e-05
-4.552860001e-05
2.916759265e-05
-3.302113319e-05
1.115824679e-05
-2.332442624e-05
-2.026033004e-05
-2.614680038e-05
-1.919928765e-06
-3.000265053e-05
3.931410781e-06
-3.509491498e-05
-8.854180006e-06
-5.039359806e-05
-2.50758139e-05
-7.182608783e-05
-3.286991493e-05
-8.521742746e-05
-2.795938668e-05
-9.41636287e-05
-2.368381189e-05
-9.896839228e-05
-1.900665193e-05
-9.326744482e-05
-1.907151106e-05
-6.997035162e-05
-2.999265482e-05
-1.294894024e-05
-6.215813558e-05
2.067548196e-05
-3.197820854e-05
3.992690767e-05
-9.557293115e-06
5.424524248e-05
-3.761977247e-06
6.635458458e-05
-5.249218885e-06
7.250699365e-05
-1.140015139e-06
7.691412771e-05
-1.799895345e-06
-7.734823617e-06
8.204800077e-05
-3.798495126e-05
-2.902536291e-05
-4.025514551e-05
-3.013199494e-05
-1.231115114e-05
1.223588263e-06
2.491090209e-06
-3.644010316e-06
-4.868568872e-06
-1.290069022e-05
-3.708129089e-06
-3.080390056e-06
2.706052505e-06
-2.482793128e-06
1.906784367e-06
-8.054946108e-06
-6.295521385e-06
-1.687355497e-05
-1.666193375e-05
-2.250356301e-05
-2.18954537e-05
-2.272592895e-05
-2.245805545e-05
-2.312126719e-05
-2.030308269e-05
-2.116167455e-05
-2.515239949e-05
-1.422224038e-05
-4.26796716e-05
-1.246542388e-05
-6.437329691e-05
-4.04645436e-05
-6.390155751e-05
-3.244998795e-05
-2.602303204e-05
-4.743584371e-05
6.823398596e-06
-3.660840946e-05
2.537454959e-05
-2.380036859e-05
3.805273421e-05
-1.381819955e-05
5.359613832e-05
-1.734330066e-05
-2.6697216e-05
7.25585322e-05
-1.476071916e-05
-1.426464311e-05
-1.656587188e-05
-2.832683475e-05
-7.966705406e-06
-7.375579044e-06
-4.228563978e-06
-7.382152827e-06
-7.06614537e-06
-1.006311416e-05
-4.902198505e-06
-5.24435102e-06
-2.94564786e-06
-4.43936613e-06
-3.705565034e-06
-7.295063795e-06
-7.235614277e-06
-1.334355076e-05
-1.138005476e-05
-1.835917384e-05
-1.277065221e-05
-2.133538201e-05
-9.015739513e-06
-2.687622553e-05
7.902697086e-07
-3.096772509e-05
1.355813799e-05
-2.699015414e-05
1.820158503e-05
-1.710892861e-05
4.575176755e-06
-2.683820657e-05
4.84374215e-06
-3.271861312e-05
1.414080647e-06
-4.400621295e-05
-8.005101721e-07
-3.439383822e-05
-3.082407807e-06
-2.151848295e-05
1.14218159e-06
-1.804279487e-05
1.988548202e-05
-3.608661126e-05
-3.966904851e-05
3.285731126e-05
-6.593550741e-06
-7.671087363e-06
-1.059085466e-05
-2.432951176e-05
-7.405941807e-06
-1.056048251e-05
-5.258589517e-06
-9.529497493e-06
-6.09390111e-06
-9.227797182e-06
-4.420064948e-06
-6.918189841e-06
-2.827476011e-06
-6.031974139e-06
-2.523429679e-06
-7.599145199e-06
-4.258345003e-06
-1.160867966e-05
-6.390891149e-06
-1.622667141e-05
-7.523243348e-06
-2.020306937e-05
-8.207640665e-06
-2.61918655e-05
-8.535860161e-06
-3.063954618e-05
-4.708592488e-06
-3.081747276e-05
9.146023985e-06
-3.096360989e-05
2.029991847e-05
-3.79921688e-05
2.891481231e-05
-4.133356233e-05
3.014099367e-05
-4.523242701e-05
4.509046587e-05
-4.934332871e-05
7.420332397e-05
-5.063136176e-05
0.0001031153851
-4.695488258e-05
0.0001060688725
-3.904012298e-05
-1.117399662e-05
7.75738079e-05
-4.452153453e-06
-3.218921982e-06
-6.78145582e-06
-2.200017434e-05
-4.983276304e-06
-1.235864007e-05
-4.080336609e-06
-1.043241595e-05
-3.608834999e-06
-9.699284276e-06
-1.974301409e-06
-8.552721541e-06
-2.188538358e-07
-7.787435893e-06
7.471946267e-07
-8.565221198e-06
5.317023314e-07
-1.13932233e-05
-6.506888062e-08
-1.562993359e-05
1.270243708e-08
-2.028086992e-05
-2.920873314e-07
-2.58871058e-05
-5.64419697e-07
-3.036725333e-05
6.676391054e-07
-3.204958747e-05
3.761075077e-06
-3.405711318e-05
5.391801187e-06
-3.962295684e-05
9.873129527e-06
-4.581493192e-05
1.772332646e-05
-5.30826438e-05
3.211193777e-05
-6.37319451e-05
5.675681932e-05
-7.527624768e-05
8.741442908e-05
-7.761252288e-05
0.0001081255543
-5.975126848e-05
-1.339853678e-05
0.0001103501031
-3.036621022e-06
-1.822855976e-07
-4.520941646e-06
-2.051580928e-05
-3.679602603e-06
-1.319994229e-05
-3.186116457e-06
-1.092587114e-05
-2.631072425e-06
-1.025430608e-05
-1.392399547e-06
-9.791385018e-06
2.563180951e-07
-9.436159121e-06
1.77952919e-06
-1.008844913e-05
2.584190381e-06
-1.219790675e-05
2.818021201e-06
-1.5863785e-05
2.825758139e-06
-2.028862671e-05
2.019117104e-06
-2.508048973e-05
8.387713615e-07
-2.918694616e-05
9.134411606e-07
-3.212431159e-05
2.922924677e-06
-3.606665405e-05
4.381513734e-06
-4.108158885e-05
6.622812858e-06
-4.805625289e-05
1.031339862e-05
-5.677323921e-05
1.789464886e-05
-7.131319831e-05
3.004852753e-05
-8.743013055e-05
4.527479744e-05
-9.283879823e-05
5.849047652e-05
-7.296693027e-05
-2.949807482e-05
7.459005351e-05
-1.922221787e-06
1.739960847e-06
-3.016222054e-06
-1.942175795e-05
-2.923860902e-06
-1.329225523e-05
-2.719226621e-06
-1.113045977e-05
-2.259055591e-06
-1.071444285e-05
-1.382050949e-06
-1.066837087e-05
-3.494148743e-08
-1.07832641e-05
1.44325669e-06
-1.156665086e-05
2.596350919e-06
-1.335100564e-05
3.090662645e-06
-1.635810131e-05
2.911305582e-06
-2.010927869e-05
1.981186001e-06
-2.41503892e-05
8.037066761e-07
-2.800950191e-05
6.599950329e-08
-3.138664945e-05
-4.505387335e-07
-3.55501551e-05
-1.164168885e-06
-4.036797682e-05
-1.361955056e-06
-4.785846281e-05
-6.584115342e-07
-5.747677183e-05
-1.088016719e-06
-7.088358388e-05
-2.07367364e-06
-8.644447601e-05
1.352247205e-06
-9.626471905e-05
1.255041038e-05
-8.416507555e-05
-4.830412464e-05
3.135651244e-05
-1.200660064e-06
2.940653375e-06
-2.129524804e-06
-1.849283002e-05
-2.375911291e-06
-1.304581478e-05
-2.411870763e-06
-1.109444695e-05
-2.194742346e-06
-1.093152859e-05
-1.70290347e-06
-1.116018088e-05
-8.770879491e-07
-1.160906348e-05
9.017786792e-08
-1.25339059e-05
9.044570817e-07
-1.416527343e-05
1.174158216e-06
-1.662779159e-05
7.489519883e-07
-1.968406756e-05
-3.497403756e-07
-2.305170594e-05
-1.819633147e-06
-2.653963316e-05
-3.197191309e-06
-3.000911671e-05
-4.731743753e-06
-3.401561685e-05
-6.361063949e-06
-3.87386536e-05
-8.542362055e-06
-4.567714776e-05
-1.133296154e-05
-5.468615341e-05
-1.638151821e-05
-6.583502342e-05
-2.463265766e-05
-7.819333797e-05
-3.286057138e-05
-8.803679292e-05
-3.712823017e-05
-7.989739561e-05
-5.497206339e-05
-3.046025242e-05
-7.899346601e-07
3.730626904e-06
-1.670510026e-06
-1.761217841e-05
-2.100539547e-06
-1.261571993e-05
-2.329183606e-06
-1.086574499e-05
-2.38393592e-06
-1.087672853e-05
-2.280371413e-06
-1.126370701e-05
-2.01223801e-06
-1.187716798e-05
-1.674604398e-06
-1.287151558e-05
-1.474151798e-06
-1.43657013e-05
-1.679672152e-06
-1.642224908e-05
-2.430354917e-06
-1.893337015e-05
-3.722189508e-06
-2.17598688e-05
-5.425548812e-06
-2.483627818e-05
-7.302168668e-06
-2.813249587e-05
-9.455857198e-06
-3.186191429e-05
-1.193973868e-05
-3.62547492e-05
-1.54746035e-05
-4.214226303e-05
-2.023914441e-05
-4.992159508e-05
-2.672712248e-05
-5.934702937e-05
-3.59037202e-05
-6.901671555e-05
-4.855146473e-05
-7.538901949e-05
-5.996077079e-05
-6.848804704e-05
-4.851857072e-05
-6.641424028e-05
-5.736917969e-07
4.304360789e-06
-1.455132619e-06
-1.673065913e-05
-2.030331026e-06
-1.204045325e-05
-2.436239356e-06
-1.045977495e-05
-2.729500119e-06
-1.058341656e-05
-2.953638775e-06
-1.103952619e-05
-3.133914375e-06
-1.169685294e-05
-3.340225464e-06
-1.266516833e-05
-3.701782273e-06
-1.400410918e-05
-4.383212476e-06
-1.574078871e-05
-5.481534415e-06
-1.783502711e-05
-7.014711369e-06
-2.022667867e-05
-8.965687357e-06
-2.288528855e-05
-1.126600461e-05
-2.583215683e-05
-1.393866397e-05
-2.918922036e-05
-1.711228843e-05
-3.308108464e-05
-2.140693921e-05
-3.784757931e-05
-2.737505187e-05
-4.39534647e-05
-3.521723825e-05
-5.15048322e-05
-4.45999721e-05
-5.963395239e-05
-5.53761808e-05
-6.461279023e-05
-6.308603919e-05
-6.077816705e-05
-4.779654907e-05
-6.380806172e-05
-4.968419755e-07
4.801247403e-06
-1.391581274e-06
-1.583584343e-05
-2.080561079e-06
-1.13514097e-05
-2.645746973e-06
-9.894531711e-06
-3.143570777e-06
-1.008554297e-05
-3.624882006e-06
-1.055817274e-05
-4.132763495e-06
-1.118892933e-05
-4.728183461e-06
-1.206970693e-05
-5.496871406e-06
-1.323538258e-05
-6.541757525e-06
-1.469587019e-05
-7.937592702e-06
-1.643916956e-05
-9.732427669e-06
-1.84318246e-05
-1.195878257e-05
-2.065891155e-05
-1.464578776e-05
-2.314512349e-05
-1.78706084e-05
-2.596436416e-05
-2.179062668e-05
-2.916103787e-05
-2.684610534e-05
-3.279208611e-05
-3.382643473e-05
-3.697311376e-05
-4.349070283e-05
-4.184054837e-05
-5.602451881e-05
-4.710011655e-05
-7.015605465e-05
-5.048121678e-05
-8.248975497e-05
-4.84444474e-05
-3.898329006e-05
-9.130299993e-05
-5.046097691e-07
5.30590217e-06
-1.423027002e-06
-1.491735936e-05
-2.207981906e-06
-1.056639899e-05
-2.908618327e-06
-9.193846778e-06
-3.576958874e-06
-9.417158666e-06
-4.263722945e-06
-9.871368141e-06
-5.008084622e-06
-1.044453076e-05
-5.869951187e-06
-1.12078035e-05
-6.912928459e-06
-1.219237508e-05
-8.210461297e-06
-1.339831432e-05
-9.833863477e-06
-1.481575023e-05
-1.183877455e-05
-1.642689039e-05
-1.427946752e-05
-1.821818576e-05
-1.723880011e-05
-2.018575298e-05
-2.086323203e-05
-2.233989138e-05
-2.533509306e-05
-2.46891405e-05
-3.088985983e-05
-2.723731154e-05
-3.796837329e-05
-2.989459328e-05
-4.73555482e-05
-3.245333524e-05
-5.992481238e-05
-3.453082848e-05
-7.538965212e-05
-3.501635615e-05
-9.174760185e-05
-3.208650098e-05
-2.43070876e-05
-0.0001064238255
-5.546083184e-07
5.860550365e-06
-1.506647605e-06
-1.396526649e-05
-2.373284854e-06
-9.699717834e-06
-3.185850739e-06
-8.381243313e-06
-3.994479586e-06
-8.608497292e-06
-4.844583047e-06
-9.021230867e-06
-5.771814677e-06
-9.517270321e-06
-6.824535715e-06
-1.015505712e-05
-8.059990352e-06
-1.09569041e-05
-9.538825726e-06
-1.191947176e-05
-1.132257479e-05
-1.303199461e-05
-1.34702402e-05
-1.427920981e-05
-1.60440135e-05
-1.564438601e-05
-1.912630705e-05
-1.710342863e-05
-2.283896903e-05
-1.862721434e-05
-2.734572451e-05
-2.018237579e-05
-3.285053972e-05
-2.173247186e-05
-3.959155259e-05
-2.315357431e-05
-4.789573559e-05
-2.414914145e-05
-5.8241808e-05
-2.41847298e-05
-7.073068711e-05
-2.252746108e-05
-8.426169978e-05
-1.855550913e-05
-1.194252777e-05
-9.662631136e-05
-6.21136884e-07
6.481717494e-06
-1.611214477e-06
-1.297514947e-05
-2.546971478e-06
-8.763930085e-06
-3.44894294e-06
-7.479243789e-06
-4.369206161e-06
-7.688212717e-06
-5.347190815e-06
-8.04322746e-06
-6.414259994e-06
-8.45018551e-06
-7.611600946e-06
-8.957712329e-06
-8.988219293e-06
-9.580293322e-06
-1.059589696e-05
-1.031181238e-05
-1.248937168e-05
-1.113853418e-05
-1.47252203e-05
-1.204336666e-05
-1.736819536e-05
-1.300140553e-05
-2.049055769e-05
-1.398103602e-05
-2.41810949e-05
-1.493664143e-05
-2.855230396e-05
-1.581117047e-05
-3.376405632e-05
-1.652072822e-05
-3.998531579e-05
-1.693230943e-05
-4.731280844e-05
-1.682164684e-05
-5.572123926e-05
-1.577630074e-05
-6.50240089e-05
-1.322470636e-05
-7.478715021e-05
-8.792399242e-06
-2.658189983e-06
-8.407154719e-05
-6.874592694e-07
7.169199001e-06
-1.716739625e-06
-1.194583859e-05
-2.708289682e-06
-7.772358432e-06
-3.6797663e-06
-6.50774936e-06
-4.684327564e-06
-6.683639732e-06
-5.757050833e-06
-6.970502785e-06
-6.925966172e-06
-7.281269914e-06
-8.226118418e-06
-7.657571207e-06
-9.697990215e-06
-8.108440989e-06
-1.138698569e-05
-8.62283791e-06
-1.334003498e-05
-9.185493537e-06
-1.560907851e-05
-9.774320713e-06
-1.82495833e-05
-1.036090887e-05
-2.132462096e-05
-1.090602179e-05
-2.490663462e-05
-1.135463813e-05
-2.907584277e-05
-1.16419581e-05
-3.39158547e-05
-1.168072266e-05
-3.950321196e-05
-1.134497116e-05
-4.586977642e-05
-1.04551043e-05
-5.292580888e-05
-8.72028062e-06
-6.036432819e-05
-5.786214907e-06
-6.771707399e-05
-1.43970954e-06
4.211932343e-06
-7.458727495e-05
-7.439401183e-07
7.913154213e-06
-1.809624078e-06
-1.08801277e-05
-2.844761271e-06
-6.737202086e-06
-3.866023613e-06
-5.486477685e-06
-4.930239272e-06
-5.619420715e-06
-6.067904326e-06
-5.832846172e-06
-7.303737689e-06
-6.045455092e-06
-8.66652484e-06
-6.29481401e-06
-1.019210392e-05
-6.582908066e-06
-1.191837187e-05
-6.896620166e-06
-1.388297468e-05
-7.220937545e-06
-1.613013802e-05
-7.527191459e-06
-1.870574689e-05
-7.785316337e-06
-2.165805754e-05
-7.95372799e-06
-2.503448e-05
-7.978249434e-06
-2.888522383e-05
-7.79124435e-06
-3.326158336e-05
-7.304387238e-06
-3.819618235e-05
-6.410396113e-06
-4.367839403e-05
-4.972919346e-06
-4.961631855e-05
-2.782384003e-06
-5.577207554e-05
3.695025467e-07
-6.185777879e-05
4.645933661e-06
9.946513062e-06
-6.759243274e-05
-7.837449254e-07
8.696912112e-06
-1.882714156e-06
-9.781130911e-06
-2.948399159e-06
-5.671498165e-06
-4.001560561e-06
-4.433313109e-06
-5.10277631e-06
-4.51821714e-06
-6.278611217e-06
-4.657030561e-06
-7.55011992e-06
-4.773981144e-06
-8.941731277e-06
-4.903242793e-06
-1.048420982e-05
-5.040478556e-06
-1.22053137e-05
-5.175557803e-06
-1.41410473e-05
-5.285238231e-06
-1.63242176e-05
-5.344060827e-06
-1.879026121e-05
-5.319317713e-06
-2.157392921e-05
-5.170100279e-06
-2.470901172e-05
-4.843204101e-06
-2.822592579e-05
-4.274361088e-06
-3.214939257e-05
-3.380955472e-06
-3.647947535e-05
-2.080357998e-06
-4.118764075e-05
-2.64792992e-07
-4.617250144e-05
2.202442966e-06
-5.130740711e-05
5.504369551e-06
-5.637490747e-05
9.713390051e-06
1.480364536e-05
-6.123207959e-05
-8.055035452e-07
9.502432349e-06
-1.931712519e-06
-8.654889544e-06
-3.014591268e-06
-4.588602271e-06
-4.083459951e-06
-3.364440323e-06
-5.201389193e-06
-3.400303539e-06
-6.392251436e-06
-3.466187483e-06
-7.672868362e-06
-3.493388658e-06
-9.065414337e-06
-3.510729491e-06
-1.059151751e-05
-3.514417274e-06
-1.227957823e-05
-3.487544853e-06
-1.415304634e-05
-3.411817714e-06
-1.623820654e-05
-3.258948607e-06
-1.856203759e-05
-2.995534746e-06
-2.114844867e-05
-2.583731488e-06
-2.401604247e-05
-1.975643685e-06
-2.718325377e-05
-1.107176088e-06
-3.064958866e-05
8.534971164e-08
-3.440412964e-05
1.674141611e-06
-3.841279026e-05
3.743828364e-06
-4.261725008e-05
6.406868836e-06
-4.688731889e-05
9.774403601e-06
-5.107904869e-05
1.390508936e-05
1.881812663e-05
-5.509355666e-05
-8.088817446e-07
1.031133441e-05
-1.95444288e-06
-7.509289055e-06
-3.041528388e-06
-3.501502668e-06
-4.111657612e-06
-2.2943141e-06
-5.230027154e-06
-2.281954515e-06
-6.41580256e-06
-2.280447878e-06
-7.684166095e-06
-2.225054957e-06
-9.053093782e-06
-2.141841095e-06
-1.054219638e-05
-2.025351679e-06
-1.216792446e-05
-1.861856828e-06
-1.395346768e-05
-1.626315651e-06
-1.591648835e-05
-1.295971053e-06
-1.807631123e-05
-8.357542533e-07
-2.044706531e-05
-2.13011368e-07
-2.303893957e-05
6.162099107e-07
-2.585363803e-05
1.707506655e-06
-2.888692878e-05
3.118619471e-06
-3.212032867e-05
4.907515898e-06
-3.552486533e-05
7.148343879e-06
-3.902700014e-05
9.908987837e-06
-4.253405836e-05
1.328145031e-05
-4.594045868e-05
1.731148805e-05
2.204008029e-05
-4.916239887e-05
-7.968002021e-07
1.110815524e-05
-1.949567369e-06
-6.356483386e-06
-3.029097945e-06
-2.421956778e-06
-4.086966789e-06
-1.236451901e-06
-5.189681742e-06
-1.179250663e-06
-6.355675647e-06
-1.114476794e-06
-7.595497143e-06
-9.852467618e-07
-8.922011447e-06
-8.15346287e-07
-1.035020916e-05
-5.971767951e-07
-1.189751392e-05
-3.145861214e-07
-1.357727867e-05
5.340936463e-08
-1.540449523e-05
5.31205679e-07
-1.738584023e-05
1.145558316e-06
-1.953050577e-05
1.931636199e-06
-2.184589634e-05
2.931598482e-06
-2.432377041e-05
4.185384269e-06
-2.695320867e-05
5.74805513e-06
-2.971228313e-05
7.666585286e-06
-3.256026723e-05
9.996324931e-06
-3.54458397e-05
1.279455941e-05
-3.828707067e-05
1.612269353e-05
-4.099973132e-05
2.00241731e-05
2.454533277e-05
-4.350500485e-05
-7.725836172e-07
1.188076373e-05
-1.916428819e-06
-5.212598082e-06
-2.977108242e-06
-1.361254898e-06
-4.011932942e-06
-2.016253261e-07
-5.087902873e-06
-1.032849702e-07
-6.219886662e-06
1.750892564e-08
-7.415630204e-06
2.104986288e-07
-8.685503445e-06
4.545317543e-07
-1.0041884e-05
7.591952889e-07
-1.149571296e-05
1.139216605e-06
-1.305669088e-05
1.614351079e-06
-1.473247231e-05
2.206950729e-06
-1.653026538e-05
2.943327366e-06
-1.845295545e-05
3.854320425e-06
-2.049731242e-05
4.975961671e-06
-2.265275025e-05
6.340829159e-06
-2.490323288e-05
7.998538823e-06
-2.722630467e-05
9.989657798e-06
-2.958366687e-05
1.235368765e-05
-3.192377896e-05
1.513466352e-05
-3.418102303e-05
1.837992201e-05
-3.628340075e-05
2.212654391e-05
2.641989356e-05
-3.815794448e-05
-7.374080224e-07
1.26181967e-05
-1.854746869e-06
-4.095217948e-06
-2.883986676e-06
-3.319933255e-07
-3.887933658e-06
8.023332826e-07
-4.927781471e-06
9.365579278e-07
-6.015849344e-06
1.105594394e-06
-7.157869409e-06
1.352536478e-06
-8.362021045e-06
1.658714608e-06
-9.6354931e-06
2.032679109e-06
-1.098719775e-05
2.490910883e-06
-1.242235337e-05
3.049481328e-06
-1.394550266e-05
3.730070143e-06
-1.55597164e-05
4.557520265e-06
-1.72635324e-05
5.558129606e-06
-1.904529772e-05
6.757726064e-06
-2.090105634e-05
8.196585687e-06
-2.280145545e-05
9.89893747e-06
-2.472972537e-05
1.191793817e-05
-2.66464728e-05
1.427046212e-05
-2.850644859e-05
1.699469337e-05
-3.024388708e-05
2.011744048e-05
-3.180975506e-05
2.369246959e-05
2.774384873e-05
-3.313371111e-05
-6.91210443e-07
1.330943509e-05
-1.762349426e-06
-3.024029513e-06
-2.75086459e-06
6.565482272e-07
-3.716783773e-06
1.768274447e-06
-4.712801226e-06
1.932582401e-06
-5.74956032e-06
2.142374045e-06
-6.829972071e-06
2.432980671e-06
-7.960957789e-06
2.78974521e-06
-9.147599907e-06
3.219345398e-06
-1.03913942e-05
3.734706233e-06
-1.170069036e-05
4.358761126e-06
-1.307103387e-05
5.100392746e-06
-1.450720277e-05
5.993677666e-06
-1.599560585e-05
7.046533082e-06
-1.753640989e-05
8.298533486e-06
-1.910729034e-05
9.767468586e-06
-2.069559521e-05
1.148725049e-05
-2.226016937e-05
1.348252902e-05
-2.378003153e-05
1.579033938e-05
-2.521328282e-05
1.842795918e-05
-2.650808088e-05
2.141227083e-05
-2.760185e-05
2.478628468e-05
2.858380071e-05
-2.844177256e-05
-6.29372601e-07
1.393883974e-05
-1.640711528e-06
-2.012635915e-06
-2.581956879e-06
1.597826928e-06
-3.504261341e-06
2.690595259e-06
-4.449153166e-06
2.877491428e-06
-5.427176017e-06
3.120408467e-06
-6.439510672e-06
3.445354074e-06
-7.491833902e-06
3.842111111e-06
-8.58568387e-06
4.313219349e-06
-9.725712299e-06
4.874736863e-06
-1.090560965e-05
5.538642746e-06
-1.213264741e-05
6.327411883e-06
-1.339489962e-05
7.255923293e-06
-1.468598527e-05
8.33762428e-06
-1.599804123e-05
9.610596656e-06
-1.731346531e-05
1.108289708e-05
-1.860902523e-05
1.278281716e-05
-1.986414746e-05
1.473766453e-05
-2.103279514e-05
1.695900807e-05
-2.209219243e-05
1.948738977e-05
-2.298889216e-05
2.230901114e-05
-2.367010622e-05
2.546753536e-05
2.900155893e-05
-2.40878222e-05
-5.481446328e-07
1.448701723e-05
-1.494121989e-06
-1.066615809e-06
-2.384900102e-06
2.488636312e-06
-3.257289444e-06
3.562986076e-06
-4.144798958e-06
3.765013018e-06
-5.058535069e-06
4.034151713e-06
-5.999253248e-06
4.386115177e-06
-6.967873732e-06
4.810773071e-06
-7.968034871e-06
5.313405232e-06
-8.998153788e-06
5.904857268e-06
-1.005837061e-05
6.598839547e-06
-1.114215037e-05
7.411165482e-06
-1.224453396e-05
8.358290277e-06
-1.335489282e-05
9.447977216e-06
-1.445745861e-05
1.071316119e-05
-1.554048887e-05
1.216593142e-05
-1.657969841e-05
1.382203924e-05
-1.754820744e-05
1.570618925e-05
-1.842007222e-05
1.783089036e-05
-1.915121418e-05
2.021856558e-05
-1.970920475e-05
2.286705056e-05
-2.003497442e-05
2.579334253e-05
2.905011959e-05
-2.008350588e-05
-4.452905107e-07
1.493233941e-05
-1.331819952e-06
-1.800634725e-07
-2.169250146e-06
3.326081238e-06
-2.986815959e-06
4.380545966e-06
-3.812269901e-06
4.590463296e-06
-4.65553537e-06
4.877430544e-06
-5.518421571e-06
5.249047255e-06
-6.402091058e-06
5.694486785e-06
-7.303810982e-06
6.215153844e-06
-8.226561338e-06
6.82761076e-06
-9.165648226e-06
7.537905296e-06
-1.010969564e-05
8.3551831e-06
-1.105921167e-05
9.307782628e-06
-1.200400513e-05
1.039275248e-05
-1.291902986e-05
1.16281672e-05
-1.379413763e-05
1.304102314e-05
-1.460084007e-05
1.462873553e-05
-1.532320439e-05
1.642855678e-05
-1.592892639e-05
1.843662415e-05
-1.638163242e-05
2.067129909e-05
-1.664840275e-05
2.313385995e-05
-1.668224776e-05
2.58272182e-05
2.878408073e-05
-1.641618883e-05
-3.186135706e-07
1.525097302e-05
-1.157011782e-06
6.583415323e-07
-1.949964853e-06
4.119024336e-06
-2.705925332e-06
5.136499618e-06
-3.46251336e-06
5.347035685e-06
-4.234094851e-06
5.64903373e-06
-5.014622358e-06
6.02961793e-06
-5.80887176e-06
6.488775594e-06
-6.612728479e-06
7.019031432e-06
-7.425495862e-06
7.640369578e-06
-8.241898145e-06
8.354272858e-06
-9.059769323e-06
9.173011969e-06
-9.859659834e-06
1.010764013e-05
-1.063893164e-05
1.117200086e-05
-1.138173815e-05
1.23709531e-05
-1.206392093e-05
1.372318731e-05
-1.267629164e-05
1.524109179e-05
-1.317599495e-05
1.692825066e-05
-1.354343142e-05
1.8804063e-05
-1.37469081e-05
2.0874797e-05
-1.376393539e-05
2.315091647e-05
-1.354008934e-05
2.560339386e-05
2.824770806e-05
-1.300369773e-05
-1.657072958e-07
1.541668112e-05
-9.915128092e-07
1.484143903e-06
-1.732346721e-06
4.859835021e-06
-2.426910394e-06
5.83105558e-06
-3.113044149e-06
6.0331566e-06
-3.81019642e-06
6.346212147e-06
-4.511757128e-06
6.731214907e-06
-5.215212992e-06
7.192257712e-06
-5.922617263e-06
7.726437176e-06
-6.625870215e-06
8.343588955e-06
-7.322193189e-06
9.050532858e-06
-8.008503399e-06
9.859252031e-06
-8.671852881e-06
1.077093247e-05
-9.298880213e-06
1.17989872e-05
-9.870527873e-06
1.294257091e-05
-1.038073752e-05
1.423337631e-05
-1.079564575e-05
1.565598603e-05
-1.109679413e-05
1.722938806e-05
-1.125164897e-05
1.895891542e-05
-1.123929407e-05
2.086245663e-05
-1.101318043e-05
2.292482623e-05
-1.053621571e-05
2.512645032e-05
2.747918266e-05
-9.767665257e-06
-4.270305836e-09
1.542094202e-05
-8.345300344e-07
2.314396136e-06
-1.529454571e-06
5.554744532e-06
-2.160773067e-06
6.46236287e-06
-2.781745219e-06
6.654126074e-06
-3.408677078e-06
6.973168015e-06
-4.029923391e-06
7.352488978e-06
-4.648310638e-06
7.810660768e-06
-5.260114744e-06
8.338232326e-06
-5.863115733e-06
8.946545499e-06
-6.451908434e-06
9.63925085e-06
-7.015495791e-06
1.042275722e-05
-7.546852839e-06
1.130222099e-05
-8.026069634e-06
1.227815396e-05
-8.457101643e-06
1.337356855e-05
-8.801013694e-06
1.457726892e-05
-9.043376601e-06
1.589834088e-05
-9.160016998e-06
1.734602459e-05
-9.112725986e-06
1.891162485e-05
-8.885661855e-06
2.06354036e-05
-8.431459153e-06
2.247064313e-05
-7.712319365e-06
2.440733224e-05
2.645304322e-05
-6.686153485e-06
1.728312668e-07
1.524810631e-05
-6.840486723e-07
3.171270206e-06
-1.346131139e-06
6.216829481e-06
-1.916137865e-06
7.032353781e-06
-2.474747062e-06
7.212733466e-06
-3.03645343e-06
7.534884536e-06
-3.58985408e-06
7.905898332e-06
-4.134062369e-06
8.354868749e-06
-4.666799095e-06
8.870949714e-06
-5.180539542e-06
9.460236901e-06
-5.666021135e-06
1.012465887e-05
-6.125708871e-06
1.088236858e-05
-6.543197883e-06
1.171964903e-05
-6.911528201e-06
1.264644036e-05
-7.206810368e-06
1.366881952e-05
-7.410375065e-06
1.47808151e-05
-7.498405196e-06
1.598636307e-05
-7.456914383e-06
1.730452915e-05
-7.248934259e-06
1.870364178e-05
-6.829349027e-06
2.021582466e-05
-6.169326403e-06
2.181064007e-05
-5.233760527e-06
2.347179307e-05
2.517306825e-05
-3.95375378e-06
3.420829185e-07
1.490602895e-05
-5.455788125e-07
4.058934724e-06
-1.176301196e-06
6.847562676e-06
-1.691156788e-06
7.547193174e-06
-2.200028295e-06
7.721594308e-06
-2.705371974e-06
8.040217754e-06
-3.200905032e-06
8.401411763e-06
-3.681559888e-06
8.835494606e-06
-4.144698249e-06
9.33404058e-06
-4.58206747e-06
9.897531912e-06
-4.998166069e-06
1.05406664e-05
-5.369428504e-06
1.125354718e-05
-5.696735667e-06
1.204689539e-05
-5.967984048e-06
1.29176473e-05
-6.161403154e-06
1.386220827e-05
-6.254802296e-06
1.487419515e-05
-6.244350324e-06
1.597590408e-05
-6.079431409e-06
1.713960975e-05
-5.743783203e-06
1.836799697e-05
-5.19132004e-06
1.966337495e-05
-4.385646401e-06
2.100499298e-05
-3.283962598e-06
2.237014026e-05
2.371182972e-05
-1.822688887e-06
4.960206802e-07
1.441001661e-05
-4.198763615e-07
4.974846907e-06
-1.018425749e-06
7.446116003e-06
-1.48269311e-06
8.011448133e-06
-1.946742312e-06
8.185626956e-06
-2.401826142e-06
8.495278818e-06
-2.844566965e-06
8.84411937e-06
-3.268973925e-06
9.259859078e-06
-3.674154692e-06
9.739158967e-06
-4.057077313e-06
1.0280367e-05
-4.405593676e-06
1.088908486e-05
-4.718348415e-06
1.156621956e-05
-4.980472884e-06
1.230896597e-05
-5.178071384e-06
1.311521205e-05
-5.297269487e-06
1.398138276e-05
-5.33088752e-06
1.490780227e-05
-5.240381291e-06
1.588540339e-05
-5.002894285e-06
1.690213833e-05
-4.593984944e-06
1.795910576e-05
-3.969816472e-06
1.903922765e-05
-3.095737642e-06
2.013093856e-05
-1.92334397e-06
2.119777022e-05
2.219284794e-05
-4.043383155e-07
6.222212151e-07
1.378779921e-05
-3.04206619e-07
5.901293939e-06
-8.643535818e-07
8.006252109e-06
-1.277346774e-06
8.424423402e-06
-1.701174562e-06
8.609431787e-06
-2.107884419e-06
8.901959406e-06
-2.500327464e-06
9.236534477e-06
-2.872583296e-06
9.632086206e-06
-3.228250693e-06
1.009478338e-05
-3.555399397e-06
1.060745313e-05
-3.857473071e-06
1.119108965e-05
-4.112367756e-06
1.182106015e-05
-4.325357336e-06
1.252192305e-05
-4.474615863e-06
1.326444834e-05
-4.544919805e-06
1.405166753e-05
-4.525379204e-06
1.488825391e-05
-4.394948478e-06
1.575498295e-05
-4.132136288e-06
1.663934552e-05
-3.689775814e-06
1.751676168e-05
-3.063216675e-06
1.841267998e-05
-2.192011577e-06
1.925974193e-05
-1.040105248e-06
2.004587071e-05
2.072899042e-05
4.237602704e-07
7.002724385e-07
1.30875298e-05
-2.047471673e-07
6.806319887e-06
-7.101135079e-07
8.511597634e-06
-1.06968225e-06
8.783958039e-06
-1.447128267e-06
8.986842067e-06
-1.801852949e-06
9.256647266e-06
-2.142537382e-06
9.57719342e-06
-2.463900124e-06
9.953427467e-06
-2.76700722e-06
1.039785815e-05
-3.050820218e-06
1.089121848e-05
-3.293621244e-06
1.143383928e-05
-3.513400361e-06
1.204080053e-05
-3.680348529e-06
1.268884729e-05
-3.790280228e-06
1.337435882e-05
-3.827622856e-06
1.408898776e-05
-3.777342478e-06
1.483796183e-05
-3.630937888e-06
1.560858456e-05
-3.360829676e-06
1.63692515e-05
-2.938900566e-06
1.709484379e-05
-2.340419291e-06
1.781420889e-05
-1.532416431e-06
1.845175163e-05
-4.75878389e-07
1.898934071e-05
1.939515368e-05
8.579638547e-07
7.201636197e-07
1.236737507e-05
-1.147681503e-07
7.641241919e-06
-5.560443995e-07
8.952857837e-06
-8.614054332e-07
9.089287231e-06
-1.180529123e-06
9.305929808e-06
-1.478013995e-06
9.554097195e-06
-1.764372119e-06
9.86351699e-06
-2.03713644e-06
1.022614651e-05
-2.28124405e-06
1.064190248e-05
-2.508713094e-06
1.111861212e-05
-2.717599111e-06
1.164265636e-05
-2.886315645e-06
1.220947293e-05
-3.012164019e-06
1.281467732e-05
-3.088428728e-06
1.345061685e-05
-3.109959896e-06
1.411051685e-05
-3.058982575e-06
1.478699419e-05
-2.908345488e-06
1.545797221e-05
-2.652189101e-06
1.611312439e-05
-2.27983906e-06
1.672251712e-05
-1.751022227e-06
1.728540907e-05
-1.049310952e-06
1.775005155e-05
-1.411549186e-07
1.808118996e-05
1.826147347e-05
9.925292124e-07
6.696298098e-07
1.169775345e-05
-4.50130124e-08
8.355879385e-06
-3.987819864e-07
9.306624082e-06
-6.454647539e-07
9.335962552e-06
-9.093194473e-07
9.569764486e-06
-1.143180116e-06
9.787926286e-06
-1.36656199e-06
1.008684834e-05
-1.577422341e-06
1.043693498e-05
-1.777052761e-06
1.084144838e-05
-1.95552812e-06
1.12970079e-05
-2.11081651e-06
1.179789116e-05
-2.239304332e-06
1.233794609e-05
-2.333882587e-06
1.290927255e-05
-2.389166061e-06
1.350592816e-05
-2.396172351e-06
1.411755015e-05
-2.342954827e-06
1.473380594e-05
-2.218611214e-06
1.533366086e-05
-2.009943529e-06
1.590448286e-05
-1.707687824e-06
1.642027678e-05
-1.284945031e-06
1.686267766e-05
-7.269771688e-07
1.719209897e-05
-2.457832432e-08
1.737881609e-05
1.737874147e-05
8.581772932e-07
5.644371664e-07
1.113331437e-05
8.37228874e-09
8.911956582e-06
-2.622644669e-07
9.57725928e-06
-4.435325911e-07
9.517217386e-06
-6.355131402e-07
9.761723304e-06
-8.067447352e-07
9.959129833e-06
-9.689474989e-07
1.024901813e-05
-1.120156437e-06
1.058811059e-05
-1.262468599e-06
1.098372997e-05
-1.392229306e-06
1.142674119e-05
-1.506337488e-06
1.191197827e-05
-1.601074332e-06
1.243267453e-05
-1.668683148e-06
1.297688675e-05
-1.706899134e-06
1.354415811e-05
-1.713641544e-06
1.412431292e-05
-1.68599368e-06
1.470618571e-05
-1.59605004e-06
1.524374721e-05
-1.457967126e-06
1.576642472e-05
-1.253377548e-06
1.621570873e-05
-9.687346588e-07
1.657806098e-05
-5.899652971e-07
1.681336126e-05
-1.13186063e-07
1.690205975e-05
1.678250386e-05
4.830760704e-07
3.922901894e-07
1.074102115e-05
3.119589475e-08
9.273048461e-06
-1.420168495e-07
9.750455904e-06
-2.571206886e-07
9.632309622e-06
-3.760123698e-07
9.880614654e-06
-4.791543653e-07
1.006227327e-05
-5.805024004e-07
1.035035632e-05
-6.761953464e-07
1.068377639e-05
-7.639589133e-07
1.107145259e-05
-8.441453106e-07
1.150688409e-05
-9.159189781e-07
1.198372089e-05
-9.781879028e-07
1.249493583e-05
-1.026154201e-06
1.302486721e-05
-1.058457036e-06
1.357648551e-05
-1.074136794e-06
1.414001927e-05
-1.064917618e-06
1.469699232e-05
-1.031748735e-06
1.521059966e-05
-9.567175051e-07
1.569140898e-05
-8.470285742e-07
1.610603591e-05
-6.883030671e-07
1.641935751e-05
-4.901749626e-07
1.661525276e-05
-2.281841883e-07
1.664007861e-05
1.645200727e-05
1.023219659e-07
1.527306717e-07
2.093832808e-08
-4.339984188e-08
-8.052383068e-08
-1.246293437e-07
-1.587015563e-07
-1.918203055e-07
-2.234925245e-07
-2.535128334e-07
-2.811677801e-07
-3.054967407e-07
-3.252985057e-07
-3.469468244e-07
-3.646235246e-07
-3.726748116e-07
-3.672954552e-07
-3.614666682e-07
-3.449005813e-07
-3.133841676e-07
-2.695979687e-07
-1.989379032e-07
-1.056104983e-07
1.18409525e-08
9.925630793e-05
1.227528349e-05
9.176678907e-05
7.48951972e-06
8.90220541e-05
2.744736736e-06
-3.128624032e-06
9.215068065e-05
0.0001164062692
2.374202778e-06
0.0001247965694
-9.007833691e-07
0.000131510114
-3.968808562e-06
-7.436360962e-06
0.0001358178492
9.328494549e-05
-3.767035728e-06
9.811732775e-05
-5.733162576e-06
0.0001019455432
-7.797022076e-06
-9.921572196e-06
0.000104430755
8.417722581e-05
-5.896260593e-06
8.551542309e-05
-7.071356819e-06
8.568095702e-05
-7.962556304e-06
-8.972370855e-06
8.473175399e-05
8.030984549e-05
-1.364757221e-05
8.48153076e-05
-1.157681785e-05
8.573999196e-05
-8.887244936e-06
-7.671094777e-06
8.443871692e-05
3.782587023e-05
-1.861612748e-05
4.128742065e-05
-1.50383742e-05
3.875828106e-05
-6.358102784e-06
-9.882505585e-06
4.096970002e-05
5.053600628e-05
8.421692356e-06
1.606939077e-05
1.942823402e-05
-2.246593733e-05
3.21772612e-05
2.44365235e-05
-5.678494816e-05
0.0001021630624
1.66087612e-05
8.820755173e-05
3.338377445e-05
7.398673803e-05
4.639813534e-05
5.060878735e-05
4.781449401e-05
8.518261581e-05
6.016237215e-06
9.659740668e-05
2.196902451e-05
0.0001068263714
3.616920085e-05
4.387019321e-05
0.0001135649885
4.285727234e-05
-5.484474727e-06
5.804727911e-05
6.779056329e-06
7.530034889e-05
1.891617625e-05
2.928184366e-05
8.988872163e-05
-2.291830362e-05
-1.302639485e-05
-1.374156894e-05
-2.397668528e-06
-2.35982065e-06
7.534424073e-06
1.639227264e-05
1.052975005e-05
-6.55655232e-05
-1.387508441e-05
-5.996967924e-05
-7.993497449e-06
-5.063437181e-05
-1.800885621e-06
3.317931394e-06
-3.756002815e-05
-6.212465626e-05
-1.555849795e-05
-5.947803653e-05
-1.064013829e-05
-5.547753454e-05
-5.801393323e-06
-1.772092987e-06
-5.038753143e-05
-9.428582211e-05
-1.257568125e-05
-9.697029004e-05
-7.955677443e-06
-9.926728893e-05
-3.504421698e-06
3.128493884e-08
-0.0001010706771
-0.0001118589224
-7.14062539e-06
-0.0001160256407
-3.788963638e-06
-0.0001187908958
-7.391863713e-07
1.2233481e-06
-0.0001199829618
-0.000101248652
-2.518348621e-06
-0.0001048432099
-1.944350353e-07
-0.0001076370021
2.054573117e-06
3.562818875e-06
-0.0001099764913
-8.783510538e-05
1.245144606e-06
-9.102421362e-05
2.994628629e-06
-9.36813611e-05
4.711680193e-06
6.172568998e-06
-9.629113579e-05
-7.758368971e-05
4.241498992e-06
-8.034911762e-05
5.760017231e-06
-8.292983382e-05
7.292355937e-06
8.804429488e-06
-8.556172139e-05
-7.014433929e-05
6.793352894e-06
-7.261575329e-05
8.23138936e-06
-7.50261275e-05
9.702704424e-06
1.123180202e-05
-7.745348357e-05
-6.345659407e-05
9.017845781e-06
-6.565734975e-05
1.043212091e-05
-6.78338047e-05
1.187912318e-05
1.338587592e-05
-6.998792102e-05
-5.693460519e-05
1.085885331e-05
-5.87603496e-05
1.225782214e-05
-6.057057849e-05
1.368933354e-05
1.51627288e-05
-6.234739988e-05
-5.061347161e-05
1.230993874e-05
-5.203048969e-05
1.367485801e-05
-5.341636263e-05
1.507519388e-05
1.650060087e-05
-5.475435062e-05
-4.460200281e-05
1.340687779e-05
-4.564577286e-05
1.471855233e-05
-4.663753794e-05
1.606695917e-05
1.742661415e-05
-4.75635177e-05
-3.894658513e-05
1.419554206e-05
-3.966996917e-05
1.544193144e-05
-4.032676655e-05
1.672365876e-05
1.800546977e-05
-4.090557375e-05
-3.365503911e-05
1.471686741e-05
-3.410437048e-05
1.589130145e-05
-3.447905382e-05
1.709826629e-05
1.829621948e-05
-3.476978206e-05
-2.873055395e-05
1.500565739e-05
-2.894201707e-05
1.610278991e-05
-2.907349313e-05
1.722970934e-05
1.833990071e-05
-2.911714313e-05
-2.417084307e-05
1.508871165e-05
-2.417239613e-05
1.61043753e-05
-2.408911522e-05
1.714640917e-05
1.816264601e-05
-2.39118373e-05
-1.998887161e-05
1.499410683e-05
-1.980280543e-05
1.591835621e-05
-1.952769449e-05
1.687130205e-05
1.779540688e-05
-1.916044384e-05
-1.616545525e-05
1.474339814e-05
-1.58179361e-05
1.55708753e-05
-1.5376074e-05
1.642946418e-05
1.725898311e-05
-1.483962888e-05
-1.262763087e-05
1.436735568e-05
-1.215057224e-05
1.509384577e-05
-1.156720519e-05
1.58461318e-05
1.657842763e-05
-1.088661395e-05
-9.270848907e-06
1.387056261e-05
-8.674660329e-06
1.449768991e-05
-7.969857501e-06
1.514136507e-05
1.576862905e-05
-7.160015254e-06
-6.069007076e-06
1.325344542e-05
-5.354041118e-06
1.378276928e-05
-4.527071271e-06
1.43144347e-05
1.48306683e-05
-3.589069753e-06
-3.222918503e-06
1.252264822e-05
-2.388687917e-06
1.294858122e-05
-1.441182141e-06
1.33669638e-05
1.376699142e-05
-3.774710044e-07
-1.006014263e-06
1.170600409e-05
-8.438762749e-08
1.202698423e-05
9.536515349e-07
1.232895646e-05
1.261014415e-05
2.110527189e-06
4.455716793e-07
1.085610732e-05
1.396324924e-06
1.107625148e-05
2.460380611e-06
1.126493319e-05
1.142758399e-05
3.642957606e-06
1.244731215e-06
1.003514677e-05
2.160984837e-06
1.016001339e-05
3.181586563e-06
1.024434411e-05
1.030200034e-05
4.307170749e-06
1.598860618e-06
9.294255306e-06
2.435581611e-06
9.323296257e-06
3.358103125e-06
9.321819573e-06
9.286251434e-06
4.373864467e-06
1.633445947e-06
8.65334883e-06
2.333276406e-06
8.623481773e-06
3.116308733e-06
8.538800818e-06
8.430057322e-06
3.972514691e-06
1.352101476e-06
8.15945039e-06
1.914609765e-06
8.06098268e-06
2.525489301e-06
7.927928449e-06
7.770075754e-06
3.185490687e-06
8.310075378e-07
7.811533111e-06
1.206820374e-06
7.685177633e-06
1.615719022e-06
7.519029945e-06
7.310679864e-06
2.075136608e-06
3.056454506e-07
7.60821232e-06
5.305929339e-07
7.460240394e-06
7.820002555e-07
7.267623165e-06
7.03773558e-06
1.054943606e-06
8.603854087e-08
1.712220781e-07
2.610620316e-07
3.651950565e-07
7.850323435e-05
-5.552424436e-05
5.613644554e-05
-9.021966828e-05
1.686319308e-05
-0.0001233635947
7.667102363e-06
-0.0001625688716
-1.872244627e-05
-4.214695451e-05
-7.645141651e-05
0.0001723602812
-5.932637507e-05
0.0003409487037
0.0001360308226
0.000320000911
0.0003172415228
0.0005438603245
0.0004231929299
0.0006550014313
0.0004855242928
0.0004139595251
0.0004769979211
7.643987541e-05
0.0003982394087
-0.0001959492569
0.0002999638492
-0.0003071034992
0.0002271658946
-0.0002953283859
0.0001801423717
-0.0002639849926
0.000150381097
-0.0002413297052
5.698569077e-06
-0.0002944435036
-0.0003584573144
0.0001206961513
-4.04025482e-05
9.337756424e-05
-6.290108157e-05
5.826736017e-05
-8.825338959e-05
2.196519507e-05
-0.0001262666709
3.670212981e-05
-5.688398771e-05
-1.733764467e-05
0.0002264000922
-1.818260589e-05
0.0003417935137
0.0002241166627
7.770159905e-05
0.0005773523231
0.0001906248496
0.0007837477852
0.0004486062864
0.0007904345502
0.0004072728009
0.0006783882994
0.0001884862148
0.00051499216
-3.255314792e-05
0.0003589415238
-0.000151052871
0.0002490184862
-0.0001854053673
0.0001795780604
-0.0001945445223
0.0001327533806
-0.0001945047359
2.435498503e-05
-0.0001860450751
-0.0003341023374
9.925152671e-05
-3.522332098e-05
8.169421441e-05
-4.534376927e-05
5.260339449e-05
-5.916256877e-05
2.346780862e-05
-9.713108216e-05
8.448693e-05
-0.0001179033765
6.223728307e-05
0.0002486495513
3.192476459e-05
0.0003721063113
9.785092657e-05
1.177532626e-05
0.0002978534999
-9.377903504e-06
0.0005390091684
0.0002074505575
0.000627441771
0.0003188401042
0.0005699864308
0.0002459412752
0.0004348629986
0.000102570174
0.0003059478581
-2.213759364e-05
0.0002074247097
-8.688199919e-05
0.0001311009089
-0.0001182204867
7.575904255e-05
-0.0001391628262
2.295692265e-05
-0.0001332431574
-0.0003111454177
7.85576507e-05
-2.904921704e-05
6.691774738e-05
-3.370386415e-05
4.156535842e-05
-3.381018064e-05
1.608317685e-06
-5.717403584e-05
5.801530567e-05
-0.0001743104467
0.0001358621209
0.0001708026187
0.0001712099209
0.0003367586024
9.705415779e-05
8.593127395e-05
0.0001275578102
-3.988156126e-05
0.0002616271527
7.338106668e-05
0.0003565473656
0.0002239201045
0.0003618987657
0.0002405898865
0.0003125499193
0.0001519191559
0.0002450678805
4.534431093e-05
0.000172017691
-1.383194827e-05
7.743487957e-05
-2.363763697e-05
-1.115303592e-05
-5.057481194e-05
2.365744588e-05
-0.000168053676
-0.0002874879798
7.743271894e-05
-2.204321791e-05
6.459967331e-05
-2.087081959e-05
4.416097657e-05
-1.337148479e-05
-7.365465476e-08
-1.293940307e-05
-0.0001291595638
-4.522444482e-05
2.546330888e-07
4.138837662e-05
0.0002323485535
0.000104664556
0.0002062046378
0.0001120752578
0.0001211907271
4.513251833e-05
0.0001289938305
6.557776773e-05
0.0001664702212
0.000186443899
0.000210638878
0.0001964212183
0.000216809482
0.0001457484937
0.0001876042084
7.45496115e-05
0.0001506099257
2.31621996e-05
9.583529698e-05
3.113678574e-05
5.20249612e-05
-6.764419795e-06
2.895514037e-05
-0.0001449839217
-0.0002585328394
6.544064214e-05
-4.65141591e-05
6.917983036e-05
-2.461000801e-05
5.895787587e-05
-3.149527964e-06
2.973972782e-05
1.627874323e-05
-3.640568315e-05
2.092095989e-05
2.695210258e-05
-2.196934802e-05
0.000150836559
-1.921989595e-05
0.0002277126002
3.519890407e-05
0.0002084228525
6.442246408e-05
9.374196188e-05
0.0001802588863
5.604718005e-05
0.0002241388063
8.55193656e-05
0.0001669489063
7.611243861e-05
0.0001551551371
5.374303464e-05
9.691899325e-05
4.967866498e-05
2.722662728e-05
5.301413322e-05
2.780098133e-05
5.967273516e-05
-1.342307437e-05
4.064024758e-05
-0.0001259514654
-0.0002178925918
-5.405555977e-05
-4.924352709e-05
2.693750498e-05
-0.0001056030684
6.422254921e-05
-4.04345708e-05
6.316004547e-05
1.734124543e-05
3.801869513e-05
4.606231348e-05
-3.766071891e-05
5.371006702e-05
-9.05201975e-05
3.363969171e-05
-2.366269e-05
-3.165850942e-05
2.171548145e-05
1.904419152e-05
-2.376518636e-05
0.0002257396964
-4.497090466e-05
0.0002453443368
-1.21613219e-05
0.0001341393402
-1.922195865e-06
0.0001449160512
2.690925305e-05
6.808748484e-05
3.192500655e-05
2.221090581e-05
6.067305137e-05
-9.471361726e-07
8.44595412e-05
-3.72095893e-05
5.8261809e-05
-9.975373312e-05
-0.0001596307826
-3.0026766e-05
2.859775121e-05
-6.733710188e-05
-6.829270238e-05
-1.268667016e-05
-9.508499265e-05
5.498697001e-05
-5.033241853e-05
7.528075003e-05
2.576853751e-05
6.283575646e-05
6.615506145e-05
1.558565655e-05
8.088979161e-05
-9.848606776e-05
8.241327786e-05
-0.000154650151
7.520821423e-05
-5.902241699e-05
0.0001301118327
2.279451199e-05
0.0001635273897
2.063015899e-05
0.0001363038308
8.351620052e-05
8.203001253e-05
0.0001258077895
2.579589806e-05
0.0001502914241
-2.27272549e-06
0.0001617204626
-1.237617644e-05
0.0001444027469
-1.98918735e-05
8.740221976e-05
-4.275320637e-05
-7.222856286e-05
6.164765547e-05
8.051510639e-05
-1.272249306e-05
6.077469533e-06
-4.934041414e-05
-5.846706029e-05
-3.127180676e-05
-6.840098002e-05
5.650051817e-05
-6.200377322e-05
9.250586506e-05
3.014971276e-05
0.0001012929968
7.210265886e-05
8.765220309e-05
9.605407171e-05
4.855560858e-05
0.0001143048015
4.760537565e-05
0.0001310620807
8.832544612e-05
0.0001228074313
0.0001342295162
9.039976267e-05
0.0001759147847
4.03447408e-05
0.0002021913419
-4.806616898e-07
0.0002154730285
-1.555441319e-05
0.0002077278861
-4.631033068e-06
0.0001743658377
1.347017494e-05
0.0001003467871
3.12658442e-05
2.81182243e-05
9.196929026e-05
7.843454261e-05
7.569255094e-05
2.235424669e-05
4.298776836e-05
-2.576223708e-05
2.822860382e-05
-5.364175081e-05
2.034341452e-05
-5.411854084e-05
5.179346171e-05
-1.300311084e-06
0.0001087158475
1.518027307e-05
0.0001351641433
6.960577577e-05
0.0001363661423
0.0001131028034
0.000137922237
0.0001295059855
0.0001635776073
9.715206122e-05
0.0001916589974
6.231837733e-05
0.0002084680327
2.353570201e-05
0.0002273644569
-1.937708431e-05
0.0002298658793
-1.805583559e-05
0.000201317857
2.391698884e-05
0.0001406740815
7.411394954e-05
6.794801571e-05
0.0001039919108
9.606624131e-05
3.530136757e-05
5.366293734e-05
5.280341473e-05
4.852242661e-06
6.459492448e-05
-3.755368812e-05
7.037614614e-05
-5.942290317e-05
5.86442069e-05
-4.238652634e-05
8.116491265e-05
-2.382097062e-05
0.000124651559
-2.830633919e-05
0.000161010481
3.3246866e-05
0.0001575988419
0.0001165144562
9.929700865e-05
0.00018780782
1.263256793e-05
0.0001838164998
-6.981886729e-05
0.0001447698175
-9.541957272e-05
4.913640619e-05
-5.887246961e-05
-5.592418776e-05
-8.210131027e-06
-6.87181733e-05
2.959077041e-05
-1.388391349e-05
3.966295261e-05
6.404176874e-05
2.445837098e-05
0.000119196494
0.0001205246139
3.558795559e-06
1.254416023e-05
2.139981921e-05
-1.298874425e-05
1.558097552e-05
-3.17347855e-05
9.106534637e-07
-4.47525148e-05
-4.017745576e-07
-4.107401643e-05
-1.323646288e-05
-1.098621954e-05
-6.087031139e-05
1.932758334e-05
-0.0001124228787
8.479942829e-05
-0.0001288916006
0.0001329831991
-0.0001188924208
0.0001778086251
-0.000162657493
0.0002275815798
-0.0002072744348
0.0001893867655
-0.0001769374239
1.879939566e-05
-0.0001337842083
-9.907740273e-05
-8.981644023e-05
-0.0001126859412
-3.347794391e-05
-7.0222409e-05
3.996932589e-06
2.656689377e-05
9.459219848e-06
0.0001137342084
0.000129983835
-3.850890536e-05
6.655597197e-07
-4.20652702e-05
-9.432325563e-06
-5.121248995e-05
-2.258748312e-05
-6.211331763e-05
-3.385160261e-05
-9.292696953e-05
-1.026031271e-05
-0.0001639956213
6.008247418e-05
-0.0002760120032
0.0001313440012
-0.0003440951524
0.0001528825785
-0.0003401394119
0.0001290274438
-0.0003126615663
0.0001503308042
-0.0002656746228
0.0001805946068
-0.0001592188367
8.293091147e-05
-8.814951988e-05
-5.22700058e-05
-0.0001068759877
-8.035100745e-05
-0.0001035032957
-0.0001160586441
-6.230390482e-05
-0.0001114217979
-1.565293989e-05
-2.008406972e-05
1.702815667e-06
9.637845395e-05
0.0001316866515
-0.0001028681678
2.463076747e-06
-0.0001044775846
-7.822866836e-06
-9.985425403e-05
-2.721074798e-05
-0.0001132047654
-2.05010199e-05
-0.0001657296541
4.226461627e-05
-0.0002568417643
0.0001511946373
-0.000358598431
0.0002331006242
-0.000430908794
0.0002251930202
-0.0004533764171
0.0001514950536
-0.0004039312599
0.0001008856384
-0.0002779372889
5.460059407e-05
-0.0001384265872
-5.657989119e-05
-5.330646523e-05
-0.0001373901997
-5.731244039e-05
-7.634508855e-05
-0.0001001480986
-7.322302098e-05
-8.203826302e-05
-0.0001295316451
-3.996895744e-05
-6.215337425e-05
-8.779864039e-06
6.51893613e-05
0.0001229067878
-0.0001199783716
2.458507718e-06
-0.0001200298021
-7.771399611e-06
-0.00012764936
-1.959116914e-05
-0.0001508618684
2.711494511e-06
-0.000195045527
8.644828832e-05
-0.0002547789595
0.0002109281362
-0.0003171798161
0.0002955014887
-0.0003641797242
0.0002721929274
-0.0003769685642
0.000164283846
-0.0003293373606
5.325433953e-05
-0.0002239271226
-5.080972747e-05
-0.0001100477022
-0.0001704594253
-2.709283986e-05
-0.0002203450939
-1.308206456e-05
-9.035587073e-05
-9.732021463e-05
1.101517852e-05
-9.527628696e-05
-0.0001315755742
-5.874124639e-05
-9.868841406e-05
-1.170084737e-05
1.814896277e-05
0.0001112059403
-0.0001161646679
8.646698383e-06
-0.0001266287011
2.692676697e-06
-0.0001433338721
-2.885964841e-06
-0.0001647392088
2.411685731e-05
-0.0001878046166
0.0001095136496
-0.0002050794231
0.0002282029375
-0.000219132363
0.0003095544551
-0.0002317175808
0.0002847782163
-0.0002311302228
0.0001636964673
-0.0001992663113
2.139036011e-05
-0.0001454660878
-0.000104610027
-7.879088611e-05
-0.0002371347324
-1.529351775e-05
-0.0002838425296
6.377252114e-05
-0.0001694219328
3.905267306e-05
3.573505443e-05
-8.069494165e-05
-1.182795322e-05
-5.45521371e-05
-0.0001248312107
-5.774559375e-06
-3.062861479e-05
0.0001054313813
-0.0001052441615
1.759972013e-05
-0.0001206073859
1.805587306e-05
-0.0001420563142
1.856298231e-05
-0.0001605902689
4.26508013e-05
-0.0001651945402
0.0001141179296
-0.000150739634
0.0002137480526
-0.0001261186747
0.00028493345
-0.0001071358977
0.0002657954382
-9.799253389e-05
0.0001545530854
-8.581575274e-05
9.21351716e-06
-7.615419781e-05
-0.0001142716149
-6.432004563e-05
-0.0002489689101
-6.265273951e-05
-0.0002855098359
5.558655176e-06
-0.0002376333276
6.557914164e-05
-2.428542719e-05
7.792076695e-06
4.595911394e-05
-3.52016306e-05
-8.183747923e-05
-9.261665054e-06
-5.65685753e-05
9.616971627e-05
-9.40268142e-05
2.606482944e-05
-0.0001083656931
3.239471068e-05
-0.0001287165917
3.891391254e-05
-0.0001441973169
5.813159516e-05
-0.0001388585059
0.0001087790792
-0.0001086946329
0.0001835841956
-6.337055458e-05
0.000239609356
-2.567453804e-05
0.000228099384
-7.187294906e-06
0.0001360658113
-8.727368033e-06
1.075352779e-05
-4.594245498e-05
-7.705656704e-05
-6.166186141e-05
-0.000233249512
-8.235599628e-05
-0.0002648157014
-0.0001090202264
-0.0002109690964
-3.263665565e-05
-0.0001006689846
2.7482886e-05
-1.416037877e-05
9.096609027e-06
-6.345113283e-05
-1.198526855e-05
-3.548663874e-05
8.41844477e-05
-8.424835662e-05
3.285973515e-05
-9.433584916e-05
4.248226932e-05
-0.0001088703988
5.344835293e-05
-0.0001206638463
6.992505184e-05
-0.0001136057392
0.0001017210453
-7.987538702e-05
0.0001498538392
-2.924894009e-05
0.0001889829014
1.515676854e-05
0.00018369367
3.591119192e-05
0.0001153113588
2.134311019e-05
2.532155743e-05
-3.801268991e-05
-1.770080312e-05
-8.13609176e-05
-0.0001899012911
-9.08103198e-05
-0.0002553663002
-9.290920444e-05
-0.0002088702123
-6.229017392e-05
-0.0001312879915
-6.417764444e-06
-7.003270659e-05
7.213997703e-06
-7.708276402e-05
-1.199782023e-05
-1.627480087e-05
7.218662745e-05
-7.521178086e-05
3.808346316e-05
-8.125265826e-05
4.852315279e-05
-8.889619947e-05
6.109196883e-05
-9.539035824e-05
7.641910299e-05
-9.042264309e-05
9.675337025e-05
-6.342797456e-05
0.0001228591555
-1.905597287e-05
0.0001446108911
2.300200893e-05
0.0001416356805
3.887232595e-05
9.944102144e-05
1.155597113e-05
5.263788258e-05
-3.497974947e-05
2.883489727e-05
-9.113090297e-05
-0.0001337501558
-9.274407226e-05
-0.0002537531336
-8.811871773e-05
-0.0002134955674
-7.350558706e-05
-0.0001459011206
-4.241318061e-05
-0.0001011250541
-3.109631885e-05
-8.83995603e-05
-1.878482773e-05
-2.85862915e-05
5.340179949e-05
-6.626795817e-05
4.200410159e-05
-6.9697938e-05
5.195305376e-05
-7.247320845e-05
6.386727307e-05
-7.3721778e-05
7.766760856e-05
-6.948225563e-05
9.251385963e-05
-5.332309875e-05
0.000106699965
-2.453420108e-05
0.0001158219594
5.197717708e-06
0.0001119037389
1.576465157e-05
8.887406078e-05
-1.035900002e-06
6.943841462e-05
-2.065368827e-05
4.845266803e-05
-6.338671454e-05
-9.10171377e-05
-9.827775811e-05
-0.0002188620855
-9.243989336e-05
-0.0002193334283
-7.647234566e-05
-0.0001618686678
-6.738383815e-05
-0.0001102135614
-6.650153374e-05
-8.928186377e-05
-3.758459793e-05
-5.750322757e-05
1.581720147e-05
-5.750440858e-05
4.475412085e-05
-5.936308851e-05
5.381174358e-05
-5.969755426e-05
6.42017585e-05
-5.782331425e-05
7.579335619e-05
-5.272340864e-05
8.741395284e-05
-4.275261252e-05
9.672916528e-05
-2.749175311e-05
0.000100561064
-1.159073921e-05
9.600270536e-05
-6.141112215e-06
8.342441605e-05
-9.569654054e-06
7.286693383e-05
-1.085304613e-05
4.973605517e-05
-4.651779182e-05
-5.535238297e-05
-8.848094037e-05
-0.000176898926
-0.0001123071869
-0.0001955071731
-9.284699789e-05
-0.0001813288551
-7.913089941e-05
-0.0001239296595
-7.452208592e-05
-9.389067785e-05
-5.089622605e-05
-8.112908923e-05
-3.507902743e-05
-4.929453705e-05
4.648507652e-05
-5.009092616e-05
5.46081106e-05
-4.936907768e-05
6.347991129e-05
-4.651452379e-05
7.293877714e-05
-4.121654739e-05
8.211593426e-05
-3.376172271e-05
8.92743448e-05
-2.526984253e-05
9.206917714e-05
-1.795158381e-05
8.868442902e-05
-1.452835389e-05
8.00011732e-05
-1.148465956e-05
6.982323115e-05
-8.488785396e-06
4.67401729e-05
-3.497802402e-05
-2.88631175e-05
-8.59623182e-05
-0.0001259146195
-9.974150537e-05
-0.0001817279698
-0.0001082135061
-0.0001728568471
-8.227121326e-05
-0.000149871956
-6.520083109e-05
-0.0001109610606
-4.065621092e-05
-0.0001056737108
-7.573524002e-05
-4.181316881e-05
4.739265668e-05
-4.183759324e-05
5.463250296e-05
-4.059233559e-05
6.223465783e-05
-3.779472079e-05
7.014116117e-05
-3.345706165e-05
7.777826291e-05
-2.800372085e-05
8.382098748e-05
-2.263894708e-05
8.670440265e-05
-1.889486428e-05
8.494033148e-05
-1.708507754e-05
7.819138772e-05
-1.447065677e-05
6.720881116e-05
-1.215185822e-05
4.442138014e-05
-3.125050351e-05
-9.764458071e-06
-6.422757469e-05
-9.293752304e-05
-7.291525682e-05
-0.0001730402748
-6.248114673e-05
-0.0001832909582
-7.992951428e-05
-0.0001324236112
-5.67986513e-05
-0.000134091939
-3.801852025e-05
-0.0001244538427
-0.0001137537605
-3.501973043e-05
4.764259422e-05
-3.447562041e-05
5.408839464e-05
-3.292555959e-05
6.068459951e-05
-3.051616939e-05
6.773176715e-05
-2.771646115e-05
7.497855175e-05
-2.470634969e-05
8.081085292e-05
-2.177148022e-05
8.37695423e-05
-1.962904139e-05
8.279788565e-05
-1.834110473e-05
7.690346369e-05
-1.718126116e-05
6.604896678e-05
-2.061603504e-05
4.785615188e-05
-3.428223171e-05
3.901751722e-06
-3.820005667e-05
-8.901969422e-05
-2.921615676e-05
-0.0001820241812
-1.589309383e-05
-0.0001966140417
-1.185594277e-05
-0.0001364607844
-4.275068996e-05
-0.0001031972298
-2.694624256e-05
-0.0001402583138
-0.0001407000036
-2.881331092e-05
4.733875628e-05
-2.784547873e-05
5.31205692e-05
-2.616311108e-05
5.900222019e-05
-2.422317082e-05
6.579184277e-05
-2.28395225e-05
7.359491741e-05
-2.193491115e-05
7.990623712e-05
-2.053704778e-05
8.237169916e-05
-1.826254741e-05
8.0523395e-05
-1.640825016e-05
7.504916688e-05
-1.922698338e-05
6.886769465e-05
-2.477442652e-05
5.340360069e-05
3.151893402e-07
-2.118787112e-05
5.058350564e-05
-0.0001392880237
6.335275223e-05
-0.0001947934528
6.208358881e-05
-0.0001953448924
3.923639902e-05
-0.000113613651
1.310321484e-05
-7.706405866e-05
5.423171508e-06
-0.0001325783207
-0.0001352768201
-2.312589095e-05
4.65528313e-05
-2.181659724e-05
5.18112986e-05
-2.004807338e-05
5.7233682e-05
-1.841195899e-05
6.415575228e-05
-1.751892376e-05
7.270190432e-05
-1.759926552e-05
7.99865951e-05
-1.803625345e-05
8.280871327e-05
-1.894608468e-05
8.143323263e-05
-2.006674272e-05
7.616982357e-05
-1.863651177e-05
6.743745497e-05
1.318307935e-05
2.158398775e-05
8.640338767e-05
-9.440819686e-05
0.0001176136889
-0.0001704983347
0.0001115620904
-0.0001887418494
8.929308021e-05
-0.000173075898
8.19925688e-05
-0.0001063131729
5.506558866e-05
-5.013712306e-05
2.098184517e-05
-9.849468107e-05
-0.0001142950027
-1.79233825e-05
4.531578891e-05
-1.624960543e-05
5.013756814e-05
-1.426342423e-05
5.524750935e-05
-1.240234072e-05
6.229470736e-05
-1.065824752e-05
7.095783941e-05
-9.406491475e-06
7.873487263e-05
-9.689279996e-06
8.309151949e-05
-1.164833942e-05
8.339230335e-05
-1.087151893e-05
7.539298999e-05
6.214417119e-06
5.035149272e-05
5.340063055e-05
-2.5602271e-05
0.0001096158892
-0.0001506234953
0.0001225521536
-0.000183434597
0.0001109377105
-0.0001771274123
8.411919e-05
-0.0001462573757
5.32870396e-05
-7.548105387e-05
3.333645334e-05
-3.018649293e-05
2.615709645e-05
-9.131527057e-05
-8.813791365e-05
-1.319356613e-05
4.366974169e-05
-1.107997069e-05
4.802404359e-05
-8.59563126e-06
5.276320278e-05
-5.685538763e-06
5.938466198e-05
-2.360115813e-06
6.763244927e-05
2.101885505e-06
7.427291039e-05
6.708686719e-06
7.848472444e-05
1.043045548e-05
7.967052969e-05
1.847403253e-05
6.734938966e-05
3.780568127e-05
3.101979313e-05
7.415084856e-05
-6.194747774e-05
0.000102692556
-0.0001791652298
9.090135256e-05
-0.0001716433933
6.89606319e-05
-0.0001551866912
3.541106433e-05
-0.0001127078091
1.918514304e-05
-5.925518497e-05
4.191371646e-05
-5.291510304e-05
3.161643782e-05
-8.101798154e-05
-5.652147608e-05
-8.890981393e-06
4.16741281e-05
-6.293868815e-06
4.542699445e-05
-3.181347978e-06
4.96507231e-05
1.041640901e-06
5.516171268e-05
5.943373937e-06
6.273074683e-05
1.200041441e-05
6.82158913e-05
2.058769444e-05
6.989744378e-05
3.110036603e-05
6.915784038e-05
3.680756095e-05
6.164214502e-05
4.013636659e-05
2.769094532e-05
5.377433486e-05
-7.558549692e-05
7.738473621e-05
-0.0002027756534
5.011372075e-05
-0.0001443723828
1.449618381e-05
-0.0001195691548
-2.425981666e-05
-7.395176755e-05
-5.120254692e-05
-3.231245346e-05
-2.763466054e-05
-7.648299984e-05
2.343419472e-05
-0.0001320868328
-3.308728104e-05
-4.853539839e-06
3.93676943e-05
-1.915187881e-06
4.248869558e-05
1.724375488e-06
4.601119968e-05
6.552781645e-06
5.03333432e-05
1.248891661e-05
5.679462615e-05
1.911073111e-05
6.159408168e-05
2.7935733e-05
6.107243618e-05
4.065474489e-05
5.643880522e-05
5.084752662e-05
5.144931514e-05
5.850111225e-05
2.003729057e-05
6.332282387e-05
-8.040724908e-05
5.738453748e-05
-0.0001968373846
3.64298984e-05
-0.0001234177509
2.241435882e-06
-8.53806971e-05
-2.198535644e-05
-4.972494818e-05
-4.294642833e-05
-1.135135071e-05
-4.079529098e-05
-7.863413397e-05
2.026868814e-05
-0.000193150812
-1.28185883e-05
-9.586963845e-07
3.673736012e-05
2.246804042e-06
3.928323499e-05
6.282399803e-06
4.197562563e-05
1.138834221e-05
4.522742363e-05
1.795954593e-05
5.022343223e-05
2.624838232e-05
5.330524677e-05
3.605452553e-05
5.126628128e-05
4.775879433e-05
4.473450733e-05
6.573648805e-05
3.34715815e-05
8.537781929e-05
3.959087821e-07
7.436915012e-05
-6.939861373e-05
4.117396478e-05
-0.0001636422211
4.563792024e-05
-0.0001278817113
2.798319769e-05
-6.772597267e-05
3.712522536e-05
-5.886697069e-05
5.801820843e-05
-3.224431907e-05
5.428258564e-05
-7.489850393e-05
2.184574048e-05
-0.0001607139447
9.027196525e-06
2.562354016e-06
3.379755903e-05
6.151560244e-06
3.569405821e-05
1.059901831e-05
3.752818868e-05
1.617800601e-05
3.964845326e-05
2.374706534e-05
4.26543895e-05
3.372706832e-05
4.332524032e-05
4.437283885e-05
4.062049101e-05
5.485138233e-05
3.42559381e-05
7.085827778e-05
1.746464908e-05
9.087669836e-05
-1.962254387e-05
8.19229378e-05
-6.044488424e-05
4.050407147e-05
-0.0001222233616
4.901762118e-05
-0.0001363952609
3.884487859e-05
-5.755322795e-05
2.473060449e-05
-4.475270165e-05
3.370026278e-05
-4.121397037e-05
3.603194884e-05
-7.723015895e-05
1.612928856e-05
-0.0001408112553
2.515653019e-05
5.305670045e-06
3.060244113e-05
9.211812083e-06
3.1787948e-05
1.393900191e-05
3.280101868e-05
1.991314482e-05
3.367432062e-05
2.786418893e-05
3.470337343e-05
3.750912759e-05
3.368029549e-05
4.720883056e-05
3.092077456e-05
5.622894589e-05
2.52357919e-05
6.230387183e-05
1.138970156e-05
6.791940795e-05
-2.523809952e-05
6.772581546e-05
-6.025129959e-05
4.127296343e-05
-9.577051245e-05
4.180198268e-05
-0.0001369242778
6.230937734e-05
-7.806061091e-05
4.400727285e-05
-2.645059548e-05
2.961419903e-05
-2.682087902e-05
2.639800598e-05
-7.401388436e-05
1.130732014e-05
-0.0001257205381
3.646387549e-05
6.903337616e-06
2.734207589e-05
1.087561563e-05
2.781569102e-05
1.561730812e-05
2.805935009e-05
2.146805171e-05
2.782357697e-05
2.881410155e-05
2.735735172e-05
3.756649432e-05
2.492791357e-05
4.592051089e-05
2.256676185e-05
5.259308774e-05
1.856320057e-05
4.983514903e-05
1.414763055e-05
4.181582215e-05
-1.721876929e-05
4.029049726e-05
-5.87259672e-05
4.087947608e-05
-9.635948551e-05
2.989064745e-05
-0.0001259354667
6.129475248e-05
-0.0001094647019
8.351991684e-05
-4.867575477e-05
7.982938944e-05
-2.313034008e-05
4.663304274e-05
-4.081747311e-05
6.595510717e-06
-8.568295978e-05
4.305939127e-05
7.408089649e-06
2.424116807e-05
1.11617716e-05
2.406202302e-05
1.565821461e-05
2.356295767e-05
2.103222577e-05
2.244959226e-05
2.737797713e-05
2.101161833e-05
3.486728152e-05
1.743861513e-05
4.146069431e-05
1.597334359e-05
4.690955448e-05
1.311434674e-05
4.578431085e-05
1.527288301e-05
3.749059493e-05
-8.925048333e-06
3.604197096e-05
-5.727732575e-05
6.78404284e-05
-0.0001281579058
7.59834552e-05
-0.0001340784899
6.756841994e-05
-0.0001010496621
8.228871864e-05
-6.339604264e-05
0.0001046577804
-4.54993974e-05
8.213589098e-05
-1.829557628e-05
1.780385592e-05
-2.135091301e-05
6.086324923e-05
7.118208509e-06
2.149685774e-05
1.043015934e-05
2.075009683e-05
1.441881828e-05
1.957432519e-05
1.918644478e-05
1.768197812e-05
2.482203912e-05
1.537602459e-05
3.118288312e-05
1.107778672e-05
3.83048867e-05
8.851357227e-06
4.644282692e-05
4.976423045e-06
5.412625019e-05
7.589477556e-06
5.931380518e-05
-1.41125838e-05
7.611637482e-05
-7.407987622e-05
9.743289871e-05
-0.0001494743926
0.0001014962926
-0.0001381418773
0.0001064038378
-0.0001059571992
0.0001156834339
-7.267563445e-05
0.000119745878
-4.956183531e-05
9.823002156e-05
3.220286574e-06
2.575785866e-05
5.112125797e-05
8.662111705e-05
6.262492375e-06
1.920689647e-05
9.023006326e-06
1.798961065e-05
1.237337625e-05
1.622397159e-05
1.644990036e-05
1.360547878e-05
2.150923464e-05
1.031670504e-05
2.706640258e-05
5.520639137e-06
3.562190396e-05
2.958722622e-07
4.511955319e-05
-4.521202129e-06
5.841024092e-05
-5.701173031e-06
7.543134168e-05
-3.113364083e-05
9.415630318e-05
-9.280482069e-05
8.091346592e-05
-0.0001362315405
7.279859733e-05
-0.0001300270068
7.733399853e-05
-0.0001104925978
9.144924039e-05
-8.679087917e-05
0.0001039189802
-6.203156653e-05
8.744664999e-05
1.969263274e-05
1.136205118e-05
0.0001272058379
9.798303557e-05
4.935353871e-06
1.745704833e-05
7.074657153e-06
1.585033707e-05
9.755945206e-06
1.354269364e-05
1.309341195e-05
1.026802353e-05
1.748451876e-05
5.92560043e-06
2.267212291e-05
3.33053828e-07
3.092265838e-05
-7.954633798e-06
4.0706543e-05
-1.430505357e-05
5.476902891e-05
-1.976361679e-05
7.067522305e-05
-4.703978775e-05
7.53442476e-05
-9.747382546e-05
4.767755243e-05
-0.0001085648346
3.158031924e-05
-0.0001139297729
2.501493228e-05
-0.0001039272075
1.18996237e-05
-7.3675566e-05
3.344810136e-05
-8.358000111e-05
4.989560258e-05
3.245222401e-06
1.703244865e-05
0.0001600694329
0.0001150154556
3.284485083e-06
1.624770023e-05
4.824825843e-06
1.430999536e-05
6.842014748e-06
1.152549787e-05
9.494952471e-06
7.615090877e-06
1.309848235e-05
2.322091104e-06
1.792822088e-05
-4.496659132e-06
2.375606462e-05
-1.378244348e-05
3.335396605e-05
-2.390292372e-05
4.479927847e-05
-3.120889756e-05
5.838552842e-05
-6.062599506e-05
6.705949768e-05
-0.0001061477684
4.531296483e-05
-8.681829736e-05
1.45279993e-05
-8.314479699e-05
4.757461526e-06
-9.415664892e-05
6.667436253e-06
-7.55855396e-05
2.744406112e-05
-0.0001043567001
4.595225277e-05
-1.526318524e-05
2.735678974e-05
0.000178664888
0.0001423722663
1.804284479e-06
1.549835752e-05
2.783771797e-06
1.333050773e-05
4.12570408e-06
1.018357356e-05
5.930550631e-06
5.810249901e-06
8.328291607e-06
-7.563068744e-08
1.163764024e-05
-7.805987671e-06
1.478036898e-05
-1.692515005e-05
2.254892277e-05
-3.16714565e-05
3.005335752e-05
-3.871331381e-05
4.214096046e-05
-7.27135698e-05
5.966261652e-05
-0.0001236694155
3.860702714e-05
-6.576269675e-05
1.092802752e-05
-5.546577724e-05
6.729647972e-06
-8.995821854e-05
9.460629864e-06
-7.831647095e-05
2.530964197e-05
-0.0001202056336
4.322119273e-05
-3.317479073e-05
3.614928043e-05
0.0001857367275
0.0001785215461
6.583927995e-07
1.048682472e-06
1.562722898e-06
2.228062415e-06
3.043728877e-06
4.19632715e-06
5.316769327e-06
7.900646041e-06
1.102305643e-05
1.431197669e-05
2.303712949e-05
1.699774629e-05
7.316039344e-06
6.903694851e-06
7.733691063e-06
1.412814935e-05
1.88406929e-05
1.967014746e-05
)
;

boundaryField
{
    leftWall
    {
        type            calculated;
        value           uniform 0;
    }
    rightWall
    {
        type            calculated;
        value           uniform 0;
    }
    lowerWall
    {
        type            calculated;
        value           uniform 0;
    }
    atmosphere
    {
        type            calculated;
        value           nonuniform List<scalar> 
46
(
1.05882979e-05
9.404841731e-06
9.814790558e-06
9.669419066e-06
9.924675518e-06
1.009626537e-05
1.038338776e-05
1.071539657e-05
1.11014725e-05
1.153456796e-05
1.200807568e-05
1.25147494e-05
1.304652259e-05
1.359417281e-05
1.414808285e-05
1.469162073e-05
1.520477255e-05
1.567484572e-05
1.607453015e-05
1.637558386e-05
1.6544593e-05
1.654675168e-05
1.633455936e-05
7.53402639e-06
7.375059227e-06
7.177775857e-06
6.933596791e-06
1.520515955e-05
1.294021723e-05
9.669540338e-06
5.144919315e-06
-8.912897583e-07
-8.958578108e-06
-1.804557878e-05
-3.425531536e-05
-4.183570655e-05
-7.600247551e-05
-0.0001323945612
-5.972330588e-05
-4.578408116e-05
-8.954587855e-05
-7.914648593e-05
-0.0001266000613
-3.78872987e-05
0.0001849072889
0.0001981916969
)
;
    }
    defaultFaces
    {
        type            empty;
    }
}


// ************************************************************************* //
