/*--------------------------------*- C++ -*----------------------------------*\
  =========                 |
  \\      /  F ield         | OpenFOAM: The Open Source CFD Toolbox
   \\    /   O peration     | Website:  https://openfoam.org
    \\  /    A nd           | Version:  11
     \\/     M anipulation  |
\*---------------------------------------------------------------------------*/
FoamFile
{
    format      ascii;
    class       volScalarField;
    location    "0";
    object      yPlus;
}
// * * * * * * * * * * * * * * * * * * * * * * * * * * * * * * * * * * * * * //

dimensions      [0 0 0 0 0 0 0];

internalField   uniform 0;

boundaryField
{
    inlet
    {
        type            calculated;
        value           uniform 0;
    }
    outlet
    {
        type            calculated;
        value           uniform 0;
    }
    topBottom
    {
        type            symmetry;
    }
    frontAndBack
    {
        type            symmetry;
    }
    cylinder
    {
        type            calculated;
        value           nonuniform List<scalar> 
1472
(
17.45701909
17.50246858
17.45701909
17.48693004
17.50246858
17.48693004
17.48683609
17.48683609
17.48693004
17.47907558
17.47907558
17.45701909
17.48713282
17.48713282
17.50246858
17.47907558
17.47907558
17.47907456
17.47907456
17.48683609
17.48683609
17.45701909
17.45702011
17.45702011
17.48693004
17.48713282
17.48713282
17.48713117
17.48713117
17.50246858
17.50246852
17.50246852
17.47907456
17.47907456
17.45702011
17.45702011
17.48713117
17.48713117
17.50246852
17.50246852
17.47569769
17.49214654
17.48716528
17.50306726
17.47918245
17.47955726
17.47569769
17.49214654
17.48716528
17.48705207
17.50236349
17.48783633
17.48791099
17.4885027
17.50306726
17.48318816
17.48377133
17.47918245
17.47955726
17.48318713
17.48377133
17.48705207
17.50236349
17.48783633
17.48791099
17.4885027
17.48784901
17.46990255
17.48837958
17.48705505
17.5023647
17.48784901
17.46990255
17.48837958
17.50223266
17.50249576
17.48783633
17.48791134
17.48850197
17.50223266
17.50249576
17.4795544
17.47274691
17.48367199
17.47918291
17.4795544
17.47274691
17.48367199
17.50284281
17.47569769
17.49214654
17.50284281
17.48716528
17.48737093
17.48737093
17.49105467
17.49224806
17.50306726
17.49105467
17.49224806
17.48318611
17.48377032
17.48377032
17.47919447
17.47274691
17.48367199
17.47918291
17.4795544
17.47274691
17.48367199
17.47274486
17.47918245
17.47955726
17.47274486
17.4836702
17.50284281
17.47569769
17.49214654
17.50284281
17.5028423
17.5028423
17.48784901
17.46990255
17.48837958
17.48705505
17.5023647
17.48784901
17.46990255
17.48837958
17.48716528
17.4871629
17.4871629
17.50223266
17.50249576
17.48783633
17.48791134
17.48850197
17.50223266
17.50249576
17.48737093
17.48737093
17.48737136
17.48737136
17.49105467
17.49224806
17.50306726
17.49105467
17.49224806
17.50306661
17.50306661
17.48318611
17.47919447
17.48318816
17.47918245
17.47955726
17.47274486
17.4836702
17.5028423
17.5028423
17.4871629
17.4871629
17.48737136
17.48737136
17.50306661
17.50306661
17.48318713
17.48036316
17.47147036
17.47849773
17.50293984
17.47758781
17.47758781
17.47811547
17.47811547
17.48036316
17.47147036
17.47849773
17.50293984
17.47847442
17.47410272
17.49533861
17.47410272
17.49533861
17.47861163
17.48036316
17.47147036
17.48731753
17.47428959
17.48731753
17.47428959
17.47849773
17.50293984
17.47758781
17.47758781
17.47811547
17.47811547
17.47759106
17.47761372
17.47759106
17.47761372
17.478089
17.47410272
17.49533861
17.47410272
17.49533861
17.47410098
17.49533353
17.47861248
17.47410098
17.49533353
17.48036316
17.47147036
17.48036162
17.47146936
17.48036162
17.47146936
17.48731753
17.47428959
17.48731753
17.47428959
17.487315
17.47428857
17.487315
17.47428857
17.47849773
17.50293984
17.47849776
17.50293888
17.47849776
17.50293888
17.47759106
17.47761372
17.47759106
17.47761372
17.478089
17.47809517
17.47758854
17.47761004
17.47758854
17.47761004
17.47410098
17.49533353
17.47861248
17.47410098
17.49533353
17.48036162
17.47146936
17.48036162
17.47146936
17.487315
17.47428857
17.487315
17.47428857
17.47849776
17.50293888
17.47847644
17.47849776
17.50293888
17.48363345
17.48363345
17.48782872
17.48389717
17.48116396
17.48389614
17.48116285
17.47902941
17.48139541
17.48821572
17.47902941
17.48139541
17.48363345
17.48782872
17.48859048
17.4772012
17.47804942
17.48408266
17.48408266
17.48389725
17.48116295
17.4882858
17.48389725
17.48116295
17.4882858
17.47902941
17.48139541
17.48821572
17.47902941
17.48139541
17.48139472
17.48821679
17.47902745
17.48139472
17.48363345
17.48363554
17.48782876
17.4885909
17.48363554
17.4885909
17.47719802
17.47804942
17.47804942
17.47804983
17.47804983
17.48408266
17.48408266
17.4840831
17.4840831
17.48389725
17.48116295
17.4882858
17.48116295
17.48116396
17.4882858
17.48139472
17.47902745
17.48139472
17.48363554
17.48782876
17.48363554
17.47719802
17.47804983
17.4840831
17.4840831
17.48116285
17.48391684
17.48590151
17.47336834
17.47854519
17.5030367
17.47855113
17.47810365
17.47810443
17.48391684
17.48849245
17.48851381
17.48590151
17.47336834
17.47776913
17.47854519
17.5030367
17.47855113
17.48051675
17.48380015
17.48051754
17.48380088
17.4804552
17.48279681
17.48867682
17.4804552
17.48279681
17.47766715
17.50146596
17.47840871
17.48391684
17.48851381
17.47766715
17.50146596
17.48590151
17.47336834
17.48735903
17.47351621
17.47789175
17.48735903
17.47351621
17.48398229
17.47854519
17.5030367
17.48398229
17.48051765
17.48051765
17.48867682
17.4804552
17.48279681
17.4804552
17.48279681
17.47810365
17.47810443
17.47810469
17.47810763
17.47810469
17.47810763
17.47809801
17.47810129
17.48045421
17.48045421
17.48279533
17.47766715
17.50146596
17.48391684
17.48849245
17.48851381
17.47766715
17.50146596
17.47840871
17.48391666
17.48851592
17.47766522
17.50146267
17.47840955
17.48391666
17.47766522
17.50146267
17.48590151
17.47336834
17.48589913
17.47336715
17.47776807
17.48589913
17.47336715
17.47776807
17.48735903
17.47351621
17.48735903
17.47351621
17.47789175
17.48735771
17.47351498
17.48735771
17.47351498
17.48398229
17.47854519
17.5030367
17.48398229
17.47854413
17.50303536
17.47855158
17.48398397
17.47854413
17.50303536
17.48398397
17.48051765
17.48380017
17.48868051
17.48051765
17.48380017
17.47810469
17.47810763
17.47810129
17.47809801
17.47810469
17.47810763
17.47809801
17.47810129
17.47810154
17.47810293
17.47810615
17.47810154
17.47810293
17.47810481
17.47810615
17.48051675
17.48380015
17.48045421
17.48279533
17.48045421
17.48279533
17.48391666
17.48849112
17.47766522
17.50146267
17.48391666
17.48851592
17.47766522
17.50146267
17.48589913
17.47336715
17.47776807
17.48589913
17.47336715
17.48735771
17.47351498
17.48735771
17.47351498
17.47854413
17.50303536
17.48398397
17.47854413
17.50303536
17.48398397
17.48868003
17.48051754
17.48693004
17.48693004
17.48683609
17.48683609
17.48693004
17.48683609
17.48683609
17.48693004
17.48849245
17.48782872
17.48705505
17.4772012
17.5023647
17.47776913
17.48783633
17.48791134
17.48850197
17.47918291
17.47918291
17.4795544
17.47569603
17.4836702
17.49214522
17.48705505
17.4772012
17.5023647
17.48783633
17.48791134
17.48850197
17.47919493
17.4882858
17.47955433
17.48868051
17.47274486
17.47569603
17.4836702
17.49214522
17.47919187
17.48828641
17.48868003
17.48821572
17.48867682
17.48849245
17.47776913
17.47804942
17.47789175
17.48850803
17.48318611
17.47919447
17.47955257
17.48868051
17.47955257
17.48868051
17.48821572
17.48867682
17.48821679
17.48868051
17.48868051
17.48782872
17.48849112
17.47569603
17.49214522
17.48849112
17.48782876
17.4772012
17.47776913
17.47719802
17.48784901
17.46990075
17.48837904
17.48705207
17.50236349
17.48784901
17.46990075
17.48837904
17.47789175
17.50223281
17.50249827
17.47789197
17.48783633
17.48791099
17.4885027
17.50223281
17.50249827
17.47789197
17.48800008
17.48318611
17.48377032
17.48377032
17.49105784
17.49224844
17.49105784
17.49224844
17.48377133
17.4880005
17.47919447
17.47955257
17.4882858
17.47955257
17.48868051
17.47955277
17.47919493
17.47919187
17.47955433
17.47955277
17.48868051
17.48821679
17.48868051
17.48821679
17.48868051
17.47569603
17.49214522
17.48849112
17.48782876
17.47719802
17.48784901
17.46990075
17.48837904
17.48705207
17.50236349
17.47776807
17.48784901
17.46990075
17.48837904
17.50223281
17.47804983
17.50249827
17.47789197
17.48783633
17.48791099
17.4885027
17.50223281
17.50249827
17.47789197
17.49105784
17.49224844
17.48850907
17.49105784
17.49224844
17.48377133
17.48850907
17.4880005
17.48828641
17.46749753
17.48786624
17.47457578
17.47376119
17.47847442
17.46749753
17.48786624
17.47457578
17.47376119
17.47861163
17.4878297
17.47381603
17.4731719
17.46749753
17.4878297
17.47381603
17.4731719
17.47349769
17.48786624
17.47457578
17.47376119
17.47349769
17.47847442
17.47809517
17.478089
17.47809517
17.47861163
17.47861163
17.47861248
17.4878297
17.47381603
17.4731719
17.46749753
17.4878297
17.47381603
17.4731719
17.46749836
17.48782969
17.47381586
17.47317171
17.46749836
17.48782969
17.47381586
17.47317171
17.47349769
17.48786624
17.47457578
17.47376119
17.47349769
17.48786625
17.47457436
17.47375959
17.47349615
17.48786625
17.47457436
17.47375959
17.47349615
17.47847442
17.47847644
17.47847644
17.47809517
17.478089
17.47813409
17.4781384
17.47813409
17.4781384
17.47861248
17.46749836
17.48782969
17.47381586
17.47317171
17.46749836
17.48782969
17.47381586
17.47317171
17.48786625
17.47457436
17.47375959
17.47349615
17.48786625
17.47457436
17.47375959
17.47349615
17.47847644
17.48859048
17.48300814
17.47415144
17.47076972
17.47369058
17.49728263
17.47316659
17.48838517
17.47257549
17.47450301
17.48800008
17.48815078
17.48891629
17.47545845
17.47711499
17.47953557
17.47584209
17.47711499
17.47584209
17.48859048
17.48300814
17.47415144
17.47076972
17.47902745
17.48826842
17.47415316
17.47077013
17.47369058
17.49728263
17.47316659
17.48838517
17.47257549
17.47450301
17.48815078
17.48891629
17.47545845
17.48063721
17.47915691
17.48868443
17.47953598
17.47914943
17.47902745
17.48826842
17.48868541
17.47953228
17.47915023
17.4806353
17.47915598
17.47777311
17.47880545
17.48864971
17.47863806
17.47777311
17.47880545
17.48864971
17.47863806
17.47374929
17.48792043
17.48879353
17.47433521
17.48826971
17.48300814
17.47076972
17.47374929
17.48792043
17.48879353
17.47433521
17.48826971
17.47415144
17.47222646
17.48362293
17.4687763
17.47369058
17.49728263
17.47222646
17.48362293
17.4687763
17.47781948
17.50242717
17.47316659
17.48838517
17.47257549
17.47781948
17.50242717
17.48868444
17.48371827
17.49233037
17.47475618
17.47396431
17.47450301
17.48800008
17.48815078
17.48891629
17.47545845
17.48868444
17.48371827
17.47475618
17.47396431
17.49233037
17.4806373
17.4791569
17.47914943
17.48868524
17.47953171
17.4806373
17.4791569
17.47914943
17.48868524
17.48864971
17.47863806
17.47953557
17.47880545
17.47777311
17.48864971
17.47863806
17.47953557
17.47880545
17.47777311
17.47711499
17.47953557
17.47584209
17.47711499
17.47584209
17.4771369
17.47584508
17.47712285
17.47953036
17.47580907
17.4771369
17.47953171
17.47584508
17.47712285
17.47953036
17.47580907
17.48864961
17.47777119
17.47863809
17.47880476
17.48864961
17.47777119
17.47863809
17.47880476
17.48826971
17.47374929
17.48792043
17.48879353
17.47433521
17.48859048
17.48300814
17.47415144
17.47076972
17.48826971
17.47374929
17.48792043
17.48879353
17.47433521
17.4830103
17.47375025
17.48791967
17.4887924
17.47433804
17.48826842
17.4830103
17.47415316
17.47077013
17.47375025
17.48791967
17.4887924
17.47433804
17.47222646
17.48362293
17.4687763
17.47369058
17.49728263
17.47222646
17.48362293
17.4687763
17.47369079
17.49728255
17.4722269
17.48362222
17.46877642
17.47369079
17.49728255
17.4722269
17.48362222
17.46877642
17.47781948
17.50242717
17.47316659
17.48838517
17.47257549
17.47781948
17.50242717
17.47316569
17.48838355
17.47257353
17.47781842
17.50242606
17.47316569
17.48838355
17.47257353
17.47781842
17.50242606
17.48868444
17.48371827
17.47475618
17.49233037
17.47396431
17.47450301
17.48800008
17.48815078
17.48868444
17.48891629
17.47545845
17.48371827
17.47475618
17.47396431
17.48389725
17.49233037
17.47450336
17.4880005
17.48815097
17.48891631
17.47545982
17.49233087
17.48868435
17.4837181
17.47475775
17.47396469
17.47450336
17.48815097
17.48891631
17.47545982
17.48389717
17.49233087
17.48868435
17.4837181
17.47475775
17.47396469
17.4806373
17.4791569
17.48868524
17.47953171
17.47914943
17.4806373
17.4791569
17.48868524
17.47953171
17.47914943
17.4771369
17.47584508
17.47712285
17.47580907
17.4771369
17.47584508
17.47712285
17.47953036
17.47580907
17.47712673
17.47587553
17.47711977
17.47584562
17.47712673
17.47587553
17.47711977
17.47953228
17.47584562
17.48063721
17.47915691
17.48868443
17.47953598
17.47914943
17.48864961
17.47953036
17.47777119
17.47863809
17.47880476
17.48864961
17.47777119
17.47863809
17.47880476
17.4885909
17.4830103
17.47415316
17.47077013
17.47375025
17.48791967
17.4887924
17.47433804
17.48826842
17.47415316
17.4885909
17.4830103
17.47077013
17.47375025
17.48791967
17.4887924
17.47433804
17.47369079
17.49728255
17.4722269
17.48362222
17.46877642
17.47369079
17.49728255
17.4722269
17.48362222
17.46877642
17.47316569
17.48838355
17.47257353
17.47781842
17.50242606
17.47316569
17.48838355
17.47257353
17.47781842
17.50242606
17.49233087
17.47450336
17.4880005
17.48815097
17.48868435
17.48891631
17.47545982
17.4837181
17.47475775
17.47396469
17.48389614
17.49233087
17.47475775
17.47396469
17.47450336
17.48815097
17.48868435
17.48891631
17.47545982
17.4837181
17.48868541
17.47915598
17.47915023
17.4806353
17.4839261
17.47387798
17.48851381
17.47242953
17.47714087
17.50143848
17.48784507
17.47377159
17.47376977
17.47259961
17.48847703
17.47259465
17.47448586
17.4888359
17.48855439
17.48885019
17.4744843
17.47810065
17.47810065
17.47583405
17.47583802
17.47583498
17.47955571
17.47583802
17.4839261
17.47338141
17.48279533
17.49139605
17.47242953
17.47714087
17.50143848
17.48784507
17.47377159
17.47376977
17.47259961
17.48847703
17.47259465
17.47448586
17.48850803
17.4888359
17.48855439
17.48885019
17.4744843
17.480539
17.47913166
17.48868451
17.47913506
17.47387824
17.49139605
17.48868434
17.48053959
17.47913375
17.47913174
17.47998379
17.4790692
17.48867167
17.47955571
17.47911066
17.47998379
17.4790692
17.48867167
17.47955571
17.47911066
17.47436114
17.48882437
17.4888058
17.47444227
17.49139625
17.47338141
17.4839261
17.47436114
17.48882437
17.47444227
17.4888058
17.47840871
17.47387798
17.49139625
17.47338141
17.48784323
17.47375913
17.4737067
17.47253136
17.4875046
17.47191313
17.47242953
17.47714087
17.50143848
17.48784323
17.47375913
17.4737067
17.47253136
17.4875046
17.47191313
17.4735167
17.47788081
17.50248227
17.48784507
17.47377159
17.47376977
17.47259961
17.48847703
17.47259465
17.4735167
17.47788081
17.50248227
17.48395486
17.47393646
17.48380017
17.49225739
17.47393706
17.47448586
17.48850803
17.4888359
17.4744843
17.48855439
17.48885019
17.47855113
17.48395486
17.47393646
17.48380017
17.49225739
17.47393706
17.480541
17.47913571
17.4886845
17.47955217
17.47913231
17.480541
17.47913571
17.4886845
17.47955217
17.47913231
17.48867167
17.47998379
17.4790692
17.47911066
17.48867167
17.47998379
17.4790692
17.47911066
17.47810065
17.47810065
17.47583405
17.47583802
17.47583498
17.47955571
17.47583802
17.47810129
17.47809801
17.47583798
17.47584726
17.47583485
17.47955548
17.4758334
17.47583798
17.47584726
17.47583485
17.47955548
17.4758334
17.48867199
17.47998228
17.47907004
17.4791115
17.48867199
17.47998228
17.47907004
17.4791115
17.47387798
17.49139625
17.47436114
17.48882437
17.4888058
17.47444227
17.47840871
17.4839261
17.47387798
17.49139625
17.47338141
17.47436114
17.48882437
17.47444227
17.4888058
17.4839253
17.47387824
17.47338064
17.47436013
17.48882337
17.48880597
17.47444126
17.47387824
17.49139605
17.47338064
17.4839253
17.48851592
17.47436013
17.48882337
17.47444126
17.48880597
17.47840955
17.48784323
17.47375913
17.4737067
17.47253136
17.4875046
17.47191313
17.47242953
17.47714087
17.50143848
17.48784323
17.47375913
17.4737067
17.47253136
17.4875046
17.47191313
17.47242834
17.47714213
17.5014394
17.48784323
17.47375913
17.4737067
17.47253136
17.48750405
17.47191312
17.47242834
17.47714213
17.5014394
17.48784323
17.47375913
17.4737067
17.47253136
17.48750405
17.47191312
17.4735167
17.47788081
17.50248227
17.48784507
17.47377159
17.47376977
17.47259961
17.48847703
17.47259465
17.4735167
17.47788081
17.50248227
17.48784508
17.47377159
17.47376959
17.47259978
17.48847668
17.47259377
17.47351391
17.47787853
17.50248242
17.48784508
17.47377159
17.47376959
17.47259978
17.48847668
17.47259377
17.47351391
17.47787853
17.50248242
17.48395486
17.47393646
17.49225739
17.47393706
17.47448586
17.48850803
17.4888359
17.4744843
17.48885019
17.47855113
17.48395486
17.47393646
17.48855439
17.49225739
17.47393706
17.47448767
17.48850907
17.48883683
17.48855555
17.48885093
17.47448683
17.47393574
17.49225778
17.47393568
17.48395624
17.47448767
17.48850907
17.48883683
17.47448683
17.48855555
17.48885093
17.47855158
17.49225778
17.47393568
17.48395624
17.47393574
17.480541
17.47913231
17.4886845
17.47913571
17.480541
17.47913231
17.4886845
17.47913571
17.47583798
17.47955217
17.47584726
17.47583485
17.4758334
17.47583798
17.47955217
17.47584726
17.47583485
17.4758334
17.47810481
17.47583849
17.47955394
17.47585249
17.47583365
17.47955169
17.47583874
17.47583849
17.47955394
17.47585249
17.47583365
17.47583874
17.480539
17.47913166
17.48868451
17.47913506
17.48867199
17.47955548
17.4791115
17.47998228
17.47907004
17.48867199
17.47955548
17.4791115
17.47998228
17.47907004
17.4839253
17.48851592
17.47338064
17.47436013
17.48882337
17.48880597
17.47444126
17.47840955
17.49139605
17.47338064
17.4839253
17.47387824
17.47436013
17.48882337
17.47444126
17.48880597
17.47840955
17.47242834
17.47714213
17.5014394
17.48784323
17.47375913
17.4737067
17.47253136
17.48750405
17.47191312
17.47242834
17.47714213
17.5014394
17.48784323
17.47375913
17.4737067
17.47253136
17.48750405
17.47191312
17.48784508
17.47377159
17.47376959
17.47259978
17.48847668
17.47259377
17.47351391
17.47787853
17.50248242
17.48784508
17.47377159
17.47376959
17.47259978
17.48847668
17.47259377
17.47351391
17.47787853
17.50248242
17.47393574
17.49225778
17.47448767
17.48883683
17.48855555
17.48885093
17.47448683
17.47855158
17.48395624
17.47393568
17.47393574
17.48380088
17.49225778
17.47393568
17.47448767
17.48883683
17.47448683
17.48855555
17.48885093
17.47855158
17.48395624
17.48868434
17.47913375
17.47955169
17.47913174
17.48053959
)
;
    }
}


// ************************************************************************* //
