/*--------------------------------*- C++ -*----------------------------------*\
  =========                 |
  \\      /  F ield         | OpenFOAM: The Open Source CFD Toolbox
   \\    /   O peration     | Website:  https://openfoam.org
    \\  /    A nd           | Version:  11
     \\/     M anipulation  |
\*---------------------------------------------------------------------------*/
FoamFile
{
    format      ascii;
    class       volScalarField;
    location    "10";
    object      p;
}
// * * * * * * * * * * * * * * * * * * * * * * * * * * * * * * * * * * * * * //

dimensions      [0 2 -2 0 0 0 0];

internalField   nonuniform List<scalar> 
2500
(
-5.270856954e-11
-1.736894877e-05
-4.392176895e-05
-7.145045576e-05
-9.637770546e-05
-0.0001169219933
-0.0001327898996
-0.000144300547
-0.0001517634223
-0.0001551914897
-0.0001542171623
-0.0001481135081
-0.0001358658954
-0.0001162592653
-8.79650604e-05
-4.962482947e-05
6.502517972e-08
6.225987801e-05
0.000137857827
0.0002273710464
0.000330779738
0.0004473762337
0.0005756139775
0.0007129824429
0.0008559098579
0.0009997405738
0.001138870831
0.001266967956
0.001377339642
0.001463422403
0.001519352438
0.0015405586
0.001524307377
0.001470123359
0.001379916646
0.001257610121
0.0011097946
0.000943765726
0.0007677821719
0.0005900726482
0.0004181713874
0.0002584847394
0.0001161213537
-5.147598939e-06
-0.0001026829974
-0.0001747370669
-0.0002204511138
-0.000240596208
-0.0002381889381
-0.0002138466437
1.692035524e-05
-1.259833108e-06
-2.103695894e-05
-4.142487355e-05
-6.01577198e-05
-7.595004275e-05
-8.848214227e-05
-9.775197128e-05
-0.000103712179
-0.000106115545
-0.0001044592624
-9.799108771e-05
-8.575135443e-05
-6.663028686e-05
-3.943059483e-05
-2.933814618e-06
4.402624133e-05
0.0001024777855
0.0001732088857
0.000256648045
0.0003527312384
0.0004607516077
0.0005791679238
0.0007055039465
0.0008367989319
0.0009684869752
0.001095384325
0.001211661829
0.001311164295
0.001387874362
0.001436446183
0.00145275818
0.001434413027
0.001381109345
0.001294799693
0.001179509651
0.001040941112
0.000886430042
0.0007234393996
0.0005594883625
0.0004014158379
0.0002549629841
0.0001245664221
1.339747594e-05
-7.650311207e-05
-0.0001439984362
-0.000188820575
-0.0002119910599
-0.0002142956803
-0.0001896291546
4.519405548e-05
1.754821444e-05
-2.770219373e-06
-2.112796934e-05
-3.729349946e-05
-5.065422727e-05
-6.127290764e-05
-6.928399341e-05
-7.462695431e-05
-7.699286392e-05
-7.582025104e-05
-7.032097479e-05
-5.952454109e-05
-4.232825444e-05
-1.754872588e-05
1.602314522e-05
5.955836657e-05
0.0001141112994
0.0001805220987
0.0002592991147
0.0003504810673
0.0004534773994
0.0005669411277
0.000688788352
0.0008157528062
0.000943594909
0.001067235456
0.001180863452
0.001278289574
0.001353412581
0.001400771532
0.001416129575
0.00139700793
0.001343078102
0.001256333386
0.001140984976
0.001002997445
0.0008496576022
0.0006888332766
0.0005280042075
0.0003739064455
0.0002320508346
0.000106526589
5.419844677e-08
-8.580712347e-05
-0.0001503371818
-0.0001935166003
-0.000216266214
-0.0002178107836
-0.0001869163103
7.516450266e-05
3.584489016e-05
1.26355151e-05
-5.615547132e-06
-2.059571422e-05
-3.248007056e-05
-4.189164899e-05
-4.92731988e-05
-5.467887398e-05
-5.781461392e-05
-5.809211542e-05
-5.468508351e-05
-4.65860345e-05
-3.265681834e-05
-1.167355349e-05
1.762781076e-05
5.649721399e-05
0.0001060997399
0.0001674226135
0.0002411582505
0.000327565267
0.0004263029504
0.0005362401394
0.0006553400629
0.0007807393539
0.0009081616227
0.001032490229
0.001147741515
0.001247426498
0.001325044875
0.00137468419
0.001391668549
0.001373167062
0.001318653981
0.001230122331
0.001112006351
0.0009707688324
0.0008141151181
0.0006504698093
0.0004878622538
0.0003332250498
0.0001920772168
6.830836052e-05
-3.575158986e-05
-0.0001190303895
-0.0001812430432
-0.0002226244816
-0.0002440432742
-0.0002437214857
-0.0002068172809
0.0001000004036
4.81804139e-05
2.131498821e-05
2.333952672e-06
-1.227682194e-05
-2.345331566e-05
-3.240593168e-05
-3.992792394e-05
-4.623070031e-05
-5.106808655e-05
-5.384353459e-05
-5.369607322e-05
-4.957125949e-05
-4.027460025e-05
-2.451220464e-05
-9.281825406e-07
3.185072956e-05
7.51534532e-05
0.0001301773774
0.0001978723627
0.0002788009931
0.000372961119
0.0004794963307
0.0005964266064
0.0007216872641
0.0008506542017
0.0009782086899
0.001098128556
0.001203472799
0.001287133919
0.001342493961
0.001364155848
0.001348655964
0.001295032204
0.001205125323
0.001083540805
0.000937236174
0.0007747408486
0.0006051491948
0.000437328633
0.0002788546149
0.000135465098
1.099721863e-05
-9.255362756e-05
-0.0001745658742
-0.0002352520685
-0.0002752039822
-0.0002954090895
-0.0002936283927
-0.0002529455503
0.0001130122084
4.878164264e-05
1.798447666e-05
-2.238979362e-06
-1.714500845e-05
-2.838457516e-05
-3.772562723e-05
-4.629909079e-05
-5.447620557e-05
-6.206850301e-05
-6.848116556e-05
-7.282502799e-05
-7.400100164e-05
-7.075745989e-05
-6.172778631e-05
-4.545942472e-05
-2.044647337e-05
1.482217813e-05
6.178743407e-05
0.0001217090701
0.0001955221808
0.0002836557739
0.000385751894
0.0005003273609
0.0006248111293
0.0007559445446
0.0008881562279
0.001015017985
0.001129122366
0.001222639973
0.001288031802
0.001318869402
0.001310678616
0.001261661816
0.001173151898
0.001049680422
0.0008985958082
0.0007292485959
0.0005518601825
0.0003763083413
0.0002110973728
6.268764411e-05
-6.492807742e-05
-0.0001700623081
-0.0002524196064
-0.0003127457555
-0.0003520926605
-0.0003717092295
-0.0003692483462
-0.0003267753606
0.0001080806349
3.204695842e-05
-2.624281662e-06
-2.435116673e-05
-4.005750233e-05
-5.206161625e-05
-6.263462846e-05
-7.320341135e-05
-8.427725755e-05
-9.571985144e-05
-0.0001069441203
-0.0001170477524
-0.0001249108538
-0.0001292580779
-0.000128692836
-0.0001217150702
-0.0001067355667
-8.210104688e-05
-4.614607375e-05
2.709361396e-06
6.58110872e-05
0.0001441194145
0.0002380553701
0.0003468361043
0.0004670486633
0.0005984702879
0.0007343963936
0.0008686831977
0.000993767523
0.001101160823
0.001182261727
0.001229259946
0.001236123367
0.001199528995
0.00111957199
0.001000063655
0.0008483019066
0.0006742747347
0.0004894054289
0.0003050727269
0.0001312220615
-2.478459891e-05
-0.0001581299858
-0.0002669796967
-0.0003515861222
-0.0004131192558
-0.0004531235517
-0.0004732062637
-0.000471108294
-0.0004285164572
7.945913571e-05
-7.540021953e-06
-4.585597921e-05
-6.920266306e-05
-8.610862341e-05
-9.951465076e-05
-0.0001121327036
-0.0001256333807
-0.0001406337831
-0.0001570419403
-0.0001742926879
-0.0001915077675
-0.0002076089168
-0.0002213863182
-0.0002315281589
-0.000236621339
-0.0002351370902
-0.0002254184876
-0.0002056896425
-0.0001741134559
-0.000128915565
-6.850522665e-05
8.478051808e-06
0.0001026585837
0.0002122837846
0.0003342657368
0.0004678661036
0.0006064017136
0.0007425751594
0.0008676140686
0.0009719085096
0.001045930142
0.001081328121
0.001072119734
0.001015803666
0.0009140977886
0.0007731003098
0.0006027130183
0.0004153568662
0.0002242040651
4.131169457e-05
-0.0001239186511
-0.0002655037136
-0.0003808332021
-0.0004701966604
-0.000535101602
-0.0005776141206
-0.0005997295296
-0.0005993747024
-0.0005582462999
2.164980695e-05
-7.53859717e-05
-0.0001170653915
-0.0001421067125
-0.0001605786534
-0.0001760009431
-0.0001914659237
-0.0002088393026
-0.0002288224788
-0.0002513735915
-0.0002759890603
-0.0003018945149
-0.000328179618
-0.0003538766243
-0.0003779842246
-0.0003994441198
-0.0004170845718
-0.0004295498819
-0.0004352359398
-0.0004322595245
-0.0004184959603
-0.0003916450628
-0.0003491546805
-0.0002882807811
-0.0002080243489
-0.0001124905614
4.641598201e-06
0.0001378138737
0.0002806933432
0.0004254362933
0.0005619791363
0.0006789236471
0.0007646874701
0.0008089784855
0.0008044777193
0.0007483069542
0.0006429718735
0.0004964189047
0.0003210446335
0.0001317600607
-5.646634433e-05
-0.000230959715
-0.0003829462659
-0.0005080223418
-0.0006054267893
-0.0006768281924
-0.0007245861478
-0.0007510216589
-0.0007542865898
-0.000716357738
-7.060004135e-05
-0.0001767042682
-0.0002214761556
-0.0002483103804
-0.0002687397387
-0.0002868192581
-0.0003059686509
-0.0003282137077
-0.0003543366973
-0.0003843820126
-0.0004179940748
-0.0004546519251
-0.0004938379091
-0.000535134735
-0.0005782459821
-0.000622943456
-0.0006689533257
-0.0007157960627
-0.0007625920125
-0.0008078494998
-0.0008492835634
-0.0008837277684
-0.0009070397405
-0.0009136710014
-0.000896598191
-0.0008514823778
-0.000785060515
-0.0006787656391
-0.0005422101378
-0.0003804296468
-0.0002027251053
-2.214321723e-05
0.0001456962392
0.0002842369676
0.0003783109701
0.0004165835312
0.0003937891936
0.0003120848875
0.0001810507628
1.60886694e-05
-0.0001645131448
-0.0003430889228
-0.0005056465797
-0.0006435600634
-0.0007534547488
-0.0008358310732
-0.0008928380341
-0.0009269140874
-0.0009364054894
-0.0009037861337
-0.000202245843
-0.0003164255596
-0.0003640623938
-0.000392856288
-0.0004157127917
-0.0004371791056
-0.000460961158
-0.0004892316503
-0.0005228832026
-0.0005621312245
-0.0006069261217
-0.0006572528474
-0.0007133542495
-0.000775863658
-0.000845832735
-0.0009246494262
-0.001013845168
-0.001114785617
-0.001228233095
-0.001353784649
-0.001489256023
-0.001630183176
-0.001769536325
-0.001897327005
-0.002000153528
-0.002063119714
-0.00207660651
-0.002039737197
-0.001936501257
-0.001769125294
-0.001545060263
-0.001278303015
-0.0009886545492
-0.0007004941582
-0.0004399946465
-0.0002317122704
-9.469982842e-05
-3.905704208e-05
-6.381666049e-05
-0.000157039154
-0.0002984341962
-0.0004639819077
-0.0006311634402
-0.0007830998185
-0.0009102681832
-0.001009435037
-0.0010812487
-0.001127636763
-0.001146944639
-0.001122299481
-0.0003778646362
-0.0004990999673
-0.0005494385488
-0.0005804658698
-0.0006063535638
-0.0006321007641
-0.0006616749808
-0.000697412675
-0.0007403922657
-0.0007911530596
-0.0008502087511
-0.0009184443319
-0.0009974277618
-0.001089609123
-0.001198378436
-0.001327954639
-0.001483066082
-0.001668364546
-0.001887520822
-0.00214201464
-0.002429773874
-0.002743995425
-0.003072519787
-0.003397752514
-0.003696808877
-0.003942715755
-0.004110364932
-0.004187652035
-0.004153594689
-0.004002359796
-0.003735028108
-0.003364102707
-0.002912319254
-0.002411858779
-0.001901611285
-0.00142336629
-0.001016529308
-0.0007121931235
-0.0005276206317
-0.0004628814546
-0.0005011555781
-0.000613208725
-0.0007649445627
-0.0009254994514
-0.001072930561
-0.001195551976
-0.001289365071
-0.001354301175
-0.001388243835
-0.001374953827
-0.0006015523298
-0.0007287855008
-0.0007817416538
-0.0008154189168
-0.0008451346427
-0.0008763060873
-0.0009131591784
-0.0009582491085
-0.001012974498
-0.001078439107
-0.001156105056
-0.001248334082
-0.001358838545
-0.001492995528
-0.001657964686
-0.001862526636
-0.002116514429
-0.002429686636
-0.002809955483
-0.003261074832
-0.003780177634
-0.004355792045
-0.00496703833
-0.005584329665
-0.006171174684
-0.00668629907
-0.007087108796
-0.00733805797
-0.00742245028
-0.007319749169
-0.007024125373
-0.006544355956
-0.005903174749
-0.005137620487
-0.004297428319
-0.003441995694
-0.002635044115
-0.001937035626
-0.001395766433
-0.001037432828
-0.0008612434181
-0.000840289783
-0.0009294376548
-0.001078031413
-0.001242562034
-0.001394116607
-0.001518260225
-0.00160951944
-0.001664388352
-0.001666745094
-0.0008768014908
-0.001008920996
-0.001064499748
-0.00110141807
-0.001136007117
-0.001174078677
-0.001220140079
-0.001277065493
-0.001346778348
-0.001431292126
-0.00153355536
-0.001658201689
-0.00181221045
-0.002005396277
-0.002250600936
-0.00256338451
-0.002960930258
-0.003459892482
-0.004073143275
-0.004805815692
-0.005651519878
-0.006589813571
-0.007585919312
-0.00859303054
-0.009556671913
-0.01041887607
-0.01112090392
-0.01160940416
-0.01185188999
-0.01183344274
-0.01153765894
-0.01096605906
-0.01013715708
-0.009087220352
-0.007870232477
-0.00655732217
-0.005233596883
-0.003991557127
-0.002919481985
-0.002086832856
-0.00152959611
-0.001241605739
-0.001176908633
-0.001264138266
-0.00142811266
-0.001609252456
-0.001771693408
-0.001898315295
-0.0019816857
-0.002005371453
-0.001206360273
-0.001342182993
-0.001400483229
-0.001441431508
-0.001482231326
-0.001529078727
-0.001586814766
-0.001658782631
-0.001747712238
-0.001856986826
-0.001991746232
-0.00215992744
-0.002373218217
-0.002647772651
-0.003004423473
-0.003467971195
-0.004065037957
-0.004820140644
-0.005750193577
-0.006858487431
-0.008129790006
-0.00952818675
-0.01099872432
-0.01247272599
-0.01387530622
-0.01513241971
-0.01617390952
-0.01693462745
-0.01736571293
-0.01746065688
-0.01719720717
-0.01656829647
-0.01558538395
-0.01427812473
-0.01269576665
-0.01090958583
-0.009013910145
-0.007123700986
-0.005366626734
-0.003866841183
-0.002720857507
-0.001973384582
-0.00160411012
-0.001534027973
-0.00165206059
-0.001851448868
-0.002057036723
-0.002229195261
-0.002348910354
-0.002401856098
-0.001592074881
-0.001730328425
-0.001791539351
-0.001837511902
-0.001886172364
-0.001944105577
-0.002016568358
-0.00210757239
-0.002221011677
-0.002362211154
-0.002539366877
-0.002764969129
-0.003057126441
-0.003440503385
-0.003946357522
-0.004610925027
-0.005471402385
-0.006559290826
-0.007891963434
-0.00946464648
-0.01124544566
-0.01317540573
-0.01517393957
-0.01714815106
-0.01900356035
-0.02065341756
-0.02202273166
-0.02304592501
-0.02367153316
-0.02389446975
-0.02368822468
-0.02304312456
-0.02196512295
-0.02047317161
-0.01860260822
-0.01641069689
-0.01398277587
-0.01143701107
-0.008923913356
-0.0066153205
-0.00468005853
-0.003246289683
-0.002361944189
-0.001976667389
-0.001958099911
-0.002141288602
-0.002387308402
-0.002613152894
-0.00277933238
-0.002871028002
-0.002034721832
-0.002174029414
-0.002238415597
-0.002290596806
-0.002349065261
-0.002420813154
-0.002511620915
-0.002626410112
-0.002770659445
-0.002952297462
-0.003183563196
-0.003482898257
-0.003876678494
-0.004400256956
-0.005097413614
-0.006017046507
-0.007206221403
-0.008699860661
-0.01050921016
-0.01261275548
-0.01495301224
-0.0174411527
-0.01996815997
-0.02241878712
-0.02468421076
-0.02667116417
-0.02830802205
-0.02954630186
-0.03034891145
-0.03067860217
-0.03053034593
-0.02990174725
-0.02879324836
-0.02721188936
-0.02517497298
-0.02271588057
-0.01989361586
-0.01680436198
-0.01359180977
-0.01044938527
-0.007605509235
-0.005284422315
-0.003646276667
-0.002727292991
-0.002420186435
-0.002513558608
-0.002781343021
-0.003065258071
-0.003288931444
-0.003431025411
-0.002533842236
-0.002672712077
-0.00274058436
-0.002800304269
-0.002870765962
-0.002959397874
-0.003072628734
-0.003216556993
-0.003398702414
-0.003630304062
-0.003928677005
-0.004319630044
-0.00483956076
-0.005536320547
-0.006467420693
-0.007694011765
-0.009269928538
-0.01122719535
-0.01356207149
-0.01622673591
-0.0191305277
-0.02215143517
-0.02515389191
-0.02800674755
-0.03059629353
-0.03283312271
-0.0346557409
-0.03603075536
-0.03693834907
-0.03734101686
-0.03724373323
-0.03664846794
-0.03555641126
-0.03396820497
-0.0318864328
-0.02932014495
-0.02629425701
-0.02286433627
-0.01913591257
-0.0152828537
-0.01155346144
-0.008248092124
-0.005655757539
-0.003958441907
-0.003149186091
-0.003023191856
-0.003266430692
-0.00360586323
-0.00389683064
-0.00410327961
-0.003087591199
-0.003224413448
-0.003296085034
-0.003364743079
-0.003449512675
-0.003558291332
-0.003698283292
-0.003877031299
-0.004104546814
-0.004396064093
-0.004774944456
-0.00527562023
-0.005945894934
-0.006847167913
-0.008050551915
-0.009627074554
-0.01163194065
-0.01408610677
-0.01696157541
-0.02017634449
-0.02360287
-0.02708781074
-0.03047588607
-0.03362976608
-0.03644114596
-0.03883343356
-0.04076008574
-0.04219998706
-0.04314463468
-0.04357879056
-0.04350924414
-0.04294236102
-0.04188310097
-0.04033226487
-0.03828620947
-0.03573807691
-0.03268372166
-0.02913462555
-0.0251400957
-0.02081734565
-0.01638094204
-0.01215227678
-0.008521461402
-0.005842616496
-0.004287635454
-0.003751071619
-0.003880027171
-0.004257229771
-0.004619177441
-0.004910750204
-0.003692624347
-0.003825677907
-0.003901406809
-0.003980364939
-0.004081730921
-0.004213899671
-0.004384962511
-0.004604142526
-0.004884336175
-0.005245353539
-0.005717381919
-0.006344382305
-0.00718631776
-0.008318141324
-0.009822936417
-0.01177748377
-0.01423156277
-0.01718683278
-0.02058353142
-0.02430148731
-0.02817771441
-0.03203434485
-0.03570648873
-0.03906106601
-0.04200341497
-0.04447446367
-0.04644371231
-0.04790088796
-0.04884579012
-0.04927913235
-0.04921061966
-0.04865176885
-0.04761333936
-0.04610180479
-0.04411645012
-0.0416468784
-0.03867364092
-0.03517533024
-0.03114680746
-0.02663179893
-0.02176808961
-0.01683073225
-0.01224042217
-0.008492089478
-0.005981889962
-0.004804247983
-0.004673465421
-0.005048274194
-0.005486095823
-0.00587830893
-0.004344041664
-0.004471513048
-0.004551434952
-0.004641886695
-0.004761918392
-0.004920437188
-0.005126497765
-0.005391174071
-0.005730529073
-0.006169342072
-0.006745094339
-0.007511669943
-0.008541150933
-0.009920943525
-0.01174319986
-0.01408533703
-0.01698494314
-0.02041790783
-0.02428868521
-0.02843970994
-0.03267864488
-0.03681295399
-0.04067880399
-0.04415588674
-0.04716776725
-0.04967326662
-0.05165529221
-0.05311079494
-0.05404347161
-0.0544604948
-0.05437412373
-0.05380002284
-0.05275560764
-0.05125657583
-0.04931223807
-0.04691993071
-0.04406062007
-0.04069878103
-0.03679184665
-0.03231670847
-0.02731795116
-0.0219735384
-0.01665205135
-0.01190591296
-0.008332737172
-0.006299821455
-0.005714085363
-0.006009381374
-0.006515821922
-0.007027988171
-0.005035407266
-0.005155423417
-0.005239481418
-0.0053423079
-0.005482641436
-0.005669895014
-0.005914110213
-0.006228286231
-0.006631774721
-0.007154461915
-0.007841190986
-0.008755566116
-0.00998093663
-0.01161513967
-0.01375577432
-0.01647581187
-0.01979538684
-0.02366106232
-0.0279416414
-0.03244709494
-0.0369646093
-0.04129727931
-0.04529104415
-0.04884336578
-0.05189667809
-0.05442464502
-0.05641853188
-0.05787743688
-0.05880380334
-0.0592051962
-0.05909268022
-0.05848415319
-0.05740348406
-0.05587728638
-0.0539293219
-0.05157274703
-0.04880164218
-0.04558437407
-0.04186369969
-0.03757158748
-0.03266948781
-0.02721962069
-0.02147632463
-0.01594998318
-0.0113514621
-0.008329408897
-0.007082389426
-0.007173236685
-0.007729589115
-0.008378069393
-0.005758859126
-0.005869535418
-0.005957414693
-0.006073041899
-0.006234665827
-0.006452173218
-0.006736551705
-0.007102682818
-0.007573138048
-0.008182752344
-0.008983361977
-0.01004749604
-0.01146823667
-0.01335127615
-0.01579601647
-0.01886691215
-0.0225638101
-0.0268037243
-0.03142355229
-0.03620828841
-0.0409340131
-0.04540796528
-0.04949119657
-0.05310015727
-0.0561936927
-0.05875550987
-0.0607797236
-0.06226261323
-0.06320110079
-0.0635968919
-0.06345800413
-0.06280268238
-0.0616600763
-0.06006762218
-0.05806517204
-0.05568600321
-0.05294554534
-0.04982979512
-0.04628716518
-0.04223101266
-0.03756516554
-0.03224705314
-0.02639103973
-0.02038661527
-0.01494336444
-0.01091783913
-0.00885307062
-0.008573788274
-0.009142651123
-0.009940510332
-0.006505314846
-0.006604818516
-0.006695894218
-0.006824167015
-0.007007229815
-0.007255385229
-0.007580458826
-0.007999046961
-0.0085366713
-0.009232656559
-0.0101450468
-0.01135399742
-0.01296033299
-0.01507490285
-0.01779587582
-0.02117678943
-0.02519703687
-0.02974685607
-0.03463736418
-0.03963678269
-0.04451808687
-0.04909815989
-0.05325492684
-0.05692203742
-0.06007058025
-0.06268918644
-0.06476991424
-0.06630218979
-0.06727409024
-0.06767883937
-0.06751934481
-0.06681242578
-0.06559103032
-0.06390220807
-0.06180143486
-0.05934320051
-0.05656818749
-0.05348823135
-0.05007214599
-0.04623766748
-0.04186097568
-0.03682219463
-0.03110375372
-0.02493413476
-0.01892050168
-0.01400694206
-0.01106201222
-0.01024547044
-0.01075827598
-0.01171488593
-0.007264769689
-0.007351398002
-0.007444702914
-0.00758479053
-0.007788450181
-0.008066321179
-0.008430899181
-0.008900212011
-0.009502275115
-0.01028017373
-0.01129702679
-0.01263895717
-0.01441234186
-0.01673073916
-0.01968905689
-0.02332944258
-0.02761297843
-0.03240810277
-0.03750728693
-0.04266942583
-0.04766998811
-0.05233778168
-0.05656642445
-0.06030313288
-0.06352659458
-0.06622592246
-0.06838759372
-0.06999172437
-0.07101586347
-0.07144357341
-0.07127178563
-0.07051463815
-0.06920734692
-0.06740470708
-0.0651759055
-0.06259534347
-0.05972934176
-0.05661912939
-0.05326244808
-0.04959778575
-0.04550001117
-0.04080524196
-0.03539130064
-0.02932431432
-0.02304548745
-0.01746425099
-0.01367829736
-0.01221272692
-0.01256342405
-0.01368522742
-0.008026669351
-0.008098945654
-0.008193158523
-0.008343504474
-0.008565835452
-0.008871036279
-0.009272063588
-0.00978800183
-0.01044875282
-0.01130022202
-0.01240922347
-0.01386598888
-0.01578027906
-0.01826640035
-0.02141510876
-0.02525840796
-0.02974296781
-0.03472162898
-0.03997526201
-0.04525929674
-0.05035468393
-0.05510170835
-0.05940651558
-0.06322546316
-0.06654055953
-0.06933813864
-0.07159713333
-0.07328755473
-0.07437640328
-0.07483744953
-0.07466148808
-0.07385966956
-0.07246811744
-0.07054720461
-0.06817705565
-0.06544911142
-0.06245327195
-0.05926013364
-0.05589985022
-0.05234118996
-0.04847677288
-0.04412937039
-0.03910697096
-0.03333789102
-0.02707602388
-0.02110081689
-0.016607904
-0.01446803148
-0.01452979676
-0.01581571603
-0.008780323405
-0.008837124932
-0.008930573341
-0.009088901882
-0.009326866761
-0.009655514073
-0.01008803933
-0.01064415464
-0.01135494182
-0.01226805313
-0.01345248476
-0.01500066507
-0.01702373578
-0.01963534918
-0.0229222418
-0.02690877615
-0.03153221926
-0.03663640486
-0.04199690413
-0.04736976907
-0.05254219403
-0.05736356989
-0.06174833289
-0.06565748363
-0.06907283012
-0.07197593145
-0.0743376454
-0.07611841042
-0.07727581198
-0.07777516529
-0.07760130613
-0.076762534
-0.07529486962
-0.07326220424
-0.07075258615
-0.06787081261
-0.06472674673
-0.06141770872
-0.05800619656
-0.05449516926
-0.05080659275
-0.0467730497
-0.04216796378
-0.03681583922
-0.03079666759
-0.02470479358
-0.0197096098
-0.01695071565
-0.01661950414
-0.01805196133
-0.009515403454
-0.009556018035
-0.009646727904
-0.00981012028
-0.0100595998
-0.01040634736
-0.01086359414
-0.01145124227
-0.01220080896
-0.01316057207
-0.01440017556
-0.01601239709
-0.01810798389
-0.02079900668
-0.02416905399
-0.02823808439
-0.0329394504
-0.03811438028
-0.04353848308
-0.04897103286
-0.05420470002
-0.05909453818
-0.06355867434
-0.06755856602
-0.07107310668
-0.07407816322
-0.07653711399
-0.07840232741
-0.07962384727
-0.08016055373
-0.07999212082
-0.07912431154
-0.07759232141
-0.07546183896
-0.07282611795
-0.0697995936
-0.06650776229
-0.06307045039
-0.05957972131
-0.0560727505
-0.05250625085
-0.04873769922
-0.04453495134
-0.03965504287
-0.03403644298
-0.02807385644
-0.02281616586
-0.01954543692
-0.01878786361
-0.02032882608
-0.01022269626
-0.01024645148
-0.01033239543
-0.01049736142
-0.01075322871
-0.01111137293
-0.01158489491
-0.01219349513
-0.01296840697
-0.01395744994
-0.01522945866
-0.01687586629
-0.01900548455
-0.02172814709
-0.02512543802
-0.02921669404
-0.03393653729
-0.03912939847
-0.04457546014
-0.05003898855
-0.05531666118
-0.06026538961
-0.06480246901
-0.06888605617
-0.07249005965
-0.07558446305
-0.07812645038
-0.08006242103
-0.08133715377
-0.08190505859
-0.08174230741
-0.08085212895
-0.07926848379
-0.07705760214
-0.0743159843
-0.07116460937
-0.06773978011
-0.06417923598
-0.06060031963
-0.0570717801
-0.05358564588
-0.05003237341
-0.04619466377
-0.04179705164
-0.03667269369
-0.03103359253
-0.02574921074
-0.02211733244
-0.02097525376
-0.02257850131
-0.0108933174
-0.01089980997
-0.01098063144
-0.01114244906
-0.01139858498
-0.01176021672
-0.01224011886
-0.01285748605
-0.01364262882
-0.01464193438
-0.01592213574
-0.01757185994
-0.01969670485
-0.0224037385
-0.02577294742
-0.0298280973
-0.03450861652
-0.0396671551
-0.04509265346
-0.05055614735
-0.05585696148
-0.06085022194
-0.06544816991
-0.06960230733
-0.07327988326
-0.07644512056
-0.07905048788
-0.08103878595
-0.08235209827
-0.08294087958
-0.08278181165
-0.08187384245
-0.08025001006
-0.07797633354
-0.07515149383
-0.07190058067
-0.06836614698
-0.06469968003
-0.06103920128
-0.05748041305
-0.05404771839
-0.0506672905
-0.04714941796
-0.04321437335
-0.0386255036
-0.03344667788
-0.02834744558
-0.02454504742
-0.02309333088
-0.02473128348
-0.01152064596
-0.0115111879
-0.01158354817
-0.01173864853
-0.01198860022
-0.01234473327
-0.01281986146
-0.0134325685
-0.01421168344
-0.01520136456
-0.01646518582
-0.01808777117
-0.02017051353
-0.02281793871
-0.02610445182
-0.0300697544
-0.03465493678
-0.03972591134
-0.04508500924
-0.05051287951
-0.05581120473
-0.06083008044
-0.06547248448
-0.06968015749
-0.07341228144
-0.07662746539
-0.07927474634
-0.08129528914
-0.0826327782
-0.08323354058
-0.08307016318
-0.08214617446
-0.08049154723
-0.07817132025
-0.07528533461
-0.07195845011
-0.06834159787
-0.06459410409
-0.06086971862
-0.05728548281
-0.05389329526
-0.05065364073
-0.04741089184
-0.04390087057
-0.03984985611
-0.03521417411
-0.03047391834
-0.02670003017
-0.02504902805
-0.02671294616
-0.01209965813
-0.01207586919
-0.01213767755
-0.01228132216
-0.01251772002
-0.01285893406
-0.01331749365
-0.01391114958
-0.01466725926
-0.01562714597
-0.01685040863
-0.0184167194
-0.02042224426
-0.02296725979
-0.0261317977
-0.02995012679
-0.03438328479
-0.03931370246
-0.04456016949
-0.04991412425
-0.05517917634
-0.06019891491
-0.0648648369
-0.06910657488
-0.0728736478
-0.07611861074
-0.0787878676
-0.08082209111
-0.08216354958
-0.08276365711
-0.08259434631
-0.08165584479
-0.07997841201
-0.07762650369
-0.0746999844
-0.07131476427
-0.06764371078
-0.06384361759
-0.06007834165
-0.05648142934
-0.05312808303
-0.05000740992
-0.04699912867
-0.04386702705
-0.04032910399
-0.03627117725
-0.03201408536
-0.02844930415
-0.02674045516
-0.02844294429
-0.0126272149
-0.01259113571
-0.01264090883
-0.01276845634
-0.0129838173
-0.01329968012
-0.01372876638
-0.01428840212
-0.01500455317
-0.01591570996
-0.01707673492
-0.01856107723
-0.02045837826
-0.02286412207
-0.02585942766
-0.02948450049
-0.03371581909
-0.03845561184
-0.04354210335
-0.04877965696
-0.0539749559
-0.05896520815
-0.06362955093
-0.0678839096
-0.07166651421
-0.07492293594
-0.07759690538
-0.07962929599
-0.0809636193
-0.08155369764
-0.08137243521
-0.08041916255
-0.07872408107
-0.07635069021
-0.07339629078
-0.06998741374
-0.06628574834
-0.06245915747
-0.05867516977
-0.05507939637
-0.05177030955
-0.04875500498
-0.045945464
-0.0431397061
-0.04006939425
-0.03658181396
-0.03287612793
-0.02966360633
-0.02805636115
-0.02982693514
-0.01310215736
-0.01305643054
-0.01309292763
-0.01319985757
-0.01338650863
-0.01366640891
-0.01405314096
-0.0145640049
-0.01522360257
-0.01606744417
-0.01714555035
-0.01852484522
-0.02028778548
-0.02252419756
-0.02531457433
-0.02870642174
-0.03269130049
-0.03719263866
-0.04207045024
-0.04714497169
-0.05222864939
-0.05715397479
-0.06178804436
-0.06603224008
-0.06981208372
-0.07306479151
-0.0757305366
-0.07775019228
-0.07906887899
-0.07964264411
-0.07944620883
-0.07847907702
-0.07677182648
-0.07438740594
-0.07142271983
-0.06800726451
-0.06429902999
-0.06047050601
-0.05669359174
-0.05312062887
-0.0498584463
-0.04693791415
-0.04429647002
-0.04176288831
-0.03909771525
-0.03613542993
-0.0329905522
-0.03022049442
-0.02886950052
-0.03074151236
-0.01352528227
-0.01347318602
-0.01349542321
-0.01357724622
-0.01372730176
-0.01396035078
-0.01429152823
-0.01473879301
-0.01532584264
-0.01608540715
-0.01706276936
-0.0183182885
-0.01992690606
-0.02197202947
-0.02453200292
-0.02765979423
-0.03136119587
-0.0355810182
-0.04020280319
-0.04506579939
-0.04999188771
-0.05481196526
-0.05938288624
-0.06359177119
-0.06735053275
-0.07058653048
-0.07323483963
-0.07523522341
-0.07653403177
-0.07708942875
-0.07687815813
-0.07590043032
-0.07418811559
-0.07180409931
-0.06884527609
-0.06544156497
-0.06174999972
-0.05794371402
-0.05419624502
-0.05066241318
-0.04745437445
-0.04461544749
-0.04211534183
-0.03979859134
-0.03746200817
-0.03494572904
-0.03231160063
-0.03000614452
-0.02902527718
-0.0310157374
-0.01389929126
-0.01384474523
-0.01385197349
-0.01390415162
-0.01400943799
-0.01418436078
-0.01444651415
-0.01481549419
-0.01531492566
-0.01597534511
-0.01683761492
-0.01795562926
-0.01939661017
-0.0212368017
-0.02355080593
-0.0263946603
-0.02978617934
-0.03369020559
-0.03801431
-0.04261929217
-0.04734043815
-0.05201130149
-0.05648184349
-0.06062666398
-0.06434414629
-0.06755066242
-0.07017450717
-0.07215274305
-0.07343194371
-0.07397179413
-0.07375087697
-0.07276984345
-0.07106307614
-0.06869373498
-0.06575844695
-0.06238656736
-0.05873393849
-0.05497224722
-0.05127382069
-0.04779283146
-0.04464370187
-0.04187896329
-0.03947701774
-0.03732607984
-0.03523133755
-0.03305161691
-0.03082019407
-0.02891788827
-0.02833346152
-0.03041787293
-0.01422875104
-0.01417634809
-0.01416791941
-0.01418564874
-0.01423751048
-0.01434257966
-0.01452211206
-0.01479855301
-0.01519649377
-0.0157450911
-0.01648135522
-0.01745305045
-0.01871968001
-0.02034972939
-0.0224125657
-0.02496474742
-0.02803298244
-0.03159939969
-0.03559447328
-0.03990180458
-0.04437356621
-0.04885067955
-0.0531807663
-0.05722915251
-0.06088212427
-0.06404483831
-0.06663750321
-0.06859279193
-0.06985605534
-0.0703877524
-0.07016849377
-0.06919675543
-0.06751069503
-0.06517395694
-0.06228276314
-0.05896487692
-0.05537354219
-0.05167706799
-0.04804407987
-0.04462551354
-0.04153484225
-0.03882825677
-0.0364915011
-0.03444067878
-0.03249419033
-0.03051741307
-0.02852727351
-0.02687050753
-0.02657637104
-0.02865910439
-0.01452014421
-0.01447522161
-0.01445032686
-0.01442811575
-0.01441701347
-0.01443984308
-0.01452302884
-0.01469326341
-0.01497726316
-0.01540371565
-0.01600650069
-0.01682779599
-0.01791964441
-0.01934247301
-0.02115919054
-0.02342442111
-0.02617023905
-0.02939233547
-0.03304140847
-0.03702345342
-0.04120978148
-0.0454529803
-0.04960337464
-0.05352142006
-0.05708414651
-0.06018653386
-0.06274026468
-0.06467231537
-0.06592510802
-0.06645821748
-0.06625329999
-0.06531236743
-0.06366806475
-0.06138604199
-0.05856261237
-0.05532257372
-0.05181466717
-0.0482017576
-0.04464652353
-0.04129435436
-0.03825507617
-0.03558530388
-0.03327638084
-0.0312494812
-0.02935424729
-0.02742777491
-0.0254729674
-0.02380649959
-0.02354104642
-0.02542266508
-0.01478204024
-0.01475092119
-0.01470808958
-0.01463906807
-0.01455389259
-0.01448107034
-0.01445395114
-0.01450501003
-0.01466426938
-0.01496083337
-0.01542617892
-0.01609752424
-0.01701990632
-0.01824572109
-0.01983061118
-0.02182521112
-0.02426355083
-0.02715075368
-0.03045393116
-0.03409942724
-0.0379782458
-0.04195770962
-0.04589548355
-0.04965200998
-0.05309896628
-0.05612348366
-0.058629447
-0.06053769793
-0.06178665989
-0.06233393676
-0.06215941874
-0.06127119906
-0.05969266454
-0.05749132497
-0.05476156401
-0.05162347467
-0.04821949507
-0.04470490882
-0.04123422837
-0.03794517602
-0.03494179035
-0.03227826852
-0.02994700612
-0.02787107042
-0.02591558195
-0.02387244802
-0.0217147462
-0.01970064741
-0.01905835002
-0.02041275307
-0.01502520705
-0.01501622097
-0.0149522839
-0.0148271538
-0.01465414684
-0.01447079075
-0.01431902657
-0.01423879938
-0.01426444822
-0.01442618271
-0.01475366428
-0.01527972921
-0.01604294678
-0.01708797541
-0.01846284967
-0.02021277263
-0.02237088751
-0.02494778851
-0.02792271333
-0.03123906766
-0.03480636868
-0.03850801921
-0.04221245
-0.04578453764
-0.04909489083
-0.05202604063
-0.05447592974
-0.05635984611
-0.0576119538
-0.05818726509
-0.05806403226
-0.05724698766
-0.05575856812
-0.05366418716
-0.05105303467
-0.04803876582
-0.0447555528
-0.0413487633
-0.0379624286
-0.03472447806
-0.03173115841
-0.02903183905
-0.02661712197
-0.02440877912
-0.02225355896
-0.01992411239
-0.0172977404
-0.01453654862
-0.01300499231
-0.01339789658
-0.01526513709
-0.0152878999
-0.01519690227
-0.0150023733
-0.01472375627
-0.01441277135
-0.01412149128
-0.01389903193
-0.01378449959
-0.01380950977
-0.01400221323
-0.01439146929
-0.01500989064
-0.01589486314
-0.01708689146
-0.01862497791
-0.02053935604
-0.02284278017
-0.02552251038
-0.02853513084
-0.03180615326
-0.0352346554
-0.03870158986
-0.04207956165
-0.04524197083
-0.04807025013
-0.05045894341
-0.05231914608
-0.05358103068
-0.05419634002
-0.05414074701
-0.05341726508
-0.052041547
-0.05007715111
-0.04760558213
-0.04473235475
-0.04158108662
-0.0382847128
-0.03497429856
-0.03176557743
-0.02874466631
-0.02595335351
-0.02337616443
-0.02092362303
-0.01841218745
-0.01560738613
-0.01220539967
-0.008240302509
-0.005234931293
-0.004204127431
-0.01552442233
-0.01558930607
-0.01545974484
-0.015173861
-0.0147701512
-0.01431013236
-0.01386368788
-0.01348958606
-0.01323110762
-0.01312082844
-0.01318529442
-0.01344952813
-0.0139405837
-0.01468911931
-0.0157285118
-0.01709140007
-0.01880394365
-0.02087866102
-0.02330740117
-0.02605611373
-0.02906308825
-0.03224131462
-0.03548435666
-0.03867430653
-0.04169015571
-0.04441529368
-0.04674351408
-0.04858355061
-0.04986247278
-0.05052833833
-0.05055234012
-0.04993073448
-0.04869543908
-0.04688075031
-0.04456438446
-0.04184320712
-0.03882792356
-0.035636616
-0.03238481332
-0.02917316299
-0.02607439808
-0.02311841084
-0.02027747614
-0.0174428546
-0.01439899345
-0.01080698333
-0.006310452853
-0.0005925463014
0.004521002302
0.007410995283
-0.01583744195
-0.01595593306
-0.01576618016
-0.01535658325
-0.01479482247
-0.01416429542
-0.01354872469
-0.01301446118
-0.01261157332
-0.01237109639
-0.01231722506
-0.01247098555
-0.01285413162
-0.01349116122
-0.01440895078
-0.01563409239
-0.01718825958
-0.01908227634
-0.02131004654
-0.02384362311
-0.02663079198
-0.02959593665
-0.03264403796
-0.0356669504
-0.03855072751
-0.04118284628
-0.0434585671
-0.04528612707
-0.04659081351
-0.04731811027
-0.04743622414
-0.04693797451
-0.04584152879
-0.0441849296
-0.04203256262
-0.03946684169
-0.03658332443
-0.03348310341
-0.03026361765
-0.02700684661
-0.02376724704
-0.02055539793
-0.0173210902
-0.0139200554
-0.01007987462
-0.005351598717
0.0006455711399
0.008852664135
0.01668848628
0.02205330648
-0.016263967
-0.01644284353
-0.01615080154
-0.01556721429
-0.01480573526
-0.01397604465
-0.0131766341
-0.01248010711
-0.0119351839
-0.01157334297
-0.01141418292
-0.0114741287
-0.01176978652
-0.01232008521
-0.01314619048
-0.01426931461
-0.01570681479
-0.01746715957
-0.0195446628
-0.02191497877
-0.02453247847
-0.02733023192
-0.03022269994
-0.0331106503
-0.03588743627
-0.03844566952
-0.04068352957
-0.04251021717
-0.04385041957
-0.04464770553
-0.04486700354
-0.04449575015
-0.04354414508
-0.0420442053
-0.0400530114
-0.03763604104
-0.03487163523
-0.03184057841
-0.02861934202
-0.02526660158
-0.02181127303
-0.01823208581
-0.01443922942
-0.01022695407
-0.005244582268
0.001069253527
0.009253448929
0.02080337562
0.03204957331
0.04087857234
-0.01691441466
-0.01714037874
-0.01666321343
-0.01582623848
-0.01481031747
-0.01375012603
-0.01275329863
-0.01189348217
-0.0112152325
-0.01074434948
-0.01049550563
-0.01047958199
-0.01070805985
-0.01119494124
-0.01195661334
-0.01300982894
-0.01436821006
-0.01603780271
-0.01801241755
-0.02026954578
-0.02276777446
-0.02544632233
-0.02822690674
-0.03101766695
-0.03371855162
-0.03622735559
-0.03844575415
-0.04028470051
-0.04166903532
-0.04254090773
-0.04286232994
-0.04261623226
-0.04180684597
-0.04045748012
-0.03860547074
-0.03631376776
-0.0336444714
-0.03065310768
-0.02739014156
-0.02388347684
-0.02012573452
-0.01604301206
-0.01147844354
-0.006121787822
0.0004956611884
0.009119551714
0.02051116982
0.03610346541
0.05189939
0.06614811687
-0.0180034777
-0.01820191605
-0.01737195784
-0.01615806559
-0.01481794321
-0.01349408234
-0.01228990251
-0.01127051581
-0.01047082208
-0.009906893412
-0.009585823051
-0.009512287531
-0.009692763768
-0.01013704952
-0.01085779049
-0.01186834636
-0.01317941831
-0.01479492495
-0.01670775607
-0.01889604978
-0.02132076439
-0.02392505037
-0.02663566932
-0.02936625267
-0.03202203343
-0.0345052776
-0.03672099558
-0.03858206134
-0.04001387642
-0.04095758566
-0.04137284266
-0.04123837011
-0.04055258513
-0.03933060437
-0.03760275536
-0.03540606671
-0.03278713948
-0.02979569066
-0.02644616543
-0.02272192445
-0.01856316804
-0.01381091939
-0.008200217602
-0.001245480455
0.007711325295
0.01970298273
0.03564004406
0.05670115442
0.0786864655
0.1020604643
-0.02007804197
-0.01993354293
-0.01840008494
-0.0166086714
-0.01484988036
-0.01322496522
-0.01180613202
-0.01063521054
-0.009729064809
-0.009089921662
-0.008714766584
-0.008601382163
-0.008751450523
-0.009171278409
-0.009870708556
-0.01086064835
-0.01214961954
-0.01373975907
-0.01562283847
-0.01777682925
-0.0201636783
-0.02272867309
-0.0254016903
-0.02810002587
-0.03073273813
-0.0332055197
-0.03542620941
-0.03730942266
-0.03878140001
-0.03978262327
-0.04027116628
-0.04022211244
-0.03962937002
-0.03850063747
-0.03685833559
-0.03472875052
-0.03214256042
-0.02910556863
-0.02561887777
-0.021610032
-0.0169463081
-0.01133841028
-0.004360556077
0.00475488508
0.01697179466
0.03378904639
0.05631806489
0.08559453788
0.1173141081
0.1553712601
-0.02487907567
-0.02256990269
-0.01959603171
-0.01709558744
-0.01489332333
-0.01296065588
-0.01132914301
-0.01001537285
-0.009016314946
-0.008318009282
-0.007905761177
-0.007769570225
-0.00790619035
-0.008318641847
-0.009014290524
-0.01000192097
-0.01128812189
-0.01287330995
-0.014747928
-0.01688921929
-0.01925924726
-0.02180428468
-0.02445607753
-0.02713433702
-0.0297509589
-0.03221429528
-0.03443474048
-0.03632856882
-0.03782337053
-0.03885942469
-0.03939445914
-0.03940073737
-0.03886970272
-0.0378022772
-0.03621494237
-0.03411851902
-0.03152850441
-0.02842463143
-0.02477661662
-0.02043619238
-0.0151888708
-0.008569370219
5.603163847e-05
0.01185995756
0.02825479092
0.05150750517
0.08331413542
0.1254915444
0.1746402719
0.2362682565
-0.03068482036
-0.02743557716
-0.02273269009
-0.01860654942
-0.01542850386
-0.01292498269
-0.01095317192
-0.0094353308
-0.008316737359
-0.007552191517
-0.007107269616
-0.006959668749
-0.00709821559
-0.007520577694
-0.008230282465
-0.00923312199
-0.01053319666
-0.01212882618
-0.0140088657
-0.01614960324
-0.01851299544
-0.02104601541
-0.02368200116
-0.02634277253
-0.02894288716
-0.03139321458
-0.03360682183
-0.0355017563
-0.03700742801
-0.03806420992
-0.03863030725
-0.03867550107
-0.03819008165
-0.03716846558
-0.03562366554
-0.03355153238
-0.03095640954
-0.02777743899
-0.02395559249
-0.01927935605
-0.0134569393
-0.00582706953
0.004448775507
0.0190388002
0.03991907706
0.07061920429
0.1141460476
0.1752216789
0.252890956
0.3567173154
-0.08004090729
-0.02804977583
-0.01605713181
-0.01249859471
-0.01005344325
-0.0080982406
-0.006709490123
-0.005778880557
-0.005169358851
-0.004814457757
-0.004697330269
-0.004817227031
-0.005177449025
-0.005784632294
-0.0066484954
-0.00777937119
-0.009184651134
-0.01086506171
-0.01281146365
-0.01500214123
-0.01740135149
-0.01995874894
-0.02261077923
-0.02528259099
-0.0278922056
-0.03035371399
-0.03258314799
-0.03450076786
-0.03603771891
-0.03713484796
-0.03775041792
-0.0378522093
-0.03742858028
-0.036468401
-0.03498129102
-0.03295443512
-0.03039364737
-0.02722625816
-0.02335586464
-0.01849928376
-0.0123460634
-0.004115052877
0.007105849277
0.02333660521
0.04690689996
0.08285605166
0.1366795096
0.2203875235
0.3404971544
0.5106211233
)
;

boundaryField
{
    movingWall
    {
        type            zeroGradient;
    }
    fixedWalls
    {
        type            zeroGradient;
    }
    frontAndBack
    {
        type            empty;
    }
}


// ************************************************************************* //
