/*--------------------------------*- C++ -*----------------------------------*\
  =========                 |
  \\      /  F ield         | OpenFOAM: The Open Source CFD Toolbox
   \\    /   O peration     | Website:  https://openfoam.org
    \\  /    A nd           | Version:  11
     \\/     M anipulation  |
\*---------------------------------------------------------------------------*/
FoamFile
{
    format      ascii;
    class       volScalarField;
    location    "1.5";
    object      p;
}
// * * * * * * * * * * * * * * * * * * * * * * * * * * * * * * * * * * * * * //

dimensions      [0 2 -2 0 0 0 0];

internalField   nonuniform List<scalar> 
1800
(
-0.308004189
-0.3012574932
-0.3004998853
-0.2989534877
-0.2954572777
-0.2888262861
-0.2787538823
-0.2658199364
-0.2514250044
-0.2382983732
-0.3433611169
-0.3357626604
-0.334425195
-0.332273512
-0.3278101479
-0.3198207767
-0.3080859598
-0.2933888602
-0.2773866799
-0.2625778207
-0.3772930262
-0.368747702
-0.3667396823
-0.3637248584
-0.3579344064
-0.3481793388
-0.3343940541
-0.3175792702
-0.2994441212
-0.2822024575
-0.4092933705
-0.3997281365
-0.3969291933
-0.3927989697
-0.3853919729
-0.3736377185
-0.3577274231
-0.3389341075
-0.3190418768
-0.3000751226
-0.4385282798
-0.4278643785
-0.4240805054
-0.4184807727
-0.4090790299
-0.3950110901
-0.3768200283
-0.3560566825
-0.3345495123
-0.3141396175
-0.4642147255
-0.4523978985
-0.4474490384
-0.4400826349
-0.4284418725
-0.4119430067
-0.3915506566
-0.3690440094
-0.3462167231
-0.3246684269
-0.4852994908
-0.4722914916
-0.4659771838
-0.4565384968
-0.4424236391
-0.4234112692
-0.4009117307
-0.3768579692
-0.3529392667
-0.3304783461
-0.5008048418
-0.4866206399
-0.4788285554
-0.4671693575
-0.4505254054
-0.4291261043
-0.4047726257
-0.3794532374
-0.3546859378
-0.3314971189
-0.5096729481
-0.4943731362
-0.4850750907
-0.4711809787
-0.4520916581
-0.4285523397
-0.4026634885
-0.3763795349
-0.3510040464
-0.3272721844
-0.5109943734
-0.4946883394
-0.4839898625
-0.4680338372
-0.4467493666
-0.4214317684
-0.3943733036
-0.3674354245
-0.3416897066
-0.3176031794
-0.05245169014
-0.04826012382
-0.04832948418
-0.04622829966
-0.0429788754
-0.03866516114
-0.03368896046
-0.02828944812
-0.02285663044
-0.01763463473
-0.05896490353
-0.0547564353
-0.0548455322
-0.05272338768
-0.0494732102
-0.0452043793
-0.04011839486
-0.03451728019
-0.02877456671
-0.02325290504
-0.07102561131
-0.06670902997
-0.06688263172
-0.06472532288
-0.06149803891
-0.0571855044
-0.05190670077
-0.04593890609
-0.03961370701
-0.03338995224
-0.08834753875
-0.08378435581
-0.08415404664
-0.0819232748
-0.07875370332
-0.07434606686
-0.06877071606
-0.06226639094
-0.05510422143
-0.04775876914
-0.1105851542
-0.105579744
-0.1063788721
-0.1039400794
-0.1008670292
-0.09634965071
-0.09039786642
-0.08321693919
-0.07500412286
-0.06615510529
-0.1371778383
-0.1315193154
-0.132870314
-0.1306079027
-0.1275066983
-0.1228144652
-0.1164015627
-0.1084303846
-0.09900488215
-0.08833802536
-0.167464006
-0.1618280012
-0.1625523369
-0.1608172496
-0.1578373023
-0.1529920143
-0.1460789236
-0.1372586952
-0.1265589119
-0.1138810441
-0.2005273766
-0.1950350076
-0.1953307813
-0.1938371382
-0.1909754298
-0.1859366859
-0.1784640987
-0.1687589857
-0.1568129556
-0.1421011569
-0.2356516588
-0.2299974701
-0.2299781586
-0.2286504562
-0.225802643
-0.2204611351
-0.2123303899
-0.201702009
-0.1885826773
-0.1719363297
-0.2718003794
-0.2657155475
-0.2653755716
-0.2640620686
-0.261031503
-0.255171739
-0.2461709812
-0.2344519487
-0.2201591673
-0.2020470459
0.01050945201
0.005238658892
0.007717089946
0.006499353418
0.004704555263
0.003288123573
0.002256604759
0.001487251092
0.0008490942905
0.0003213897492
0.006013105206
0.0008046400976
0.005261126531
0.005302427427
0.003936719182
0.002754048049
0.001892269083
0.001250228942
0.0007160460774
0.0002696975551
-0.0008244133883
-0.004524836036
0.002473008966
0.003912153979
0.003063458228
0.002164576004
0.001496480577
0.0009952166601
0.0005735576474
0.0002143483478
-0.009759991316
-0.01071034824
-0.0006451800956
0.002322142526
0.002083962236
0.001519386933
0.001068945193
0.0007219697881
0.0004214323796
0.0001555341772
-0.02071028427
-0.01763551199
-0.004088636023
0.0005227865522
0.0009980346338
0.0008185696986
0.0006096623744
0.0004304269302
0.0002595894776
9.356684548e-05
-0.03386534889
-0.02505003156
-0.007824568466
-0.001485694775
-0.0001917253915
6.342646578e-05
0.0001192807435
0.0001208700919
8.814763976e-05
2.889717889e-05
-0.04961186438
-0.03266421382
-0.01178549353
-0.003676808572
-0.001473852061
-0.0007408100881
-0.0003997142929
-0.0002055919182
-9.233358477e-05
-3.780286474e-05
-0.06823919098
-0.0404281948
-0.01598929846
-0.006036528081
-0.002840492886
-0.001589664616
-0.0009448763165
-0.0005478478105
-0.0002811985431
-0.0001055731619
-0.08966858401
-0.04885311747
-0.0207698305
-0.008713433363
-0.004355242768
-0.002510199524
-0.001527497781
-0.0009105172444
-0.0004802374044
-0.0001735238793
-0.1128736494
-0.0582050957
-0.02642680616
-0.01194459755
-0.006147205834
-0.003561723442
-0.002172421712
-0.00130296978
-0.0006935794565
-0.0002404756713
-0.1163794624
-0.06014552789
-0.02884475372
-0.01408122474
-0.007629052064
-0.004576631843
-0.002858377115
-0.001751330369
-0.0009470201584
-0.0003153663038
-0.1201706234
-0.06156228543
-0.03364313592
-0.01802176359
-0.01021167516
-0.006179008603
-0.003845061054
-0.002348197982
-0.001265305683
-0.000419757009
-0.1172268721
-0.06114666958
-0.03461357123
-0.01970901156
-0.0117261319
-0.007315633495
-0.004631323092
-0.002856683177
-0.001547095453
-0.0005154879143
-0.1121765729
-0.06192718761
-0.03657817357
-0.02179587649
-0.01332319127
-0.00842541203
-0.00537357074
-0.003329995034
-0.00180893876
-0.0006065728908
-0.1069458007
-0.06183349008
-0.03750636974
-0.0232032537
-0.0145686215
-0.009352489955
-0.006016031017
-0.003747310802
-0.002042314235
-0.0006891452795
-0.102022598
-0.06172365244
-0.03834906162
-0.02437370962
-0.01560379285
-0.01012997731
-0.006560710901
-0.004103931614
-0.002242935421
-0.0007609746714
-0.09776468957
-0.06142175957
-0.03893706918
-0.02524891298
-0.01641114667
-0.01074892742
-0.006999729687
-0.004393765404
-0.002406847648
-0.0008201837836
-0.09444021578
-0.06109051951
-0.03934832512
-0.02587555595
-0.01700464636
-0.01121067165
-0.007330005472
-0.004613118883
-0.002531262267
-0.0008650352375
-0.09223131803
-0.06084931053
-0.03962491908
-0.0262890166
-0.01739982639
-0.01151969737
-0.00755179533
-0.00476098588
-0.002615395371
-0.0008953481575
-0.09088862313
-0.06066195803
-0.03974814765
-0.02649340016
-0.01760663017
-0.01168412048
-0.007670128815
-0.004840027223
-0.002660516769
-0.0009102796849
-0.2713823318
-0.2809420673
-0.2855974831
-0.2854803698
-0.2806832297
-0.2715094974
-0.2585628409
-0.2428648595
-0.2256499841
-0.2142882064
-0.2481666591
-0.2564450214
-0.2608483825
-0.2614239254
-0.2585035658
-0.2520806859
-0.2429201002
-0.2306851852
-0.2160699042
-0.200709159
-0.213748203
-0.2217685758
-0.2262891514
-0.2274256891
-0.2253813593
-0.2203453296
-0.2127988687
-0.2030493533
-0.1912739123
-0.1791993228
-0.1852094329
-0.1931232614
-0.1975489595
-0.1988494232
-0.1973169732
-0.1932517609
-0.1869344825
-0.1788801165
-0.1691551334
-0.1590780724
-0.1668075271
-0.1736215172
-0.177664154
-0.1790011961
-0.1776871111
-0.1740917382
-0.1684192632
-0.161243063
-0.1526863483
-0.1436423142
-0.1493772231
-0.1564126571
-0.1606228742
-0.1622427183
-0.1614149775
-0.1584721791
-0.1536050636
-0.1473226302
-0.1397907411
-0.1316646587
-0.1387093198
-0.1449909548
-0.1488447712
-0.1503602979
-0.1496272542
-0.1469643665
-0.1425448002
-0.1368105501
-0.1299535416
-0.1225009874
-0.1297950975
-0.1361021679
-0.1400032784
-0.1416289695
-0.141105127
-0.1387125847
-0.1346413073
-0.1292984756
-0.1228880157
-0.1158843383
-0.1247677034
-0.1307393468
-0.1345098487
-0.1361412426
-0.1357177541
-0.1334891853
-0.1296436178
-0.1245545656
-0.1184245896
-0.1117079416
-0.1216440094
-0.1276271318
-0.1314190473
-0.1330976598
-0.1327677715
-0.1306599815
-0.1269535403
-0.121994394
-0.1159750304
-0.1093448609
0.02242871176
0.009398445971
-0.003887806826
-0.0184215639
-0.03450326768
-0.05163146526
-0.06847827822
-0.08305932549
-0.09258290644
-0.1080357606
-0.02247701508
-0.03738352034
-0.05273845307
-0.06943036197
-0.08772440801
-0.1070938004
-0.1260925392
-0.1426157962
-0.1530780363
-0.1700529551
-0.06679021642
-0.083436056
-0.1009153572
-0.1198616493
-0.1404074866
-0.1619569035
-0.1829475033
-0.2014321457
-0.2122453405
-0.2311085616
-0.1092626928
-0.1278444418
-0.1474689882
-0.1686389157
-0.1913940733
-0.2150211304
-0.2377104478
-0.2583233562
-0.2687404837
-0.2896327539
-0.1498563646
-0.1702154076
-0.1917797427
-0.2149634936
-0.239715201
-0.2651728903
-0.2890555814
-0.3111366774
-0.3221156688
-0.3431663001
-0.1881456963
-0.2099368388
-0.2331008893
-0.2579662845
-0.2844279124
-0.3113494953
-0.3362970552
-0.3578692509
-0.3702686329
-0.3906377156
-0.2231618798
-0.2460681989
-0.2704016519
-0.2963981405
-0.324586179
-0.3521102401
-0.3775105913
-0.398587699
-0.4116995382
-0.4312232022
-0.2539947841
-0.2779004281
-0.3032294806
-0.3302480923
-0.3584851621
-0.386406423
-0.4116989929
-0.4320353824
-0.445242225
-0.4640075445
-0.280976872
-0.3050303157
-0.3307194223
-0.3580334339
-0.386310759
-0.4138970062
-0.4383994807
-0.4576287565
-0.4703847916
-0.4883962252
-0.3020634013
-0.3263157004
-0.35219868
-0.3794970296
-0.40737061
-0.4340663355
-0.4571975742
-0.4749489625
-0.4868355323
-0.5040362784
0.3426843612
0.3466385141
0.3508273495
0.3548674071
0.3585809066
0.3618916793
0.364813533
0.3675495714
0.370322888
0.3697053488
0.3282783648
0.3314934379
0.3348499184
0.3379903131
0.3407598929
0.3431142112
0.3451263238
0.3470477346
0.3490852041
0.3473101254
0.3091203474
0.3114054195
0.3136602105
0.3155915662
0.3170857692
0.3181356617
0.3188854831
0.3196746061
0.3207578781
0.3176648293
0.2852105069
0.2864072887
0.2873229365
0.287768984
0.287691145
0.2871239495
0.2862948499
0.2856673412
0.2856037625
0.2810755098
0.2565832981
0.2565626233
0.2559433685
0.2546782974
0.2527856531
0.2503433055
0.2476721345
0.2453917801
0.2440286847
0.2379732692
0.2234416072
0.222163258
0.2198638196
0.2166964069
0.2127789528
0.2082411377
0.2035104717
0.1993924983
0.1966339823
0.1889846005
0.1861424375
0.1835326182
0.1794752453
0.1743226871
0.1682791854
0.1615239131
0.1545984907
0.1485158886
0.1443023242
0.1350238661
0.1457098674
0.1416997507
0.1356937305
0.128357649
0.1200075193
0.1108752322
0.1016279273
0.09350413505
0.08788552866
0.07694599866
0.1027665011
0.09749423951
0.08963018716
0.08012916485
0.06942659807
0.05783403666
0.04617267274
0.03592934733
0.02890721749
0.01636779948
0.05898591269
0.05170706938
0.04171778239
0.02994308077
0.016779749
0.00263900351
-0.01144567995
-0.02374181581
-0.03192846745
-0.04601174823
0.256798274
0.246226763
0.2610931549
0.2499682036
0.2632127581
0.2611283381
0.2705020258
0.2818959739
0.2964333691
0.3270323795
0.2557372975
0.2450198641
0.2597910039
0.2483083959
0.2612764167
0.2584435456
0.26730266
0.2769003582
0.2892945542
0.3189685113
0.2546459869
0.243764675
0.2584585818
0.2465471767
0.2592676596
0.2555325506
0.2638472764
0.2712399534
0.281051503
0.3079853396
0.2535302518
0.2424710142
0.2571007128
0.2446944222
0.2571875249
0.2524062982
0.2601282203
0.2649503418
0.2716500612
0.2939179404
0.2523962464
0.2411500367
0.2557214734
0.2427620153
0.2550358713
0.2490792846
0.256129724
0.2580204261
0.2611949917
0.2765162906
0.2512501835
0.2398137039
0.2543242765
0.2407631672
0.252811525
0.2455682098
0.2518305294
0.2504495163
0.2498371313
0.2554421009
0.2500985904
0.2384740557
0.2529120555
0.2387117308
0.2505129285
0.2418891202
0.2472045557
0.2422558989
0.237683903
0.2306320247
0.248948344
0.2371425663
0.251487601
0.2366231004
0.248141066
0.2380590399
0.2422251125
0.2334679519
0.2247313697
0.2017420565
0.2478089286
0.2358336341
0.2500546559
0.2345194057
0.2457066855
0.2341142998
0.2369045787
0.2240817781
0.2104516234
0.1693929061
0.2467122246
0.2345703646
0.2486177298
0.2324211419
0.2432374653
0.2301687368
0.2316523472
0.2150968781
0.1975341296
0.1367880351
0.2452156959
0.2329563561
0.2466789567
0.2296759605
0.2396725701
0.2245868072
0.2234239024
0.2021145315
0.1771354408
0.1043373025
0.2436514251
0.2310682691
0.2445470242
0.2266484191
0.2357584323
0.218938828
0.2154742972
0.1913021308
0.163269488
0.09352070023
0.2421150706
0.2292851809
0.2425342412
0.223831158
0.2320857749
0.2137802189
0.2080539134
0.1819468787
0.1508602616
0.08285680264
0.2407260738
0.2276576664
0.2406875906
0.2212713314
0.2287236257
0.2092057688
0.2013242795
0.1742908848
0.1398423713
0.07629071479
0.2394849026
0.2262090093
0.2390430891
0.2190133657
0.2257482496
0.2052712469
0.1954736308
0.1681743349
0.1306993518
0.07331862783
0.23841628
0.2249648633
0.2376298787
0.2170887901
0.223208431
0.201987633
0.1905784615
0.1633022948
0.1236376074
0.07145568279
0.237538615
0.2239453075
0.2364713985
0.2155217924
0.2211400914
0.1993583498
0.1866753985
0.1595219231
0.1184368322
0.07004105048
0.2368639425
0.2231666271
0.2355867167
0.2143318566
0.2195701808
0.1973880101
0.1837802228
0.1567821912
0.1147316094
0.06896902562
0.2364185324
0.222643864
0.2349940183
0.2135350585
0.2185230565
0.196082689
0.1818918205
0.1550088803
0.1124269967
0.0682595511
0.2361419833
0.2223467677
0.2346512766
0.213087617
0.2179219466
0.1953509607
0.1808333753
0.1540196769
0.1111843617
0.06784324417
0.02609641335
-0.01313130392
-0.05176173331
-0.0881448463
-0.1229317929
-0.1561736026
-0.1867844819
-0.213354502
-0.2354931029
-0.2562989952
0.01615727412
-0.01587369254
-0.04887993981
-0.08046760957
-0.1108114983
-0.1401338019
-0.1683273614
-0.1951410885
-0.2193388553
-0.235887462
0.01156491115
-0.01526297108
-0.04309148429
-0.07057786746
-0.09710907871
-0.1225019483
-0.1464044
-0.1680486487
-0.1862535564
-0.2019322371
0.01153051934
-0.01179521783
-0.03530381876
-0.05835342799
-0.08060646342
-0.1020821449
-0.122647146
-0.1419006843
-0.1592433662
-0.1738219057
0.01343634984
-0.007939605075
-0.029106979
-0.05010212705
-0.07101618997
-0.09166706792
-0.1113849205
-0.1293033837
-0.1446661316
-0.1571913641
0.01561120132
-0.004457011286
-0.02407712905
-0.04339605617
-0.06247847553
-0.08090660568
-0.09810241568
-0.1137308654
-0.1276502149
-0.1396596851
0.01772582049
-0.001388331371
-0.01991194293
-0.03801011202
-0.05584054752
-0.07321882846
-0.08980539627
-0.1051564423
-0.1187257982
-0.1299847353
0.01948756497
0.001003250138
-0.01682521151
-0.03417758102
-0.05126245786
-0.0679314304
-0.083728969
-0.09808912376
-0.1106021749
-0.121213211
0.02073361758
0.002577126488
-0.01488919824
-0.03183196493
-0.04846139731
-0.06464090968
-0.07994441026
-0.09392499336
-0.1062469476
-0.1166084649
0.02128979443
0.003198648947
-0.01413892379
-0.03087493019
-0.04721531043
-0.06304470753
-0.07796492979
-0.09154267749
-0.1034600605
-0.1135394845
-0.6135111398
-0.6084137136
-0.5937929481
-0.5704525269
-0.5441596898
-0.5189093116
-0.496547332
-0.4777036792
-0.4625505426
-0.4509883395
-0.6241545671
-0.6179084149
-0.6048475892
-0.5846340873
-0.5613716271
-0.5386265481
-0.5182364267
-0.5008720824
-0.4866271897
-0.4754905354
-0.6147216456
-0.6070298392
-0.5954247197
-0.5783277862
-0.5583274298
-0.5383789783
-0.5201239233
-0.5042826164
-0.4909310363
-0.4798834835
-0.5888077816
-0.579798457
-0.5694814213
-0.5552025998
-0.5384867638
-0.5216298391
-0.5058689105
-0.4917414577
-0.479407171
-0.4685358291
-0.5516204277
-0.5415419172
-0.5324101073
-0.5205793635
-0.507039283
-0.493439025
-0.4804670851
-0.4682268903
-0.45677102
-0.4457821042
-0.5095619943
-0.498657059
-0.4907127831
-0.4811699251
-0.4707868658
-0.4606172436
-0.4507068626
-0.4406330806
-0.4302742661
-0.4195127146
-0.4687127788
-0.4573567852
-0.4507629453
-0.4435884206
-0.4364361392
-0.4297934494
-0.4230466436
-0.4152866249
-0.4061175858
-0.3959464562
-0.4323103449
-0.4211677012
-0.4161621003
-0.41155425
-0.4075836942
-0.4041345698
-0.4000277223
-0.3939957479
-0.3856550331
-0.3761879382
-0.3988086716
-0.3883978687
-0.3852723214
-0.383004508
-0.3815060262
-0.3801895488
-0.3774496352
-0.3716507633
-0.3623987284
-0.3533944903
-0.3638930613
-0.3544697625
-0.3532883644
-0.3524301349
-0.3519447798
-0.3508344152
-0.3470345261
-0.3380247326
-0.3221048137
-0.3042521234
-0.323205692
-0.3145453006
-0.314944055
-0.3143018601
-0.3135912124
-0.3115743657
-0.3063871892
-0.2960366927
-0.2773849978
-0.2470375383
-0.277448224
-0.2684050655
-0.2718002375
-0.2682871684
-0.2675583173
-0.2649541222
-0.2595488458
-0.2504109509
-0.2360301326
-0.2131633019
-0.2287332625
-0.2220576596
-0.2229780181
-0.221633501
-0.2194882445
-0.215979616
-0.21040144
-0.2023273731
-0.1912056711
-0.1757830031
-0.1833273332
-0.1777686001
-0.1781348307
-0.1766298819
-0.1739092485
-0.1698634706
-0.1642275776
-0.1568874225
-0.1477984663
-0.1369150099
-0.143957824
-0.1389475722
-0.1391721896
-0.1374888811
-0.1344948754
-0.1302656146
-0.1248180866
-0.1182417756
-0.1106890231
-0.1024498977
-0.111715348
-0.1070003423
-0.1071772062
-0.10536846
-0.102271365
-0.09802063698
-0.09277715603
-0.08662514051
-0.08000890885
-0.07294877384
-0.08671134453
-0.08217903835
-0.082353301
-0.08049988773
-0.0772865761
-0.07300645811
-0.06785724973
-0.06212443727
-0.05608957014
-0.04979874787
-0.06860107478
-0.06419012563
-0.0643269601
-0.06237709572
-0.05914369018
-0.0549021125
-0.04976650732
-0.04428357448
-0.03864082651
-0.03289588509
-0.05703453842
-0.05272304049
-0.05281641577
-0.05079102539
-0.04752316178
-0.04327157373
-0.0382624043
-0.03288368512
-0.02745819775
-0.02206936326
-0.05172886817
-0.04748600265
-0.04756280233
-0.04548243093
-0.04220934416
-0.0379592127
-0.03298941325
-0.02764765342
-0.02230454631
-0.01710583439
-0.1760723268
-0.005323572519
0.0103129623
0.008849716817
0.007554864825
0.005992407713
0.00444171787
0.003037223734
0.001757398837
0.0006428656881
-0.1476775321
0.009425730645
0.01253511587
0.009772968731
0.007909192217
0.005969058112
0.004321383783
0.002934292087
0.001693101541
0.000625160976
-0.1110332506
0.01644185378
0.01312713941
0.009691424969
0.007613326202
0.00580512823
0.004177471
0.002821740493
0.001624278831
0.0006043173087
-0.07614356938
0.01844176422
0.01381978604
0.009758624709
0.007554272235
0.005637376916
0.004017993949
0.002700014083
0.001550604756
0.0005806346726
-0.0466569846
0.01829259525
0.01439316201
0.009740841268
0.007374905451
0.005430554472
0.003839092371
0.002567755388
0.001471416204
0.0005539365391
-0.02340233754
0.01715005898
0.0144702769
0.009601264814
0.00712650052
0.005186253067
0.003639496249
0.002423778285
0.001386142972
0.0005240314369
-0.006405958653
0.01560237532
0.01398563065
0.009332685382
0.006808945704
0.004901124543
0.003416778758
0.002266790091
0.001294218883
0.0004907525705
0.004701206634
0.01380097132
0.01301700865
0.008910206434
0.006415015955
0.004571619235
0.003168801286
0.002095630013
0.001195081394
0.0004539520965
0.01065927817
0.01160412216
0.01161047116
0.008306360526
0.00593759164
0.004194766303
0.002893762489
0.001909249275
0.001088182087
0.000413507348
0.0122965485
0.00880324392
0.009835821827
0.007503509203
0.005369724343
0.003767767451
0.002590117459
0.001706717965
0.0009730075492
0.0003693326259
-0.1167230094
-0.02255330214
0.006827032058
0.007693403752
0.007077784947
0.005912145714
0.004521839301
0.003163040809
0.00185017864
0.0006599465419
-0.1243003125
-0.02246258095
0.00708577794
0.00779236573
0.007129292904
0.005908794312
0.004519846662
0.003157068354
0.001845043251
0.0006595563891
-0.1374609173
-0.02146409973
0.007732368065
0.008062235436
0.007269058094
0.005981748475
0.004522472201
0.003146611117
0.001835981664
0.0006582979452
-0.1601326091
-0.02152616041
0.007952861576
0.008232476702
0.007363020629
0.00596447579
0.004522190586
0.003130103545
0.001821818109
0.0006559034896
-0.1890035354
-0.01273900375
0.01119037493
0.009695615677
0.007907381688
0.006224649107
0.00453041234
0.003106869473
0.001801929967
0.0006527512218
-0.4348543849
-0.4582127185
-0.4635848807
-0.4550453432
-0.4318274818
-0.4013029615
-0.3612986115
-0.3215943973
-0.2749340401
-0.230711185
-0.4360773226
-0.4594754475
-0.4645299583
-0.4550395854
-0.4312298895
-0.4000321667
-0.3613361491
-0.3223311226
-0.2790015666
-0.2384111933
-0.4381568021
-0.4616361714
-0.4665603647
-0.4561548673
-0.4318524274
-0.4001118805
-0.3640044494
-0.3273300787
-0.2897999407
-0.2537908645
-0.4413710037
-0.4649902626
-0.4696525875
-0.4584470328
-0.4339978325
-0.4025362221
-0.3689831158
-0.3359836103
-0.3046244663
-0.2748847603
-0.4447143137
-0.4687143977
-0.473569561
-0.462904992
-0.4397692341
-0.4123650167
-0.3862987937
-0.3624227829
-0.3365080605
-0.3005453901
0.2538387782
0.2484693398
0.2401598721
0.2307890854
0.2207918933
0.2099454855
0.1984061779
0.1876310172
0.182296402
0.184211468
0.2745278414
0.2744270815
0.2713089693
0.2663981084
0.260320447
0.2531334676
0.2450831807
0.237456916
0.234244659
0.2364368001
0.2970131837
0.2984447336
0.2977334831
0.295658048
0.292624943
0.2886317544
0.283817659
0.2791925819
0.2779924961
0.2803585628
0.3160879068
0.3188756421
0.3203018711
0.3207240455
0.3203265636
0.3190402125
0.3169265281
0.3147907234
0.3151870662
0.3176257378
0.3327406967
0.3364816754
0.3392944951
0.3413583755
0.3427619998
0.343408123
0.3433025033
0.3430824214
0.34467753
0.3470445716
0.345229008
0.3495985269
0.3534790439
0.3568501587
0.3596967985
0.3618978609
0.3634148594
0.3647387504
0.3672467684
0.3694153845
0.3537096556
0.3584559289
0.363025369
0.3672568582
0.3710617649
0.3743110738
0.3769446923
0.3793401193
0.3824716772
0.3843188743
0.3577801254
0.3626653297
0.3676037805
0.372327614
0.3766952559
0.3805780522
0.3839086975
0.3869742772
0.3904533185
0.391873974
0.3573662386
0.362164294
0.3671555525
0.3720014403
0.3765291163
0.3806198879
0.3842167079
0.3875452742
0.39106999
0.3920018323
0.3523582696
0.3568442017
0.3615820062
0.3661957375
0.3705013035
0.3743971019
0.3778525835
0.3810627723
0.3843364308
0.3846422663
-0.4035203077
-0.416871095
-0.433580753
-0.4540796612
-0.478312569
-0.50577598
-0.5346812537
-0.5608312881
-0.5771812291
-0.5808693814
-0.3381038501
-0.3528212827
-0.3711675133
-0.3932831284
-0.4190662813
-0.4484404496
-0.47928131
-0.5075277422
-0.5253708112
-0.5275792671
-0.2609893079
-0.2770483649
-0.2966352117
-0.3197917096
-0.3465376384
-0.3764385061
-0.4078898426
-0.4372026235
-0.4562522298
-0.456906065
-0.1768739126
-0.1944696395
-0.2149446003
-0.2383320136
-0.2649604143
-0.2944516625
-0.3256568572
-0.3549024093
-0.3754116885
-0.3728198334
-0.09371107394
-0.111579601
-0.131968745
-0.1547215092
-0.1804101905
-0.2087812978
-0.2386808723
-0.2667942426
-0.2857099223
-0.2840177471
-0.01570884221
-0.03279564989
-0.05218016372
-0.07351234549
-0.09743764719
-0.1237943097
-0.1515167098
-0.1775884646
-0.1944258528
-0.1929553671
0.05491280403
0.03937665563
0.02180749118
0.002647053555
-0.0188066017
-0.04248644318
-0.06742306862
-0.09084249822
-0.1053437995
-0.103888895
0.1203807741
0.1064385657
0.09073542839
0.07375607183
0.05475008339
0.03369678874
0.01149160266
-0.009272278247
-0.02161918822
-0.02014955879
0.1844294124
0.1705356709
0.1552668167
0.1393209562
0.1219887875
0.1031215569
0.08343649029
0.06523866008
0.05484837829
0.05625281456
0.2409976951
0.2255950182
0.2094277371
0.1939108498
0.1783578879
0.1622380558
0.1458242411
0.1308732094
0.1227876137
0.1243214497
0.2645541123
0.2546614251
0.2710725559
0.2606484647
0.2779655727
0.2759788256
0.289249043
0.2972970864
0.3009105501
0.2737266678
0.2640698444
0.2541266428
0.2704129789
0.2599895399
0.2768960442
0.2752019372
0.2879707654
0.2978152008
0.3047223436
0.2854857067
0.2635163709
0.2535278445
0.2696652658
0.259263076
0.2757405092
0.2744140267
0.2871376936
0.2988115735
0.3102286184
0.3029178616
0.262894721
0.2528603488
0.2688332116
0.2584605673
0.2744921718
0.2734736109
0.2858572531
0.2987780406
0.3131424666
0.3136403196
0.2622035266
0.2521230478
0.2679213435
0.2575695968
0.2731484761
0.2723537428
0.2843799656
0.2982208707
0.3147100242
0.3227436119
0.2614447097
0.2513151767
0.2669343927
0.2565802884
0.2717102014
0.2710405064
0.2826769146
0.2970548705
0.3148356899
0.3292555512
0.2606221754
0.2504360186
0.2658780257
0.2554850268
0.2701801344
0.2695180233
0.2807376603
0.295280494
0.313603259
0.3334857826
0.2597407318
0.2494855527
0.2647587732
0.254278206
0.2685617509
0.2677723302
0.2785578053
0.2928927923
0.3110833379
0.3354477791
0.2588057529
0.2484650222
0.2635835801
0.2529564956
0.2668586695
0.2657943793
0.2761301182
0.2898771619
0.3073538401
0.3351038276
0.2578229849
0.2473772579
0.2623594447
0.2515191586
0.2650745162
0.2635797893
0.2734458642
0.2862171696
0.3024615049
0.3323539616
0.2657962298
0.2559398721
0.2724968815
0.2619098885
0.2792233346
0.2758202012
0.2864057408
0.2879646822
0.2746860429
0.2460829548
0.2657036699
0.2558476755
0.272409396
0.2618272321
0.279177265
0.2758632441
0.2867316505
0.2886705699
0.2768671354
0.2462216333
0.2655323786
0.2556889632
0.2722280786
0.2616802279
0.2790658645
0.2759371476
0.2872043681
0.289930105
0.2805149747
0.246729757
0.2652770363
0.2554500777
0.271955694
0.2614553219
0.2788841729
0.276027729
0.2879552623
0.291765583
0.2856153089
0.2481179803
0.2649372789
0.2551293485
0.2715923859
0.2611495956
0.2786197944
0.2760526869
0.2884916508
0.2938567249
0.2917072488
0.248247153
0.1733834734
0.1395851751
0.09483203558
0.03808038852
-0.02860325834
-0.1029916453
-0.1818680752
-0.2606381341
-0.3309247904
-0.3905507125
0.178671836
0.1447933769
0.09963270789
0.04306517618
-0.02331716339
-0.09788317448
-0.1775353266
-0.2577722099
-0.3296453943
-0.3908769308
0.1892700217
0.1528131959
0.10540318
0.04813120897
-0.01842443576
-0.09346698529
-0.1740104233
-0.2559642836
-0.3291420597
-0.3919753029
0.2054339302
0.1634714469
0.1119302301
0.05321779775
-0.01400709144
-0.08985298038
-0.171299416
-0.2559025562
-0.3302971537
-0.3943951024
0.2272408891
0.1730773598
0.1135603171
0.05217579979
-0.01543719278
-0.09123008371
-0.1726513398
-0.2560625384
-0.3309872462
-0.3967904161
)
;

boundaryField
{
    left
    {
        type            zeroGradient;
    }
    right
    {
        type            fixedValue;
        value           uniform 0;
    }
    down
    {
        type            zeroGradient;
    }
    up
    {
        type            zeroGradient;
    }
    cylinder
    {
        type            zeroGradient;
    }
    defaultFaces
    {
        type            empty;
    }
}


// ************************************************************************* //
