/*--------------------------------*- C++ -*----------------------------------*\
  =========                 |
  \\      /  F ield         | OpenFOAM: The Open Source CFD Toolbox
   \\    /   O peration     | Website:  https://openfoam.org
    \\  /    A nd           | Version:  11
     \\/     M anipulation  |
\*---------------------------------------------------------------------------*/
FoamFile
{
    format      ascii;
    class       volVectorField;
    location    "1000";
    object      C;
}
// * * * * * * * * * * * * * * * * * * * * * * * * * * * * * * * * * * * * * //

dimensions      [0 1 0 0 0 0 0];

internalField   nonuniform List<vector> 
1681
(
(0.001219512195 0.001219512195 0.005)
(0.003658536585 0.001219512195 0.005)
(0.006097560975 0.001219512195 0.005)
(0.008536585366 0.001219512195 0.005)
(0.01097560976 0.001219512195 0.005)
(0.01341463414 0.001219512195 0.005)
(0.01585365853 0.001219512195 0.005)
(0.01829268293 0.001219512195 0.005)
(0.02073170731 0.001219512195 0.005)
(0.0231707317 0.001219512195 0.005)
(0.02560975609 0.001219512195 0.005)
(0.02804878048 0.001219512195 0.005)
(0.03048780487 0.001219512195 0.005)
(0.03292682926 0.001219512195 0.005)
(0.03536585365 0.001219512195 0.005)
(0.03780487804 0.001219512195 0.005)
(0.04024390243 0.001219512195 0.005)
(0.04268292682 0.001219512195 0.005)
(0.04512195122 0.001219512195 0.005)
(0.04756097561 0.001219512195 0.005)
(0.05 0.001219512195 0.005)
(0.05243902439 0.001219512195 0.005)
(0.05487804878 0.001219512195 0.005)
(0.05731707317 0.001219512195 0.005)
(0.05975609756 0.001219512195 0.005)
(0.06219512196 0.001219512195 0.005)
(0.06463414635 0.001219512195 0.005)
(0.06707317073 0.001219512195 0.005)
(0.06951219512 0.001219512195 0.005)
(0.07195121951 0.001219512195 0.005)
(0.07439024391 0.001219512195 0.005)
(0.0768292683 0.001219512195 0.005)
(0.07926829268 0.001219512195 0.005)
(0.08170731707 0.001219512195 0.005)
(0.08414634146 0.001219512195 0.005)
(0.08658536586 0.001219512195 0.005)
(0.08902439024 0.001219512195 0.005)
(0.09146341464 0.001219512195 0.005)
(0.09390243902 0.001219512195 0.005)
(0.09634146342 0.001219512195 0.005)
(0.09878048781 0.001219512195 0.005)
(0.001219512195 0.003658536585 0.005)
(0.003658536585 0.003658536585 0.005)
(0.006097560976 0.003658536585 0.005)
(0.008536585366 0.003658536585 0.005)
(0.01097560976 0.003658536585 0.005)
(0.01341463415 0.003658536585 0.005)
(0.01585365853 0.003658536585 0.005)
(0.01829268293 0.003658536585 0.005)
(0.02073170731 0.003658536585 0.005)
(0.02317073171 0.003658536585 0.005)
(0.0256097561 0.003658536585 0.005)
(0.02804878048 0.003658536585 0.005)
(0.03048780487 0.003658536585 0.005)
(0.03292682926 0.003658536585 0.005)
(0.03536585366 0.003658536585 0.005)
(0.03780487804 0.003658536585 0.005)
(0.04024390243 0.003658536585 0.005)
(0.04268292683 0.003658536585 0.005)
(0.04512195122 0.003658536585 0.005)
(0.0475609756 0.003658536585 0.005)
(0.05 0.003658536585 0.005)
(0.05243902439 0.003658536585 0.005)
(0.05487804878 0.003658536585 0.005)
(0.05731707317 0.003658536585 0.005)
(0.05975609756 0.003658536585 0.005)
(0.06219512196 0.003658536585 0.005)
(0.06463414635 0.003658536585 0.005)
(0.06707317074 0.003658536585 0.005)
(0.06951219513 0.003658536585 0.005)
(0.07195121952 0.003658536585 0.005)
(0.07439024391 0.003658536585 0.005)
(0.0768292683 0.003658536585 0.005)
(0.07926829269 0.003658536585 0.005)
(0.08170731708 0.003658536585 0.005)
(0.08414634147 0.003658536585 0.005)
(0.08658536586 0.003658536585 0.005)
(0.08902439025 0.003658536585 0.005)
(0.09146341464 0.003658536585 0.005)
(0.09390243903 0.003658536585 0.005)
(0.09634146342 0.003658536585 0.005)
(0.09878048781 0.003658536585 0.005)
(0.001219512195 0.006097560975 0.005)
(0.003658536585 0.006097560975 0.005)
(0.006097560975 0.006097560975 0.005)
(0.008536585366 0.006097560975 0.005)
(0.01097560976 0.006097560975 0.005)
(0.01341463414 0.006097560975 0.005)
(0.01585365853 0.006097560975 0.005)
(0.01829268293 0.006097560976 0.005)
(0.02073170731 0.006097560975 0.005)
(0.0231707317 0.006097560976 0.005)
(0.02560975609 0.006097560976 0.005)
(0.02804878048 0.006097560975 0.005)
(0.03048780487 0.006097560975 0.005)
(0.03292682926 0.006097560975 0.005)
(0.03536585366 0.006097560975 0.005)
(0.03780487805 0.006097560976 0.005)
(0.04024390243 0.006097560975 0.005)
(0.04268292683 0.006097560975 0.005)
(0.04512195121 0.006097560976 0.005)
(0.0475609756 0.006097560975 0.005)
(0.05 0.006097560975 0.005)
(0.05243902439 0.006097560976 0.005)
(0.05487804879 0.006097560975 0.005)
(0.05731707317 0.006097560975 0.005)
(0.05975609756 0.006097560975 0.005)
(0.06219512195 0.006097560976 0.005)
(0.06463414634 0.006097560975 0.005)
(0.06707317073 0.006097560975 0.005)
(0.06951219512 0.006097560976 0.005)
(0.07195121951 0.006097560976 0.005)
(0.0743902439 0.006097560975 0.005)
(0.0768292683 0.006097560975 0.005)
(0.07926829268 0.006097560976 0.005)
(0.08170731708 0.006097560975 0.005)
(0.08414634146 0.006097560975 0.005)
(0.08658536585 0.006097560975 0.005)
(0.08902439024 0.006097560975 0.005)
(0.09146341463 0.006097560976 0.005)
(0.09390243903 0.006097560976 0.005)
(0.09634146341 0.006097560975 0.005)
(0.0987804878 0.006097560975 0.005)
(0.001219512195 0.008536585366 0.005)
(0.003658536585 0.008536585366 0.005)
(0.006097560975 0.008536585366 0.005)
(0.008536585366 0.008536585366 0.005)
(0.01097560976 0.008536585366 0.005)
(0.01341463415 0.008536585366 0.005)
(0.01585365853 0.008536585366 0.005)
(0.01829268293 0.008536585366 0.005)
(0.02073170732 0.008536585366 0.005)
(0.0231707317 0.008536585366 0.005)
(0.02560975609 0.008536585366 0.005)
(0.02804878049 0.008536585366 0.005)
(0.03048780487 0.008536585366 0.005)
(0.03292682926 0.008536585366 0.005)
(0.03536585365 0.008536585366 0.005)
(0.03780487805 0.008536585366 0.005)
(0.04024390243 0.008536585366 0.005)
(0.04268292683 0.008536585366 0.005)
(0.04512195121 0.008536585366 0.005)
(0.0475609756 0.008536585366 0.005)
(0.05 0.008536585366 0.005)
(0.05243902439 0.008536585366 0.005)
(0.05487804879 0.008536585366 0.005)
(0.05731707317 0.008536585366 0.005)
(0.05975609756 0.008536585366 0.005)
(0.06219512195 0.008536585366 0.005)
(0.06463414635 0.008536585366 0.005)
(0.06707317073 0.008536585366 0.005)
(0.06951219513 0.008536585366 0.005)
(0.07195121951 0.008536585366 0.005)
(0.07439024391 0.008536585366 0.005)
(0.0768292683 0.008536585366 0.005)
(0.07926829268 0.008536585366 0.005)
(0.08170731707 0.008536585366 0.005)
(0.08414634146 0.008536585366 0.005)
(0.08658536585 0.008536585366 0.005)
(0.08902439024 0.008536585366 0.005)
(0.09146341463 0.008536585366 0.005)
(0.09390243902 0.008536585366 0.005)
(0.09634146341 0.008536585366 0.005)
(0.0987804878 0.008536585366 0.005)
(0.001219512195 0.01097560976 0.005)
(0.003658536585 0.01097560976 0.005)
(0.006097560975 0.01097560976 0.005)
(0.008536585366 0.01097560976 0.005)
(0.01097560976 0.01097560976 0.005)
(0.01341463414 0.01097560976 0.005)
(0.01585365853 0.01097560976 0.005)
(0.01829268292 0.01097560976 0.005)
(0.02073170731 0.01097560976 0.005)
(0.0231707317 0.01097560976 0.005)
(0.0256097561 0.01097560976 0.005)
(0.02804878048 0.01097560976 0.005)
(0.03048780487 0.01097560976 0.005)
(0.03292682926 0.01097560976 0.005)
(0.03536585366 0.01097560976 0.005)
(0.03780487805 0.01097560976 0.005)
(0.04024390243 0.01097560976 0.005)
(0.04268292682 0.01097560976 0.005)
(0.04512195122 0.01097560976 0.005)
(0.0475609756 0.01097560976 0.005)
(0.05 0.01097560976 0.005)
(0.05243902439 0.01097560976 0.005)
(0.05487804878 0.01097560976 0.005)
(0.05731707317 0.01097560976 0.005)
(0.05975609756 0.01097560976 0.005)
(0.06219512196 0.01097560976 0.005)
(0.06463414634 0.01097560976 0.005)
(0.06707317073 0.01097560976 0.005)
(0.06951219512 0.01097560976 0.005)
(0.07195121951 0.01097560976 0.005)
(0.07439024391 0.01097560976 0.005)
(0.0768292683 0.01097560976 0.005)
(0.07926829268 0.01097560976 0.005)
(0.08170731707 0.01097560976 0.005)
(0.08414634146 0.01097560976 0.005)
(0.08658536585 0.01097560976 0.005)
(0.08902439025 0.01097560976 0.005)
(0.09146341463 0.01097560976 0.005)
(0.09390243902 0.01097560976 0.005)
(0.09634146341 0.01097560976 0.005)
(0.0987804878 0.01097560976 0.005)
(0.001219512195 0.01341463414 0.005)
(0.003658536585 0.01341463414 0.005)
(0.006097560975 0.01341463414 0.005)
(0.008536585366 0.01341463415 0.005)
(0.01097560976 0.01341463414 0.005)
(0.01341463415 0.01341463415 0.005)
(0.01585365854 0.01341463414 0.005)
(0.01829268293 0.01341463414 0.005)
(0.02073170731 0.01341463414 0.005)
(0.0231707317 0.01341463414 0.005)
(0.02560975609 0.01341463415 0.005)
(0.02804878048 0.01341463415 0.005)
(0.03048780487 0.01341463414 0.005)
(0.03292682926 0.01341463414 0.005)
(0.03536585366 0.01341463414 0.005)
(0.03780487805 0.01341463414 0.005)
(0.04024390243 0.01341463415 0.005)
(0.04268292683 0.01341463414 0.005)
(0.04512195121 0.01341463414 0.005)
(0.0475609756 0.01341463415 0.005)
(0.05 0.01341463414 0.005)
(0.0524390244 0.01341463415 0.005)
(0.05487804879 0.01341463414 0.005)
(0.05731707318 0.01341463415 0.005)
(0.05975609756 0.01341463414 0.005)
(0.06219512196 0.01341463415 0.005)
(0.06463414635 0.01341463414 0.005)
(0.06707317073 0.01341463414 0.005)
(0.06951219512 0.01341463414 0.005)
(0.07195121952 0.01341463415 0.005)
(0.07439024391 0.01341463414 0.005)
(0.07682926829 0.01341463414 0.005)
(0.07926829268 0.01341463414 0.005)
(0.08170731708 0.01341463414 0.005)
(0.08414634146 0.01341463414 0.005)
(0.08658536585 0.01341463414 0.005)
(0.08902439025 0.01341463414 0.005)
(0.09146341463 0.01341463414 0.005)
(0.09390243902 0.01341463414 0.005)
(0.09634146341 0.01341463414 0.005)
(0.0987804878 0.01341463414 0.005)
(0.001219512195 0.01585365853 0.005)
(0.003658536585 0.01585365853 0.005)
(0.006097560975 0.01585365853 0.005)
(0.008536585366 0.01585365853 0.005)
(0.01097560976 0.01585365854 0.005)
(0.01341463414 0.01585365854 0.005)
(0.01585365854 0.01585365854 0.005)
(0.01829268292 0.01585365853 0.005)
(0.02073170731 0.01585365854 0.005)
(0.0231707317 0.01585365853 0.005)
(0.02560975609 0.01585365853 0.005)
(0.02804878048 0.01585365853 0.005)
(0.03048780487 0.01585365853 0.005)
(0.03292682926 0.01585365854 0.005)
(0.03536585366 0.01585365853 0.005)
(0.03780487804 0.01585365853 0.005)
(0.04024390243 0.01585365854 0.005)
(0.04268292683 0.01585365854 0.005)
(0.04512195122 0.01585365854 0.005)
(0.0475609756 0.01585365853 0.005)
(0.05 0.01585365853 0.005)
(0.05243902439 0.01585365854 0.005)
(0.05487804878 0.01585365853 0.005)
(0.05731707317 0.01585365853 0.005)
(0.05975609756 0.01585365853 0.005)
(0.06219512195 0.01585365854 0.005)
(0.06463414634 0.01585365853 0.005)
(0.06707317073 0.01585365853 0.005)
(0.06951219512 0.01585365853 0.005)
(0.07195121952 0.01585365853 0.005)
(0.07439024391 0.01585365853 0.005)
(0.0768292683 0.01585365854 0.005)
(0.07926829269 0.01585365854 0.005)
(0.08170731708 0.01585365853 0.005)
(0.08414634146 0.01585365853 0.005)
(0.08658536586 0.01585365853 0.005)
(0.08902439025 0.01585365854 0.005)
(0.09146341463 0.01585365853 0.005)
(0.09390243902 0.01585365853 0.005)
(0.09634146341 0.01585365853 0.005)
(0.0987804878 0.01585365853 0.005)
(0.001219512195 0.01829268293 0.005)
(0.003658536585 0.01829268292 0.005)
(0.006097560976 0.01829268293 0.005)
(0.008536585366 0.01829268292 0.005)
(0.01097560976 0.01829268292 0.005)
(0.01341463414 0.01829268292 0.005)
(0.01585365854 0.01829268292 0.005)
(0.01829268293 0.01829268293 0.005)
(0.02073170731 0.01829268292 0.005)
(0.0231707317 0.01829268293 0.005)
(0.02560975609 0.01829268292 0.005)
(0.02804878048 0.01829268292 0.005)
(0.03048780487 0.01829268292 0.005)
(0.03292682926 0.01829268292 0.005)
(0.03536585366 0.01829268292 0.005)
(0.03780487805 0.01829268292 0.005)
(0.04024390243 0.01829268292 0.005)
(0.04268292683 0.01829268293 0.005)
(0.04512195122 0.01829268293 0.005)
(0.0475609756 0.01829268292 0.005)
(0.05 0.01829268292 0.005)
(0.05243902439 0.01829268293 0.005)
(0.05487804878 0.01829268293 0.005)
(0.05731707317 0.01829268293 0.005)
(0.05975609756 0.01829268293 0.005)
(0.06219512195 0.01829268292 0.005)
(0.06463414635 0.01829268293 0.005)
(0.06707317073 0.01829268293 0.005)
(0.06951219512 0.01829268293 0.005)
(0.07195121951 0.01829268292 0.005)
(0.0743902439 0.01829268292 0.005)
(0.07682926829 0.01829268292 0.005)
(0.07926829269 0.01829268293 0.005)
(0.08170731707 0.01829268293 0.005)
(0.08414634146 0.01829268292 0.005)
(0.08658536586 0.01829268292 0.005)
(0.08902439024 0.01829268292 0.005)
(0.09146341463 0.01829268292 0.005)
(0.09390243903 0.01829268293 0.005)
(0.09634146341 0.01829268292 0.005)
(0.09878048781 0.01829268292 0.005)
(0.001219512195 0.02073170731 0.005)
(0.003658536585 0.02073170732 0.005)
(0.006097560975 0.02073170731 0.005)
(0.008536585366 0.02073170731 0.005)
(0.01097560976 0.02073170731 0.005)
(0.01341463415 0.02073170731 0.005)
(0.01585365853 0.02073170732 0.005)
(0.01829268292 0.02073170731 0.005)
(0.02073170732 0.02073170732 0.005)
(0.02317073171 0.02073170731 0.005)
(0.02560975609 0.02073170732 0.005)
(0.02804878048 0.02073170732 0.005)
(0.03048780487 0.02073170732 0.005)
(0.03292682926 0.02073170731 0.005)
(0.03536585366 0.02073170731 0.005)
(0.03780487805 0.02073170732 0.005)
(0.04024390243 0.02073170731 0.005)
(0.04268292682 0.02073170731 0.005)
(0.04512195121 0.02073170731 0.005)
(0.0475609756 0.02073170731 0.005)
(0.05 0.02073170731 0.005)
(0.05243902439 0.02073170731 0.005)
(0.05487804879 0.02073170732 0.005)
(0.05731707317 0.02073170732 0.005)
(0.05975609756 0.02073170731 0.005)
(0.06219512195 0.02073170731 0.005)
(0.06463414634 0.02073170731 0.005)
(0.06707317073 0.02073170731 0.005)
(0.06951219512 0.02073170731 0.005)
(0.07195121951 0.02073170731 0.005)
(0.07439024391 0.02073170732 0.005)
(0.07682926829 0.02073170731 0.005)
(0.07926829268 0.02073170731 0.005)
(0.08170731707 0.02073170731 0.005)
(0.08414634146 0.02073170731 0.005)
(0.08658536585 0.02073170732 0.005)
(0.08902439025 0.02073170732 0.005)
(0.09146341464 0.02073170731 0.005)
(0.09390243902 0.02073170731 0.005)
(0.09634146341 0.02073170731 0.005)
(0.09878048781 0.02073170732 0.005)
(0.001219512195 0.0231707317 0.005)
(0.003658536585 0.0231707317 0.005)
(0.006097560976 0.0231707317 0.005)
(0.008536585366 0.0231707317 0.005)
(0.01097560976 0.0231707317 0.005)
(0.01341463415 0.0231707317 0.005)
(0.01585365854 0.0231707317 0.005)
(0.01829268292 0.0231707317 0.005)
(0.02073170731 0.0231707317 0.005)
(0.0231707317 0.0231707317 0.005)
(0.02560975609 0.0231707317 0.005)
(0.02804878048 0.0231707317 0.005)
(0.03048780487 0.0231707317 0.005)
(0.03292682926 0.0231707317 0.005)
(0.03536585366 0.02317073171 0.005)
(0.03780487805 0.0231707317 0.005)
(0.04024390243 0.0231707317 0.005)
(0.04268292682 0.0231707317 0.005)
(0.04512195121 0.02317073171 0.005)
(0.0475609756 0.02317073171 0.005)
(0.05 0.0231707317 0.005)
(0.05243902439 0.0231707317 0.005)
(0.05487804878 0.0231707317 0.005)
(0.05731707318 0.0231707317 0.005)
(0.05975609756 0.0231707317 0.005)
(0.06219512196 0.0231707317 0.005)
(0.06463414634 0.0231707317 0.005)
(0.06707317073 0.0231707317 0.005)
(0.06951219512 0.0231707317 0.005)
(0.07195121951 0.0231707317 0.005)
(0.0743902439 0.0231707317 0.005)
(0.07682926829 0.0231707317 0.005)
(0.07926829268 0.0231707317 0.005)
(0.08170731707 0.0231707317 0.005)
(0.08414634146 0.0231707317 0.005)
(0.08658536585 0.0231707317 0.005)
(0.08902439024 0.0231707317 0.005)
(0.09146341463 0.0231707317 0.005)
(0.09390243903 0.0231707317 0.005)
(0.09634146341 0.0231707317 0.005)
(0.0987804878 0.0231707317 0.005)
(0.001219512195 0.02560975609 0.005)
(0.003658536585 0.02560975609 0.005)
(0.006097560975 0.02560975609 0.005)
(0.008536585366 0.02560975609 0.005)
(0.01097560976 0.02560975609 0.005)
(0.01341463414 0.0256097561 0.005)
(0.01585365853 0.02560975609 0.005)
(0.01829268292 0.02560975609 0.005)
(0.02073170731 0.02560975609 0.005)
(0.0231707317 0.02560975609 0.005)
(0.02560975609 0.02560975609 0.005)
(0.02804878048 0.02560975609 0.005)
(0.03048780487 0.02560975609 0.005)
(0.03292682926 0.02560975609 0.005)
(0.03536585366 0.02560975609 0.005)
(0.03780487805 0.02560975609 0.005)
(0.04024390243 0.02560975609 0.005)
(0.04268292682 0.02560975609 0.005)
(0.04512195121 0.0256097561 0.005)
(0.0475609756 0.0256097561 0.005)
(0.05 0.02560975609 0.005)
(0.05243902439 0.02560975609 0.005)
(0.05487804878 0.02560975609 0.005)
(0.05731707317 0.0256097561 0.005)
(0.05975609756 0.02560975609 0.005)
(0.06219512195 0.02560975609 0.005)
(0.06463414635 0.0256097561 0.005)
(0.06707317073 0.02560975609 0.005)
(0.06951219512 0.02560975609 0.005)
(0.07195121951 0.02560975609 0.005)
(0.07439024391 0.0256097561 0.005)
(0.0768292683 0.0256097561 0.005)
(0.07926829269 0.0256097561 0.005)
(0.08170731707 0.02560975609 0.005)
(0.08414634146 0.02560975609 0.005)
(0.08658536585 0.02560975609 0.005)
(0.08902439024 0.02560975609 0.005)
(0.09146341463 0.02560975609 0.005)
(0.09390243902 0.0256097561 0.005)
(0.09634146341 0.02560975609 0.005)
(0.0987804878 0.02560975609 0.005)
(0.001219512195 0.02804878048 0.005)
(0.003658536585 0.02804878048 0.005)
(0.006097560976 0.02804878048 0.005)
(0.008536585366 0.02804878049 0.005)
(0.01097560976 0.02804878049 0.005)
(0.01341463415 0.02804878048 0.005)
(0.01585365854 0.02804878048 0.005)
(0.01829268292 0.02804878048 0.005)
(0.02073170731 0.02804878048 0.005)
(0.0231707317 0.02804878049 0.005)
(0.02560975609 0.02804878048 0.005)
(0.02804878048 0.02804878048 0.005)
(0.03048780487 0.02804878049 0.005)
(0.03292682926 0.02804878048 0.005)
(0.03536585366 0.02804878048 0.005)
(0.03780487805 0.02804878049 0.005)
(0.04024390243 0.02804878048 0.005)
(0.04268292683 0.02804878048 0.005)
(0.04512195121 0.02804878048 0.005)
(0.0475609756 0.02804878048 0.005)
(0.05 0.02804878048 0.005)
(0.05243902439 0.02804878048 0.005)
(0.05487804879 0.02804878048 0.005)
(0.05731707317 0.02804878048 0.005)
(0.05975609756 0.02804878048 0.005)
(0.06219512196 0.02804878048 0.005)
(0.06463414634 0.02804878048 0.005)
(0.06707317073 0.02804878048 0.005)
(0.06951219512 0.02804878048 0.005)
(0.07195121951 0.02804878048 0.005)
(0.0743902439 0.02804878049 0.005)
(0.07682926829 0.02804878048 0.005)
(0.07926829269 0.02804878048 0.005)
(0.08170731707 0.02804878048 0.005)
(0.08414634146 0.02804878049 0.005)
(0.08658536585 0.02804878049 0.005)
(0.08902439025 0.02804878048 0.005)
(0.09146341463 0.02804878048 0.005)
(0.09390243902 0.02804878048 0.005)
(0.09634146341 0.02804878048 0.005)
(0.0987804878 0.02804878049 0.005)
(0.001219512195 0.03048780487 0.005)
(0.003658536585 0.03048780487 0.005)
(0.006097560976 0.03048780487 0.005)
(0.008536585366 0.03048780487 0.005)
(0.01097560976 0.03048780487 0.005)
(0.01341463414 0.03048780487 0.005)
(0.01585365853 0.03048780487 0.005)
(0.01829268293 0.03048780487 0.005)
(0.02073170731 0.03048780487 0.005)
(0.0231707317 0.03048780487 0.005)
(0.02560975609 0.03048780487 0.005)
(0.02804878048 0.03048780487 0.005)
(0.03048780487 0.03048780487 0.005)
(0.03292682926 0.03048780487 0.005)
(0.03536585366 0.03048780487 0.005)
(0.03780487805 0.03048780487 0.005)
(0.04024390243 0.03048780487 0.005)
(0.04268292683 0.03048780487 0.005)
(0.04512195122 0.03048780488 0.005)
(0.0475609756 0.03048780487 0.005)
(0.05 0.03048780487 0.005)
(0.05243902439 0.03048780487 0.005)
(0.05487804878 0.03048780487 0.005)
(0.05731707317 0.03048780487 0.005)
(0.05975609756 0.03048780487 0.005)
(0.06219512195 0.03048780487 0.005)
(0.06463414635 0.03048780487 0.005)
(0.06707317073 0.03048780487 0.005)
(0.06951219512 0.03048780487 0.005)
(0.07195121951 0.03048780487 0.005)
(0.07439024391 0.03048780487 0.005)
(0.07682926829 0.03048780487 0.005)
(0.07926829268 0.03048780487 0.005)
(0.08170731707 0.03048780487 0.005)
(0.08414634146 0.03048780487 0.005)
(0.08658536585 0.03048780487 0.005)
(0.08902439025 0.03048780487 0.005)
(0.09146341464 0.03048780487 0.005)
(0.09390243903 0.03048780487 0.005)
(0.09634146341 0.03048780487 0.005)
(0.0987804878 0.03048780487 0.005)
(0.001219512195 0.03292682926 0.005)
(0.003658536585 0.03292682927 0.005)
(0.006097560976 0.03292682926 0.005)
(0.008536585366 0.03292682927 0.005)
(0.01097560976 0.03292682926 0.005)
(0.01341463415 0.03292682926 0.005)
(0.01585365853 0.03292682926 0.005)
(0.01829268292 0.03292682926 0.005)
(0.02073170731 0.03292682926 0.005)
(0.0231707317 0.03292682926 0.005)
(0.02560975609 0.03292682926 0.005)
(0.02804878048 0.03292682926 0.005)
(0.03048780487 0.03292682926 0.005)
(0.03292682926 0.03292682926 0.005)
(0.03536585366 0.03292682926 0.005)
(0.03780487805 0.03292682926 0.005)
(0.04024390243 0.03292682926 0.005)
(0.04268292682 0.03292682926 0.005)
(0.04512195122 0.03292682926 0.005)
(0.0475609756 0.03292682926 0.005)
(0.05 0.03292682926 0.005)
(0.05243902439 0.03292682926 0.005)
(0.05487804878 0.03292682926 0.005)
(0.05731707317 0.03292682926 0.005)
(0.05975609756 0.03292682926 0.005)
(0.06219512196 0.03292682926 0.005)
(0.06463414635 0.03292682926 0.005)
(0.06707317073 0.03292682926 0.005)
(0.06951219512 0.03292682926 0.005)
(0.07195121951 0.03292682926 0.005)
(0.0743902439 0.03292682926 0.005)
(0.0768292683 0.03292682926 0.005)
(0.07926829268 0.03292682926 0.005)
(0.08170731707 0.03292682926 0.005)
(0.08414634146 0.03292682926 0.005)
(0.08658536585 0.03292682926 0.005)
(0.08902439024 0.03292682926 0.005)
(0.09146341463 0.03292682926 0.005)
(0.09390243903 0.03292682926 0.005)
(0.09634146341 0.03292682926 0.005)
(0.0987804878 0.03292682926 0.005)
(0.001219512195 0.03536585365 0.005)
(0.003658536585 0.03536585366 0.005)
(0.006097560975 0.03536585366 0.005)
(0.008536585366 0.03536585366 0.005)
(0.01097560976 0.03536585366 0.005)
(0.01341463415 0.03536585366 0.005)
(0.01585365853 0.03536585366 0.005)
(0.01829268292 0.03536585366 0.005)
(0.02073170731 0.03536585366 0.005)
(0.0231707317 0.03536585365 0.005)
(0.02560975609 0.03536585366 0.005)
(0.02804878048 0.03536585366 0.005)
(0.03048780488 0.03536585366 0.005)
(0.03292682926 0.03536585366 0.005)
(0.03536585366 0.03536585366 0.005)
(0.03780487805 0.03536585366 0.005)
(0.04024390243 0.03536585366 0.005)
(0.04268292682 0.03536585366 0.005)
(0.04512195121 0.03536585365 0.005)
(0.0475609756 0.03536585366 0.005)
(0.05 0.03536585365 0.005)
(0.0524390244 0.03536585366 0.005)
(0.05487804878 0.03536585366 0.005)
(0.05731707318 0.03536585366 0.005)
(0.05975609756 0.03536585366 0.005)
(0.06219512195 0.03536585366 0.005)
(0.06463414634 0.03536585366 0.005)
(0.06707317073 0.03536585366 0.005)
(0.06951219512 0.03536585366 0.005)
(0.07195121951 0.03536585366 0.005)
(0.07439024391 0.03536585365 0.005)
(0.07682926829 0.03536585366 0.005)
(0.07926829268 0.03536585366 0.005)
(0.08170731707 0.03536585366 0.005)
(0.08414634146 0.03536585366 0.005)
(0.08658536585 0.03536585365 0.005)
(0.08902439024 0.03536585366 0.005)
(0.09146341463 0.03536585366 0.005)
(0.09390243903 0.03536585366 0.005)
(0.09634146341 0.03536585366 0.005)
(0.09878048781 0.03536585366 0.005)
(0.001219512195 0.03780487805 0.005)
(0.003658536585 0.03780487804 0.005)
(0.006097560975 0.03780487804 0.005)
(0.008536585366 0.03780487805 0.005)
(0.01097560976 0.03780487805 0.005)
(0.01341463414 0.03780487805 0.005)
(0.01585365853 0.03780487805 0.005)
(0.01829268292 0.03780487805 0.005)
(0.02073170731 0.03780487805 0.005)
(0.0231707317 0.03780487804 0.005)
(0.02560975609 0.03780487805 0.005)
(0.02804878048 0.03780487805 0.005)
(0.03048780487 0.03780487805 0.005)
(0.03292682926 0.03780487804 0.005)
(0.03536585366 0.03780487804 0.005)
(0.03780487805 0.03780487805 0.005)
(0.04024390243 0.03780487804 0.005)
(0.04268292683 0.03780487805 0.005)
(0.04512195121 0.03780487805 0.005)
(0.0475609756 0.03780487804 0.005)
(0.05 0.03780487804 0.005)
(0.05243902439 0.03780487804 0.005)
(0.05487804878 0.03780487805 0.005)
(0.05731707317 0.03780487804 0.005)
(0.05975609756 0.03780487805 0.005)
(0.06219512195 0.03780487804 0.005)
(0.06463414635 0.03780487805 0.005)
(0.06707317073 0.03780487804 0.005)
(0.06951219513 0.03780487805 0.005)
(0.07195121952 0.03780487805 0.005)
(0.0743902439 0.03780487805 0.005)
(0.0768292683 0.03780487805 0.005)
(0.07926829268 0.03780487805 0.005)
(0.08170731708 0.03780487805 0.005)
(0.08414634146 0.03780487805 0.005)
(0.08658536585 0.03780487805 0.005)
(0.08902439025 0.03780487805 0.005)
(0.09146341463 0.03780487805 0.005)
(0.09390243902 0.03780487805 0.005)
(0.09634146341 0.03780487805 0.005)
(0.0987804878 0.03780487804 0.005)
(0.001219512195 0.04024390243 0.005)
(0.003658536585 0.04024390243 0.005)
(0.006097560976 0.04024390243 0.005)
(0.008536585366 0.04024390243 0.005)
(0.01097560976 0.04024390243 0.005)
(0.01341463415 0.04024390244 0.005)
(0.01585365853 0.04024390243 0.005)
(0.01829268292 0.04024390243 0.005)
(0.02073170731 0.04024390243 0.005)
(0.0231707317 0.04024390243 0.005)
(0.02560975609 0.04024390243 0.005)
(0.02804878048 0.04024390243 0.005)
(0.03048780487 0.04024390243 0.005)
(0.03292682926 0.04024390243 0.005)
(0.03536585365 0.04024390243 0.005)
(0.03780487805 0.04024390244 0.005)
(0.04024390243 0.04024390243 0.005)
(0.04268292683 0.04024390243 0.005)
(0.04512195121 0.04024390244 0.005)
(0.0475609756 0.04024390243 0.005)
(0.05 0.04024390243 0.005)
(0.05243902439 0.04024390243 0.005)
(0.05487804878 0.04024390243 0.005)
(0.05731707317 0.04024390243 0.005)
(0.05975609756 0.04024390243 0.005)
(0.06219512195 0.04024390243 0.005)
(0.06463414634 0.04024390243 0.005)
(0.06707317073 0.04024390243 0.005)
(0.06951219512 0.04024390243 0.005)
(0.07195121951 0.04024390243 0.005)
(0.07439024391 0.04024390243 0.005)
(0.07682926829 0.04024390243 0.005)
(0.07926829268 0.04024390243 0.005)
(0.08170731707 0.04024390243 0.005)
(0.08414634146 0.04024390243 0.005)
(0.08658536585 0.04024390243 0.005)
(0.08902439025 0.04024390243 0.005)
(0.09146341463 0.04024390243 0.005)
(0.09390243902 0.04024390243 0.005)
(0.09634146341 0.04024390243 0.005)
(0.0987804878 0.04024390243 0.005)
(0.001219512195 0.04268292682 0.005)
(0.003658536585 0.04268292683 0.005)
(0.006097560975 0.04268292683 0.005)
(0.008536585366 0.04268292682 0.005)
(0.01097560976 0.04268292682 0.005)
(0.01341463414 0.04268292682 0.005)
(0.01585365853 0.04268292682 0.005)
(0.01829268292 0.04268292682 0.005)
(0.02073170731 0.04268292682 0.005)
(0.0231707317 0.04268292682 0.005)
(0.02560975609 0.04268292683 0.005)
(0.02804878048 0.04268292683 0.005)
(0.03048780487 0.04268292682 0.005)
(0.03292682926 0.04268292683 0.005)
(0.03536585366 0.04268292683 0.005)
(0.03780487805 0.04268292683 0.005)
(0.04024390243 0.04268292683 0.005)
(0.04268292683 0.04268292683 0.005)
(0.04512195122 0.04268292683 0.005)
(0.0475609756 0.04268292683 0.005)
(0.05 0.04268292682 0.005)
(0.05243902439 0.04268292682 0.005)
(0.05487804879 0.04268292683 0.005)
(0.05731707317 0.04268292682 0.005)
(0.05975609756 0.04268292683 0.005)
(0.06219512195 0.04268292683 0.005)
(0.06463414635 0.04268292683 0.005)
(0.06707317074 0.04268292683 0.005)
(0.06951219512 0.04268292683 0.005)
(0.07195121951 0.04268292682 0.005)
(0.07439024391 0.04268292683 0.005)
(0.0768292683 0.04268292683 0.005)
(0.07926829268 0.04268292683 0.005)
(0.08170731707 0.04268292682 0.005)
(0.08414634146 0.04268292683 0.005)
(0.08658536585 0.04268292683 0.005)
(0.08902439024 0.04268292683 0.005)
(0.09146341463 0.04268292682 0.005)
(0.09390243902 0.04268292682 0.005)
(0.09634146341 0.04268292683 0.005)
(0.09878048781 0.04268292683 0.005)
(0.001219512195 0.04512195122 0.005)
(0.003658536585 0.04512195121 0.005)
(0.006097560975 0.04512195121 0.005)
(0.008536585366 0.04512195121 0.005)
(0.01097560976 0.04512195121 0.005)
(0.01341463414 0.04512195121 0.005)
(0.01585365853 0.04512195121 0.005)
(0.01829268292 0.04512195121 0.005)
(0.02073170731 0.04512195121 0.005)
(0.0231707317 0.04512195121 0.005)
(0.0256097561 0.04512195121 0.005)
(0.02804878048 0.04512195121 0.005)
(0.03048780487 0.04512195121 0.005)
(0.03292682926 0.04512195121 0.005)
(0.03536585366 0.04512195121 0.005)
(0.03780487805 0.04512195122 0.005)
(0.04024390243 0.04512195121 0.005)
(0.04268292682 0.04512195121 0.005)
(0.04512195122 0.04512195121 0.005)
(0.0475609756 0.04512195121 0.005)
(0.05 0.04512195121 0.005)
(0.05243902439 0.04512195121 0.005)
(0.05487804878 0.04512195121 0.005)
(0.05731707317 0.04512195121 0.005)
(0.05975609756 0.04512195121 0.005)
(0.06219512195 0.04512195121 0.005)
(0.06463414634 0.04512195121 0.005)
(0.06707317073 0.04512195121 0.005)
(0.06951219513 0.04512195121 0.005)
(0.07195121952 0.04512195121 0.005)
(0.0743902439 0.04512195121 0.005)
(0.0768292683 0.04512195121 0.005)
(0.07926829268 0.04512195121 0.005)
(0.08170731707 0.04512195121 0.005)
(0.08414634146 0.04512195121 0.005)
(0.08658536585 0.04512195121 0.005)
(0.08902439025 0.04512195121 0.005)
(0.09146341463 0.04512195121 0.005)
(0.09390243902 0.04512195121 0.005)
(0.09634146341 0.04512195121 0.005)
(0.0987804878 0.04512195121 0.005)
(0.001219512195 0.04756097561 0.005)
(0.003658536585 0.0475609756 0.005)
(0.006097560976 0.0475609756 0.005)
(0.008536585366 0.0475609756 0.005)
(0.01097560976 0.0475609756 0.005)
(0.01341463415 0.0475609756 0.005)
(0.01585365853 0.0475609756 0.005)
(0.01829268292 0.0475609756 0.005)
(0.02073170731 0.0475609756 0.005)
(0.0231707317 0.0475609756 0.005)
(0.0256097561 0.0475609756 0.005)
(0.02804878048 0.0475609756 0.005)
(0.03048780488 0.04756097561 0.005)
(0.03292682926 0.0475609756 0.005)
(0.03536585366 0.0475609756 0.005)
(0.03780487805 0.0475609756 0.005)
(0.04024390243 0.04756097561 0.005)
(0.04268292682 0.0475609756 0.005)
(0.04512195121 0.0475609756 0.005)
(0.0475609756 0.0475609756 0.005)
(0.05 0.0475609756 0.005)
(0.05243902439 0.0475609756 0.005)
(0.05487804878 0.0475609756 0.005)
(0.05731707318 0.0475609756 0.005)
(0.05975609756 0.0475609756 0.005)
(0.06219512195 0.0475609756 0.005)
(0.06463414635 0.0475609756 0.005)
(0.06707317073 0.0475609756 0.005)
(0.06951219512 0.0475609756 0.005)
(0.07195121951 0.0475609756 0.005)
(0.07439024391 0.0475609756 0.005)
(0.07682926829 0.0475609756 0.005)
(0.07926829268 0.0475609756 0.005)
(0.08170731707 0.0475609756 0.005)
(0.08414634146 0.0475609756 0.005)
(0.08658536585 0.0475609756 0.005)
(0.08902439024 0.0475609756 0.005)
(0.09146341464 0.0475609756 0.005)
(0.09390243902 0.0475609756 0.005)
(0.09634146341 0.0475609756 0.005)
(0.09878048781 0.0475609756 0.005)
(0.001219512195 0.05 0.005)
(0.003658536585 0.05 0.005)
(0.006097560976 0.05 0.005)
(0.008536585366 0.05 0.005)
(0.01097560976 0.05 0.005)
(0.01341463415 0.05 0.005)
(0.01585365854 0.05 0.005)
(0.01829268292 0.05 0.005)
(0.02073170731 0.05 0.005)
(0.02317073171 0.05 0.005)
(0.0256097561 0.05 0.005)
(0.02804878048 0.05 0.005)
(0.03048780487 0.05 0.005)
(0.03292682926 0.05 0.005)
(0.03536585365 0.05 0.005)
(0.03780487805 0.05 0.005)
(0.04024390243 0.05 0.005)
(0.04268292683 0.05 0.005)
(0.04512195122 0.05 0.005)
(0.0475609756 0.05 0.005)
(0.05 0.05 0.005)
(0.05243902439 0.05 0.005)
(0.05487804879 0.05 0.005)
(0.05731707317 0.05 0.005)
(0.05975609756 0.05 0.005)
(0.06219512196 0.05 0.005)
(0.06463414635 0.05 0.005)
(0.06707317073 0.05 0.005)
(0.06951219512 0.05 0.005)
(0.07195121952 0.05 0.005)
(0.07439024391 0.05 0.005)
(0.0768292683 0.05 0.005)
(0.07926829269 0.05 0.005)
(0.08170731708 0.05 0.005)
(0.08414634146 0.05 0.005)
(0.08658536585 0.05 0.005)
(0.08902439025 0.05 0.005)
(0.09146341463 0.05 0.005)
(0.09390243902 0.05 0.005)
(0.09634146342 0.05 0.005)
(0.0987804878 0.05 0.005)
(0.001219512195 0.05243902439 0.005)
(0.003658536585 0.0524390244 0.005)
(0.006097560976 0.05243902439 0.005)
(0.008536585366 0.05243902439 0.005)
(0.01097560976 0.0524390244 0.005)
(0.01341463414 0.0524390244 0.005)
(0.01585365853 0.0524390244 0.005)
(0.01829268292 0.05243902439 0.005)
(0.02073170731 0.0524390244 0.005)
(0.0231707317 0.0524390244 0.005)
(0.02560975609 0.05243902439 0.005)
(0.02804878049 0.0524390244 0.005)
(0.03048780487 0.05243902439 0.005)
(0.03292682926 0.05243902439 0.005)
(0.03536585366 0.05243902439 0.005)
(0.03780487805 0.05243902439 0.005)
(0.04024390243 0.0524390244 0.005)
(0.04268292682 0.05243902439 0.005)
(0.04512195121 0.05243902439 0.005)
(0.0475609756 0.0524390244 0.005)
(0.05 0.05243902439 0.005)
(0.05243902439 0.0524390244 0.005)
(0.05487804879 0.0524390244 0.005)
(0.05731707317 0.05243902439 0.005)
(0.05975609756 0.0524390244 0.005)
(0.06219512196 0.05243902439 0.005)
(0.06463414634 0.05243902439 0.005)
(0.06707317074 0.0524390244 0.005)
(0.06951219513 0.0524390244 0.005)
(0.07195121951 0.0524390244 0.005)
(0.07439024391 0.05243902439 0.005)
(0.07682926829 0.05243902439 0.005)
(0.07926829269 0.0524390244 0.005)
(0.08170731707 0.0524390244 0.005)
(0.08414634146 0.05243902439 0.005)
(0.08658536585 0.05243902439 0.005)
(0.08902439024 0.05243902439 0.005)
(0.09146341464 0.0524390244 0.005)
(0.09390243902 0.05243902439 0.005)
(0.09634146341 0.05243902439 0.005)
(0.0987804878 0.0524390244 0.005)
(0.001219512195 0.05487804878 0.005)
(0.003658536585 0.05487804879 0.005)
(0.006097560975 0.05487804878 0.005)
(0.008536585366 0.05487804879 0.005)
(0.01097560976 0.05487804878 0.005)
(0.01341463415 0.05487804878 0.005)
(0.01585365854 0.05487804878 0.005)
(0.01829268292 0.05487804878 0.005)
(0.02073170731 0.05487804878 0.005)
(0.0231707317 0.05487804878 0.005)
(0.02560975609 0.05487804879 0.005)
(0.02804878048 0.05487804879 0.005)
(0.03048780487 0.05487804878 0.005)
(0.03292682926 0.05487804878 0.005)
(0.03536585365 0.05487804878 0.005)
(0.03780487805 0.05487804879 0.005)
(0.04024390243 0.05487804879 0.005)
(0.04268292683 0.05487804879 0.005)
(0.04512195121 0.05487804878 0.005)
(0.0475609756 0.05487804878 0.005)
(0.05 0.05487804878 0.005)
(0.05243902439 0.05487804879 0.005)
(0.05487804878 0.05487804879 0.005)
(0.05731707317 0.05487804878 0.005)
(0.05975609756 0.05487804878 0.005)
(0.06219512195 0.05487804879 0.005)
(0.06463414634 0.05487804879 0.005)
(0.06707317073 0.05487804879 0.005)
(0.06951219512 0.05487804878 0.005)
(0.07195121951 0.05487804879 0.005)
(0.07439024391 0.05487804879 0.005)
(0.07682926829 0.05487804879 0.005)
(0.07926829268 0.05487804879 0.005)
(0.08170731707 0.05487804878 0.005)
(0.08414634146 0.05487804878 0.005)
(0.08658536585 0.05487804879 0.005)
(0.08902439025 0.05487804879 0.005)
(0.09146341463 0.05487804878 0.005)
(0.09390243902 0.05487804878 0.005)
(0.09634146341 0.05487804878 0.005)
(0.0987804878 0.05487804879 0.005)
(0.001219512195 0.05731707317 0.005)
(0.003658536585 0.05731707317 0.005)
(0.006097560975 0.05731707317 0.005)
(0.008536585366 0.05731707317 0.005)
(0.01097560976 0.05731707317 0.005)
(0.01341463414 0.05731707317 0.005)
(0.01585365854 0.05731707318 0.005)
(0.01829268292 0.05731707317 0.005)
(0.02073170732 0.05731707318 0.005)
(0.0231707317 0.05731707317 0.005)
(0.02560975609 0.05731707317 0.005)
(0.02804878048 0.05731707317 0.005)
(0.03048780487 0.05731707317 0.005)
(0.03292682926 0.05731707318 0.005)
(0.03536585365 0.05731707317 0.005)
(0.03780487805 0.05731707317 0.005)
(0.04024390243 0.05731707318 0.005)
(0.04268292682 0.05731707317 0.005)
(0.04512195121 0.05731707317 0.005)
(0.0475609756 0.05731707317 0.005)
(0.05 0.05731707317 0.005)
(0.0524390244 0.05731707317 0.005)
(0.05487804878 0.05731707317 0.005)
(0.05731707317 0.05731707317 0.005)
(0.05975609756 0.05731707317 0.005)
(0.06219512195 0.05731707317 0.005)
(0.06463414635 0.05731707317 0.005)
(0.06707317073 0.05731707317 0.005)
(0.06951219512 0.05731707317 0.005)
(0.07195121952 0.05731707317 0.005)
(0.0743902439 0.05731707317 0.005)
(0.07682926829 0.05731707317 0.005)
(0.07926829268 0.05731707317 0.005)
(0.08170731707 0.05731707317 0.005)
(0.08414634146 0.05731707317 0.005)
(0.08658536585 0.05731707317 0.005)
(0.08902439025 0.05731707317 0.005)
(0.09146341463 0.05731707317 0.005)
(0.09390243902 0.05731707317 0.005)
(0.09634146342 0.05731707317 0.005)
(0.0987804878 0.05731707317 0.005)
(0.001219512195 0.05975609756 0.005)
(0.003658536585 0.05975609756 0.005)
(0.006097560975 0.05975609756 0.005)
(0.008536585366 0.05975609756 0.005)
(0.01097560976 0.05975609756 0.005)
(0.01341463414 0.05975609756 0.005)
(0.01585365853 0.05975609756 0.005)
(0.01829268292 0.05975609756 0.005)
(0.02073170731 0.05975609756 0.005)
(0.02317073171 0.05975609756 0.005)
(0.02560975609 0.05975609757 0.005)
(0.02804878048 0.05975609757 0.005)
(0.03048780487 0.05975609757 0.005)
(0.03292682926 0.05975609756 0.005)
(0.03536585366 0.05975609756 0.005)
(0.03780487805 0.05975609756 0.005)
(0.04024390243 0.05975609757 0.005)
(0.04268292682 0.05975609756 0.005)
(0.04512195121 0.05975609757 0.005)
(0.0475609756 0.05975609756 0.005)
(0.05 0.05975609756 0.005)
(0.05243902439 0.05975609756 0.005)
(0.05487804878 0.05975609757 0.005)
(0.05731707317 0.05975609757 0.005)
(0.05975609756 0.05975609756 0.005)
(0.06219512195 0.05975609756 0.005)
(0.06463414635 0.05975609757 0.005)
(0.06707317073 0.05975609756 0.005)
(0.06951219512 0.05975609756 0.005)
(0.07195121951 0.05975609756 0.005)
(0.07439024391 0.05975609756 0.005)
(0.07682926829 0.05975609757 0.005)
(0.07926829268 0.05975609756 0.005)
(0.08170731707 0.05975609757 0.005)
(0.08414634146 0.05975609756 0.005)
(0.08658536585 0.05975609756 0.005)
(0.08902439024 0.05975609756 0.005)
(0.09146341464 0.05975609756 0.005)
(0.09390243902 0.05975609757 0.005)
(0.09634146341 0.05975609756 0.005)
(0.09878048781 0.05975609756 0.005)
(0.001219512195 0.06219512196 0.005)
(0.003658536585 0.06219512196 0.005)
(0.006097560976 0.06219512195 0.005)
(0.008536585366 0.06219512196 0.005)
(0.01097560976 0.06219512195 0.005)
(0.01341463414 0.06219512195 0.005)
(0.01585365853 0.06219512195 0.005)
(0.01829268293 0.06219512196 0.005)
(0.02073170731 0.06219512195 0.005)
(0.0231707317 0.06219512195 0.005)
(0.02560975609 0.06219512195 0.005)
(0.02804878048 0.06219512195 0.005)
(0.03048780487 0.06219512196 0.005)
(0.03292682926 0.06219512195 0.005)
(0.03536585365 0.06219512195 0.005)
(0.03780487804 0.06219512195 0.005)
(0.04024390243 0.06219512195 0.005)
(0.04268292682 0.06219512195 0.005)
(0.04512195121 0.06219512196 0.005)
(0.0475609756 0.06219512195 0.005)
(0.05 0.06219512196 0.005)
(0.05243902439 0.06219512196 0.005)
(0.05487804878 0.06219512196 0.005)
(0.05731707317 0.06219512195 0.005)
(0.05975609756 0.06219512195 0.005)
(0.06219512195 0.06219512195 0.005)
(0.06463414634 0.06219512195 0.005)
(0.06707317073 0.06219512195 0.005)
(0.06951219512 0.06219512195 0.005)
(0.07195121952 0.06219512195 0.005)
(0.07439024391 0.06219512196 0.005)
(0.07682926829 0.06219512195 0.005)
(0.07926829268 0.06219512195 0.005)
(0.08170731707 0.06219512195 0.005)
(0.08414634146 0.06219512195 0.005)
(0.08658536586 0.06219512196 0.005)
(0.08902439025 0.06219512195 0.005)
(0.09146341463 0.06219512195 0.005)
(0.09390243902 0.06219512195 0.005)
(0.09634146342 0.06219512196 0.005)
(0.0987804878 0.06219512196 0.005)
(0.001219512195 0.06463414635 0.005)
(0.003658536585 0.06463414634 0.005)
(0.006097560976 0.06463414634 0.005)
(0.008536585366 0.06463414635 0.005)
(0.01097560976 0.06463414634 0.005)
(0.01341463415 0.06463414635 0.005)
(0.01585365853 0.06463414635 0.005)
(0.01829268292 0.06463414634 0.005)
(0.02073170731 0.06463414634 0.005)
(0.0231707317 0.06463414634 0.005)
(0.02560975609 0.06463414634 0.005)
(0.02804878048 0.06463414634 0.005)
(0.03048780487 0.06463414634 0.005)
(0.03292682927 0.06463414634 0.005)
(0.03536585365 0.06463414634 0.005)
(0.03780487805 0.06463414634 0.005)
(0.04024390243 0.06463414634 0.005)
(0.04268292683 0.06463414634 0.005)
(0.04512195121 0.06463414635 0.005)
(0.0475609756 0.06463414634 0.005)
(0.05 0.06463414634 0.005)
(0.05243902439 0.06463414634 0.005)
(0.05487804878 0.06463414634 0.005)
(0.05731707317 0.06463414634 0.005)
(0.05975609756 0.06463414634 0.005)
(0.06219512195 0.06463414634 0.005)
(0.06463414634 0.06463414635 0.005)
(0.06707317073 0.06463414634 0.005)
(0.06951219512 0.06463414634 0.005)
(0.07195121951 0.06463414634 0.005)
(0.07439024391 0.06463414635 0.005)
(0.07682926829 0.06463414634 0.005)
(0.07926829268 0.06463414634 0.005)
(0.08170731707 0.06463414634 0.005)
(0.08414634146 0.06463414635 0.005)
(0.08658536585 0.06463414635 0.005)
(0.08902439025 0.06463414634 0.005)
(0.09146341463 0.06463414634 0.005)
(0.09390243903 0.06463414635 0.005)
(0.09634146342 0.06463414635 0.005)
(0.0987804878 0.06463414634 0.005)
(0.001219512195 0.06707317073 0.005)
(0.003658536585 0.06707317073 0.005)
(0.006097560975 0.06707317074 0.005)
(0.008536585366 0.06707317073 0.005)
(0.01097560976 0.06707317073 0.005)
(0.01341463414 0.06707317074 0.005)
(0.01585365853 0.06707317073 0.005)
(0.01829268293 0.06707317074 0.005)
(0.02073170731 0.06707317073 0.005)
(0.0231707317 0.06707317073 0.005)
(0.02560975609 0.06707317073 0.005)
(0.02804878048 0.06707317073 0.005)
(0.03048780487 0.06707317074 0.005)
(0.03292682926 0.06707317073 0.005)
(0.03536585366 0.06707317073 0.005)
(0.03780487805 0.06707317074 0.005)
(0.04024390243 0.06707317073 0.005)
(0.04268292682 0.06707317073 0.005)
(0.04512195121 0.06707317073 0.005)
(0.0475609756 0.06707317073 0.005)
(0.05 0.06707317073 0.005)
(0.05243902439 0.06707317073 0.005)
(0.05487804878 0.06707317073 0.005)
(0.05731707317 0.06707317073 0.005)
(0.05975609756 0.06707317073 0.005)
(0.06219512195 0.06707317073 0.005)
(0.06463414635 0.06707317073 0.005)
(0.06707317073 0.06707317073 0.005)
(0.06951219512 0.06707317073 0.005)
(0.07195121951 0.06707317073 0.005)
(0.07439024391 0.06707317074 0.005)
(0.0768292683 0.06707317073 0.005)
(0.07926829268 0.06707317073 0.005)
(0.08170731707 0.06707317073 0.005)
(0.08414634146 0.06707317073 0.005)
(0.08658536586 0.06707317073 0.005)
(0.08902439025 0.06707317073 0.005)
(0.09146341463 0.06707317073 0.005)
(0.09390243902 0.06707317073 0.005)
(0.09634146341 0.06707317073 0.005)
(0.0987804878 0.06707317073 0.005)
(0.001219512195 0.06951219512 0.005)
(0.003658536585 0.06951219512 0.005)
(0.006097560976 0.06951219513 0.005)
(0.008536585366 0.06951219513 0.005)
(0.01097560976 0.06951219512 0.005)
(0.01341463414 0.06951219513 0.005)
(0.01585365853 0.06951219512 0.005)
(0.01829268292 0.06951219512 0.005)
(0.02073170732 0.06951219513 0.005)
(0.0231707317 0.06951219512 0.005)
(0.02560975609 0.06951219512 0.005)
(0.02804878048 0.06951219512 0.005)
(0.03048780487 0.06951219512 0.005)
(0.03292682926 0.06951219513 0.005)
(0.03536585365 0.06951219513 0.005)
(0.03780487805 0.06951219512 0.005)
(0.04024390243 0.06951219513 0.005)
(0.04268292683 0.06951219513 0.005)
(0.04512195121 0.06951219512 0.005)
(0.04756097561 0.06951219513 0.005)
(0.05 0.06951219512 0.005)
(0.05243902439 0.06951219512 0.005)
(0.05487804879 0.06951219513 0.005)
(0.05731707318 0.06951219512 0.005)
(0.05975609756 0.06951219513 0.005)
(0.06219512195 0.06951219512 0.005)
(0.06463414634 0.06951219513 0.005)
(0.06707317074 0.06951219513 0.005)
(0.06951219512 0.06951219513 0.005)
(0.07195121951 0.06951219512 0.005)
(0.07439024391 0.06951219512 0.005)
(0.0768292683 0.06951219513 0.005)
(0.07926829268 0.06951219513 0.005)
(0.08170731707 0.06951219512 0.005)
(0.08414634146 0.06951219513 0.005)
(0.08658536585 0.06951219512 0.005)
(0.08902439025 0.06951219512 0.005)
(0.09146341464 0.06951219513 0.005)
(0.09390243902 0.06951219512 0.005)
(0.09634146341 0.06951219512 0.005)
(0.09878048781 0.06951219513 0.005)
(0.001219512195 0.07195121951 0.005)
(0.003658536585 0.07195121951 0.005)
(0.006097560976 0.07195121951 0.005)
(0.008536585366 0.07195121951 0.005)
(0.01097560976 0.07195121951 0.005)
(0.01341463415 0.07195121952 0.005)
(0.01585365854 0.07195121952 0.005)
(0.01829268293 0.07195121951 0.005)
(0.02073170731 0.07195121951 0.005)
(0.0231707317 0.07195121951 0.005)
(0.02560975609 0.07195121951 0.005)
(0.02804878048 0.07195121951 0.005)
(0.03048780487 0.07195121951 0.005)
(0.03292682926 0.07195121951 0.005)
(0.03536585366 0.07195121951 0.005)
(0.03780487804 0.07195121951 0.005)
(0.04024390243 0.07195121951 0.005)
(0.04268292682 0.07195121951 0.005)
(0.04512195121 0.07195121951 0.005)
(0.0475609756 0.07195121951 0.005)
(0.05 0.07195121952 0.005)
(0.05243902439 0.07195121951 0.005)
(0.05487804879 0.07195121951 0.005)
(0.05731707317 0.07195121951 0.005)
(0.05975609756 0.07195121951 0.005)
(0.06219512195 0.07195121952 0.005)
(0.06463414635 0.07195121951 0.005)
(0.06707317073 0.07195121951 0.005)
(0.06951219512 0.07195121951 0.005)
(0.07195121951 0.07195121951 0.005)
(0.07439024391 0.07195121952 0.005)
(0.0768292683 0.07195121951 0.005)
(0.07926829268 0.07195121951 0.005)
(0.08170731707 0.07195121951 0.005)
(0.08414634146 0.07195121951 0.005)
(0.08658536585 0.07195121952 0.005)
(0.08902439024 0.07195121951 0.005)
(0.09146341463 0.07195121952 0.005)
(0.09390243902 0.07195121951 0.005)
(0.09634146341 0.07195121951 0.005)
(0.0987804878 0.07195121951 0.005)
(0.001219512195 0.07439024391 0.005)
(0.003658536585 0.07439024391 0.005)
(0.006097560975 0.07439024391 0.005)
(0.008536585366 0.07439024391 0.005)
(0.01097560976 0.07439024391 0.005)
(0.01341463414 0.07439024391 0.005)
(0.01585365853 0.0743902439 0.005)
(0.01829268292 0.07439024391 0.005)
(0.02073170731 0.07439024391 0.005)
(0.0231707317 0.0743902439 0.005)
(0.02560975609 0.07439024391 0.005)
(0.02804878048 0.0743902439 0.005)
(0.03048780487 0.07439024391 0.005)
(0.03292682927 0.07439024391 0.005)
(0.03536585366 0.07439024391 0.005)
(0.03780487805 0.07439024391 0.005)
(0.04024390243 0.07439024391 0.005)
(0.04268292683 0.07439024391 0.005)
(0.04512195121 0.0743902439 0.005)
(0.0475609756 0.07439024391 0.005)
(0.05 0.07439024391 0.005)
(0.05243902439 0.07439024391 0.005)
(0.05487804879 0.07439024391 0.005)
(0.05731707317 0.07439024391 0.005)
(0.05975609756 0.07439024391 0.005)
(0.06219512196 0.07439024391 0.005)
(0.06463414635 0.07439024391 0.005)
(0.06707317073 0.07439024391 0.005)
(0.06951219512 0.07439024391 0.005)
(0.07195121951 0.07439024391 0.005)
(0.0743902439 0.07439024391 0.005)
(0.07682926829 0.07439024391 0.005)
(0.07926829268 0.07439024391 0.005)
(0.08170731708 0.07439024391 0.005)
(0.08414634146 0.07439024391 0.005)
(0.08658536585 0.07439024391 0.005)
(0.08902439025 0.07439024391 0.005)
(0.09146341463 0.07439024391 0.005)
(0.09390243902 0.07439024391 0.005)
(0.09634146341 0.07439024391 0.005)
(0.0987804878 0.07439024391 0.005)
(0.001219512195 0.0768292683 0.005)
(0.003658536585 0.0768292683 0.005)
(0.006097560976 0.0768292683 0.005)
(0.008536585366 0.0768292683 0.005)
(0.01097560976 0.07682926829 0.005)
(0.01341463415 0.07682926829 0.005)
(0.01585365853 0.07682926829 0.005)
(0.01829268292 0.07682926829 0.005)
(0.02073170731 0.0768292683 0.005)
(0.0231707317 0.07682926829 0.005)
(0.02560975609 0.07682926829 0.005)
(0.02804878048 0.07682926829 0.005)
(0.03048780487 0.07682926829 0.005)
(0.03292682927 0.0768292683 0.005)
(0.03536585365 0.0768292683 0.005)
(0.03780487805 0.0768292683 0.005)
(0.04024390243 0.0768292683 0.005)
(0.04268292683 0.07682926829 0.005)
(0.04512195121 0.0768292683 0.005)
(0.0475609756 0.0768292683 0.005)
(0.05 0.0768292683 0.005)
(0.05243902439 0.07682926829 0.005)
(0.05487804878 0.07682926829 0.005)
(0.05731707317 0.0768292683 0.005)
(0.05975609756 0.0768292683 0.005)
(0.06219512196 0.0768292683 0.005)
(0.06463414634 0.07682926829 0.005)
(0.06707317073 0.07682926829 0.005)
(0.06951219512 0.07682926829 0.005)
(0.07195121951 0.07682926829 0.005)
(0.07439024391 0.0768292683 0.005)
(0.07682926829 0.07682926829 0.005)
(0.07926829268 0.07682926829 0.005)
(0.08170731707 0.07682926829 0.005)
(0.08414634146 0.0768292683 0.005)
(0.08658536585 0.0768292683 0.005)
(0.08902439025 0.0768292683 0.005)
(0.09146341463 0.07682926829 0.005)
(0.09390243903 0.07682926829 0.005)
(0.09634146341 0.0768292683 0.005)
(0.0987804878 0.0768292683 0.005)
(0.001219512195 0.07926829268 0.005)
(0.003658536585 0.07926829269 0.005)
(0.006097560975 0.07926829268 0.005)
(0.008536585366 0.07926829268 0.005)
(0.01097560976 0.07926829269 0.005)
(0.01341463415 0.07926829269 0.005)
(0.01585365854 0.07926829268 0.005)
(0.01829268292 0.07926829268 0.005)
(0.02073170731 0.07926829268 0.005)
(0.0231707317 0.07926829268 0.005)
(0.02560975609 0.07926829269 0.005)
(0.02804878048 0.07926829269 0.005)
(0.03048780487 0.07926829269 0.005)
(0.03292682926 0.07926829268 0.005)
(0.03536585366 0.07926829268 0.005)
(0.03780487805 0.07926829268 0.005)
(0.04024390243 0.07926829268 0.005)
(0.04268292682 0.07926829268 0.005)
(0.04512195121 0.07926829269 0.005)
(0.0475609756 0.07926829268 0.005)
(0.05 0.07926829269 0.005)
(0.05243902439 0.07926829268 0.005)
(0.05487804878 0.07926829268 0.005)
(0.05731707317 0.07926829268 0.005)
(0.05975609756 0.07926829268 0.005)
(0.06219512195 0.07926829268 0.005)
(0.06463414635 0.07926829269 0.005)
(0.06707317073 0.07926829268 0.005)
(0.06951219512 0.07926829269 0.005)
(0.07195121951 0.07926829268 0.005)
(0.07439024391 0.07926829269 0.005)
(0.0768292683 0.07926829269 0.005)
(0.07926829268 0.07926829268 0.005)
(0.08170731707 0.07926829269 0.005)
(0.08414634146 0.07926829268 0.005)
(0.08658536585 0.07926829269 0.005)
(0.08902439024 0.07926829269 0.005)
(0.09146341463 0.07926829268 0.005)
(0.09390243902 0.07926829269 0.005)
(0.09634146341 0.07926829268 0.005)
(0.0987804878 0.07926829268 0.005)
(0.001219512195 0.08170731707 0.005)
(0.003658536585 0.08170731707 0.005)
(0.006097560976 0.08170731708 0.005)
(0.008536585366 0.08170731707 0.005)
(0.01097560976 0.08170731708 0.005)
(0.01341463414 0.08170731708 0.005)
(0.01585365853 0.08170731707 0.005)
(0.01829268292 0.08170731707 0.005)
(0.02073170731 0.08170731707 0.005)
(0.0231707317 0.08170731707 0.005)
(0.02560975609 0.08170731708 0.005)
(0.02804878049 0.08170731707 0.005)
(0.03048780487 0.08170731707 0.005)
(0.03292682926 0.08170731707 0.005)
(0.03536585365 0.08170731707 0.005)
(0.03780487805 0.08170731708 0.005)
(0.04024390243 0.08170731707 0.005)
(0.04268292682 0.08170731707 0.005)
(0.04512195121 0.08170731707 0.005)
(0.0475609756 0.08170731707 0.005)
(0.05 0.08170731708 0.005)
(0.05243902439 0.08170731707 0.005)
(0.05487804879 0.08170731708 0.005)
(0.05731707318 0.08170731708 0.005)
(0.05975609756 0.08170731707 0.005)
(0.06219512195 0.08170731707 0.005)
(0.06463414634 0.08170731708 0.005)
(0.06707317073 0.08170731708 0.005)
(0.06951219512 0.08170731707 0.005)
(0.07195121951 0.08170731707 0.005)
(0.07439024391 0.08170731707 0.005)
(0.07682926829 0.08170731707 0.005)
(0.07926829268 0.08170731708 0.005)
(0.08170731707 0.08170731707 0.005)
(0.08414634146 0.08170731707 0.005)
(0.08658536585 0.08170731707 0.005)
(0.08902439025 0.08170731707 0.005)
(0.09146341463 0.08170731708 0.005)
(0.09390243902 0.08170731707 0.005)
(0.09634146341 0.08170731707 0.005)
(0.09878048781 0.08170731708 0.005)
(0.001219512195 0.08414634146 0.005)
(0.003658536585 0.08414634147 0.005)
(0.006097560976 0.08414634146 0.005)
(0.008536585366 0.08414634146 0.005)
(0.01097560976 0.08414634147 0.005)
(0.01341463414 0.08414634146 0.005)
(0.01585365854 0.08414634146 0.005)
(0.01829268292 0.08414634146 0.005)
(0.02073170731 0.08414634146 0.005)
(0.0231707317 0.08414634146 0.005)
(0.02560975609 0.08414634146 0.005)
(0.02804878048 0.08414634146 0.005)
(0.03048780487 0.08414634146 0.005)
(0.03292682926 0.08414634146 0.005)
(0.03536585366 0.08414634146 0.005)
(0.03780487805 0.08414634146 0.005)
(0.04024390243 0.08414634147 0.005)
(0.04268292682 0.08414634146 0.005)
(0.04512195122 0.08414634146 0.005)
(0.0475609756 0.08414634146 0.005)
(0.05 0.08414634146 0.005)
(0.05243902439 0.08414634146 0.005)
(0.05487804878 0.08414634146 0.005)
(0.05731707317 0.08414634146 0.005)
(0.05975609756 0.08414634146 0.005)
(0.06219512195 0.08414634147 0.005)
(0.06463414635 0.08414634146 0.005)
(0.06707317073 0.08414634146 0.005)
(0.06951219512 0.08414634146 0.005)
(0.07195121951 0.08414634146 0.005)
(0.07439024391 0.08414634147 0.005)
(0.0768292683 0.08414634146 0.005)
(0.07926829268 0.08414634146 0.005)
(0.08170731707 0.08414634146 0.005)
(0.08414634146 0.08414634146 0.005)
(0.08658536585 0.08414634146 0.005)
(0.08902439025 0.08414634146 0.005)
(0.09146341463 0.08414634146 0.005)
(0.09390243902 0.08414634146 0.005)
(0.09634146341 0.08414634146 0.005)
(0.0987804878 0.08414634146 0.005)
(0.001219512195 0.08658536586 0.005)
(0.003658536585 0.08658536586 0.005)
(0.006097560975 0.08658536585 0.005)
(0.008536585366 0.08658536585 0.005)
(0.01097560976 0.08658536586 0.005)
(0.01341463414 0.08658536585 0.005)
(0.01585365853 0.08658536585 0.005)
(0.01829268292 0.08658536585 0.005)
(0.02073170732 0.08658536586 0.005)
(0.0231707317 0.08658536585 0.005)
(0.02560975609 0.08658536585 0.005)
(0.02804878048 0.08658536585 0.005)
(0.03048780488 0.08658536585 0.005)
(0.03292682926 0.08658536586 0.005)
(0.03536585365 0.08658536585 0.005)
(0.03780487804 0.08658536585 0.005)
(0.04024390243 0.08658536585 0.005)
(0.04268292683 0.08658536585 0.005)
(0.04512195121 0.08658536585 0.005)
(0.0475609756 0.08658536585 0.005)
(0.05 0.08658536585 0.005)
(0.05243902439 0.08658536586 0.005)
(0.05487804879 0.08658536585 0.005)
(0.05731707318 0.08658536585 0.005)
(0.05975609756 0.08658536586 0.005)
(0.06219512196 0.08658536585 0.005)
(0.06463414634 0.08658536585 0.005)
(0.06707317073 0.08658536585 0.005)
(0.06951219512 0.08658536585 0.005)
(0.07195121951 0.08658536585 0.005)
(0.0743902439 0.08658536585 0.005)
(0.07682926829 0.08658536585 0.005)
(0.07926829268 0.08658536585 0.005)
(0.08170731707 0.08658536585 0.005)
(0.08414634146 0.08658536585 0.005)
(0.08658536585 0.08658536585 0.005)
(0.08902439025 0.08658536585 0.005)
(0.09146341463 0.08658536585 0.005)
(0.09390243902 0.08658536585 0.005)
(0.09634146342 0.08658536585 0.005)
(0.0987804878 0.08658536585 0.005)
(0.001219512195 0.08902439024 0.005)
(0.003658536585 0.08902439025 0.005)
(0.006097560976 0.08902439025 0.005)
(0.008536585366 0.08902439024 0.005)
(0.01097560976 0.08902439025 0.005)
(0.01341463414 0.08902439024 0.005)
(0.01585365853 0.08902439025 0.005)
(0.01829268292 0.08902439024 0.005)
(0.02073170732 0.08902439025 0.005)
(0.0231707317 0.08902439024 0.005)
(0.02560975609 0.08902439025 0.005)
(0.02804878049 0.08902439025 0.005)
(0.03048780487 0.08902439025 0.005)
(0.03292682927 0.08902439024 0.005)
(0.03536585366 0.08902439024 0.005)
(0.03780487805 0.08902439025 0.005)
(0.04024390243 0.08902439024 0.005)
(0.04268292683 0.08902439024 0.005)
(0.04512195122 0.08902439025 0.005)
(0.0475609756 0.08902439024 0.005)
(0.05 0.08902439025 0.005)
(0.05243902439 0.08902439024 0.005)
(0.05487804879 0.08902439024 0.005)
(0.05731707317 0.08902439024 0.005)
(0.05975609756 0.08902439024 0.005)
(0.06219512195 0.08902439025 0.005)
(0.06463414635 0.08902439024 0.005)
(0.06707317073 0.08902439024 0.005)
(0.06951219512 0.08902439024 0.005)
(0.07195121951 0.08902439024 0.005)
(0.07439024391 0.08902439025 0.005)
(0.0768292683 0.08902439024 0.005)
(0.07926829269 0.08902439024 0.005)
(0.08170731708 0.08902439024 0.005)
(0.08414634146 0.08902439024 0.005)
(0.08658536585 0.08902439024 0.005)
(0.08902439024 0.08902439024 0.005)
(0.09146341463 0.08902439024 0.005)
(0.09390243903 0.08902439024 0.005)
(0.09634146341 0.08902439024 0.005)
(0.0987804878 0.08902439024 0.005)
(0.001219512195 0.09146341464 0.005)
(0.003658536585 0.09146341464 0.005)
(0.006097560976 0.09146341464 0.005)
(0.008536585366 0.09146341463 0.005)
(0.01097560976 0.09146341464 0.005)
(0.01341463415 0.09146341464 0.005)
(0.01585365853 0.09146341463 0.005)
(0.01829268292 0.09146341463 0.005)
(0.02073170731 0.09146341463 0.005)
(0.0231707317 0.09146341463 0.005)
(0.0256097561 0.09146341464 0.005)
(0.02804878048 0.09146341464 0.005)
(0.03048780487 0.09146341464 0.005)
(0.03292682927 0.09146341464 0.005)
(0.03536585366 0.09146341464 0.005)
(0.03780487805 0.09146341464 0.005)
(0.04024390243 0.09146341463 0.005)
(0.04268292683 0.09146341464 0.005)
(0.04512195121 0.09146341464 0.005)
(0.0475609756 0.09146341464 0.005)
(0.05 0.09146341464 0.005)
(0.05243902439 0.09146341464 0.005)
(0.05487804879 0.09146341463 0.005)
(0.05731707317 0.09146341464 0.005)
(0.05975609756 0.09146341464 0.005)
(0.06219512195 0.09146341463 0.005)
(0.06463414634 0.09146341463 0.005)
(0.06707317073 0.09146341463 0.005)
(0.06951219512 0.09146341463 0.005)
(0.07195121951 0.09146341463 0.005)
(0.07439024391 0.09146341463 0.005)
(0.0768292683 0.09146341463 0.005)
(0.07926829268 0.09146341463 0.005)
(0.08170731707 0.09146341464 0.005)
(0.08414634146 0.09146341464 0.005)
(0.08658536585 0.09146341463 0.005)
(0.08902439024 0.09146341463 0.005)
(0.09146341463 0.09146341463 0.005)
(0.09390243902 0.09146341463 0.005)
(0.09634146342 0.09146341464 0.005)
(0.0987804878 0.09146341463 0.005)
(0.001219512195 0.09390243902 0.005)
(0.003658536585 0.09390243902 0.005)
(0.006097560976 0.09390243902 0.005)
(0.008536585366 0.09390243902 0.005)
(0.01097560976 0.09390243902 0.005)
(0.01341463415 0.09390243903 0.005)
(0.01585365853 0.09390243902 0.005)
(0.01829268293 0.09390243903 0.005)
(0.02073170732 0.09390243903 0.005)
(0.02317073171 0.09390243902 0.005)
(0.02560975609 0.09390243902 0.005)
(0.02804878048 0.09390243903 0.005)
(0.03048780487 0.09390243902 0.005)
(0.03292682926 0.09390243903 0.005)
(0.03536585365 0.09390243903 0.005)
(0.03780487805 0.09390243902 0.005)
(0.04024390243 0.09390243903 0.005)
(0.04268292683 0.09390243903 0.005)
(0.04512195121 0.09390243902 0.005)
(0.04756097561 0.09390243903 0.005)
(0.05 0.09390243902 0.005)
(0.05243902439 0.09390243902 0.005)
(0.05487804879 0.09390243903 0.005)
(0.05731707318 0.09390243903 0.005)
(0.05975609756 0.09390243903 0.005)
(0.06219512195 0.09390243902 0.005)
(0.06463414634 0.09390243903 0.005)
(0.06707317074 0.09390243903 0.005)
(0.06951219512 0.09390243903 0.005)
(0.07195121951 0.09390243902 0.005)
(0.07439024391 0.09390243902 0.005)
(0.0768292683 0.09390243902 0.005)
(0.07926829268 0.09390243903 0.005)
(0.08170731707 0.09390243902 0.005)
(0.08414634146 0.09390243903 0.005)
(0.08658536585 0.09390243902 0.005)
(0.08902439025 0.09390243902 0.005)
(0.09146341464 0.09390243903 0.005)
(0.09390243902 0.09390243902 0.005)
(0.09634146341 0.09390243902 0.005)
(0.09878048781 0.09390243903 0.005)
(0.001219512195 0.09634146341 0.005)
(0.003658536585 0.09634146342 0.005)
(0.006097560975 0.09634146342 0.005)
(0.008536585366 0.09634146341 0.005)
(0.01097560976 0.09634146342 0.005)
(0.01341463414 0.09634146342 0.005)
(0.01585365854 0.09634146342 0.005)
(0.01829268292 0.09634146342 0.005)
(0.02073170731 0.09634146341 0.005)
(0.0231707317 0.09634146341 0.005)
(0.02560975609 0.09634146341 0.005)
(0.02804878048 0.09634146341 0.005)
(0.03048780487 0.09634146341 0.005)
(0.03292682926 0.09634146341 0.005)
(0.03536585366 0.09634146341 0.005)
(0.03780487805 0.09634146341 0.005)
(0.04024390243 0.09634146342 0.005)
(0.04268292682 0.09634146341 0.005)
(0.04512195122 0.09634146341 0.005)
(0.0475609756 0.09634146341 0.005)
(0.05 0.09634146342 0.005)
(0.05243902439 0.09634146341 0.005)
(0.05487804878 0.09634146341 0.005)
(0.05731707317 0.09634146341 0.005)
(0.05975609756 0.09634146341 0.005)
(0.06219512195 0.09634146341 0.005)
(0.06463414635 0.09634146342 0.005)
(0.06707317073 0.09634146341 0.005)
(0.06951219512 0.09634146341 0.005)
(0.07195121951 0.09634146341 0.005)
(0.07439024391 0.09634146342 0.005)
(0.0768292683 0.09634146342 0.005)
(0.07926829268 0.09634146341 0.005)
(0.08170731707 0.09634146342 0.005)
(0.08414634146 0.09634146341 0.005)
(0.08658536585 0.09634146342 0.005)
(0.08902439025 0.09634146342 0.005)
(0.09146341463 0.09634146341 0.005)
(0.09390243902 0.09634146342 0.005)
(0.09634146341 0.09634146341 0.005)
(0.0987804878 0.09634146342 0.005)
(0.001219512195 0.0987804878 0.005)
(0.003658536585 0.09878048781 0.005)
(0.006097560976 0.09878048781 0.005)
(0.008536585366 0.09878048781 0.005)
(0.01097560976 0.09878048781 0.005)
(0.01341463415 0.0987804878 0.005)
(0.01585365853 0.09878048781 0.005)
(0.01829268292 0.0987804878 0.005)
(0.02073170731 0.09878048781 0.005)
(0.0231707317 0.0987804878 0.005)
(0.02560975609 0.0987804878 0.005)
(0.02804878048 0.0987804878 0.005)
(0.03048780487 0.0987804878 0.005)
(0.03292682926 0.0987804878 0.005)
(0.03536585366 0.0987804878 0.005)
(0.03780487805 0.0987804878 0.005)
(0.04024390243 0.09878048781 0.005)
(0.04268292682 0.09878048781 0.005)
(0.04512195121 0.0987804878 0.005)
(0.0475609756 0.09878048781 0.005)
(0.05 0.0987804878 0.005)
(0.05243902439 0.0987804878 0.005)
(0.05487804878 0.0987804878 0.005)
(0.05731707318 0.0987804878 0.005)
(0.05975609756 0.0987804878 0.005)
(0.06219512195 0.0987804878 0.005)
(0.06463414634 0.0987804878 0.005)
(0.06707317073 0.0987804878 0.005)
(0.06951219512 0.0987804878 0.005)
(0.07195121951 0.0987804878 0.005)
(0.07439024391 0.09878048781 0.005)
(0.07682926829 0.0987804878 0.005)
(0.07926829268 0.0987804878 0.005)
(0.08170731707 0.0987804878 0.005)
(0.08414634146 0.0987804878 0.005)
(0.08658536585 0.09878048781 0.005)
(0.08902439025 0.0987804878 0.005)
(0.09146341463 0.0987804878 0.005)
(0.09390243903 0.09878048781 0.005)
(0.09634146341 0.0987804878 0.005)
(0.0987804878 0.0987804878 0.005)
)
;

boundaryField
{
    hot
    {
        type            calculated;
        value           nonuniform List<vector> 
41
(
(0 0.001219512195 0.005)
(0 0.003658536585 0.005)
(0 0.006097560975 0.005)
(0 0.008536585366 0.005)
(0 0.01097560976 0.005)
(0 0.01341463414 0.005)
(0 0.01585365853 0.005)
(0 0.01829268293 0.005)
(0 0.02073170731 0.005)
(0 0.02317073171 0.005)
(0 0.02560975609 0.005)
(0 0.02804878048 0.005)
(0 0.03048780487 0.005)
(0 0.03292682926 0.005)
(0 0.03536585366 0.005)
(0 0.03780487805 0.005)
(0 0.04024390243 0.005)
(0 0.04268292683 0.005)
(0 0.04512195122 0.005)
(0 0.0475609756 0.005)
(0 0.05 0.005)
(0 0.05243902439 0.005)
(0 0.05487804878 0.005)
(0 0.05731707317 0.005)
(0 0.05975609756 0.005)
(0 0.06219512195 0.005)
(0 0.06463414635 0.005)
(0 0.06707317073 0.005)
(0 0.06951219513 0.005)
(0 0.07195121952 0.005)
(0 0.07439024391 0.005)
(0 0.0768292683 0.005)
(0 0.07926829268 0.005)
(0 0.08170731708 0.005)
(0 0.08414634146 0.005)
(0 0.08658536585 0.005)
(0 0.08902439025 0.005)
(0 0.09146341463 0.005)
(0 0.09390243902 0.005)
(0 0.09634146341 0.005)
(0 0.0987804878 0.005)
)
;
    }
    cold
    {
        type            calculated;
        value           nonuniform List<vector> 
41
(
(0.1 0.001219512195 0.005)
(0.1 0.003658536585 0.005)
(0.1 0.006097560975 0.005)
(0.1 0.008536585366 0.005)
(0.1 0.01097560976 0.005)
(0.1 0.01341463414 0.005)
(0.1 0.01585365853 0.005)
(0.1 0.01829268293 0.005)
(0.1 0.02073170731 0.005)
(0.1 0.0231707317 0.005)
(0.1 0.02560975609 0.005)
(0.1 0.02804878049 0.005)
(0.1 0.03048780487 0.005)
(0.1 0.03292682926 0.005)
(0.1 0.03536585366 0.005)
(0.1 0.03780487805 0.005)
(0.1 0.04024390243 0.005)
(0.1 0.04268292683 0.005)
(0.1 0.04512195121 0.005)
(0.1 0.0475609756 0.005)
(0.1 0.05 0.005)
(0.1 0.0524390244 0.005)
(0.1 0.05487804878 0.005)
(0.1 0.05731707317 0.005)
(0.1 0.05975609756 0.005)
(0.1 0.06219512195 0.005)
(0.1 0.06463414635 0.005)
(0.1 0.06707317073 0.005)
(0.1 0.06951219513 0.005)
(0.1 0.07195121952 0.005)
(0.1 0.07439024391 0.005)
(0.1 0.0768292683 0.005)
(0.1 0.07926829269 0.005)
(0.1 0.08170731708 0.005)
(0.1 0.08414634146 0.005)
(0.1 0.08658536585 0.005)
(0.1 0.08902439025 0.005)
(0.1 0.09146341464 0.005)
(0.1 0.09390243902 0.005)
(0.1 0.09634146341 0.005)
(0.1 0.0987804878 0.005)
)
;
    }
    topAndBottom
    {
        type            calculated;
        value           nonuniform List<vector> 
82
(
(0.001219512195 0 0.005)
(0.003658536585 0 0.005)
(0.006097560975 0 0.005)
(0.008536585366 0 0.005)
(0.01097560976 0 0.005)
(0.01341463414 0 0.005)
(0.01585365853 0 0.005)
(0.01829268293 0 0.005)
(0.02073170731 0 0.005)
(0.0231707317 0 0.005)
(0.02560975609 0 0.005)
(0.02804878049 0 0.005)
(0.03048780487 0 0.005)
(0.03292682926 0 0.005)
(0.03536585366 0 0.005)
(0.03780487805 0 0.005)
(0.04024390243 0 0.005)
(0.04268292683 0 0.005)
(0.04512195121 0 0.005)
(0.0475609756 0 0.005)
(0.05 0 0.005)
(0.0524390244 0 0.005)
(0.05487804878 0 0.005)
(0.05731707317 0 0.005)
(0.05975609756 0 0.005)
(0.06219512195 0 0.005)
(0.06463414635 0 0.005)
(0.06707317073 0 0.005)
(0.06951219513 0 0.005)
(0.07195121952 0 0.005)
(0.07439024391 0 0.005)
(0.0768292683 0 0.005)
(0.07926829269 0 0.005)
(0.08170731708 0 0.005)
(0.08414634146 0 0.005)
(0.08658536585 0 0.005)
(0.08902439025 0 0.005)
(0.09146341464 0 0.005)
(0.09390243902 0 0.005)
(0.09634146341 0 0.005)
(0.0987804878 0 0.005)
(0.001219512195 0.1 0.005)
(0.003658536585 0.1 0.005)
(0.006097560975 0.1 0.005)
(0.008536585366 0.1 0.005)
(0.01097560976 0.1 0.005)
(0.01341463414 0.1 0.005)
(0.01585365853 0.1 0.005)
(0.01829268293 0.1 0.005)
(0.02073170731 0.1 0.005)
(0.02317073171 0.1 0.005)
(0.02560975609 0.1 0.005)
(0.02804878048 0.1 0.005)
(0.03048780487 0.1 0.005)
(0.03292682926 0.1 0.005)
(0.03536585366 0.1 0.005)
(0.03780487805 0.1 0.005)
(0.04024390243 0.1 0.005)
(0.04268292683 0.1 0.005)
(0.04512195122 0.1 0.005)
(0.0475609756 0.1 0.005)
(0.05 0.1 0.005)
(0.05243902439 0.1 0.005)
(0.05487804878 0.1 0.005)
(0.05731707317 0.1 0.005)
(0.05975609756 0.1 0.005)
(0.06219512195 0.1 0.005)
(0.06463414635 0.1 0.005)
(0.06707317073 0.1 0.005)
(0.06951219513 0.1 0.005)
(0.07195121952 0.1 0.005)
(0.07439024391 0.1 0.005)
(0.0768292683 0.1 0.005)
(0.07926829268 0.1 0.005)
(0.08170731708 0.1 0.005)
(0.08414634146 0.1 0.005)
(0.08658536585 0.1 0.005)
(0.08902439025 0.1 0.005)
(0.09146341463 0.1 0.005)
(0.09390243902 0.1 0.005)
(0.09634146341 0.1 0.005)
(0.0987804878 0.1 0.005)
)
;
    }
    frontAndBack
    {
        type            empty;
    }
}


// ************************************************************************* //
