/*--------------------------------*- C++ -*----------------------------------*\
  =========                 |
  \\      /  F ield         | OpenFOAM: The Open Source CFD Toolbox
   \\    /   O peration     | Website:  https://openfoam.org
    \\  /    A nd           | Version:  11
     \\/     M anipulation  |
\*---------------------------------------------------------------------------*/
FoamFile
{
    format      ascii;
    class       surfaceScalarField;
    location    "1000";
    object      phi;
}
// * * * * * * * * * * * * * * * * * * * * * * * * * * * * * * * * * * * * * //

dimensions      [1 0 -1 0 0 0 0];

internalField   nonuniform List<scalar> 
3280
(
-2.696254305e-07
2.696254283e-07
-3.547804019e-07
8.515496861e-08
-3.355136373e-07
-1.926676755e-08
-2.885813691e-07
-4.693227141e-08
-2.444058144e-07
-4.417555796e-08
-2.110089922e-07
-3.339682577e-08
-1.878420923e-07
-2.316690354e-08
-1.722206532e-07
-1.562144284e-08
-1.616066827e-07
-1.061397438e-08
-1.541242104e-07
-7.482476259e-09
-1.48504571e-07
-5.619643343e-09
-1.43919558e-07
-4.585016988e-09
-1.39839625e-07
-4.079936901e-09
-1.359402893e-07
-3.899339502e-09
-1.320478738e-07
-3.892419232e-09
-1.281108391e-07
-3.9370383e-09
-1.241852476e-07
-3.925594836e-09
-1.20425776e-07
-3.759474929e-09
-1.170752225e-07
-3.350556521e-09
-1.144537989e-07
-2.621426531e-09
-1.129866073e-07
-1.467194351e-09
-1.132605225e-07
2.739126324e-10
-1.159182829e-07
2.657757984e-09
-1.216852633e-07
5.766978094e-09
-1.315211657e-07
9.83590039e-09
-1.466078122e-07
1.508664467e-08
-1.682799034e-07
2.167208953e-08
-1.978461046e-07
2.956619981e-08
-2.362589065e-07
3.841280061e-08
-2.836373676e-07
4.737846007e-08
-3.387114147e-07
5.507404612e-08
-3.983121998e-07
5.960078426e-08
-4.57040714e-07
5.872851347e-08
-5.071820949e-07
5.01413802e-08
-5.388522896e-07
3.1670194e-08
-5.402305172e-07
1.378226952e-09
-4.971296987e-07
-4.310081923e-08
-3.996229794e-07
-9.750672001e-08
-2.530790942e-07
-1.465438861e-07
-9.253195445e-08
-1.605471408e-07
-9.2531955e-08
-2.659925877e-07
5.356180135e-07
-4.36272588e-07
2.554349659e-07
-4.82072443e-07
2.653308413e-08
-4.712598366e-07
-5.774488129e-08
-4.453815719e-07
-7.005382617e-08
-4.195309386e-07
-5.924746274e-08
-3.979799384e-07
-4.471790752e-08
-3.810208261e-07
-3.258055909e-08
-3.677493762e-07
-2.388542841e-08
-3.57089636e-07
-1.814222057e-08
-3.48117627e-07
-1.459165648e-08
-3.401336667e-07
-1.256898143e-08
-3.32658144e-07
-1.155546365e-08
-3.254131891e-07
-1.114429843e-08
-3.183094647e-07
-1.099614752e-08
-3.114414547e-07
-1.080505205e-08
-3.050894327e-07
-1.027762039e-08
-2.997250956e-07
-9.123815379e-09
-2.960191595e-07
-7.05649593e-09
-2.948521487e-07
-3.788440375e-09
-2.973113798e-07
9.920338893e-10
-3.044412948e-07
7.40382496e-09
-3.173893971e-07
1.560585784e-08
-3.375540473e-07
2.593162606e-08
-3.663104374e-07
3.859228854e-08
-4.048310124e-07
5.360721789e-08
-4.538106939e-07
7.06517695e-08
-5.131242493e-07
8.887975388e-08
-5.814646753e-07
1.067532255e-07
-6.560159612e-07
1.21929745e-07
-7.322005047e-07
1.312585888e-07
-8.035238963e-07
1.309241751e-07
-8.615386949e-07
1.167433113e-07
-8.959448261e-07
8.454751077e-08
-8.947430519e-07
3.046841908e-08
-8.444280084e-07
-4.893681728e-08
-7.363193959e-07
-1.512094324e-07
-5.699046786e-07
-2.639214381e-07
-3.554294986e-07
-3.610190671e-07
-1.305738054e-07
-3.854028351e-07
-2.231057609e-07
-2.172385218e-07
7.528565331e-07
-3.968871711e-07
4.350836122e-07
-4.845119078e-07
1.141578175e-07
-5.141113454e-07
-2.814544709e-08
-5.1810892e-07
-6.605625503e-08
-5.126235839e-07
-6.473280236e-08
-5.041582287e-07
-5.318326633e-08
-4.952289864e-07
-4.15098052e-08
-4.866793134e-07
-3.243510514e-08
-4.786644499e-07
-2.615708797e-08
-4.710840886e-07
-2.217202162e-08
-4.637827251e-07
-1.987034875e-08
-4.566485085e-07
-1.868968397e-08
-4.496664369e-07
-1.812637375e-08
-4.429511729e-07
-1.771141502e-08
-4.367704697e-07
-1.698575872e-08
-4.315628976e-07
-1.548519571e-08
-4.279500269e-07
-1.273668915e-08
-4.267414988e-07
-8.265027e-09
-4.289017465e-07
-1.62819541e-09
-4.353426994e-07
7.432984181e-09
-4.470539652e-07
1.911508831e-08
-4.65182971e-07
3.373486144e-08
-4.907387326e-07
5.148738564e-08
-5.244723935e-07
7.232594773e-08
-5.666980964e-07
9.58329192e-08
-6.17093117e-07
1.210467888e-07
-6.744943965e-07
1.462810322e-07
-7.367076724e-07
1.689665004e-07
-8.003391005e-07
1.855611722e-07
-8.606570138e-07
1.915765013e-07
-9.115037942e-07
1.817709548e-07
-9.453045857e-07
1.505441021e-07
-9.532234223e-07
9.246634673e-08
-9.257006972e-07
2.945693201e-09
-8.553979235e-07
-1.192395917e-07
-7.377967622e-07
-2.688105944e-07
-5.701717338e-07
-4.315464673e-07
-3.588521828e-07
-5.723386189e-07
-1.360413071e-07
-6.082137116e-07
-3.591470685e-07
-1.769718316e-07
9.298283627e-07
-3.487986258e-07
6.069104037e-07
-4.532922329e-07
2.186514214e-07
-5.075424345e-07
2.610475105e-08
-5.326503338e-07
-4.094835919e-08
-5.434941718e-07
-5.388896784e-08
-5.471502487e-07
-4.952719302e-08
-5.470339263e-07
-4.162613117e-08
-5.448649403e-07
-3.460409477e-08
-5.415344297e-07
-2.948760223e-08
-5.375146583e-07
-2.619179674e-08
-5.330741617e-07
-2.431084897e-08
-5.284023675e-07
-2.336148169e-08
-5.236866307e-07
-2.284211399e-08
-5.191624498e-07
-2.223559918e-08
-5.151464847e-07
-2.100172702e-08
-5.120564808e-07
-1.857520256e-08
-5.10418296e-07
-1.437487682e-08
-5.1085211e-07
-7.831215656e-09
-5.140185246e-07
1.538216623e-09
-5.206330162e-07
1.404747336e-08
-5.31489348e-07
2.997141794e-08
-5.473122954e-07
4.955780686e-08
-5.686335795e-07
7.280866792e-08
-5.957055365e-07
9.939790311e-08
-6.283971108e-07
1.28524492e-07
-6.660915558e-07
1.587412326e-07
-7.075906886e-07
1.877801639e-07
-7.510255446e-07
2.124013555e-07
-7.937672363e-07
2.28302863e-07
-8.323311685e-07
2.301404328e-07
-8.622758727e-07
2.117156583e-07
-8.781357686e-07
1.664039972e-07
-8.736422577e-07
8.79728351e-08
-8.427511815e-07
-2.794538384e-08
-7.800659923e-07
-1.819247817e-07
-6.788042634e-07
-3.700723241e-07
-5.325490804e-07
-5.77801651e-07
-3.427466586e-07
-7.621410415e-07
-1.352250707e-07
-8.157353004e-07
-4.943721397e-07
-1.452211614e-07
1.075049522e-06
-3.053002455e-07
7.669894855e-07
-4.141680674e-07
3.275192403e-07
-4.800835739e-07
9.202025413e-08
-5.177580911e-07
-3.273845489e-09
-5.388308569e-07
-3.281620547e-08
-5.508432236e-07
-3.751482991e-08
-5.575355013e-07
-3.493385696e-08
-5.60938171e-07
-3.120142869e-08
-5.622330173e-07
-2.819275948e-08
-5.621441949e-07
-2.628062262e-08
-5.611378333e-07
-2.531721405e-08
-5.59537979e-07
-2.496133939e-08
-5.575989466e-07
-2.478114954e-08
-5.55553314e-07
-2.428123498e-08
-5.536432433e-07
-2.291180069e-08
-5.521394104e-07
-2.007903822e-08
-5.513485088e-07
-1.516578107e-08
-5.516116843e-07
-7.568042771e-09
-5.533232471e-07
3.249777085e-09
-5.569810832e-07
1.770530717e-08
-5.63094148e-07
3.608448066e-08
-5.720335221e-07
5.849717905e-08
-5.84010895e-07
8.478603907e-08
-5.990319788e-07
1.144189854e-07
-6.168595595e-07
1.463520713e-07
-6.369941525e-07
1.788758244e-07
-6.586715507e-07
2.09457561e-07
-6.808663493e-07
2.345961531e-07
-7.022766671e-07
2.497131799e-07
-7.212513473e-07
2.491151121e-07
-7.356132242e-07
2.260775344e-07
-7.423665893e-07
1.731573615e-07
-7.375185108e-07
8.312475572e-08
-7.164436021e-07
-4.902029346e-08
-6.729810847e-07
-2.253873e-07
-5.977520611e-07
-4.453013485e-07
-4.808145735e-07
-6.947391394e-07
-3.187392599e-07
-9.242163558e-07
-1.311605779e-07
-1.003313983e-06
-6.25532718e-07
-1.198270049e-07
1.194876525e-06
-2.671776139e-07
9.143400922e-07
-3.740035236e-07
4.343451472e-07
-4.424791101e-07
1.604958374e-07
-4.853443937e-07
3.959143464e-08
-5.118617591e-07
-6.298843581e-09
-5.285692604e-07
-2.08073321e-08
-5.395297076e-07
-2.397341331e-08
-5.468538371e-07
-2.387730265e-08
-5.517579716e-07
-2.328862852e-08
-5.549958986e-07
-2.304269906e-08
-5.570555732e-07
-2.325754279e-08
-5.582623752e-07
-2.375454062e-08
-5.588370098e-07
-2.420651807e-08
-5.589337544e-07
-2.418449339e-08
-5.586660897e-07
-2.31794682e-08
-5.581249035e-07
-2.062022712e-08
-5.573917563e-07
-1.589893079e-08
-5.565541055e-07
-8.405696014e-09
-5.557535481e-07
2.449217386e-09
-5.552278894e-07
1.717964625e-08
-5.552096475e-07
3.606623681e-08
-5.558251451e-07
5.911267479e-08
-5.570937508e-07
8.605464309e-08
-5.589213264e-07
1.162465594e-07
-5.611165657e-07
1.485473092e-07
-5.63437614e-07
1.811968715e-07
-5.656691253e-07
2.116890712e-07
-5.677158915e-07
2.366429182e-07
-5.696762368e-07
2.516735243e-07
-5.718209324e-07
2.512598068e-07
-5.743599066e-07
2.286165076e-07
-5.768645925e-07
1.756620464e-07
-5.773128433e-07
8.357300541e-08
-5.712017238e-07
-5.513141403e-08
-5.509949285e-07
-2.455940962e-07
-5.05178525e-07
-4.911177529e-07
-4.203396252e-07
-7.795780401e-07
-2.884358431e-07
-1.056120139e-06
-1.235432427e-07
-1.168206584e-06
-7.490759611e-07
-9.895447959e-08
1.293831003e-06
-2.334386335e-07
1.048824244e-06
-3.347408169e-07
5.35647328e-07
-4.007711584e-07
2.265261759e-07
-4.427957029e-07
8.161597585e-08
-4.702319091e-07
2.113735907e-08
-4.886268931e-07
-2.412351609e-09
-5.014623034e-07
-1.113800647e-08
-5.108934355e-07
-1.444617405e-08
-5.180532855e-07
-1.612878197e-08
-5.236053343e-07
-1.749065372e-08
-5.279589392e-07
-1.890394113e-08
-5.313682903e-07
-2.034519267e-08
-5.339741655e-07
-2.160064591e-08
-5.358303248e-07
-2.232833701e-08
-5.369205249e-07
-2.208927074e-08
-5.371730181e-07
-2.03677365e-08
-5.364762015e-07
-1.659574984e-08
-5.346961952e-07
-1.018570463e-08
-5.316900495e-07
-5.569305969e-10
-5.273938622e-07
1.288345682e-08
-5.218085889e-07
3.048096156e-08
-5.148797658e-07
5.218384986e-08
-5.065053129e-07
7.768018851e-08
-4.965556521e-07
1.062968972e-07
-4.849237379e-07
1.369153936e-07
-4.716136361e-07
1.678867685e-07
-4.568728464e-07
1.969482803e-07
-4.41360168e-07
2.211302387e-07
-4.263183392e-07
2.366316945e-07
-4.13668143e-07
2.386096095e-07
-4.058488857e-07
2.207972492e-07
-4.051068185e-07
1.749199781e-07
-4.117506762e-07
9.021686188e-08
-4.213861572e-07
-4.549593437e-08
-4.2479451e-07
-2.421857446e-07
-4.083653236e-07
-5.075469402e-07
-3.55381534e-07
-8.325618305e-07
-2.537610695e-07
-1.157740604e-06
-1.12898187e-07
-1.309069468e-06
-8.619741485e-07
-8.126580804e-08
1.37509681e-06
-2.03131769e-07
1.170690203e-06
-2.971205915e-07
6.296361482e-07
-3.578192948e-07
2.872248763e-07
-3.954837086e-07
1.192803865e-07
-4.198642815e-07
4.551792861e-08
-4.369379477e-07
1.466131107e-08
-4.496554563e-07
1.57949869e-09
-4.595728869e-07
-4.528746936e-09
-4.676575207e-07
-8.044151673e-09
-4.744376009e-07
-1.071057687e-08
-4.802032581e-07
-1.313828713e-08
-4.851149883e-07
-1.543346554e-08
-4.892281382e-07
-1.748749901e-08
-4.925078659e-07
-1.904861206e-08
-4.948350489e-07
-1.976209035e-08
-4.960129982e-07
-1.918978966e-08
-4.957773141e-07
-1.683143633e-08
-4.938111178e-07
-1.215190314e-08
-4.897611446e-07
-4.606906006e-09
-4.832313067e-07
6.353616843e-09
-4.739273418e-07
2.117699467e-08
-4.616568679e-07
3.991337424e-08
-4.462278401e-07
6.225115905e-08
-4.274921344e-07
8.75611899e-08
-4.054132055e-07
1.148364634e-07
-3.80172005e-07
1.426455667e-07
-3.523249895e-07
1.691012636e-07
-3.230141259e-07
1.918193739e-07
-2.94217975e-07
2.078355424e-07
-2.689865872e-07
2.133782205e-07
-2.514881187e-07
2.032987794e-07
-2.464497748e-07
1.698816329e-07
-2.571011021e-07
1.008681877e-07
-2.802767788e-07
-2.232025923e-08
-3.047992647e-07
-2.1766326e-07
-3.148923715e-07
-4.974538345e-07
-2.909082438e-07
-8.565459591e-07
-2.175662614e-07
-1.231082587e-06
-1.004673088e-07
-1.426168421e-06
-9.624414577e-07
-6.592851479e-08
1.441025324e-06
-1.756668738e-07
1.280428561e-06
-2.616585428e-07
7.156278152e-07
-3.157147382e-07
3.412810691e-07
-3.472375859e-07
1.508032312e-07
-3.662864015e-07
6.456674105e-08
-3.793610582e-07
2.773596438e-08
-3.897373125e-07
1.195574954e-08
-3.986687247e-07
4.402661784e-09
-4.065403887e-07
-1.724910482e-10
-4.135511846e-07
-3.69978426e-09
-4.198657078e-07
-6.82376708e-09
-4.255513497e-07
-9.747826663e-09
-4.305959002e-07
-1.244295132e-08
-4.349078206e-07
-1.473669428e-08
-4.383082927e-07
-1.636162075e-08
-4.405293872e-07
-1.696869762e-08
-4.412172911e-07
-1.61435347e-08
-4.399412069e-07
-1.342798957e-08
-4.36192788e-07
-8.355327024e-09
-4.293265896e-07
-5.125836491e-10
-4.187480397e-07
1.059844296e-08
-4.040775212e-07
2.524285391e-08
-3.850178434e-07
4.319147968e-08
-3.613811451e-07
6.392449012e-08
-3.331596907e-07
8.661500749e-08
-3.006299921e-07
1.101158668e-07
-2.645131958e-07
1.32984466e-07
-2.261934779e-07
1.534996547e-07
-1.880032539e-07
1.696453171e-07
-1.535492044e-07
1.789241696e-07
-1.279497912e-07
1.776993646e-07
-1.175364023e-07
1.594682425e-07
-1.281451244e-07
1.114769079e-07
-1.60056152e-07
9.590766488e-09
-2.007692715e-07
-1.76950142e-07
-2.319682742e-07
-4.66254833e-07
-2.318491411e-07
-8.566650932e-07
-1.82942177e-07
-1.279989552e-06
-8.775354918e-08
-1.52135705e-06
-1.050195007e-06
-5.244252408e-08
1.493467847e-06
-1.506909001e-07
1.378676935e-06
-2.286835907e-07
7.936205039e-07
-2.758269592e-07
3.884244352e-07
-3.006557665e-07
1.756320357e-07
-3.135008738e-07
7.741184529e-08
-3.21375051e-07
3.561013834e-08
-3.277923972e-07
1.837309236e-08
-3.340559402e-07
1.066620145e-08
-3.404399799e-07
6.211545394e-09
-3.467969717e-07
2.657204277e-09
-3.529028985e-07
-7.178432535e-10
-3.586519058e-07
-3.998822238e-09
-3.639964371e-07
-7.098422813e-09
-3.688229813e-07
-9.910152627e-09
-3.729382876e-07
-1.224631688e-08
-3.760568333e-07
-1.385015431e-08
-3.777977579e-07
-1.44026123e-08
-3.776854339e-07
-1.354031577e-08
-3.751561067e-07
-1.088465636e-08
-3.695848451e-07
-6.083847191e-09
-3.601397417e-07
1.15333774e-09
-3.4608135e-07
1.118446046e-08
-3.269899819e-07
2.410010994e-08
-3.025953443e-07
3.952985104e-08
-2.728555955e-07
5.687525729e-08
-2.380525123e-07
7.53127822e-08
-1.989451547e-07
9.387710697e-08
-1.569779783e-07
1.115324769e-07
-1.145688587e-07
1.272361961e-07
-7.545975743e-08
1.398150668e-07
-4.501740346e-08
1.47257009e-07
-3.000355129e-08
1.444543885e-07
-3.725217112e-08
1.187255258e-07
-7.105086588e-08
4.338945917e-08
-1.20467419e-07
-1.275335908e-07
-1.651497594e-07
-4.21572494e-07
-1.820819896e-07
-8.39732864e-07
-1.52488161e-07
-1.309583381e-06
-7.61074001e-08
-1.597737811e-06
-1.126302408e-06
-4.048942976e-08
1.533957275e-06
-1.279591035e-07
1.466146608e-06
-1.983416323e-07
8.640030312e-07
-2.389436808e-07
4.290264815e-07
-2.573872887e-07
1.94075641e-07
-2.641463231e-07
8.417087689e-08
-2.666790533e-07
3.814286537e-08
-2.687572549e-07
2.045129084e-08
-2.716656423e-07
1.357458563e-08
-2.75518237e-07
1.006413698e-08
-2.800861928e-07
7.225156955e-09
-2.850976872e-07
4.293648246e-09
-2.902471115e-07
1.150599302e-09
-2.952796291e-07
-2.065907819e-09
-3.000447108e-07
-5.145073351e-09
-3.04373585e-07
-7.917445075e-09
-3.08009048e-07
-1.021469352e-08
-3.10599039e-07
-1.181262359e-08
-3.116959513e-07
-1.24434055e-08
-3.107625481e-07
-1.181806168e-08
-3.071857234e-07
-9.660673761e-09
-3.002829271e-07
-5.749460334e-09
-2.891695197e-07
7.105136134e-11
-2.730771107e-07
8.007699471e-09
-2.516132211e-07
1.806595993e-08
-2.24619254e-07
2.988128875e-08
-1.922773427e-07
4.297086947e-08
-1.552508014e-07
5.685056427e-08
-1.148754964e-07
7.115717029e-08
-7.34422795e-08
8.580297766e-08
-3.45356615e-08
1.009084471e-07
-3.306033509e-09
1.160273792e-07
1.373046277e-08
1.274178903e-07
1.026206369e-08
1.221939229e-07
-1.884809509e-08
7.24996158e-08
-6.764019954e-08
-7.874148833e-08
-1.169700536e-07
-3.722426414e-07
-1.435533845e-07
-8.131495342e-07
-1.277459727e-07
-1.325390794e-06
-6.643035823e-08
-1.659053427e-06
-1.192732766e-06
-2.984214994e-08
1.563799425e-06
-1.072561429e-07
1.5435606e-06
-1.706029325e-07
9.273498194e-07
-2.053701286e-07
4.637936758e-07
-2.182462598e-07
2.069517699e-07
-2.197089292e-07
8.563354365e-08
-2.175329631e-07
3.596689638e-08
-2.156643405e-07
1.858266523e-08
-2.15334897e-07
1.32451392e-08
-2.165182402e-07
1.124747724e-08
-2.188543266e-07
9.561240513e-09
-2.220090278e-07
7.448346712e-09
-2.257502794e-07
4.891848297e-09
-2.298402154e-07
2.024025762e-09
-2.340049357e-07
-9.803554113e-10
-2.380223178e-07
-3.900065302e-09
-2.416887758e-07
-6.548237686e-09
-2.447139373e-07
-8.78746427e-09
-2.467181397e-07
-1.043920511e-08
-2.472367634e-07
-1.129943992e-08
-2.457328092e-07
-1.116462976e-08
-2.416192534e-07
-9.863017844e-09
-2.342854925e-07
-7.262711125e-09
-2.229753971e-07
-3.302397435e-09
-2.069617156e-07
2.052277061e-09
-1.858712115e-07
8.790783206e-09
-1.597098489e-07
1.680950543e-08
-1.289022742e-07
2.604298811e-08
-9.448721878e-08
3.67421133e-08
-5.838749475e-08
4.970325194e-08
-2.370122842e-08
6.622217892e-08
5.060563684e-09
8.726558518e-08
2.222886402e-08
1.10249588e-07
2.248233417e-08
1.219404507e-07
1.683687632e-09
9.329826016e-08
-3.956226116e-08
-3.74955417e-08
-8.601986865e-08
-3.257850355e-07
-1.158689713e-07
-7.833004327e-07
-1.089473278e-07
-1.332312438e-06
-5.9039876e-08
-1.708960879e-06
-1.251772643e-06
-2.032005303e-08
1.584119477e-06
-8.836843569e-08
1.611608982e-06
-1.453051632e-07
9.842865458e-07
-1.750590258e-07
4.935475368e-07
-1.834028806e-07
2.152956226e-07
-1.807078831e-07
8.293854378e-08
-1.749210254e-07
3.018003603e-08
-1.700332811e-07
1.369491818e-08
-1.671420622e-07
1.035391758e-08
-1.66059654e-07
1.016506635e-08
-1.663188245e-07
9.820408401e-09
-1.67545648e-07
8.675167744e-09
-1.695145766e-07
6.86077453e-09
-1.720912044e-07
4.600651307e-09
-1.751287841e-07
2.05722212e-09
-1.783904228e-07
-6.384287711e-10
-1.816367855e-07
-3.301877105e-09
-1.846506295e-07
-5.773622361e-09
-1.871407868e-07
-7.949049702e-09
-1.887425202e-07
-9.697708379e-09
-1.89029098e-07
-1.087805367e-08
-1.875299527e-07
-1.136216467e-08
-1.837381617e-07
-1.105450361e-08
-1.771353079e-07
-9.905252686e-09
-1.671966269e-07
-7.886405338e-09
-1.534128901e-07
-4.992954913e-09
-1.354444132e-07
-1.158972947e-09
-1.133347103e-07
3.933283749e-09
-8.767672118e-08
1.10841226e-08
-5.979425811e-08
2.182078715e-08
-3.198935242e-08
3.841727139e-08
-7.616222024e-09
6.289245283e-08
8.983037228e-09
9.365032671e-08
1.293216268e-08
1.179913232e-07
1.114899656e-09
1.05115521e-07
-2.904365531e-08
-7.336988976e-09
-6.790210196e-08
-2.869265904e-07
-9.675946689e-08
-7.54443069e-07
-9.51931484e-08
-1.333878757e-06
-5.372327443e-08
-1.750430754e-06
-1.305495918e-06
-1.17710721e-08
1.595890549e-06
-7.108564705e-08
1.670923556e-06
-1.222156745e-07
1.035416572e-06
-1.477545281e-07
5.190863891e-07
-1.526048704e-07
2.201459631e-07
-1.469582357e-07
7.729190695e-08
-1.388081579e-07
2.202995592e-08
-1.320547136e-07
6.94147142e-09
-1.275632996e-07
5.862501073e-09
-1.249535901e-07
7.555354534e-09
-1.236640125e-07
8.530828452e-09
-1.232989237e-07
8.310076778e-09
-1.23659498e-07
7.221346681e-09
-1.246689396e-07
5.61009085e-09
-1.262860349e-07
3.674315425e-09
-1.284294432e-07
1.504977615e-09
-1.309122106e-07
-8.191117338e-10
-1.335257362e-07
-3.16009871e-09
-1.360674904e-07
-5.407297254e-09
-1.382794581e-07
-7.485742412e-09
-1.398534366e-07
-9.304076725e-09
-1.404427753e-07
-1.07728274e-08
-1.396745725e-07
-1.182270767e-08
-1.3716191e-07
-1.241791653e-08
-1.3250449e-07
-1.254382666e-08
-1.253167539e-07
-1.218069231e-08
-1.152774787e-07
-1.119824951e-08
-1.021643894e-07
-9.179806939e-09
-8.599820485e-08
-5.082063554e-09
-6.729281129e-08
3.115391858e-09
-4.73069766e-08
1.843143483e-08
-2.816479362e-08
4.375026791e-08
-1.272894006e-08
7.821447116e-08
-5.012407298e-09
1.102747884e-07
-8.463402004e-09
1.085665136e-07
-2.709768252e-08
1.129728931e-08
-5.692020844e-08
-2.571040662e-07
-8.301251604e-08
-7.283507625e-07
-8.490937831e-08
-1.331981896e-06
-4.992083358e-08
-1.785419299e-06
-1.355416752e-06
-4.080650714e-09
1.599971199e-06
-5.520405483e-08
1.72204696e-06
-1.010900109e-07
1.081302528e-06
-1.231283854e-07
5.411247626e-07
-1.254046826e-07
2.224222588e-07
-1.178758598e-07
6.976308233e-08
-1.084794244e-07
1.263351849e-08
-1.009315639e-07
-6.063911382e-10
-9.581983446e-08
7.507695741e-10
-9.253506686e-08
4.270584912e-09
-9.041493438e-08
6.410694028e-09
-8.90432757e-08
6.938416237e-09
-8.824652162e-08
6.424590789e-09
-8.800096955e-08
5.364536985e-09
-8.833913074e-08
4.012474815e-09
-8.928423409e-08
2.450079159e-09
-9.079267777e-08
6.893301627e-10
-9.272946964e-08
-1.223308553e-09
-9.494481188e-08
-3.191956644e-09
-9.727534942e-08
-5.155206361e-09
-9.952355008e-08
-7.055877432e-09
-1.014608038e-07
-8.835574964e-09
-1.028342508e-07
-1.044926187e-08
-1.033737363e-07
-1.187843218e-08
-1.027912579e-07
-1.312630632e-08
-1.007859357e-07
-1.41860157e-08
-9.704706784e-08
-1.493711864e-08
-9.127879987e-08
-1.49480763e-08
-8.323873696e-08
-1.312212799e-08
-7.279642291e-08
-7.326923881e-09
-6.012790947e-08
5.762919552e-09
-4.604733321e-08
2.966968972e-08
-3.215786782e-08
6.432500382e-08
-2.13605334e-08
9.947745204e-08
-1.765197217e-08
1.048579503e-07
-2.630253894e-08
1.994785396e-08
-4.807712204e-08
-2.353294847e-07
-7.154246329e-08
-7.048854223e-07
-7.639833612e-08
-1.327126024e-06
-4.695885466e-08
-1.814858781e-06
-1.402375607e-06
2.823632935e-09
1.597147566e-06
-4.051118435e-08
1.765381777e-06
-8.170890817e-08
1.122500251e-06
-1.008825905e-07
5.602984441e-07
-1.013476384e-07
2.228873056e-07
-9.276156893e-08
6.11770114e-08
-8.290611859e-08
2.778066532e-09
-7.530130204e-08
-8.211209347e-09
-7.035547619e-08
-4.195057922e-09
-6.719207266e-08
1.107179759e-09
-6.497951336e-08
4.198133159e-09
-6.327483417e-08
5.23373551e-09
-6.191519195e-08
5.064947054e-09
-6.091321727e-08
4.362560778e-09
-6.035548303e-08
3.454739005e-09
-6.033404467e-08
2.428639217e-09
-6.090748772e-08
1.26277164e-09
-6.205480989e-08
-7.598787094e-11
-6.369263918e-08
-1.55412876e-09
-6.573238172e-08
-3.115465079e-09
-6.806532296e-08
-4.722937342e-09
-7.056068068e-08
-6.340218331e-09
-7.306629079e-08
-7.94365278e-09
-7.540935495e-08
-9.535369021e-09
-7.739182603e-08
-1.114383628e-08
-7.878347061e-08
-1.279437221e-08
-7.931104811e-08
-1.440954234e-08
-7.865478169e-08
-1.560434402e-08
-7.643276952e-08
-1.534414162e-08
-7.21854944e-08
-1.157420063e-08
-6.536895774e-08
-1.053618895e-09
-5.562213826e-08
1.992286841e-08
-4.34139526e-08
5.211681628e-08
-3.070885163e-08
8.677234923e-08
-2.16486626e-08
9.579775929e-08
-2.275218376e-08
2.105137313e-08
-3.827779327e-08
-2.198038767e-07
-6.009769273e-08
-6.830655239e-07
-6.825507688e-08
-1.31896864e-06
-4.423899577e-08
-1.838874863e-06
-1.446614603e-06
9.044976341e-09
1.588102589e-06
-2.679787801e-08
1.801224631e-06
-6.391990058e-08
1.159622273e-06
-8.082678635e-08
5.772053294e-07
-8.010476474e-08
2.221652832e-07
-7.103226192e-08
5.210450757e-08
-6.125688272e-08
-6.997313828e-09
-5.404843595e-08
-1.541965733e-08
-4.962278639e-08
-8.620708695e-09
-4.702839232e-08
-1.487215489e-09
-4.528563431e-08
2.455373962e-09
-4.384786998e-08
3.795970023e-09
-4.252010364e-08
3.73717952e-09
-4.131882692e-08
3.161282796e-09
-4.035619894e-08
2.492109727e-09
-3.97647941e-08
1.837233061e-09
-3.965631641e-08
1.154292651e-09
-4.009978085e-08
3.67475344e-10
-4.109251716e-08
-5.613935641e-10
-4.260189527e-08
-1.606087961e-09
-4.458547263e-08
-2.739360893e-09
-4.698551612e-08
-3.940175709e-09
-4.972740089e-08
-5.201768827e-09
-5.271746475e-08
-6.545306019e-09
-5.583669275e-08
-8.024609191e-09
-5.892808059e-08
-9.702985352e-09
-6.177489519e-08
-1.156272884e-08
-6.407199021e-08
-1.330725023e-08
-6.537889229e-08
-1.403724092e-08
-6.506360216e-08
-1.188949232e-08
-6.224517685e-08
-3.872045915e-09
-5.585920144e-08
1.353689124e-08
-4.544956806e-08
4.170718113e-08
-3.215024315e-08
7.347302258e-08
-1.981356004e-08
8.346107438e-08
-1.557216677e-08
1.6809978e-08
-2.629418181e-08
-2.090818631e-07
-4.743670174e-08
-6.61923005e-07
-5.955379141e-08
-1.306851552e-06
-4.133981629e-08
-1.857088839e-06
-1.487954419e-06
1.471856866e-08
1.573384021e-06
-1.375176956e-08
1.829694969e-06
-4.765086956e-08
1.193521373e-06
-6.292125686e-08
5.924757165e-07
-6.15216818e-08
2.207657078e-07
-5.230672484e-08
4.288955003e-08
-4.268977651e-08
-1.661426283e-08
-3.587721203e-08
-2.223222252e-08
-3.204459193e-08
-1.245332953e-08
-3.018576385e-08
-3.346044349e-09
-2.922315318e-08
1.492762519e-09
-2.848090235e-08
3.053718375e-09
-2.767997482e-08
2.936251078e-09
-2.679604929e-08
2.277356299e-09
-2.593098273e-08
1.627042124e-09
-2.522655743e-08
1.13280671e-09
-2.481809359e-08
7.458277815e-10
-2.481230607e-08
3.616868917e-10
-2.527063308e-08
-1.030673642e-10
-2.621059994e-08
-6.66121817e-10
-2.763468088e-08
-1.315280621e-09
-2.953427916e-08
-2.040578047e-09
-3.188976744e-08
-2.846281169e-09
-3.466875658e-08
-3.766317522e-09
-3.782094275e-08
-4.872423758e-09
-4.126402624e-08
-6.259902695e-09
-4.485565826e-08
-7.971097804e-09
-4.834834105e-08
-9.814568563e-09
-5.132010429e-08
-1.106547897e-08
-5.309216809e-08
-1.011742998e-08
-5.265449237e-08
-4.309723205e-09
-4.869894084e-08
9.58133805e-09
-4.020474226e-08
3.321298091e-08
-2.758954941e-08
6.085782812e-08
-1.398369957e-08
6.985522288e-08
-5.934768808e-09
8.761045535e-09
-1.228903493e-08
-2.027275983e-07
-3.321013908e-08
-6.410019018e-07
-4.985700941e-08
-1.290204682e-06
-3.803897943e-08
-1.868906869e-06
-1.525993399e-06
1.985591664e-08
1.553528104e-06
-4.601637365e-10
1.85001105e-06
-3.294233287e-08
1.226003543e-06
-4.730283835e-08
6.06836222e-07
-4.559100606e-08
2.190538755e-07
-3.628157499e-08
3.358011886e-08
-2.656445726e-08
-2.633138073e-08
-1.98064509e-08
-2.899022912e-08
-1.630316415e-08
-1.595661657e-08
-1.505558593e-08
-4.593622901e-09
-1.492336818e-08
1.360544363e-09
-1.509725215e-08
3.227601864e-09
-1.516688458e-08
3.005882905e-09
-1.501655114e-08
2.127022162e-09
-1.469653541e-08
1.307025639e-09
-1.43251375e-08
7.614080577e-10
-1.403197949e-08
4.526690731e-10
-1.393192205e-08
2.616288635e-10
-1.411405063e-08
7.906071259e-11
-1.463000455e-08
-1.50168314e-10
-1.551040974e-08
-4.34875806e-10
-1.677686038e-08
-7.741277785e-10
-1.844542318e-08
-1.177718759e-09
-2.052814605e-08
-1.683595113e-09
-2.303130766e-08
-2.369262709e-09
-2.594279913e-08
-3.348411921e-09
-2.920283565e-08
-4.71106215e-09
-3.265262948e-08
-6.364775761e-09
-3.595282611e-08
-7.76528353e-09
-3.848471545e-08
-7.585541969e-09
-3.9272867e-08
-3.521573098e-09
-3.701652941e-08
7.324998999e-09
-3.048122301e-08
2.667767304e-08
-1.954207053e-08
4.991867421e-08
-6.333138075e-09
5.664628897e-08
4.049891902e-09
-1.621985945e-09
2.432543602e-09
-2.011102512e-07
-1.760353272e-08
-6.209658263e-07
-3.910759584e-08
-1.268700619e-06
-3.427681061e-08
-1.873737655e-06
-1.56027021e-06
2.45930001e-08
1.528935104e-06
1.300166847e-08
1.861602382e-06
-1.882469623e-08
1.257829908e-06
-3.36872293e-08
6.216987555e-07
-3.222962413e-08
2.175962707e-07
-2.276283004e-08
2.411332519e-08
-1.248113365e-08
-3.661307679e-08
-5.19211758e-09
-3.627924493e-08
-1.459110714e-09
-1.968962327e-08
-4.255306365e-10
-5.627202902e-09
-9.336662449e-10
1.86867994e-09
-2.036215842e-09
4.330151285e-09
-3.149009581e-09
4.118676332e-09
-4.014076653e-09
2.992088824e-09
-4.587803121e-09
1.880751652e-09
-4.933164132e-09
1.106768639e-09
-5.148787972e-09
6.682925448e-10
-5.333995798e-09
4.468364063e-10
-5.575443222e-09
3.205079809e-10
-5.937948512e-09
2.123368587e-10
-6.466433923e-09
9.360951089e-11
-7.197037043e-09
-4.35247725e-11
-8.165105589e-09
-2.096503705e-10
-9.411959031e-09
-4.367419073e-10
-1.098618914e-08
-7.950329807e-10
-1.293439447e-08
-1.400207122e-09
-1.527493025e-08
-2.370527065e-09
-1.79495092e-08
-3.690197696e-09
-2.073959105e-08
-4.97520271e-09
-2.315877036e-08
-5.166363814e-09
-2.436622727e-08
-2.314117449e-09
-2.318605746e-08
6.14482793e-09
-1.837139866e-08
2.186301299e-08
-9.395689649e-09
4.094296398e-08
2.629840902e-09
4.462075717e-08
1.358313342e-08
-1.257527967e-08
1.544901782e-08
-2.029761366e-07
-1.04143042e-09
-6.044753787e-07
-2.749874231e-08
-1.242243308e-06
-3.008021572e-08
-1.871156182e-06
-1.590350426e-06
2.90688256e-08
1.499866279e-06
2.564175199e-08
1.865029456e-06
-3.36433889e-09
1.286835999e-06
-2.15035241e-08
6.398379414e-07
-2.126951658e-08
2.17362264e-07
-1.162074597e-08
1.446455553e-08
-2.642389841e-10
-4.796958296e-08
8.300913646e-09
-4.484439685e-08
1.298609098e-08
-2.437480002e-08
1.436094426e-08
-7.00205573e-09
1.358590692e-08
2.643717583e-09
1.175222732e-08
6.163830987e-09
9.632726382e-09
6.23817723e-09
7.656460121e-09
4.968354963e-09
5.994371981e-09
3.542839627e-09
4.668494743e-09
2.432645765e-09
3.634828658e-09
1.701958604e-09
2.829586139e-09
1.252079001e-09
2.188915756e-09
9.611785123e-10
1.657410791e-09
7.438420046e-10
1.190356578e-09
5.606639161e-10
7.47918799e-10
3.989131541e-10
2.871786978e-10
2.510897965e-10
-2.473018293e-10
9.773858392e-11
-9.289811722e-10
-1.133537968e-10
-1.844896275e-09
-4.842923556e-10
-3.075954007e-09
-1.139469831e-09
-4.656285938e-09
-2.109866474e-09
-6.495816795e-09
-3.135672692e-09
-8.269377564e-09
-3.392803982e-09
-9.312187915e-09
-1.271308094e-09
-8.604564741e-09
5.437203725e-09
-4.944278408e-09
1.820272568e-08
2.540016421e-09
3.34586682e-08
1.340471375e-08
3.375605889e-08
2.401146105e-08
-2.31820279e-08
2.720503629e-08
-2.061697126e-07
1.446128726e-08
-5.917316303e-07
-1.503124056e-08
-1.212750781e-06
-2.54830258e-08
-1.860704397e-06
-1.615833452e-06
3.314290999e-08
1.46672337e-06
3.734316918e-08
1.860829197e-06
1.334197835e-08
1.310837191e-06
-8.907547084e-09
6.620874678e-07
-1.176390894e-08
2.202186272e-07
-2.32751254e-09
5.028160593e-09
1.021259099e-08
-6.05096852e-08
2.063389615e-08
-5.526570091e-08
2.695716476e-08
-3.069806769e-08
2.927459567e-08
-9.319485869e-09
2.873049737e-08
3.187816438e-09
2.656818388e-08
8.326144839e-09
2.37307601e-08
9.075601239e-09
2.080681338e-08
7.892301832e-09
1.810081272e-08
6.248840446e-09
1.573671257e-08
4.796746124e-09
1.37439491e-08
3.694722384e-09
1.211122607e-08
2.884802428e-09
1.081277168e-08
2.259633349e-09
9.819550658e-09
1.737063501e-09
9.10332877e-09
1.276886269e-09
8.633880591e-09
8.683617364e-10
8.372680545e-09
5.122901663e-10
8.265023374e-09
2.053959559e-10
8.230628654e-09
-7.895903157e-11
8.163567765e-09
-4.172315897e-10
7.944258732e-09
-9.201610994e-10
7.471011075e-09
-1.636619268e-09
6.725527688e-09
-2.390189889e-09
5.879458458e-09
-2.546735395e-09
5.420000244e-09
-8.118505722e-10
6.222992197e-09
4.634211099e-09
9.449123493e-09
1.497659372e-08
1.617217785e-08
2.67356132e-08
2.627159007e-08
2.365664603e-08
3.653803086e-08
-3.344846932e-08
3.999927968e-08
-2.09630962e-07
2.817721666e-08
-5.799095677e-07
-1.834346219e-09
-1.182739218e-06
-2.064861691e-08
-1.841890127e-06
-1.636482069e-06
3.676831268e-08
1.429955058e-06
4.813274694e-08
1.849464764e-06
2.950624438e-08
1.329463694e-06
5.747423582e-09
6.858462899e-07
-1.844696556e-09
2.27810749e-07
5.772340447e-09
-2.588874454e-09
1.895116554e-08
-7.368850862e-08
3.127883715e-08
-6.759337107e-08
3.95954126e-08
-3.901464188e-08
4.342250794e-08
-1.314658017e-08
4.375490344e-08
2.855421764e-09
4.192160271e-08
1.015944619e-08
3.897015943e-08
1.202704499e-08
3.559960745e-08
1.126285423e-08
3.22247435e-08
9.623704828e-09
2.90686809e-08
7.952809264e-09
2.624201027e-08
6.521393626e-09
2.379727696e-08
5.32953644e-09
2.175893886e-08
4.29797218e-09
2.013731598e-08
3.358687126e-09
1.893419429e-08
2.480008678e-09
1.81427113e-08
1.659845374e-09
1.774439406e-08
9.106079684e-10
1.770428961e-08
2.455008371e-10
1.795869759e-08
-3.333667494e-10
1.840373465e-08
-8.622685564e-10
1.890676211e-08
-1.423188607e-09
1.933070169e-08
-2.060559038e-09
1.958778029e-08
-2.647268756e-09
1.973534252e-08
-2.694297948e-09
2.011004463e-08
-1.18655301e-09
2.145389823e-08
3.29035719e-09
2.487924697e-08
1.155124471e-08
3.14970466e-08
2.011781329e-08
4.130954186e-08
1.384415049e-08
5.133031727e-08
-4.346924507e-08
5.446855754e-08
-2.127692026e-07
4.200971466e-08
-5.674507251e-07
1.113249771e-08
-1.151862001e-06
-1.550634522e-08
-1.815251284e-06
-1.651988414e-06
3.990451042e-08
1.390050548e-06
5.782362605e-08
1.831545649e-06
4.434142079e-08
1.3429459e-06
2.097954705e-08
7.092081651e-07
8.896471198e-09
2.398938269e-07
1.293494975e-08
-6.627350635e-09
2.544654568e-08
-8.620010252e-08
3.890410494e-08
-8.105092858e-08
4.914277545e-08
-4.925331085e-08
5.499960035e-08
-1.900340379e-08
5.705563836e-08
7.993848012e-10
5.654411395e-08
1.067097144e-08
5.448624283e-08
1.408491683e-08
5.160128156e-08
1.414781619e-08
4.836004923e-08
1.286493789e-08
4.505988231e-08
1.125297702e-08
4.188591938e-08
9.695357465e-09
3.895813498e-08
8.257321813e-09
3.635983473e-08
6.896273436e-09
3.415231337e-08
5.566209485e-09
3.238151936e-08
4.250803633e-09
3.107968007e-08
2.961685561e-09
3.026478926e-08
1.72549956e-09
2.993953127e-08
5.707594877e-10
3.008357552e-08
-4.774105018e-10
3.062515018e-08
-1.403842853e-09
3.144581399e-08
-2.243852208e-09
3.240600816e-08
-3.020753077e-09
3.339086912e-08
-3.632129658e-09
3.43937197e-08
-3.697148461e-09
3.564311441e-08
-2.435947653e-09
3.775377816e-08
1.179693533e-09
4.175917326e-08
7.545849708e-09
4.869989035e-08
1.317709627e-08
5.857233726e-08
3.971703604e-09
6.840972496e-08
-5.330663282e-08
7.091933279e-08
-2.152788105e-07
5.70610976e-08
-5.535924901e-07
2.36371652e-08
-1.118438069e-06
-9.916229783e-09
-1.781697889e-06
-1.661904644e-06
4.256230911e-08
1.34748824e-06
6.636892764e-08
1.807739031e-06
5.760282462e-08
1.351712005e-06
3.466802955e-08
7.32142962e-07
1.863838781e-08
2.559234711e-07
1.798094649e-08
-5.969906552e-09
2.79872503e-08
-9.6206404e-08
4.12268766e-08
-9.429055285e-08
5.302114201e-08
-6.104757452e-08
6.147000736e-08
-2.745226767e-08
6.642175154e-08
-4.152358159e-09
6.864145308e-08
8.451270962e-09
6.895250541e-08
1.377386543e-08
6.797306718e-08
1.512725537e-08
6.615109765e-08
1.468690842e-08
6.381328624e-08
1.359078953e-08
6.119817151e-08
1.231047334e-08
5.848849705e-08
1.096699747e-08
5.583169869e-08
9.553073034e-09
5.335139886e-08
8.046510556e-09
5.115340814e-08
6.448795517e-09
4.932722669e-08
4.787868125e-09
4.794525937e-08
3.107467868e-09
4.706290656e-08
1.453113175e-09
4.672215723e-08
-1.366604275e-10
4.692307493e-08
-1.604759938e-09
4.759171811e-08
-2.912494864e-09
4.862028575e-08
-4.049320281e-09
4.990739721e-08
-4.919240672e-09
5.143132717e-08
-5.221077973e-09
5.336131625e-08
-4.36593628e-09
5.619095459e-08
-1.649944322e-09
6.084261932e-08
2.894185456e-09
6.826602905e-08
5.753686987e-09
7.828335011e-08
-6.045617119e-09
8.775450734e-08
-6.277778985e-08
8.925095357e-08
-2.167752567e-07
7.341830047e-08
-5.377598371e-07
3.647829542e-08
-1.081498064e-06
-3.864227272e-09
-1.741355367e-06
-1.665768871e-06
4.486103822e-08
1.302627203e-06
7.397473532e-08
1.778625336e-06
6.927584387e-08
1.356410898e-06
4.615798304e-08
7.552608247e-07
2.553373726e-08
2.765477195e-07
1.867415067e-08
8.896831378e-10
2.421319383e-08
-1.017454446e-07
3.574162025e-08
-1.05818977e-07
4.864284628e-08
-7.394879861e-08
6.030267856e-08
-3.911209827e-08
6.961710157e-08
-1.346677974e-08
7.642377938e-08
1.644594403e-09
8.104066034e-08
9.156985656e-09
8.384312875e-08
1.232478814e-08
8.516989474e-08
1.336014369e-08
8.532187479e-08
1.34388108e-08
8.456181382e-08
1.307053572e-08
8.312605554e-08
1.240275719e-08
8.122966777e-08
1.144946223e-08
7.9070122e-08
1.020605773e-08
7.683003477e-08
8.68888412e-09
7.467638618e-08
6.94151799e-09
7.275636951e-08
5.027485765e-09
7.119448216e-08
3.015001622e-09
7.009572046e-08
9.621022315e-10
6.955306092e-08
-1.062099508e-09
6.958759077e-08
-2.947023891e-09
7.015394834e-08
-4.615677051e-09
7.119900028e-08
-5.964291803e-09
7.272794803e-08
-6.750024899e-09
7.490136286e-08
-6.539350253e-09
7.813614707e-08
-4.884727672e-09
8.319321236e-08
-2.162878993e-09
9.087072803e-08
-1.923827945e-09
1.007668335e-07
-1.594172196e-08
1.094717465e-07
-7.148270242e-08
1.094563497e-07
-2.167598597e-07
9.112044654e-08
-5.194239338e-07
5.005993664e-08
-1.040437554e-06
2.736113609e-09
-1.694031544e-06
-1.663032758e-06
4.707737957e-08
1.255549825e-06
8.122472491e-08
1.744477992e-06
8.000017835e-08
1.357635446e-06
5.574317452e-08
7.795178306e-07
2.905449396e-08
3.032364029e-07
1.399792993e-08
1.594625055e-08
1.315477405e-08
-1.009022858e-07
2.151049405e-08
-1.141746945e-07
3.506922639e-08
-8.750752881e-08
5.049451891e-08
-5.453738894e-08
6.556748056e-08
-2.853973976e-08
7.896827365e-08
-1.175619721e-08
9.009620456e-08
-1.970943833e-09
9.883525783e-08
3.585736312e-09
1.053037066e-07
6.891696362e-09
1.097152934e-07
9.027225614e-09
1.123353255e-07
1.045050514e-08
1.134497027e-07
1.128838162e-08
1.13346497e-07
1.155266951e-08
1.123095884e-07
1.124296795e-08
1.106149147e-07
1.03835593e-08
1.085259612e-07
9.03047298e-09
1.062841515e-07
7.269296754e-09
1.040990863e-07
5.200068175e-09
1.021437392e-07
2.917450555e-09
1.005864981e-07
4.951426719e-10
9.95751447e-08
-1.935669315e-09
9.916494541e-08
-4.205476615e-09
9.937886649e-08
-6.178211706e-09
1.002787829e-07
-7.649940073e-09
1.020534886e-07
-8.314054702e-09
1.051055332e-07
-7.936771049e-09
1.100497574e-07
-7.107102039e-09
1.174028227e-07
-9.276892253e-09
1.265262903e-07
-2.50651887e-08
1.338215119e-07
-7.877792334e-08
1.316676294e-07
-2.146059768e-07
1.102795273e-07
-4.980358315e-07
6.459043502e-08
-9.94748462e-07
9.952007092e-09
-1.639393116e-06
-1.653080751e-06
4.966243317e-08
1.205887393e-06
8.91473402e-08
1.704993086e-06
9.127757878e-08
1.355505209e-06
6.516907318e-08
8.056263385e-07
3.096482776e-08
3.374406513e-07
5.811130726e-09
4.109995114e-08
-3.016167948e-09
-9.207498408e-08
9.698280799e-10
-1.181606879e-07
1.479456461e-08
-1.01332263e-07
3.428185028e-08
-7.402467259e-08
5.598004032e-08
-5.0237928e-08
7.742827326e-08
-3.320442848e-08
9.693926569e-08
-2.148193464e-08
1.136065635e-07
-1.30815598e-08
1.270965148e-07
-6.59825336e-09
1.374532789e-07
-1.329536728e-09
1.449245724e-07
2.979213342e-09
1.498355567e-07
6.377399127e-09
1.525601898e-07
8.828038138e-09
1.534921347e-07
1.031102468e-08
1.530167836e-07
1.08589121e-08
1.515066076e-07
1.054065052e-08
1.493102337e-07
9.465672202e-09
1.467370253e-07
7.773278076e-09
1.440451699e-07
5.609307438e-09
1.414367592e-07
3.103554748e-09
1.391390914e-07
3.619999302e-10
1.373626621e-07
-2.429045834e-09
1.362270887e-07
-5.042636853e-09
1.358657031e-07
-7.288552882e-09
1.365075508e-07
-8.955900873e-09
1.385459773e-07
-9.975196016e-09
1.425007565e-07
-1.10618798e-08
1.48672456e-07
-1.544859042e-08
1.561472111e-07
-3.253994266e-08
1.611642435e-07
-8.379495489e-08
1.56107582e-07
-2.095493147e-07
1.310599302e-07
-4.729881794e-07
8.025327726e-08
-9.439418089e-07
1.78430768e-08
-1.576982915e-06
-1.635237674e-06
5.319562488e-08
1.15269177e-06
9.914861936e-08
1.659040093e-06
1.054836401e-07
1.34917019e-06
7.794982134e-08
8.331601596e-07
3.605626856e-08
3.793342071e-07
-1.480176037e-10
7.730424091e-08
-1.808213115e-08
-7.414086726e-08
-1.873169108e-08
-1.175111253e-07
-5.118808059e-09
-1.149451437e-07
1.820937111e-08
-9.73528496e-08
4.653005629e-08
-7.855861125e-08
7.619926274e-08
-6.287363312e-08
1.04599882e-07
-4.988255216e-08
1.300966978e-07
-3.857837375e-08
1.517972146e-07
-2.829876834e-08
1.693203476e-07
-1.885266792e-08
1.826906166e-07
-1.039105385e-08
1.922702566e-07
-3.202238972e-09
1.985881434e-07
2.510153077e-09
2.021719771e-07
6.727192802e-09
2.035154959e-07
9.515395043e-09
2.031035242e-07
1.095262396e-08
2.013898368e-07
1.117936125e-08
1.987833078e-07
1.037980877e-08
1.956317432e-07
8.760873555e-09
1.92212759e-07
6.522540652e-09
1.887363952e-07
3.838365468e-09
1.854612605e-07
8.460905446e-10
1.826657949e-07
-2.247169376e-09
1.80571515e-07
-5.194271147e-09
1.794431533e-07
-7.827537305e-09
1.796614993e-07
-1.019354026e-08
1.816597765e-07
-1.306015533e-08
1.855610046e-07
-1.934981695e-08
1.902513931e-07
-3.72303299e-08
1.91920674e-07
-8.54642347e-08
1.830559768e-07
-2.006846168e-07
1.536567972e-07
-4.435889992e-07
9.721149555e-08
-8.874965069e-07
2.650961632e-08
-1.506281036e-06
-1.608728057e-06
5.826144665e-08
1.094430325e-06
1.127584018e-07
1.60454314e-06
1.255065605e-07
1.336422033e-06
9.891412883e-08
8.597525935e-07
5.165924539e-08
4.265890936e-07
5.715867993e-09
1.232476219e-07
-2.181857879e-08
-4.660641705e-08
-2.663779212e-08
-1.12691909e-07
-1.350293598e-08
-1.280799973e-07
1.264917213e-08
-1.235049555e-07
4.632089259e-08
-1.122303297e-07
8.274713241e-08
-9.929987101e-08
1.18623492e-07
-8.575890983e-08
1.517863721e-07
-7.174125204e-08
1.809426777e-07
-5.745507205e-08
2.054272453e-07
-4.333723367e-08
2.250152606e-07
-2.997906721e-08
2.397899189e-07
-1.797689546e-08
2.501281201e-07
-7.828046178e-09
2.567238216e-07
1.314930953e-10
2.602934618e-07
5.945756717e-09
2.614030846e-07
9.843003001e-09
2.605974817e-07
1.198496584e-08
2.58370075e-07
1.260721727e-08
2.55146303e-07
1.19846474e-08
2.512734142e-07
1.039543132e-08
2.470192683e-07
8.092513345e-09
2.425791405e-07
5.286220282e-09
2.381966542e-07
2.135319051e-09
2.34203049e-07
-1.20066382e-09
2.309318723e-07
-4.556358574e-09
2.287234474e-07
-7.9851133e-09
2.279165755e-07
-1.225328157e-08
2.284916353e-07
-1.992487507e-08
2.292373781e-07
-3.797607119e-08
2.264295565e-07
-8.265641194e-08
2.127799803e-07
-1.870350396e-07
1.782772609e-07
-4.090862791e-07
1.15636044e-07
-8.248552895e-07
3.607551285e-08
-1.426720504e-06
-1.572652544e-06
6.526390138e-08
1.029166426e-06
1.312073041e-07
1.538599739e-06
1.539908796e-07
1.31363846e-06
1.32894616e-07
8.808488596e-07
8.558705082e-08
4.738966616e-07
3.451843737e-08
1.743162387e-07
-7.632658452e-10
-1.132471024e-08
-1.00229357e-08
-1.034322362e-07
2.096851376e-09
-1.401997818e-07
2.934602763e-08
-1.507541294e-07
6.561549898e-08
-1.484997989e-07
1.05722501e-07
-1.394068711e-07
1.459487203e-07
-1.259851271e-07
1.83834137e-07
-1.096266669e-07
2.178595159e-07
-9.148044904e-08
2.471791188e-07
-7.26568347e-08
2.714168944e-07
-5.421684096e-08
2.905341617e-07
-3.709416084e-08
3.047406499e-07
-2.203453249e-08
3.144224659e-07
-9.550320954e-09
3.202978441e-07
7.038036268e-11
3.231577475e-07
6.983101524e-09
3.235893022e-07
1.155341299e-08
3.221382928e-07
1.405822867e-08
3.192796584e-07
1.484328374e-08
3.154066691e-07
1.426842271e-08
3.108287359e-07
1.267044869e-08
3.057750226e-07
1.033993583e-08
3.004061592e-07
7.504184711e-09
2.948911824e-07
4.314315265e-09
2.895334983e-07
8.013278251e-10
2.84694998e-07
-3.146610906e-09
2.80608962e-07
-8.167243509e-09
2.771285644e-07
-1.644447562e-08
2.730222458e-07
-3.386975095e-08
2.647668686e-07
-7.440103336e-08
2.454299764e-07
-1.676981463e-07
2.050954879e-07
-3.687517897e-07
1.357030667e-07
-7.554628676e-07
4.667905555e-08
-1.337696492e-06
-1.525973488e-06
7.423340102e-08
9.549330268e-07
1.549595549e-07
1.457873587e-06
1.924175815e-07
1.276180435e-06
1.830153425e-07
8.902511009e-07
1.432211004e-07
5.136909064e-07
9.49183605e-08
2.226189819e-07
5.738959947e-08
2.62040542e-08
4.36684036e-08
-8.971103735e-08
5.261156593e-08
-1.491429416e-07
7.784310004e-08
-1.759856613e-07
1.129121104e-07
-1.835688072e-07
1.524921722e-07
-1.78986931e-07
1.927583026e-07
-1.662512557e-07
2.311707746e-07
-1.480391371e-07
2.661515195e-07
-1.264611921e-07
2.968074615e-07
-1.033127748e-07
3.22717519e-07
-8.012689659e-08
3.437844778e-07
-5.816111774e-08
3.601320461e-07
-3.838209885e-08
3.720412137e-07
-2.145948664e-08
3.799013304e-07
-7.789734437e-09
3.843546231e-07
2.529810866e-09
3.861068712e-07
9.801166895e-09
3.856944326e-07
1.447066932e-08
3.835886409e-07
1.69490776e-08
3.801863706e-07
1.767069519e-08
3.758033531e-07
1.705346856e-08
3.706734874e-07
1.546980397e-08
3.649534263e-07
1.322424823e-08
3.587367816e-07
1.05309624e-08
3.520629373e-07
7.475174465e-09
3.450289198e-07
3.887408918e-09
3.377798482e-07
-9.181697873e-10
3.301162652e-07
-8.780890647e-09
3.207933505e-07
-2.454683445e-08
3.065504809e-07
-6.015816222e-08
2.809168225e-07
-1.420644865e-07
2.341958402e-07
-3.220308062e-07
1.575838487e-07
-6.788508753e-07
5.848197049e-08
-1.238594614e-06
-1.467491518e-06
8.470159868e-08
8.702314303e-07
1.833831336e-07
1.359192054e-06
2.4038643e-07
1.219177141e-06
2.49289357e-07
8.813481762e-07
2.248525527e-07
5.381277132e-07
1.87463478e-07
2.600080595e-07
1.545754157e-07
5.909211954e-08
1.389469044e-07
-7.408252323e-08
1.433473389e-07
-1.535433737e-07
1.632265455e-07
-1.958648658e-07
1.927971484e-07
-2.131394082e-07
2.271041356e-07
-2.132939163e-07
2.625259289e-07
-2.016730472e-07
2.966513001e-07
-1.821645066e-07
3.279989639e-07
-1.578088541e-07
3.55750636e-07
-1.310644452e-07
3.795352283e-07
-1.03911487e-07
3.992700532e-07
-7.789594078e-08
4.150492297e-07
-5.416127344e-08
4.270722282e-07
-3.34824831e-08
4.355943058e-07
-1.631181007e-08
4.409759615e-07
-2.851842731e-09
4.437208313e-07
7.056299245e-09
4.443125599e-07
1.387894292e-08
4.4315601e-07
1.810562981e-08
4.40593102e-07
2.023360559e-08
4.368968913e-07
2.074968181e-08
4.322639466e-07
2.010275123e-08
4.268108073e-07
1.867739005e-08
4.205738651e-07
1.676790716e-08
4.135089821e-07
1.454005998e-08
4.054616889e-07
1.193470442e-08
3.961080819e-07
8.435439469e-09
3.849538554e-07
2.373337923e-09
3.708357952e-07
-1.042877237e-08
3.507796443e-07
-4.010200951e-08
3.18803924e-07
-1.100887647e-07
2.6552968e-07
-2.687565608e-07
1.814515293e-07
-5.947727236e-07
7.169245493e-08
-1.128835538e-06
-1.395799062e-06
9.571484413e-08
7.745165884e-07
2.147366385e-07
1.240170262e-06
2.955235029e-07
1.138390279e-06
3.285419128e-07
8.483297685e-07
3.260689509e-07
5.406006775e-07
3.060971072e-07
2.799799059e-07
2.840026828e-07
8.118654669e-08
2.707939504e-07
-6.087378835e-08
2.712594966e-07
-1.540089177e-07
2.836315902e-07
-2.082369575e-07
3.039925136e-07
-2.335003298e-07
3.285308615e-07
-2.378322624e-07
3.543007507e-07
-2.274429347e-07
3.793132783e-07
-2.071770325e-07
4.023739206e-07
-1.808694948e-07
4.228656617e-07
-1.515561845e-07
4.405519597e-07
-1.215977833e-07
4.554224469e-07
-9.27664261e-08
4.675829784e-07
-6.632180302e-08
4.771861257e-07
-4.308562841e-08
4.843919119e-07
-2.351759418e-08
4.89337819e-07
-7.797747604e-09
4.922463411e-07
4.147779349e-09
4.934169498e-07
1.270833665e-08
4.931086985e-07
1.841388355e-08
4.915460094e-07
2.179629726e-08
4.889055947e-07
2.339009916e-08
4.853009356e-07
2.37074131e-08
4.807707881e-07
2.320754022e-08
4.752685708e-07
2.227012709e-08
4.686474218e-07
2.116121152e-08
4.606224503e-07
1.995967832e-08
4.50684362e-07
1.837353002e-08
4.378435147e-07
1.521418742e-08
4.204659247e-07
6.948819682e-09
3.957293071e-07
-1.53653899e-08
3.582317345e-07
-7.259119027e-08
2.989026353e-07
-2.0942746e-07
2.075227496e-07
-5.033928364e-07
8.661631398e-08
-1.007929102e-06
-1.309182748e-06
1.059978159e-07
6.68518775e-07
2.46477786e-07
1.099690294e-06
3.539564082e-07
1.030911659e-06
4.152387161e-07
7.870474628e-07
4.393251431e-07
5.165142528e-07
4.412490921e-07
2.780559594e-07
4.341701019e-07
8.826553934e-08
4.271741641e-07
-5.387784821e-08
4.253787699e-07
-1.522135214e-07
4.295434224e-07
-2.124016082e-07
4.382099071e-07
-2.421668128e-07
4.493913125e-07
-2.490136662e-07
4.6137581e-07
-2.394274306e-07
4.729911913e-07
-2.187924121e-07
4.835858115e-07
-1.914641134e-07
4.928993906e-07
-1.608697618e-07
5.009159548e-07
-1.296143457e-07
5.077386746e-07
-9.958914402e-08
5.134994295e-07
-7.208255602e-08
5.183037799e-07
-4.788997673e-08
5.22204626e-07
-2.741843817e-08
5.251903126e-07
-1.078343186e-08
5.272250853e-07
2.113009057e-09
5.283294386e-07
1.160398597e-08
5.285657156e-07
1.817760922e-08
5.279956118e-07
2.236640378e-08
5.266552621e-07
2.473045176e-08
5.245374001e-07
2.582527792e-08
5.215744424e-07
2.61705007e-08
5.17618917e-07
2.622565523e-08
5.124164288e-07
2.636370237e-08
5.055587939e-07
2.681731569e-08
4.963952058e-07
2.753712054e-08
4.838291128e-07
2.778028262e-08
4.658232543e-07
2.495468044e-08
4.389437357e-07
1.151413083e-08
3.978906241e-07
-3.15380767e-08
3.340065277e-07
-1.455433616e-07
2.361534248e-07
-4.05539732e-07
1.037542218e-07
-8.755298972e-07
-1.205428525e-06
1.142379576e-07
5.5428082e-07
2.757937344e-07
9.381345192e-07
4.111013701e-07
8.956040251e-07
5.02604935e-07
6.955439e-07
5.553480087e-07
4.637711813e-07
5.810600115e-07
2.523439589e-07
5.907329614e-07
7.85925917e-08
5.91786497e-07
-5.493138165e-08
5.889175338e-07
-1.493445564e-07
5.847197366e-07
-2.082038093e-07
5.801709412e-07
-2.376180158e-07
5.754536964e-07
-2.442964198e-07
5.70534949e-07
-2.345086816e-07
5.654460531e-07
-2.137035146e-07
5.603532907e-07
-1.863713494e-07
5.555199679e-07
-1.560364374e-07
5.512324191e-07
-1.253267951e-07
5.47730302e-07
-9.608702502e-08
5.451588944e-07
-6.951114639e-08
5.435476593e-07
-4.627873942e-08
5.428113189e-07
-2.668209546e-08
5.427637285e-07
-1.073583899e-08
5.431272213e-07
1.749518885e-09
5.436633666e-07
1.106784346e-08
5.442206365e-07
1.762034216e-08
5.44668129e-07
2.191891423e-08
5.448717026e-07
2.452688119e-08
5.446817921e-07
2.601519142e-08
5.439159632e-07
2.693633262e-08
5.423333828e-07
2.780823841e-08
5.395972406e-07
2.909984732e-08
5.352162006e-07
3.119835835e-08
5.284473793e-07
3.430594433e-08
5.181107768e-07
3.811688746e-08
5.021907271e-07
4.087473244e-08
4.769099604e-07
3.679489986e-08
4.359559649e-07
9.415921112e-09
3.704518013e-07
-8.003919579e-08
2.679767518e-07
-3.030646805e-07
1.239532043e-07
-7.31506348e-07
-1.08147532e-06
1.194663117e-07
4.34814511e-07
3.002697328e-07
7.573311007e-07
4.625943705e-07
7.332793898e-07
5.838478432e-07
5.742904296e-07
6.646683669e-07
3.829506599e-07
7.133323809e-07
2.036799471e-07
7.386143098e-07
5.331066498e-08
7.465183786e-07
-6.283544855e-08
7.415115462e-07
-1.443377222e-07
7.276943101e-07
-1.943865716e-07
7.082898357e-07
-2.182135398e-07
6.85703629e-07
-2.217102116e-07
6.617753093e-07
-2.105803603e-07
6.379555067e-07
-1.898837104e-07
6.153933691e-07
-1.638092101e-07
5.94966406e-07
-1.356094725e-07
5.772852056e-07
-1.076455929e-07
5.626972749e-07
-8.149909227e-08
5.513027022e-07
-5.811657159e-08
5.429847396e-07
-3.796077452e-08
5.374508861e-07
-2.114823948e-08
5.342713651e-07
-7.556315322e-09
5.329428773e-07
3.078009549e-09
5.330157233e-07
1.099500048e-08
5.341126638e-07
1.652340485e-08
5.358870909e-07
2.014449035e-08
5.380232163e-07
2.239075897e-08
5.402344744e-07
2.38039365e-08
5.42248807e-07
2.492200319e-08
5.437802636e-07
2.627678482e-08
5.444836349e-07
2.83964789e-08
5.438842952e-07
3.179770081e-08
5.412673829e-07
3.692285924e-08
5.354870048e-07
4.389726808e-08
5.245969461e-07
5.176479367e-08
5.050575962e-07
5.633425222e-08
4.698345315e-07
4.463898826e-08
4.076167778e-07
-1.782143964e-08
3.039806085e-07
-1.99428509e-07
1.485634188e-07
-5.760891564e-07
-9.329119005e-07
1.214459583e-07
3.133685558e-07
3.184657766e-07
5.603112851e-07
5.049004336e-07
5.468447354e-07
6.526697399e-07
4.265211257e-07
7.578240297e-07
2.777963723e-07
8.251338514e-07
1.363701276e-07
8.608382473e-07
1.760627121e-08
8.699329541e-07
-7.193015346e-08
8.578799233e-07
-1.322846897e-07
8.306770624e-07
-1.67183709e-07
7.937361992e-07
-1.812726751e-07
7.515516679e-07
-1.795256787e-07
7.077188383e-07
-1.66747529e-07
6.650109886e-07
-1.47175859e-07
6.254620027e-07
-1.242602225e-07
5.904470157e-07
-1.005944837e-07
5.607634045e-07
-7.796197965e-08
5.367173607e-07
-5.745304633e-08
5.18217363e-07
-3.961657154e-08
5.048712243e-07
-2.461463329e-08
4.960768739e-07
-1.235388637e-08
4.910840314e-07
-2.563469794e-09
4.891910526e-07
4.970991441e-09
4.897674085e-07
1.041864797e-08
4.921808228e-07
1.410999399e-08
4.958675665e-07
1.645775012e-08
5.003609636e-07
1.789736541e-08
5.052920682e-07
1.887283535e-08
5.103756021e-07
1.983847262e-08
5.153816448e-07
2.127074545e-08
5.200894854e-07
2.368864134e-08
5.24214571e-07
2.767261818e-08
5.27289503e-07
3.384793009e-08
5.284574489e-07
4.272932495e-08
5.260797106e-07
5.414253463e-08
5.169155247e-07
6.549844071e-08
4.942778652e-07
6.727665031e-08
4.439789599e-07
3.247746827e-08
3.452905447e-07
-1.007400913e-07
1.794525925e-07
-4.102512021e-07
-7.53459307e-07
1.206520541e-07
1.927165052e-07
3.291481777e-07
3.518151648e-07
5.333693831e-07
3.426235328e-07
6.9970444e-07
2.601860714e-07
8.1967837e-07
1.578224447e-07
8.945495214e-07
6.149897845e-08
9.280069245e-07
-1.585112987e-08
9.263348528e-07
-7.025807981e-08
8.98237263e-07
-1.041870982e-07
8.520537734e-07
-1.210002177e-07
7.951189907e-07
-1.243378906e-07
7.335242869e-07
-1.179309732e-07
6.720634659e-07
-1.052867063e-07
6.142835292e-07
-8.939592037e-08
5.625902356e-07
-7.256692687e-08
5.183876704e-07
-5.639191638e-08
4.822435629e-07
-4.18178699e-08
4.540718604e-07
-2.928134128e-08
4.333184429e-07
-1.886315139e-08
4.191327367e-07
-1.042892425e-08
4.10499907e-07
-3.721053515e-09
4.064428093e-07
1.493631363e-09
4.060939551e-07
5.319849182e-09
4.085764519e-07
7.936154918e-09
4.130690796e-07
9.617370192e-09
4.189078509e-07
1.061898275e-08
4.256006888e-07
1.120453141e-08
4.328210142e-07
1.165251386e-08
4.403956836e-07
1.226380689e-08
4.482866835e-07
1.337974918e-08
4.565627698e-07
1.541255841e-08
4.653505015e-07
1.888488979e-08
4.747402633e-07
2.445817143e-08
4.845925761e-07
3.287701522e-08
4.94118252e-07
4.46168616e-08
5.00929523e-07
5.868717254e-08
4.988377982e-07
6.936837792e-08
4.726484604e-07
5.866680877e-08
3.909956429e-07
-1.908727106e-08
2.187107469e-07
-2.379663036e-07
-5.347485589e-07
1.141514767e-07
7.856503248e-08
3.213067544e-07
1.446598907e-07
5.257486424e-07
1.38181648e-07
6.891832333e-07
9.675148326e-08
7.995312233e-07
4.747445718e-08
8.557414741e-07
5.28872996e-09
8.645273368e-07
-2.463699038e-08
8.378206061e-07
-4.355134706e-08
7.868273353e-07
-5.31938254e-08
7.213019382e-07
-5.547481863e-08
6.493952179e-07
-5.243116835e-08
5.77530639e-07
-4.606639222e-08
5.103900449e-07
-3.814611003e-08
4.510154819e-07
-3.002135516e-08
4.01007035e-07
-2.255847762e-08
3.607980719e-07
-1.618295072e-08
3.299754096e-07
-1.099520498e-08
3.075975764e-07
-6.903505226e-09
2.924649476e-07
-3.73051953e-09
2.833116725e-07
-1.275645782e-09
2.789880612e-07
6.025613782e-10
2.785360098e-07
1.945686545e-09
2.810099841e-07
2.845878958e-09
2.855151373e-07
3.43100594e-09
2.913619552e-07
3.770556585e-09
2.980433787e-07
3.937563541e-09
3.0522913e-07
4.018784523e-09
3.127665847e-07
4.115063364e-09
3.206846266e-07
4.345769076e-09
3.292031168e-07
4.861262956e-09
3.387495663e-07
5.866112728e-09
3.499793922e-07
7.65506753e-09
3.637806915e-07
1.065687561e-08
3.8120244e-07
1.545527006e-08
4.031381514e-07
2.268115348e-08
4.293411945e-07
3.248413249e-08
4.557900387e-07
4.291953662e-08
4.68289964e-07
4.616688639e-08
4.276387476e-07
2.156394817e-08
2.662432842e-07
-7.657083744e-08
-2.685052734e-07
7.856503444e-08
2.23224927e-07
3.614065766e-07
4.581580613e-07
5.056325198e-07
5.10921251e-07
4.862842617e-07
4.427329158e-07
3.895390915e-07
3.34064274e-07
2.816331068e-07
2.355667157e-07
1.974206069e-07
1.67399253e-07
1.448407766e-07
1.286578273e-07
1.176626237e-07
1.1075912e-07
1.070286021e-07
1.057529581e-07
1.063555213e-07
1.083012098e-07
1.111470909e-07
1.145780989e-07
1.183486577e-07
1.222862234e-07
1.263050101e-07
1.304200756e-07
1.347658467e-07
1.396271117e-07
1.454932263e-07
1.531482956e-07
1.63805173e-07
1.792604448e-07
2.019415999e-07
2.34425734e-07
2.773452721e-07
3.235121599e-07
3.450761094e-07
2.685052734e-07
)
;

boundaryField
{
    hot
    {
        type            calculated;
        value           nonuniform List<scalar> 
41
(
0
0
0
0
0
1.058791184e-22
0
1.058791184e-22
0
0
0
0
0
0
0
0
0
0
0
0
0
0
0
0
0
0
0
0
0
0
0
0
0
0
0
0
0
0
0
0
0
)
;
    }
    cold
    {
        type            calculated;
        value           nonuniform List<scalar> 
41
(
0
0
0
0
0
0
0
0
0
0
0
0
0
0
1.058791184e-22
1.058791184e-22
0
0
0
0
0
0
2.117582368e-22
0
0
0
0
0
0
0
0
0
0
0
0
0
0
0
0
0
0
)
;
    }
    topAndBottom
    {
        type            calculated;
        value           nonuniform List<scalar> 
82
(
0
0
0
0
0
0
0
0
0
0
0
0
0
0
0
0
0
0
0
0
0
0
0
0
0
0
0
0
0
0
0
0
0
0
0
0
0
0
0
0
0
0
1.292469707e-26
0
0
1.292469707e-26
-1.292469707e-26
0
0
0
0
-1.292469707e-26
0
0
0
0
1.292469707e-26
1.292469707e-26
-1.292469707e-26
0
0
0
0
-1.292469707e-26
1.292469707e-26
1.292469707e-26
0
0
0
0
-1.292469707e-26
1.292469707e-26
0
-1.292469707e-26
0
0
0
0
0
0
0
1.292469707e-26
)
;
    }
    frontAndBack
    {
        type            empty;
    }
}


// ************************************************************************* //
