/*--------------------------------*- C++ -*----------------------------------*\
  =========                 |
  \\      /  F ield         | OpenFOAM: The Open Source CFD Toolbox
   \\    /   O peration     | Website:  https://openfoam.org
    \\  /    A nd           | Version:  11
     \\/     M anipulation  |
\*---------------------------------------------------------------------------*/
FoamFile
{
    format      ascii;
    class       volScalarField;
    location    "1000";
    object      rho;
}
// * * * * * * * * * * * * * * * * * * * * * * * * * * * * * * * * * * * * * //

dimensions      [1 -3 0 0 0 0 0];

internalField   nonuniform List<scalar> 
1681
(
1.145820381
1.169005125
1.17876462
1.182749596
1.184429067
1.185195665
1.185592637
1.185835034
1.186010594
1.186156387
1.186288685
1.186414953
1.186538807
1.186662133
1.186786012
1.186911148
1.187038083
1.18716733
1.18729947
1.187435268
1.187575811
1.187722686
1.187877976
1.188044089
1.18822354
1.188418987
1.18863318
1.18886881
1.189128311
1.189413712
1.189726731
1.190069266
1.19044435
1.190857556
1.191319003
1.191846806
1.192474516
1.19332186
1.194536165
1.196328483
1.198961746
1.145883224
1.169773654
1.179457885
1.18313912
1.184596087
1.185238174
1.185573765
1.185788269
1.185951975
1.186093107
1.18622382
1.186349775
1.186473839
1.18659759
1.186721969
1.18684757
1.186974797
1.187103947
1.187235288
1.18736912
1.187505846
1.187646425
1.187792896
1.187946577
1.188108499
1.188279304
1.188459108
1.18864739
1.18884305
1.189044696
1.189251206
1.189462529
1.189680601
1.189910317
1.190160521
1.190445261
1.190899932
1.191702251
1.193056473
1.19523638
1.198556251
1.145153298
1.169462269
1.179442177
1.183130792
1.184505442
1.185082042
1.185381163
1.18557894
1.185736399
1.185876134
1.186007476
1.186134837
1.186260579
1.186386062
1.186512051
1.186638878
1.186766505
1.186894545
1.187022251
1.187148468
1.187271513
1.187392926
1.187512393
1.18762873
1.187739905
1.187842953
1.18793391
1.188007916
1.18805958
1.188083742
1.188076762
1.188038471
1.187974966
1.187902477
1.187852785
1.187881371
1.18825649
1.18916069
1.190852962
1.193675011
1.197979077
1.144198259
1.168670305
1.178960924
1.182773551
1.184155492
1.184707677
1.184987464
1.185174973
1.185328331
1.185467307
1.185599558
1.185728673
1.185856625
1.185984519
1.186112811
1.186241339
1.186369303
1.186495212
1.186616809
1.186731006
1.186835022
1.186929168
1.187010516
1.187075054
1.187117526
1.187131309
1.187108394
1.187039646
1.186915546
1.186727728
1.186471683
1.186151059
1.185783936
1.185411123
1.185106157
1.185050876
1.185445979
1.186524529
1.188606135
1.192100799
1.19739004
1.143200015
1.167665908
1.178224687
1.182167048
1.183595281
1.184139662
1.184403483
1.184578702
1.184724496
1.184859413
1.184989967
1.185119036
1.185248168
1.185378135
1.185509003
1.185640055
1.185769684
1.185895292
1.186013223
1.186118742
1.186208087
1.186278569
1.186325312
1.186341884
1.186320305
1.186250931
1.186122466
1.185922357
1.185637956
1.185258965
1.18478191
1.184217398
1.183600532
1.183003415
1.182545956
1.182433304
1.182852113
1.184082464
1.186514921
1.1906349
1.196840911
1.142221719
1.166559653
1.177337199
1.181395733
1.182847681
1.183400184
1.183647155
1.183804373
1.183936187
1.184061239
1.184185267
1.184310501
1.184438073
1.184568474
1.184701505
1.184836102
1.184970161
1.185100392
1.185222243
1.185329916
1.185416222
1.185476618
1.185504465
1.185491451
1.185427633
1.185301339
1.185099171
1.184806434
1.184408435
1.183893402
1.183258041
1.18251695
1.181716396
1.180950449
1.180371958
1.180173567
1.180562089
1.181874647
1.184588215
1.189274221
1.196336159
1.141283742
1.165400127
1.17634907
1.180507446
1.18197198
1.182503491
1.182735443
1.182869636
1.182980918
1.183089528
1.183200909
1.183316841
1.183438176
1.183565318
1.183698092
1.183835489
1.183975423
1.184114519
1.184247988
1.184369606
1.184468878
1.184538013
1.184569276
1.184553055
1.184478163
1.18433185
1.184099797
1.183766415
1.183315893
1.182734768
1.182017191
1.181174634
1.180251636
1.179346796
1.178630636
1.17829173
1.178573101
1.179883576
1.182803049
1.187999153
1.195869391
1.140389853
1.164210394
1.175287149
1.179528717
1.180994969
1.181488923
1.181680978
1.181791329
1.181878206
1.181964987
1.182057611
1.182157881
1.182266572
1.182384265
1.182511141
1.182646679
1.182789347
1.182936324
1.183083266
1.183224107
1.183350881
1.183446383
1.183503158
1.183510813
1.183457371
1.183329577
1.183112946
1.182791872
1.18235016
1.181772588
1.181048555
1.180179844
1.179195817
1.178179301
1.177299465
1.176761972
1.176858371
1.178085054
1.181140341
1.186795834
1.195433464
1.139538524
1.163003176
1.174168267
1.178477141
1.179936786
1.180386048
1.180525034
1.180588618
1.180646149
1.180709443
1.180779062
1.180858216
1.180947536
1.181048102
1.181160722
1.181285697
1.181422495
1.181569474
1.181723645
1.181880507
1.182034009
1.182164709
1.182261248
1.182312646
1.182306389
1.182228886
1.182065681
1.181801431
1.1814199
1.180904298
1.180238658
1.179412118
1.178430685
1.177344655
1.17629533
1.175525281
1.175375465
1.176451382
1.17958413
1.185654421
1.19502162
1.138727179
1.161786721
1.173004024
1.177363931
1.178808435
1.179207332
1.179289184
1.179301182
1.179314193
1.17934267
1.179388044
1.179444538
1.179509964
1.179586833
1.179676659
1.179780723
1.179899633
1.180033055
1.180179504
1.180336145
1.180498628
1.180660905
1.180797451
1.180897923
1.180950063
1.180940087
1.180853582
1.18067535
1.18038905
1.179976426
1.179416399
1.17868548
1.177764979
1.176670539
1.175489272
1.174491205
1.174064849
1.174947879
1.178116685
1.184565046
1.194627238
1.13795343
1.160567045
1.171802968
1.17619637
1.177615199
1.177957369
1.177979548
1.177940287
1.177910936
1.177903036
1.177914138
1.177940999
1.177982275
1.178033281
1.178095191
1.178170515
1.178261043
1.178367669
1.178490296
1.178627754
1.178777763
1.178937073
1.179098473
1.179235433
1.179338326
1.179393395
1.179386961
1.179304096
1.179128453
1.178840476
1.178414326
1.177814203
1.176994475
1.175967057
1.174746465
1.173548519
1.172853642
1.173532976
1.176716329
1.183515745
1.19424387
1.137215226
1.159348757
1.170571708
1.174979579
1.176359399
1.176636182
1.176595665
1.176507192
1.176440594
1.176402051
1.176384411
1.176381852
1.176392132
1.176415738
1.176450476
1.176494891
1.176552121
1.176624146
1.176711918
1.176815397
1.176933527
1.177064213
1.17720427
1.177350567
1.177481696
1.177580862
1.177638382
1.177640187
1.177571035
1.177411082
1.177130571
1.176682755
1.176006944
1.17508498
1.173899643
1.172580349
1.1716668
1.172162903
1.175358427
1.182492486
1.193865581
1.13651073
1.158135394
1.169315565
1.173717817
1.175042751
1.175242674
1.175134558
1.174998674
1.174901399
1.174840902
1.174803501
1.1747797
1.174765611
1.174760977
1.174767244
1.174784691
1.174810508
1.174847727
1.174898135
1.174962499
1.175040654
1.175131512
1.175233082
1.175342558
1.175455834
1.175567236
1.175661914
1.175723866
1.17574201
1.17569865
1.175561236
1.175278452
1.174772366
1.173977134
1.172852817
1.171497398
1.170443688
1.1707989
1.174018504
1.181480653
1.19348735
1.135838332
1.156929472
1.16803896
1.172415363
1.173668173
1.173777621
1.173594751
1.173411686
1.173290336
1.173217505
1.173170632
1.173135639
1.173106756
1.173083095
1.173066015
1.173057739
1.173059018
1.173067355
1.17308523
1.173114018
1.173154214
1.173205543
1.173267024
1.173337043
1.173413422
1.173493596
1.173574791
1.173658689
1.173737461
1.173790777
1.173777973
1.173645956
1.173308096
1.172656205
1.171610997
1.170264463
1.169150856
1.169413137
1.172675774
1.180467007
1.193105351
1.135198094
1.155730968
1.166745235
1.17107692
1.172240801
1.172245526
1.171978789
1.171745785
1.17160714
1.171532047
1.171485703
1.171449182
1.171415072
1.171382098
1.171351587
1.171325753
1.171307084
1.171295263
1.171289349
1.171291109
1.171301444
1.171320676
1.171348669
1.171384994
1.171429222
1.171481414
1.171542746
1.171616022
1.171702327
1.171799091
1.171880799
1.171866831
1.171667816
1.171154907
1.170218504
1.168920312
1.167782987
1.167990479
1.171315625
1.179441257
1.192716984
1.134607999
1.154519719
1.165434699
1.169707453
1.170768224
1.170655348
1.170294445
1.170004108
1.169855299
1.169790515
1.169753498
1.169723206
1.169691562
1.169657381
1.169622182
1.169588191
1.169557709
1.169533056
1.169512494
1.169497015
1.169487502
1.169484572
1.169488631
1.169500046
1.169519518
1.16954865
1.169590589
1.169650173
1.169732283
1.169837887
1.169954624
1.170014899
1.169917503
1.169523533
1.168701276
1.167478081
1.166342118
1.166525923
1.169930417
1.178396681
1.192320658
1.134078074
1.153282407
1.164107188
1.168312352
1.169260173
1.169020596
1.168555679
1.1682257
1.168066267
1.168007595
1.16798479
1.167965535
1.167941415
1.167911592
1.167878015
1.167843075
1.167808923
1.167777514
1.167750292
1.16772609
1.167705729
1.167689889
1.167679196
1.167674386
1.167676661
1.167688267
1.167713155
1.167757186
1.167826838
1.167924946
1.168041305
1.168136561
1.168102915
1.167800043
1.16708209
1.165943879
1.164834972
1.165022949
1.168518944
1.177329776
1.191915414
1.133587197
1.152036682
1.162765356
1.166897252
1.16772726
1.167359132
1.166794247
1.166422636
1.166253497
1.166201275
1.166192848
1.166186868
1.166173149
1.166150951
1.166122776
1.166091393
1.166058983
1.166027287
1.165998015
1.165970882
1.16594613
1.165924259
1.16590587
1.165891745
1.165883129
1.165882269
1.16589309
1.165921524
1.165974547
1.166056425
1.166160597
1.166256813
1.166253307
1.166012086
1.165380661
1.164329297
1.16327395
1.163492199
1.167084974
1.176239239
1.191500494
1.133122661
1.150793809
1.161406742
1.165464903
1.16617652
1.165680896
1.16501991
1.164602151
1.164423767
1.164381276
1.164387822
1.164397012
1.164395774
1.164383188
1.164362412
1.164336827
1.164308886
1.164280237
1.164252211
1.16422556
1.16420013
1.164176308
1.164154581
1.164135633
1.164120512
1.164111113
1.164110839
1.164125041
1.164160392
1.164221794
1.164305232
1.164385858
1.164388572
1.164183038
1.163616988
1.162645218
1.161679283
1.16195037
1.16563531
1.175124655
1.191074953
1.132680267
1.149600919
1.159977615
1.164008526
1.164610031
1.163989402
1.163232335
1.162766771
1.162579987
1.162550017
1.162574928
1.162602216
1.162615901
1.162614751
1.162602651
1.162583833
1.162561311
1.162536898
1.162511731
1.162486698
1.162462101
1.162438103
1.162415019
1.162393479
1.16237427
1.162358832
1.162349905
1.162351954
1.162370852
1.162411437
1.162471289
1.162529632
1.162524461
1.162335858
1.161816261
1.160916116
1.160077998
1.160421082
1.164177725
1.173985246
1.190637382
1.132256202
1.148446934
1.158508786
1.162527349
1.163029756
1.162288347
1.161435261
1.160920417
1.160726093
1.160709548
1.160755782
1.160804243
1.160835805
1.1608484
1.160846445
1.16083514
1.160818333
1.160798316
1.160776346
1.160753175
1.160729281
1.160705127
1.16068121
1.160657849
1.160635492
1.160615181
1.160599202
1.160591149
1.160595906
1.160617808
1.160655355
1.160691099
1.160672193
1.160490594
1.160010989
1.15920519
1.158494548
1.158942117
1.16271843
1.172819042
1.19018574
1.131847422
1.147326464
1.157042421
1.161002205
1.161438463
1.160585716
1.159638806
1.159077925
1.158868586
1.158861198
1.158929649
1.159001408
1.15905343
1.15908216
1.159092169
1.159089531
1.159079029
1.159063638
1.159044982
1.159023953
1.159001128
1.15897699
1.158951973
1.158926416
1.158900727
1.158875812
1.158853626
1.158837056
1.158830027
1.158836162
1.158854433
1.158870266
1.158836511
1.158659344
1.158224288
1.157514543
1.15693241
1.157494847
1.161298721
1.17162259
1.189717249
1.131451677
1.146236774
1.155591713
1.159459552
1.159851613
1.158897523
1.157874103
1.157255832
1.15701738
1.157008655
1.157095169
1.157189218
1.157262488
1.15730898
1.157332809
1.157340575
1.157337848
1.157328276
1.157313917
1.157295886
1.15727487
1.157251406
1.15722595
1.157198828
1.157170103
1.157140946
1.157113175
1.157089246
1.157072346
1.157065378
1.157067525
1.157067031
1.15702094
1.15685022
1.156459711
1.155845261
1.155392079
1.156076311
1.159949755
1.170384959
1.189228326
1.131067397
1.145176439
1.154163202
1.157927675
1.158289527
1.157268745
1.156171234
1.155477752
1.15518849
1.155159116
1.155251003
1.155361434
1.155453331
1.155517191
1.155555966
1.155576197
1.15558379
1.155582755
1.155575399
1.155562953
1.155546139
1.15552551
1.155501581
1.155474794
1.155445349
1.155413615
1.155381635
1.155351726
1.155326595
1.155308576
1.155296997
1.155282842
1.155227457
1.155064589
1.154717283
1.154198142
1.15387361
1.154679813
1.158629732
1.169144838
1.188715249
1.130693542
1.14414477
1.15276324
1.156423903
1.156777709
1.155727413
1.154553138
1.153767282
1.153401204
1.153323025
1.153393446
1.153510981
1.153614412
1.153692045
1.153745271
1.153779829
1.153801165
1.153813017
1.153817472
1.153815546
1.153807759
1.153794527
1.153776339
1.153753823
1.153727792
1.153697284
1.153664261
1.153631017
1.153599983
1.153573021
1.153549272
1.153520848
1.153459385
1.153304875
1.152994564
1.152577215
1.152380949
1.15330572
1.157328442
1.16791756
1.188167161
1.130329398
1.143140896
1.151396288
1.154960132
1.155329129
1.154274256
1.153034175
1.152146472
1.151678465
1.151518878
1.151535418
1.151634867
1.151735142
1.151818674
1.151883559
1.151933605
1.151972551
1.152002907
1.152025841
1.152041613
1.152050153
1.152051444
1.152045726
1.152033582
1.152016008
1.151993594
1.151965274
1.151933556
1.151900781
1.151868484
1.151835533
1.151794317
1.15172518
1.151581124
1.151315481
1.150996377
1.150922713
1.151958516
1.156047346
1.166718066
1.18756545
1.129974279
1.142162679
1.150063308
1.153542358
1.153950588
1.152908521
1.151629737
1.150641618
1.150051395
1.149776641
1.149699446
1.149729873
1.14980899
1.149887461
1.149958846
1.150024651
1.15008487
1.150139725
1.1501887
1.150230613
1.150264323
1.150289042
1.150304481
1.150310922
1.150309326
1.150301696
1.150286126
1.150263281
1.150235425
1.150203953
1.150167802
1.150120336
1.150044904
1.149912205
1.149700994
1.149470683
1.149508649
1.15064328
1.154786678
1.165543211
1.186910427
1.129627169
1.14120567
1.148760321
1.152170356
1.15264975
1.151663781
1.150363186
1.149288414
1.148565319
1.148147022
1.147939856
1.147862552
1.147861095
1.14790579
1.147974763
1.148055977
1.148139622
1.148223611
1.14830525
1.148380947
1.148448107
1.148504931
1.148550376
1.148584158
1.148606785
1.148619687
1.148625455
1.14862064
1.148606529
1.148584465
1.148553794
1.148509605
1.148440022
1.148326906
1.148163074
1.148011248
1.148146981
1.149364717
1.153545687
1.164366643
1.186226882
1.129286363
1.140262451
1.147477395
1.1508352
1.151423039
1.150544801
1.149252715
1.148119418
1.147277891
1.146699356
1.14633792
1.146129914
1.146024756
1.145992237
1.146012725
1.146073302
1.146166891
1.146280118
1.146397515
1.146510425
1.146615269
1.14670936
1.146790831
1.146858659
1.146912683
1.146953637
1.146983249
1.147004453
1.147013575
1.147010623
1.14699539
1.146964734
1.146910994
1.146823906
1.146705967
1.146624135
1.146843437
1.148127228
1.152326912
1.163187372
1.18551555
1.128949204
1.139322667
1.146198671
1.149517764
1.150252016
1.149546057
1.148329964
1.147157846
1.146213173
1.145490893
1.144973775
1.144625899
1.144401896
1.144273657
1.144222134
1.144232983
1.144294321
1.144394114
1.144522688
1.144666202
1.144804104
1.144932967
1.145049972
1.145153137
1.145241402
1.145314643
1.145373658
1.145420193
1.145456982
1.145481748
1.145491236
1.145483886
1.145455252
1.14540067
1.145329399
1.145311198
1.145601243
1.146934553
1.151133774
1.162007212
1.184775106
1.128611992
1.138373941
1.144903828
1.148188861
1.149097437
1.148623898
1.147574195
1.146398253
1.145377966
1.144534507
1.143887419
1.143405788
1.143059173
1.142824516
1.142684164
1.142623507
1.14262944
1.142689371
1.142791356
1.142923683
1.14307748
1.143228063
1.143370996
1.143502872
1.143621372
1.143725246
1.143814235
1.143888966
1.143950813
1.144001615
1.144041679
1.144065056
1.144069159
1.144052986
1.144030172
1.144071355
1.144421766
1.145789952
1.149970204
1.160828759
1.184004032
1.128270129
1.137403433
1.143570806
1.146812306
1.147900863
1.14768798
1.146843784
1.14577374
1.144722095
1.143801983
1.143045702
1.142446262
1.141986417
1.141648616
1.141416961
1.141277047
1.14121548
1.141219482
1.141276778
1.141375629
1.14150546
1.141656625
1.141808105
1.141954728
1.142092588
1.142219043
1.142332604
1.142432772
1.142519826
1.142594535
1.14265773
1.14271126
1.142752394
1.142778155
1.142805103
1.142902794
1.143305796
1.144696818
1.148840872
1.159655311
1.183200643
1.127918443
1.136399518
1.142178984
1.145350763
1.14659807
1.146641579
1.14603383
1.145122279
1.14411108
1.143157723
1.142328888
1.141642358
1.141094508
1.140673718
1.140365973
1.140157036
1.140033224
1.139981596
1.139989967
1.140046929
1.140142164
1.140267501
1.140408557
1.14055336
1.140696353
1.140833448
1.140961894
1.141080097
1.141187384
1.14128373
1.141369472
1.14144531
1.141512785
1.141578777
1.141654637
1.141805813
1.142255328
1.143659564
1.147751572
1.158490976
1.182362892
1.127551576
1.135352762
1.140711391
1.143771161
1.145130277
1.145391632
1.145010591
1.144273447
1.143352719
1.142421027
1.141572186
1.140846126
1.140252364
1.139785401
1.139433296
1.13918204
1.139017609
1.13892682
1.138897573
1.138918882
1.138980907
1.139075188
1.139194852
1.139326112
1.139462555
1.139599168
1.13973229
1.139859495
1.139979394
1.140091395
1.140195452
1.140291958
1.140382301
1.140472353
1.140586187
1.140785684
1.141275581
1.142684754
1.14670978
1.157340934
1.181488172
1.12716425
1.134255536
1.139154796
1.142047432
1.143451995
1.143866969
1.143665677
1.143084971
1.142283694
1.14142836
1.140622778
1.139919373
1.139336703
1.138874207
1.138522037
1.138266789
1.138094501
1.137992041
1.13794761
1.137950823
1.13799266
1.138065554
1.138164086
1.138279048
1.138404045
1.138533884
1.138664605
1.13879344
1.138918681
1.139039498
1.139155745
1.139267884
1.139377488
1.139490023
1.139625567
1.139854721
1.140376961
1.141782519
1.145725616
1.156212197
1.180573481
1.126751231
1.133099859
1.137497102
1.140159392
1.141532711
1.142025651
1.141943593
1.141484176
1.140816828
1.140087542
1.139391781
1.138780838
1.13827486
1.137875244
1.137573701
1.137357972
1.137215007
1.137132547
1.137099741
1.137107286
1.137147349
1.137213518
1.137301047
1.137405557
1.137521468
1.13764415
1.13777002
1.137896543
1.138022162
1.13814618
1.138268652
1.138390379
1.138513423
1.138643551
1.138799322
1.139042844
1.13957728
1.140968665
1.144813924
1.155115888
1.179616844
1.126307096
1.131873847
1.135722801
1.138089155
1.139354878
1.139854076
1.139838358
1.139478537
1.138964817
1.138411261
1.137890106
1.137439494
1.137073899
1.136793428
1.136590661
1.136455072
1.136375599
1.136341967
1.136345234
1.136377916
1.136433912
1.136508396
1.136597772
1.136701104
1.136813938
1.136932671
1.137054588
1.137177837
1.137301385
1.137424959
1.137549015
1.137674846
1.13780519
1.137946577
1.138117522
1.138375755
1.13890421
1.140268055
1.143999052
1.154073205
1.178621992
1.125827515
1.13056136
1.13381371
1.135825475
1.136922984
1.137380317
1.137408012
1.137171859
1.136857471
1.136535248
1.136246121
1.136009947
1.135832749
1.135712353
1.135642381
1.135614853
1.135621747
1.135655817
1.135710946
1.135782206
1.135865793
1.135958951
1.136060097
1.136169629
1.136284557
1.136402646
1.136522336
1.136642687
1.136763353
1.136884574
1.137007249
1.137133181
1.137265858
1.137412931
1.137594082
1.137866068
1.138400772
1.139719753
1.143326476
1.153130179
1.177610259
1.125318918
1.12916535
1.131785516
1.13341425
1.134327302
1.134747732
1.13484309
1.134822471
1.134775297
1.134731057
1.134705534
1.134705438
1.134731701
1.13478188
1.134851889
1.134937183
1.135033497
1.135137248
1.135245682
1.135356864
1.135469587
1.135583291
1.135699029
1.135816689
1.135935195
1.136053832
1.136172195
1.136290186
1.136408045
1.136526427
1.136646585
1.136770795
1.136903421
1.137053773
1.13724424
1.13753429
1.138092202
1.139407198
1.142896903
1.152395625
1.176648567
1.124829807
1.127804923
1.129831146
1.131130706
1.131928431
1.13239971
1.13269023
1.132942655
1.133171564
1.133386195
1.133591929
1.133791295
1.133984854
1.134172026
1.134351808
1.13452331
1.13468607
1.134840147
1.134986075
1.135124741
1.135257283
1.135385228
1.135510157
1.135632632
1.135753065
1.135871787
1.135989121
1.136105467
1.136221396
1.136337816
1.136456281
1.136579645
1.136713568
1.136870152
1.137077187
1.137402829
1.138023939
1.13941891
1.142909659
1.15213117
1.175926107
1.124495276
1.12687863
1.12855118
1.129707928
1.130526629
1.131134584
1.131636905
1.132075093
1.132466841
1.132822138
1.133146622
1.133443459
1.133714606
1.133961686
1.134186486
1.134391105
1.134577879
1.134749232
1.134907546
1.135055086
1.135194012
1.135326323
1.135453702
1.135577354
1.13569814
1.135816712
1.135933624
1.13604944
1.136164875
1.136281016
1.136399762
1.136524752
1.136663452
1.136831967
1.137066522
1.137451652
1.138191797
1.139798312
1.143582903
1.152909975
1.176027098
)
;

boundaryField
{
    hot
    {
        type            calculated;
        value           nonuniform List<scalar> 
41
(
1.123102779
1.123102467
1.123102152
1.123101835
1.123101517
1.123101199
1.123100881
1.123100563
1.123100245
1.123099928
1.123099611
1.123099294
1.123098978
1.123098662
1.123098347
1.123098032
1.123097717
1.123097404
1.12309709
1.123096777
1.123096465
1.123096153
1.123095842
1.123095531
1.123095221
1.123094911
1.123094601
1.123094292
1.123093984
1.123093676
1.123093368
1.123093061
1.123092754
1.123092449
1.123092143
1.123091839
1.123091535
1.123091231
1.123090929
1.123090626
1.123090324
)
;
    }
    cold
    {
        type            calculated;
        value           nonuniform List<scalar> 
41
(
1.200558175
1.200557831
1.200557486
1.200557143
1.200556799
1.200556457
1.200556115
1.200555774
1.200555433
1.200555094
1.200554755
1.200554416
1.200554079
1.200553741
1.200553404
1.200553068
1.200552732
1.200552397
1.200552062
1.200551728
1.200551394
1.200551061
1.200550728
1.200550396
1.200550064
1.200549733
1.200549402
1.200549072
1.200548742
1.200548413
1.200548084
1.200547756
1.200547428
1.2005471
1.200546773
1.200546445
1.200546118
1.20054579
1.200545462
1.200545132
1.200544798
)
;
    }
    topAndBottom
    {
        type            calculated;
        value           nonuniform List<scalar> 
82
(
1.145820538
1.169005289
1.178764786
1.182749763
1.184429235
1.185195834
1.185592805
1.185835202
1.186010762
1.186156555
1.186288854
1.186415121
1.186538976
1.186662302
1.186786181
1.186911317
1.187038252
1.187167498
1.187299639
1.187435437
1.18757598
1.187722855
1.187878145
1.188044258
1.188223709
1.188419156
1.188633349
1.18886898
1.18912848
1.189413881
1.189726901
1.190069435
1.19044452
1.190857726
1.191319173
1.191846976
1.192474686
1.19332203
1.194536335
1.196328654
1.198961918
1.124495125
1.126878478
1.128551027
1.129707776
1.130526476
1.13113443
1.131636751
1.13207494
1.132466688
1.132821984
1.133146468
1.133443305
1.133714452
1.133961532
1.134186332
1.134390951
1.134577725
1.134749078
1.134907392
1.135054932
1.135193858
1.135326169
1.135453548
1.1355772
1.135697986
1.135816558
1.13593347
1.136049286
1.136164721
1.136280862
1.136399608
1.136524598
1.136663297
1.136831812
1.137066367
1.137451497
1.138191641
1.139798157
1.143582747
1.152909816
1.176026932
)
;
    }
    frontAndBack
    {
        type            empty;
    }
}


// ************************************************************************* //
