/*--------------------------------*- C++ -*----------------------------------*\
  =========                 |
  \\      /  F ield         | OpenFOAM: The Open Source CFD Toolbox
   \\    /   O peration     | Website:  https://openfoam.org
    \\  /    A nd           | Version:  11
     \\/     M anipulation  |
\*---------------------------------------------------------------------------*/
FoamFile
{
    format      ascii;
    class       volVectorField;
    location    "1000";
    object      U;
}
// * * * * * * * * * * * * * * * * * * * * * * * * * * * * * * * * * * * * * //

dimensions      [0 1 -1 0 0 0 0];

internalField   nonuniform List<vector> 
1681
(
(-0.005836365655 0.00477105791 0)
(-0.01213605871 0.001005563433 0)
(-0.01240905111 -0.0005138385802 0)
(-0.01091289722 -0.0008249523583 0)
(-0.009184370058 -0.0007004611571 0)
(-0.007806750034 -0.0004901573515 0)
(-0.006834937305 -0.0003151198537 0)
(-0.006180302985 -0.0001959329661 0)
(-0.005741149076 -0.0001215715722 0)
(-0.005438759554 -7.724064516e-05 0)
(-0.005219212564 -5.171820315e-05 0)
(-0.005047206867 -3.777369783e-05 0)
(-0.004900042612 -3.101729453e-05 0)
(-0.004763453226 -2.878788113e-05 0)
(-0.004629108729 -2.938859451e-05 0)
(-0.00449326106 -3.163191558e-05 0)
(-0.004356063669 -3.46050254e-05 0)
(-0.004221223856 -3.759712496e-05 0)
(-0.004095676142 -4.017419195e-05 0)
(-0.003989030833 -4.217315567e-05 0)
(-0.003913668883 -4.261565713e-05 0)
(-0.00388648081 -3.930200157e-05 0)
(-0.003932340953 -3.224239889e-05 0)
(-0.004070239192 -2.149709756e-05 0)
(-0.004330338853 -3.360609033e-06 0)
(-0.004749755174 2.755276876e-05 0)
(-0.005372763653 7.818228214e-05 0)
(-0.006246876161 0.0001560641255 0)
(-0.007414299301 0.0002666744055 0)
(-0.00889781662 0.0004093372013 0)
(-0.01068201462 0.0005730921645 0)
(-0.0126933369 0.0007348084677 0)
(-0.01478522438 0.0008614150508 0)
(-0.01673231998 0.0009157145455 0)
(-0.01822050946 0.0008594797719 0)
(-0.01883084154 0.0006352116747 0)
(-0.0182050711 0.00011591341 0)
(-0.01574014447 -0.0006929513392 0)
(-0.01137158832 -0.001536590715 0)
(-0.005857991088 -0.001899419936 0)
(-0.0010556887 -0.001145877446 0)
(-0.005339952492 0.01439850716 0)
(-0.01372799718 0.005622201257 0)
(-0.01659222402 -0.000404868839 0)
(-0.01673144886 -0.002232628731 0)
(-0.01590224077 -0.002271181809 0)
(-0.01493658343 -0.001790574916 0)
(-0.01409864005 -0.001284717683 0)
(-0.01343403667 -0.0008933082182 0)
(-0.01291794335 -0.0006248927623 0)
(-0.01251090272 -0.0004528305735 0)
(-0.01217675284 -0.0003486103696 0)
(-0.01188713024 -0.0002900562158 0)
(-0.01162172191 -0.0002613100828 0)
(-0.01136754898 -0.0002509382971 0)
(-0.01111832759 -0.000250145469 0)
(-0.01087414627 -0.0002515352285 0)
(-0.01064144418 -0.0002483914873 0)
(-0.01043320918 -0.0002343561988 0)
(-0.01026906266 -0.00020330535 0)
(-0.01017476342 -0.0001488372443 0)
(-0.01018481964 -6.294095585e-05 0)
(-0.01034352637 6.012297434e-05 0)
(-0.01067603552 0.0002242856166 0)
(-0.01123418082 0.0004391405013 0)
(-0.01206569023 0.0007164904211 0)
(-0.01321655078 0.001065382777 0)
(-0.01472172995 0.001487460007 0)
(-0.01659414768 0.001970423905 0)
(-0.01881204662 0.002481079684 0)
(-0.02130672644 0.00296048312 0)
(-0.02395224286 0.003323562369 0)
(-0.02655799917 0.003464284086 0)
(-0.02886544597 0.003265392276 0)
(-0.0305490019 0.002608686791 0)
(-0.03121679675 0.001379003852 0)
(-0.03042099674 -0.0005415299116 0)
(-0.02764258586 -0.003159394816 0)
(-0.02281593033 -0.00613011257 0)
(-0.01605795013 -0.008695780097 0)
(-0.008262963918 -0.009339358114 0)
(-0.001270284472 -0.005323915692 0)
(-0.00400868737 0.02320315337 0)
(-0.0118584554 0.01201524748 0)
(-0.01587278476 0.002223571948 0)
(-0.01759546243 -0.001734720758 0)
(-0.01797831633 -0.002550342082 0)
(-0.0178700495 -0.002287810774 0)
(-0.01759367107 -0.00179378994 0)
(-0.01727871486 -0.00135002762 0)
(-0.0169712941 -0.001020303919 0)
(-0.01668329741 -0.0007974475422 0)
(-0.01641321591 -0.0006576556034 0)
(-0.01615545582 -0.0005773374977 0)
(-0.01590480098 -0.000536658308 0)
(-0.01565872305 -0.0005190640952 0)
(-0.01541872196 -0.0005099941148 0)
(-0.01519123592 -0.0004957676595 0)
(-0.01498835583 -0.0004628705294 0)
(-0.01482837325 -0.0003976212881 0)
(-0.01473577414 -0.0002861403722 0)
(-0.01474061048 -0.0001149757461 0)
(-0.0148828087 0.000126294377 0)
(-0.01518348278 0.000442915775 0)
(-0.01568761867 0.0008444426988 0)
(-0.01643225109 0.00134149631 0)
(-0.0174490567 0.0019374399 0)
(-0.01875822606 0.002624959352 0)
(-0.02036159996 0.003380339371 0)
(-0.02223561176 0.004157428665 0)
(-0.02432436742 0.004882382747 0)
(-0.02653332532 0.005450577559 0)
(-0.02872357668 0.005727233577 0)
(-0.03070694403 0.005553203751 0)
(-0.03224459294 0.004756295273 0)
(-0.03305268752 0.003165259453 0)
(-0.03280424618 0.0006260041979 0)
(-0.03110311888 -0.002953621976 0)
(-0.02784448821 -0.007376930789 0)
(-0.02285595705 -0.01216574279 0)
(-0.01615304155 -0.01624457938 0)
(-0.008460565623 -0.01718213808 0)
(-0.001344521536 -0.009954302839 0)
(-0.002956920153 0.03037513722 0)
(-0.010025366 0.01830933924 0)
(-0.01440970064 0.005685544408 0)
(-0.01695632707 -0.000189253494 0)
(-0.01816178679 -0.001985383983 0)
(-0.01869765218 -0.00215949934 0)
(-0.01890750683 -0.001860573977 0)
(-0.01894728182 -0.001503044347 0)
(-0.0188958347 -0.00121022239 0)
(-0.01879358808 -0.001002699948 0)
(-0.01866172627 -0.0008695461279 0)
(-0.01851173043 -0.0007924044679 0)
(-0.01835072486 -0.0007524232637 0)
(-0.01818472237 -0.0007314985065 0)
(-0.01802070575 -0.0007118959597 0)
(-0.01786801462 -0.0006756707834 0)
(-0.01773923596 -0.000604348855 0)
(-0.01765062352 -0.0004790269296 0)
(-0.01762210474 -0.0002811029825 0)
(-0.01767741556 5.43583776e-06 0)
(-0.01783825068 0.0003901850635 0)
(-0.01813105077 0.0008816488533 0)
(-0.0185848605 0.001490337581 0)
(-0.01922141194 0.002219467382 0)
(-0.0200553315 0.003061900336 0)
(-0.02108994368 0.003995286496 0)
(-0.02231369942 0.004976026584 0)
(-0.02369674353 0.005933105051 0)
(-0.02518770872 0.006762818006 0)
(-0.02671057582 0.007325816104 0)
(-0.02816094047 0.007448173175 0)
(-0.02940158524 0.006928370564 0)
(-0.03026121269 0.005551812448 0)
(-0.03053684834 0.003114402827 0)
(-0.02996713977 -0.0005362707814 0)
(-0.02834943761 -0.005397941195 0)
(-0.02553513463 -0.01129767961 0)
(-0.02122740884 -0.01771502312 0)
(-0.01528944069 -0.0232727271 0)
(-0.008241451805 -0.02466640804 0)
(-0.001419631116 -0.01464502032 0)
(-0.002174510553 0.03616126674 0)
(-0.00849851379 0.02419436526 0)
(-0.01292166762 0.009479036087 0)
(-0.0157828185 0.001991084514 0)
(-0.01745703675 -0.0008455876052 0)
(-0.01838433333 -0.001564316332 0)
(-0.01891388022 -0.001559671701 0)
(-0.01921391371 -0.001370647544 0)
(-0.0193742734 -0.001178524083 0)
(-0.01944613837 -0.001033079256 0)
(-0.01946031489 -0.0009390771557 0)
(-0.01943619167 -0.0008866663796 0)
(-0.01938670602 -0.0008612130798 0)
(-0.01932139152 -0.0008461151375 0)
(-0.01924836485 -0.0008233517093 0)
(-0.01917565545 -0.000773543018 0)
(-0.01911201627 -0.0006761358819 0)
(-0.01906734314 -0.0005099957485 0)
(-0.01905317434 -0.0002546587455 0)
(-0.01908284401 0.0001073425406 0)
(-0.01916827723 0.0005884445453 0)
(-0.01933196499 0.001198651611 0)
(-0.019588306 0.001944029827 0)
(-0.01994789499 0.002821347463 0)
(-0.0204151548 0.003814884872 0)
(-0.02098676326 0.004891416333 0)
(-0.02165070318 0.00599448759 0)
(-0.02238591648 0.00703855228 0)
(-0.02316241435 0.007903733355 0)
(-0.02394118372 0.008432358076 0)
(-0.02467245006 0.008428883318 0)
(-0.02529101913 0.007665412215 0)
(-0.02571012113 0.005896378084 0)
(-0.02580902099 0.002891774759 0)
(-0.025386495 -0.001499037539 0)
(-0.02430157132 -0.007298919057 0)
(-0.02229272457 -0.0144190656 0)
(-0.01897515044 -0.02233690634 0)
(-0.01405148867 -0.02941566498 0)
(-0.007834527878 -0.03152172723 0)
(-0.001471596897 -0.01924283351 0)
(-0.001586851124 0.04091586151 0)
(-0.007235127974 0.02963339859 0)
(-0.01152994382 0.01328240336 0)
(-0.01442561477 0.004373008508 0)
(-0.01623783854 0.0006122540241 0)
(-0.01737726077 -0.0007079994665 0)
(-0.01807685912 -0.00103755979 0)
(-0.01853196679 -0.00104646808 0)
(-0.01883433233 -0.0009795939167 0)
(-0.01903659885 -0.0009166048424 0)
(-0.01917077098 -0.0008782224347 0)
(-0.01925727314 -0.0008638835908 0)
(-0.01930958529 -0.0008644897747 0)
(-0.01933679552 -0.0008666917703 0)
(-0.01934515702 -0.0008541999091 0)
(-0.0193391565 -0.0008083579731 0)
(-0.01932220649 -0.0007086775454 0)
(-0.01929715003 -0.0005336799624 0)
(-0.01926709985 -0.0002621324955 0)
(-0.01923606456 0.0001255471848 0)
(-0.01920821949 0.0006452928967 0)
(-0.01919599218 0.001306668729 0)
(-0.0192046597 0.002111223017 0)
(-0.01923707543 0.003051146426 0)
(-0.01929221601 0.004105332248 0)
(-0.01936529967 0.005234954379 0)
(-0.01944887364 0.006378567295 0)
(-0.0195349904 0.00744699527 0)
(-0.01961830958 0.008318325338 0)
(-0.01969927595 0.008833470529 0)
(-0.01978547312 0.008793051895 0)
(-0.01988836801 0.007957152492 0)
(-0.02001049201 0.006052663556 0)
(-0.02011000449 0.00280492504 0)
(-0.02005186776 -0.001984462053 0)
(-0.01964880575 -0.008424347623 0)
(-0.01857835547 -0.01655060404 0)
(-0.0163623625 -0.0258779679 0)
(-0.01254750468 -0.03455284222 0)
(-0.007251065353 -0.03764528498 0)
(-0.00146820876 -0.02364107505 0)
(-0.001136394297 0.0448548003 0)
(-0.006166702671 0.03462640225 0)
(-0.01024308938 0.01694480187 0)
(-0.01301794127 0.006743601403 0)
(-0.01477554703 0.002117581836 0)
(-0.01591651907 0.000263433352 0)
(-0.01667747545 -0.0004077245735 0)
(-0.01719230169 -0.0006175451796 0)
(-0.01756512989 -0.0006761006835 0)
(-0.01784440507 -0.0006972466371 0)
(-0.01805888008 -0.0007179116397 0)
(-0.01822615151 -0.0007466236196 0)
(-0.01835722984 -0.0007799386245 0)
(-0.01845871941 -0.000808453458 0)
(-0.01853383378 -0.0008186937901 0)
(-0.01858312477 -0.0007940502553 0)
(-0.01860497744 -0.0007154717226 0)
(-0.0185960559 -0.0005623522344 0)
(-0.01855198255 -0.0003136522804 0)
(-0.01846886678 5.134504946e-05 0)
(-0.01834002069 0.0005517093441 0)
(-0.01816759086 0.001197893028 0)
(-0.01795062346 0.001988278421 0)
(-0.01768631156 0.002912440646 0)
(-0.01737063627 0.003947031689 0)
(-0.01699924893 0.005052292931 0)
(-0.01656984968 0.006168389681 0)
(-0.01608601317 0.007211594718 0)
(-0.01556250315 0.008070126391 0)
(-0.01503147094 0.008599204369 0)
(-0.01454795936 0.008614346675 0)
(-0.01419164567 0.007882014495 0)
(-0.01405355864 0.00611025944 0)
(-0.01417957016 0.00295712896 0)
(-0.01452539134 -0.001901755443 0)
(-0.0148251674 -0.008704177256 0)
(-0.0147027259 -0.01763368888 0)
(-0.01358579668 -0.02829022131 0)
(-0.01087827767 -0.03863469204 0)
(-0.006528985805 -0.0429602395 0)
(-0.001405641064 -0.02771944039 0)
(-0.0007816254238 0.048111494 0)
(-0.005239129429 0.03917761672 0)
(-0.009051616081 0.02038024221 0)
(-0.01162117909 0.008971008993 0)
(-0.0132126307 0.003525289692 0)
(-0.01422136246 0.001188267421 0)
(-0.01490564461 0.0002329002315 0)
(-0.01540839853 -0.000158130708 0)
(-0.01578849425 -0.0003287629374 0)
(-0.01609425362 -0.000423285229 0)
(-0.016347769 -0.0004960753814 0)
(-0.01656226505 -0.0005646708071 0)
(-0.01674508649 -0.0006306953915 0)
(-0.01689989506 -0.0006886497553 0)
(-0.0170269704 -0.0007282345905 0)
(-0.01712360886 -0.000735605184 0)
(-0.01718430325 -0.000694080928 0)
(-0.01720102936 -0.0005849547135 0)
(-0.01716346375 -0.0003885078632 0)
(-0.01705945978 -8.472093528e-05 0)
(-0.01687864375 0.0003470325547 0)
(-0.01660331384 0.0009197226741 0)
(-0.01622995811 0.001632565592 0)
(-0.01575084415 0.002474223446 0)
(-0.01515987977 0.003421740556 0)
(-0.0144533853 0.004437917415 0)
(-0.01363301364 0.005469040068 0)
(-0.01271027884 0.006442796765 0)
(-0.01171296532 0.007265734604 0)
(-0.01069327125 0.007819167132 0)
(-0.009736967781 0.007950647356 0)
(-0.008971789276 0.007456029385 0)
(-0.008563115726 0.006047377452 0)
(-0.008653473847 0.003312680164 0)
(-0.009315927096 -0.001281374314 0)
(-0.01024903152 -0.008176620372 0)
(-0.01098162875 -0.01771688369 0)
(-0.01086211734 -0.02962472452 0)
(-0.009175103234 -0.04169086286 0)
(-0.005737882861 -0.0474443217 0)
(-0.001297785515 -0.03139201478 0)
(-0.0004950475513 0.05078075734 0)
(-0.004417804252 0.04329956192 0)
(-0.007950063039 0.02354795549 0)
(-0.01027845765 0.01098399888 0)
(-0.01164966839 0.004741747641 0)
(-0.01245633229 0.001957410352 0)
(-0.01297746514 0.0007733514258 0)
(-0.01336815745 0.0002609243124 0)
(-0.01369917853 1.205175507e-05 0)
(-0.01398900907 -0.0001368744491 0)
(-0.01424411547 -0.0002493609939 0)
(-0.01447390715 -0.0003487156253 0)
(-0.01468093178 -0.0004414230738 0)
(-0.01486644837 -0.0005255604008 0)
(-0.01502863748 -0.0005938675536 0)
(-0.01516285311 -0.0006355348249 0)
(-0.01526135198 -0.0006368261813 0)
(-0.01531339074 -0.0005817502065 0)
(-0.01530515176 -0.0004529196807 0)
(-0.01521946002 -0.0002326062486 0)
(-0.01504052846 9.669429962e-05 0)
(-0.01473914747 0.0005518653524 0)
(-0.01430225984 0.001138252448 0)
(-0.0137182627 0.001845422908 0)
(-0.01297823334 0.002653008594 0)
(-0.01207823647 0.00352896999 0)
(-0.01102199013 0.004428488728 0)
(-0.009825351705 0.005293827313 0)
(-0.008522857798 0.006053849308 0)
(-0.007176446193 0.006622046678 0)
(-0.005886394437 0.006888836674 0)
(-0.004803803752 0.00669913158 0)
(-0.004136789023 0.005799551882 0)
(-0.004108943012 0.003740051664 0)
(-0.004885766227 -0.0002477407966 0)
(-0.006313686914 -0.006972164094 0)
(-0.007714228352 -0.01694544963 0)
(-0.008401055325 -0.03002151544 0)
(-0.007574281913 -0.04382315012 0)
(-0.004957262154 -0.05113375276 0)
(-0.001167233973 -0.03462380651 0)
(-0.0002592328899 0.05293551947 0)
(-0.003681754613 0.04701170296 0)
(-0.006935140881 0.02643807984 0)
(-0.009017177757 0.01275815613 0)
(-0.01015482281 0.005728937855 0)
(-0.01073391258 0.002518415139 0)
(-0.01105495979 0.00114525478 0)
(-0.01128772465 0.0005624826676 0)
(-0.01150403904 0.000287885481 0)
(-0.01172314424 0.0001222014107 0)
(-0.01194723011 -8.22103548e-06 0)
(-0.01216488134 -0.0001262702174 0)
(-0.01237011937 -0.000237250182 0)
(-0.01256292993 -0.0003402418685 0)
(-0.01274008202 -0.0004311015569 0)
(-0.01289644318 -0.000502155214 0)
(-0.01302373391 -0.0005428922621 0)
(-0.01311042002 -0.0005405322134 0)
(-0.01314166504 -0.0004807935706 0)
(-0.01309894865 -0.0003491245535 0)
(-0.01296048128 -0.00013229387 0)
(-0.01270796157 0.0001853336899 0)
(-0.01230110863 0.0006145912238 0)
(-0.01172699263 0.001153321382 0)
(-0.01097243344 0.001785141623 0)
(-0.01003131153 0.002485076035 0)
(-0.00890693579 0.003218891308 0)
(-0.007615955277 0.00394493736 0)
(-0.006194628118 0.004615666112 0)
(-0.004707299047 0.005178387005 0)
(-0.003257662786 0.005569848712 0)
(-0.002001935128 0.005692447722 0)
(-0.00115602597 0.005345421159 0)
(-0.0009813103183 0.004080542673 0)
(-0.001666616811 0.0009804656529 0)
(-0.003328983242 -0.005317193967 0)
(-0.005133263431 -0.01555585409 0)
(-0.006364660102 -0.02969625132 0)
(-0.006187070274 -0.04519195004 0)
(-0.004256129752 -0.05411693613 0)
(-0.001037290226 -0.03743142958 0)
(-6.295261299e-05 0.05463485658 0)
(-0.003017645957 0.05033726152 0)
(-0.006003336187 0.02905868829 0)
(-0.007851732224 0.01429730464 0)
(-0.008768904022 0.006484713135 0)
(-0.00912815621 0.002859617358 0)
(-0.009248243344 0.001326537384 0)
(-0.009312686052 0.0007118894708 0)
(-0.009396732888 0.000451140742 0)
(-0.009516094327 0.0003064561048 0)
(-0.009664905882 0.0001898891205 0)
(-0.009833224186 7.512229156e-05 0)
(-0.01001334069 -4.120773865e-05 0)
(-0.01019130371 -0.0001545150267 0)
(-0.0103623658 -0.0002596888632 0)
(-0.01052182715 -0.0003512580064 0)
(-0.0106622727 -0.0004222005891 0)
(-0.01077310285 -0.0004631475617 0)
(-0.01084043516 -0.0004631301127 0)
(-0.010847045 -0.0004105907088 0)
(-0.01077222243 -0.0002950120974 0)
(-0.01059357567 -0.0001079410634 0)
(-0.01028911443 0.0001619341469 0)
(-0.009817560558 0.0005198854727 0)
(-0.009166018212 0.0009603896115 0)
(-0.008322738916 0.001466595305 0)
(-0.007287581946 0.00201550606 0)
(-0.006073887286 0.002582179796 0)
(-0.004714558337 0.003142709739 0)
(-0.003270018847 0.003677988918 0)
(-0.001839417172 0.004170563255 0)
(-0.0005727653237 0.00457888917 0)
(0.000330229547 0.004751884756 0)
(0.0006058923721 0.004253174365 0)
(8.191662742e-05 0.002112983364 0)
(-0.001443273942 -0.00353767446 0)
(-0.003343789065 -0.01385568833 0)
(-0.004829305476 -0.02890987207 0)
(-0.005075371244 -0.04598985498 0)
(-0.003678141884 -0.05651689978 0)
(-0.0009260798048 -0.03987141253 0)
(0.0001014798762 0.05592857945 0)
(-0.002415879353 0.05330084503 0)
(-0.005149473093 0.03142738559 0)
(-0.006785710254 0.01562178738 0)
(-0.007509976705 0.007030570776 0)
(-0.007678102685 0.00299870259 0)
(-0.007622274572 0.001327647178 0)
(-0.007536058297 0.000711314516 0)
(-0.007496289311 0.0004936028101 0)
(-0.007514329674 0.0003938435887 0)
(-0.007579022783 0.000312162705 0)
(-0.007677060116 0.0002217512051 0)
(-0.00779852365 0.000119543289 0)
(-0.007937462274 1.000715046e-05 0)
(-0.008083678349 -9.944930927e-05 0)
(-0.008227175004 -0.000201695968 0)
(-0.008362852889 -0.0002911174318 0)
(-0.008481883756 -0.0003618306979 0)
(-0.008572558688 -0.0004061996514 0)
(-0.008620118811 -0.0004156827113 0)
(-0.008606966867 -0.0003820365954 0)
(-0.008513189652 -0.0002990389111 0)
(-0.008316929956 -0.0001624507124 0)
(-0.007999567334 3.490284563e-05 0)
(-0.007527437247 0.0002946132298 0)
(-0.006881290521 0.000610197615 0)
(-0.00605651874 0.0009725563415 0)
(-0.005058553044 0.001372910275 0)
(-0.003911314922 0.001809821383 0)
(-0.002664127967 0.002296374123 0)
(-0.001402674609 0.002858803746 0)
(-0.0002542444643 0.003509637282 0)
(0.0006030058049 0.004138454579 0)
(0.0009410383097 0.00428866891 0)
(0.0006287441357 0.002984418359 0)
(-0.0005543107842 -0.001928542787 0)
(-0.002275007799 -0.01214756173 0)
(-0.003765910686 -0.02791457825 0)
(-0.004240797574 -0.04640492869 0)
(-0.003235051933 -0.05846630436 0)
(-0.0008432684426 -0.0420210218 0)
(0.0002397219573 0.05685955319 0)
(-0.001868641131 0.05592662213 0)
(-0.004366737617 0.03356550009 0)
(-0.005814975135 0.01675933554 0)
(-0.006379284202 0.007400376797 0)
(-0.006394935527 0.002971113949 0)
(-0.006202870795 0.001180563106 0)
(-0.006001628306 0.0005855224838 0)
(-0.005865907353 0.0004310295701 0)
(-0.005800941137 0.0003911516689 0)
(-0.005790590215 0.0003548654226 0)
(-0.005819098948 0.0002974940437 0)
(-0.005876310751 0.0002204925233 0)
(-0.005956552499 0.0001295165817 0)
(-0.006055957935 3.01560387e-05 0)
(-0.006168744433 -7.10342582e-05 0)
(-0.006283545481 -0.0001669832925 0)
(-0.006394838189 -0.0002528739354 0)
(-0.006493493457 -0.0003241295274 0)
(-0.006567987257 -0.0003750655445 0)
(-0.006604403621 -0.0003996920041 0)
(-0.006586966723 -0.0003927942737 0)
(-0.006498401911 -0.0003508673248 0)
(-0.006320781331 -0.0002730113797 0)
(-0.006035605429 -0.00015710723 0)
(-0.00562563899 -5.933483354e-07 0)
(-0.005072837946 0.0001969965629 0)
(-0.004370495278 0.0004403872966 0)
(-0.003529630877 0.0007492846696 0)
(-0.002581783033 0.001166212668 0)
(-0.001588479682 0.001755945323 0)
(-0.0006468862942 0.00257273865 0)
(0.0001165636651 0.003548773299 0)
(0.0005105230668 0.00422037249 0)
(0.0004136918398 0.003541528774 0)
(-0.0003679540498 -0.0006824026886 0)
(-0.001728766915 -0.01065180889 0)
(-0.003064141222 -0.02690084891 0)
(-0.003634440268 -0.04658688601 0)
(-0.002910351562 -0.06008280494 0)
(-0.0007898810695 -0.0439580322 0)
(0.000356132198 0.05746492137 0)
(-0.001369149341 0.05823703274 0)
(-0.00364752459 0.03549444903 0)
(-0.00493116541 0.01773877435 0)
(-0.005367737471 0.007631410113 0)
(-0.005270693395 0.002819427499 0)
(-0.004986019479 0.0009283276335 0)
(-0.004712139042 0.0003730782495 0)
(-0.004517546738 0.0002939063327 0)
(-0.004398983186 0.0003199870224 0)
(-0.004335290495 0.0003317076213 0)
(-0.004308908862 0.0003087547142 0)
(-0.004309953467 0.0002587568596 0)
(-0.004334387496 0.0001913257683 0)
(-0.004380677778 0.0001123959731 0)
(-0.004447423433 2.558394021e-05 0)
(-0.004530674599 -6.42807543e-05 0)
(-0.004621097283 -0.0001515114986 0)
(-0.00471316371 -0.0002325671605 0)
(-0.004798619306 -0.0003041111915 0)
(-0.004867478795 -0.0003621966377 0)
(-0.004908208782 -0.0004030366913 0)
(-0.004908125117 -0.0004236915593 0)
(-0.004853907754 -0.0004227575774 0)
(-0.00473168871 -0.0003998428145 0)
(-0.004527544484 -0.0003548118621 0)
(-0.004228051103 -0.0002831172981 0)
(-0.003824541322 -0.0001688108841 0)
(-0.003311065967 2.306950975e-05 0)
(-0.002694774499 0.0003565161698 0)
(-0.002005686334 0.0009247278943 0)
(-0.001301638002 0.001816771856 0)
(-0.0006631273971 0.002989751411 0)
(-0.0002203934126 0.004021292572 0)
(-0.0001033814203 0.003803183703 0)
(-0.0005085822376 0.0001591745466 0)
(-0.001456375598 -0.009467872879 0)
(-0.002576676414 -0.02597016102 0)
(-0.003179002068 -0.04662863713 0)
(-0.002669700544 -0.06145224063 0)
(-0.0007604568245 -0.04574520073 0)
(0.0004536981963 0.05777609978 0)
(-0.0009115911491 0.06025306692 0)
(-0.0029841632 0.03723420864 0)
(-0.004124913371 0.01858652649 0)
(-0.004462201243 0.007758342456 0)
(-0.004287740202 0.002584567754 0)
(-0.003949433102 0.0006143137081 0)
(-0.003640908329 0.0001154817195 0)
(-0.003423731928 0.0001184138807 0)
(-0.003283579499 0.0002097697203 0)
(-0.003193814751 0.0002658106438 0)
(-0.003135165144 0.0002730293604 0)
(-0.00309797381 0.0002466911683 0)
(-0.003079678323 0.0002012639962 0)
(-0.003081099407 0.0001444631425 0)
(-0.003103524022 7.905000954e-05 0)
(-0.003147404604 6.402253908e-06 0)
(-0.003209246004 -7.006844702e-05 0)
(-0.003283150694 -0.0001464751451 0)
(-0.003364318743 -0.0002205748357 0)
(-0.003446316036 -0.0002899063827 0)
(-0.00352163642 -0.0003519510079 0)
(-0.003581793131 -0.0004047020156 0)
(-0.003617610771 -0.000447122089 0)
(-0.003619296069 -0.0004788844533 0)
(-0.003576493448 -0.0004993326742 0)
(-0.003478278258 -0.0005038051158 0)
(-0.003313949782 -0.0004772883657 0)
(-0.003073599038 -0.0003809498286 0)
(-0.002750782526 -0.000138465164 0)
(-0.00234296094 0.0003663854112 0)
(-0.001865031481 0.001245376113 0)
(-0.001353528244 0.002482493067 0)
(-0.0008864564529 0.003693989728 0)
(-0.0005845860635 0.003790253118 0)
(-0.000664205243 0.0006145346342 0)
(-0.00124820916 -0.008591533638 0)
(-0.002168889133 -0.02514209537 0)
(-0.002794846859 -0.04656736268 0)
(-0.002473819961 -0.06262310088 0)
(-0.0007464606517 -0.04742255086 0)
(0.0005331033569 0.05782156297 0)
(-0.0004900782994 0.06199153919 0)
(-0.002369131874 0.03880373064 0)
(-0.003388146957 0.01932578779 0)
(-0.003650387313 0.007810451623 0)
(-0.003427060365 0.0022999232 0)
(-0.003063979396 0.0002725055682 0)
(-0.002745613172 -0.0001560978185 0)
(-0.002532817601 -6.345249076e-05 0)
(-0.00239975877 9.130411089e-05 0)
(-0.002310529861 0.000184298055 0)
(-0.002244382987 0.0002136798792 0)
(-0.002191213896 0.0002038227093 0)
(-0.002149346829 0.0001748641174 0)
(-0.002121267814 0.000136833121 0)
(-0.002110525754 9.253496238e-05 0)
(-0.002119911601 4.158205376e-05 0)
(-0.002150895399 -1.593143622e-05 0)
(-0.002200454142 -7.756216792e-05 0)
(-0.002265829628 -0.0001411632359 0)
(-0.002343573016 -0.0002051565924 0)
(-0.002429480613 -0.0002679476031 0)
(-0.002518580463 -0.0003283622894 0)
(-0.00260518946 -0.0003861008486 0)
(-0.002682847606 -0.0004416658523 0)
(-0.002744107644 -0.0004952402519 0)
(-0.00278016565 -0.0005430735946 0)
(-0.002780697488 -0.0005703732846 0)
(-0.00273352512 -0.0005389876395 0)
(-0.002624356494 -0.0003743983289 0)
(-0.002435791664 4.114796928e-05 0)
(-0.002144983816 0.0008381108989 0)
(-0.001748557105 0.002028525246 0)
(-0.001282525441 0.003277576083 0)
(-0.0008502431401 0.003555805069 0)
(-0.0006791946509 0.0007675623946 0)
(-0.0009836235723 -0.007962100401 0)
(-0.001749182994 -0.02438813846 0)
(-0.002418738954 -0.04640060058 0)
(-0.002288709442 -0.06361105981 0)
(-0.0007394520819 -0.04900731562 0)
(0.0005963811081 0.05762960551 0)
(-9.886923485e-05 0.06346232895 0)
(-0.001795153622 0.04022223211 0)
(-0.002716309399 0.01997735629 0)
(-0.002924339015 0.007811472475 0)
(-0.00267438848 0.001989473052 0)
(-0.002302182797 -7.501124859e-05 0)
(-0.001996611074 -0.0004179737234 0)
(-0.001799123449 -0.0002298736126 0)
(-0.001685428564 -1.250826352e-05 0)
(-0.001615966336 0.0001112155305 0)
(-0.001562972804 0.0001541908745 0)
(-0.001515066908 0.000152018131 0)
(-0.001470044569 0.0001315789187 0)
(-0.001430999011 0.0001058292855 0)
(-0.00140270598 7.803442003e-05 0)
(-0.001389681869 4.692766016e-05 0)
(-0.001395242483 1.040168465e-05 0)
(-0.00142085081 -3.16888619e-05 0)
(-0.001465105339 -7.777575602e-05 0)
(-0.001526915379 -0.0001267225373 0)
(-0.001604500899 -0.0001775643688 0)
(-0.001695549009 -0.0002298107162 0)
(-0.001797137779 -0.000283907459 0)
(-0.001905607987 -0.000341331197 0)
(-0.002016247736 -0.0004036345923 0)
(-0.002122680251 -0.0004690507006 0)
(-0.002216034967 -0.0005253174794 0)
(-0.002283639394 -0.0005379346401 0)
(-0.002307318107 -0.000437354134 0)
(-0.002261287141 -0.0001132918556 0)
(-0.002106966298 0.0005637247674 0)
(-0.001808861592 0.001632642413 0)
(-0.001370376514 0.002814525777 0)
(-0.0008714190409 0.003168774077 0)
(-0.0005304672462 0.0007003516515 0)
(-0.0006246456828 -0.007517626052 0)
(-0.001272557834 -0.02366908982 0)
(-0.002010891364 -0.04610634294 0)
(-0.002090822495 -0.06440877994 0)
(-0.0007331586877 -0.05049892008 0)
(0.0006469220235 0.05722029462 0)
(0.0002697510549 0.06467277599 0)
(-0.001252594338 0.04151513944 0)
(-0.002110189969 0.02056262375 0)
(-0.002281891431 0.007781369449 0)
(-0.002020557382 0.001669754216 0)
(-0.001648174667 -0.0004149333174 0)
(-0.001352770417 -0.0006635172354 0)
(-0.001171993472 -0.0003744584781 0)
(-0.001081874756 -9.10204825e-05 0)
(-0.001040221713 6.219600705e-05 0)
(-0.00101395516 0.0001132013406 0)
(-0.0009879931074 0.0001110694071 0)
(-0.0009579427007 9.092531673e-05 0)
(-0.0009261093046 6.957158303e-05 0)
(-0.0008973317011 5.127869286e-05 0)
(-0.0008767552106 3.430134609e-05 0)
(-0.0008687318276 1.53233608e-05 0)
(-0.0008764615407 -7.943571197e-06 0)
(-0.0009010060795 -3.535183287e-05 0)
(-0.0009426370484 -6.616663922e-05 0)
(-0.001001237795 -9.986026472e-05 0)
(-0.001076317364 -0.0001364373816 0)
(-0.001166987234 -0.0001769362086 0)
(-0.001271871771 -0.0002236538563 0)
(-0.001388812442 -0.0002794703472 0)
(-0.001514150638 -0.0003448725774 0)
(-0.00164149448 -0.0004112252474 0)
(-0.001759707655 -0.0004497492189 0)
(-0.001850167241 -0.000399041009 0)
(-0.001883647207 -0.000159318084 0)
(-0.001817373728 0.0003887246634 0)
(-0.001601564732 0.001300666843 0)
(-0.001215953316 0.002352451099 0)
(-0.0007135580324 0.002702672587 0)
(-0.000274163725 0.0004826580699 0)
(-0.0001944458927 -0.007221630829 0)
(-0.0007330022998 -0.02296152104 0)
(-0.001553633434 -0.04566041888 0)
(-0.001867757136 -0.0649967451 0)
(-0.0007244102054 -0.05188598747 0)
(0.0006818611379 0.05661519002 0)
(0.0006332386938 0.06563316983 0)
(-0.0007186121839 0.04270097225 0)
(-0.001578337601 0.02109964365 0)
(-0.001727351847 0.007733450939 0)
(-0.001461902917 0.001346577079 0)
(-0.001085564605 -0.0007523206522 0)
(-0.0007861747315 -0.0008991216509 0)
(-0.0006110543225 -0.0005004162372 0)
(-0.0005377820993 -0.0001434706425 0)
(-0.0005222362667 4.362016051e-05 0)
(-0.0005279471271 0.0001023167204 0)
(-0.000534382003 9.604972326e-05 0)
(-0.000533135858 6.972080043e-05 0)
(-0.0005240696145 4.522972887e-05 0)
(-0.0005108093803 2.86717223e-05 0)
(-0.0004980617334 1.833846081e-05 0)
(-0.0004902674747 1.015888727e-05 0)
(-0.0004911283956 5.989992222e-07 0)
(-0.0005031250877 -1.170478347e-05 0)
(-0.0005275087984 -2.669339196e-05 0)
(-0.0005651778677 -4.418375462e-05 0)
(-0.0006167648391 -6.446941152e-05 0)
(-0.0006827642491 -8.889943104e-05 0)
(-0.0007635579823 -0.0001202180063 0)
(-0.0008592192415 -0.0001622466323 0)
(-0.0009688142091 -0.0002174698937 0)
(-0.001089046666 -0.0002810260122 0)
(-0.001211916485 -0.0003306348768 0)
(-0.001321356097 -0.000314602236 0)
(-0.001389511997 -0.0001454162715 0)
(-0.00137527271 0.0002849845693 0)
(-0.001227505324 0.001037923534 0)
(-0.0009129128678 0.001934907679 0)
(-0.0004579076094 0.002224190835 0)
(1.528236334e-05 0.0001503802258 0)
(0.0002422177991 -0.007071325027 0)
(-0.0001555221274 -0.02225952002 0)
(-0.001044605162 -0.04504836305 0)
(-0.001615091859 -0.06535287284 0)
(-0.0007128898388 -0.05315283756 0)
(0.0007029082203 0.05582947501 0)
(0.0009894571385 0.06626043395 0)
(-0.0001726015462 0.04390353054 0)
(-0.00109679655 0.02163081643 0)
(-0.001257481982 0.007683181108 0)
(-0.0009958836526 0.001018488856 0)
(-0.0006039869225 -0.001101551691 0)
(-0.0002796062247 -0.001143228447 0)
(-8.887952364e-05 -0.0006233787342 0)
(-1.493963751e-05 -0.0001789107946 0)
(-1.518592112e-05 5.363869451e-05 0)
(-5.003097864e-05 0.0001262359729 0)
(-9.264144847e-05 0.0001165470801 0)
(-0.0001287107466 8.070032466e-05 0)
(-0.000153926705 4.726149054e-05 0)
(-0.0001694023426 2.528254877e-05 0)
(-0.0001784312984 1.378909386e-05 0)
(-0.0001846989442 8.424488897e-06 0)
(-0.0001915744464 4.990081809e-06 0)
(-0.0002017784516 1.044965249e-06 0)
(-0.0002171638678 -4.124051782e-06 0)
(-0.0002390791966 -1.066230937e-05 0)
(-0.000268716002 -1.896789357e-05 0)
(-0.0003074024065 -3.034734602e-05 0)
(-0.0003567490162 -4.751554468e-05 0)
(-0.0004185814291 -7.466804137e-05 0)
(-0.0004943592466 -0.0001156771569 0)
(-0.0005839344404 -0.0001688833846 0)
(-0.000683256514 -0.000218178485 0)
(-0.0007807847939 -0.0002216777489 0)
(-0.00085334923 -0.0001044266253 0)
(-0.0008646684307 0.0002301048918 0)
(-0.0007680991608 0.0008427817161 0)
(-0.000524690389 0.001586982606 0)
(-0.000134743687 0.001777974816 0)
(0.0003232757265 -0.0002542354584 0)
(0.0006229472643 -0.007120975096 0)
(0.0004063423556 -0.02158211839 0)
(-0.0004948749802 -0.04426706836 0)
(-0.001330948673 -0.06545895676 0)
(-0.0006992814339 -0.05428352071 0)
(0.0007170477722 0.05487596382 0)
(0.001319425311 0.06659038335 0)
(0.0003895247308 0.04507473743 0)
(-0.0005996293102 0.02218883871 0)
(-0.0008653738493 0.007649282898 0)
(-0.0006200159007 0.0006807507137 0)
(-0.0001991449932 -0.001482377864 0)
(0.0001754505164 -0.001418492497 0)
(0.0004086394009 -0.0007658073205 0)
(0.0005067597183 -0.0002166550907 0)
(0.0005070841117 7.991494893e-05 0)
(0.0004530595353 0.000180782298 0)
(0.0003780804632 0.0001752227553 0)
(0.000303243634 0.0001312819534 0)
(0.000238229781 8.608830677e-05 0)
(0.0001855998292 5.330991628e-05 0)
(0.0001444147277 3.376216616e-05 0)
(0.0001124978674 2.341135647e-05 0)
(8.747746089e-05 1.78198163e-05 0)
(6.719646366e-05 1.400666961e-05 0)
(4.991370334e-05 1.068738008e-05 0)
(3.419950862e-05 7.447115898e-06 0)
(1.865847066e-05 3.92566193e-06 0)
(1.626182234e-06 -8.324027388e-07 0)
(-1.916577678e-05 -9.069920634e-06 0)
(-4.663539445e-05 -2.476469796e-05 0)
(-8.402340354e-05 -5.240868094e-05 0)
(-0.0001338506175 -9.256385656e-05 0)
(-0.0001959496965 -0.0001342221718 0)
(-0.0002639739521 -0.0001444515818 0)
(-0.0003208977287 -6.051661559e-05 0)
(-0.0003366256519 0.000202114075 0)
(-0.0002699627856 0.0006999142048 0)
(-7.766088447e-05 0.001304895993 0)
(0.0002609288532 0.0013763141 0)
(0.0006848650966 -0.0006359951646 0)
(0.0009996598376 -0.007236384587 0)
(0.0009035936203 -0.02114829917 0)
(5.932464471e-05 -0.04329266532 0)
(-0.001012192702 -0.06529951763 0)
(-0.0006821120327 -0.05526361056 0)
(0.0007276139759 0.05376575731 0)
(0.001613250441 0.06663803209 0)
(0.0009531746077 0.0460742446 0)
(-4.444822259e-05 0.02295867169 0)
(-0.0004970968664 0.007679544632 0)
(-0.0003096036086 0.0003376802379 0)
(0.0001408076786 -0.0019114454 0)
(0.000576448454 -0.001753706534 0)
(0.0008788294915 -0.0009575572754 0)
(0.001024979743 -0.0002771785022 0)
(0.001045154278 0.0001085349833 0)
(0.0009878499196 0.0002564471569 0)
(0.0008927684714 0.0002670665014 0)
(0.000787060705 0.0002210220975 0)
(0.0006856920072 0.00016525022 0)
(0.0005953943933 0.0001193913683 0)
(0.000518277681 8.715982008e-05 0)
(0.0004543241969 6.559755104e-05 0)
(0.000402721897 5.051540408e-05 0)
(0.0003624347177 3.884369129e-05 0)
(0.0003324458067 2.908801738e-05 0)
(0.0003117623288 2.077201892e-05 0)
(0.0002992304842 1.373904978e-05 0)
(0.0002932745162 7.562830461e-06 0)
(0.0002915634382 7.990838692e-07 0)
(0.0002907727551 -9.823564916e-06 0)
(0.0002867030282 -2.862430869e-05 0)
(0.0002750480568 -5.726164027e-05 0)
(0.0002529423704 -8.839341068e-05 0)
(0.0002220478479 -9.666534103e-05 0)
(0.0001932258185 -3.09127183e-05 0)
(0.000190248842 0.0001806077875 0)
(0.0002506170596 0.0005860657412 0)
(0.0004201898511 0.001061417258 0)
(0.0007270594414 0.001011184606 0)
(0.001129375082 -0.001005924503 0)
(0.001444506047 -0.007369642933 0)
(0.001369204401 -0.02075284651 0)
(0.0005921741613 -0.04227866652 0)
(-0.0006677264092 -0.0648634233 0)
(-0.0006586654795 -0.05608295265 0)
(0.0007361857646 0.05251396832 0)
(0.00187266468 0.06641875602 0)
(0.001483317866 0.04688609017 0)
(0.0005482604591 0.02384261937 0)
(-6.962563321e-05 0.007867801921 0)
(-1.304262609e-05 4.141685881e-06 0)
(0.0004212242277 -0.002379696108 0)
(0.0009138743551 -0.0021635921 0)
(0.001294447353 -0.001217750064 0)
(0.001506527005 -0.0003821058625 0)
(0.00156895806 0.0001187949948 0)
(0.001531882943 0.000334742976 0)
(0.001439492662 0.0003770417738 0)
(0.001322707473 0.0003391214251 0)
(0.001200494711 0.00027834881 0)
(0.001083386595 0.0002212227938 0)
(0.0009767161807 0.0001752694066 0)
(0.0008830114281 0.0001393404253 0)
(0.0008034507668 0.0001100194509 0)
(0.0007385657326 8.455624992e-05 0)
(0.0006885466168 6.160405225e-05 0)
(0.0006533191288 4.088357382e-05 0)
(0.0006324701721 2.260326816e-05 0)
(0.0006250917364 6.94075884e-06 0)
(0.0006296236788 -6.547871363e-06 0)
(0.0006430692029 -1.995503181e-05 0)
(0.0006610745571 -3.684779657e-05 0)
(0.0006785541596 -5.905489582e-05 0)
(0.0006908826753 -8.145979875e-05 0)
(0.0006964906005 -8.452229848e-05 0)
(0.0007013846468 -2.767554016e-05 0)
(0.0007235116415 0.0001463318655 0)
(0.0007974445199 0.0004734296114 0)
(0.0009682302298 0.0008310104959 0)
(0.001265747428 0.0006634876628 0)
(0.00165897278 -0.001366479688 0)
(0.001967011596 -0.007499922294 0)
(0.001870701288 -0.02035717166 0)
(0.001107473406 -0.04128026208 0)
(-0.0003178522743 -0.06411713954 0)
(-0.0006229596061 -0.05673157199 0)
(0.0007419334829 0.05113792153 0)
(0.002099361379 0.06595089289 0)
(0.001960963003 0.04751245068 0)
(0.001126800712 0.02470703424 0)
(0.0004036836824 0.008250148934 0)
(0.0002874627905 -0.0001991650153 0)
(0.000640527394 -0.002849882476 0)
(0.001152870215 -0.002634375886 0)
(0.001596978466 -0.001552126298 0)
(0.001885111432 -0.0005509258491 0)
(0.002016589149 8.488295199e-05 0)
(0.002033450029 0.0003871057885 0)
(0.001980159539 0.000477308742 0)
(0.001887304437 0.0004609775159 0)
(0.001775294384 0.0004053880238 0)
(0.00165714955 0.0003438679614 0)
(0.001540962162 0.0002881512384 0)
(0.001431819546 0.0002394027491 0)
(0.001333145334 0.0001954207096 0)
(0.00124741306 0.000154133468 0)
(0.001176488345 0.0001146455335 0)
(0.001121755077 7.70917466e-05 0)
(0.00108411327 4.214407088e-05 0)
(0.001063939045 1.054993339e-05 0)
(0.001061074792 -1.715621711e-05 0)
(0.001074139646 -4.137581849e-05 0)
(0.001099471351 -6.43511409e-05 0)
(0.001132259953 -8.744170786e-05 0)
(0.00116744408 -0.000106765758 0)
(0.00120192892 -0.0001071842188 0)
(0.001238703806 -5.724186838e-05 0)
(0.001290796705 8.611363246e-05 0)
(0.00138960602 0.0003444055315 0)
(0.001576850165 0.0005944496486 0)
(0.001880948384 0.0003174789683 0)
(0.002273552027 -0.001721391675 0)
(0.002570048559 -0.007612574984 0)
(0.002438525909 -0.01991914692 0)
(0.001622774936 -0.04019942658 0)
(3.272833455e-05 -0.0631280762 0)
(-0.0005728414107 -0.05719802138 0)
(0.0007441877779 0.04965567417 0)
(0.002295837723 0.06525715259 0)
(0.002384200003 0.04796166784 0)
(0.001650651785 0.0255577301 0)
(0.0008426564004 0.008758852601 0)
(0.0005423115074 -0.000263775089 0)
(0.0007513892781 -0.003268640851 0)
(0.00122064854 -0.003125604116 0)
(0.00169674714 -0.001951105404 0)
(0.002066386931 -0.0008021675423 0)
(0.002301861895 -2.878889206e-05 0)
(0.002420594787 0.0003712851892 0)
(0.002459047084 0.0005240011305 0)
(0.002442491488 0.0005449969914 0)
(0.00238931623 0.000509504156 0)
(0.002312907049 0.0004564563826 0)
(0.00222302653 0.0004014200206 0)
(0.002126933849 0.0003478961802 0)
(0.002030364418 0.0002950752308 0)
(0.001938061023 0.0002417669697 0)
(0.001854065596 0.0001877085858 0)
(0.001781845266 0.0001335930603 0)
(0.001724282963 8.064855433e-05 0)
(0.001683681994 3.016804603e-05 0)
(0.00166156052 -1.66787364e-05 0)
(0.00165955766 -5.848651857e-05 0)
(0.001675856285 -9.52762911e-05 0)
(0.001707018575 -0.0001274712049 0)
(0.001748863356 -0.000151711783 0)
(0.001798379644 -0.0001561065559 0)
(0.001857261925 -0.0001167097156 0)
(0.001935825535 -3.259445764e-06 0)
(0.002059527105 0.0001903909619 0)
(0.002267270372 0.0003397544975 0)
(0.002586895316 -3.714304028e-05 0)
(0.002975226383 -0.002069742882 0)
(0.003249867773 -0.007697266072 0)
(0.003068292907 -0.01941924194 0)
(0.002161360345 -0.03900312197 0)
(0.0003986926307 -0.06189950546 0)
(-0.0005113045236 -0.05746593527 0)
(0.0007443798116 0.04808336751 0)
(0.002469124163 0.06436086658 0)
(0.002761041845 0.04825231217 0)
(0.002109287013 0.02640075211 0)
(0.001200432951 0.009410863014 0)
(0.0006760143506 -0.0001450112188 0)
(0.0006717608442 -0.00356486447 0)
(0.001029733211 -0.003583131554 0)
(0.001501027913 -0.002397980108 0)
(0.001956994831 -0.001156655735 0)
(0.002336095619 -0.000270198304 0)
(0.002620984988 0.0002294558271 0)
(0.00282038047 0.0004558680872 0)
(0.002949174248 0.0005314611745 0)
(0.00301983807 0.0005359121586 0)
(0.003043608358 0.000511137724 0)
(0.003030506824 0.0004751543808 0)
(0.002989352467 0.0004330739293 0)
(0.002928154468 0.0003852263992 0)
(0.002854237891 0.0003312607402 0)
(0.002774356066 0.0002715576587 0)
(0.002694750327 0.0002074126979 0)
(0.002621043522 0.0001407114541 0)
(0.002558105322 7.341368671e-05 0)
(0.002509899768 7.177598259e-06 0)
(0.002479973625 -5.559078717e-05 0)
(0.002471294561 -0.0001120736502 0)
(0.002482528034 -0.0001608791902 0)
(0.002511585535 -0.0001986758825 0)
(0.002556907114 -0.0002159772154 0)
(0.00262051145 -0.0001948862965 0)
(0.002712112605 -0.0001154776684 0)
(0.002851686497 1.422318539e-05 0)
(0.003072372001 6.783512008e-05 0)
(0.003398800257 -0.0003960411542 0)
(0.003771715611 -0.002400943538 0)
(0.004007404726 -0.007738106663 0)
(0.003757637777 -0.01883816241 0)
(0.002735036953 -0.03766718009 0)
(0.0007887369957 -0.06042480301 0)
(-0.000437167016 -0.05751984973 0)
(0.0007468201385 0.04643038931 0)
(0.002635143072 0.06327918024 0)
(0.003116027129 0.04840851875 0)
(0.002521725302 0.02726487248 0)
(0.001473124803 0.0102470846 0)
(0.0006554069124 0.0002273039694 0)
(0.0003656307824 -0.003666835047 0)
(0.0005462035353 -0.003952528926 0)
(0.0009755468337 -0.002875354208 0)
(0.001521007784 -0.001636061127 0)
(0.002080485534 -0.0006937280664 0)
(0.002595766916 -0.0001134543437 0)
(0.003035202117 0.0001981420424 0)
(0.00338876501 0.0003485215513 0)
(0.003658445062 0.0004171247841 0)
(0.003850111654 0.0004470160191 0)
(0.003972890344 0.0004567988583 0)
(0.004036751997 0.0004514562566 0)
(0.004052047403 0.0004314578987 0)
(0.004029085 0.0003968054005 0)
(0.003977879096 0.0003483098556 0)
(0.003908103833 0.0002878272206 0)
(0.003828839984 0.0002180210172 0)
(0.003748191138 0.0001418135772 0)
(0.003673149601 6.177804227e-05 0)
(0.00360867991 -1.966628765e-05 0)
(0.003562156791 -9.781495315e-05 0)
(0.003536729389 -0.0001681263424 0)
(0.003533043403 -0.0002265786954 0)
(0.003552057152 -0.0002654993639 0)
(0.003597410182 -0.0002719849783 0)
(0.003679047155 -0.0002343674002 0)
(0.003815671297 -0.0001708912179 0)
(0.004032417413 -0.0002073126424 0)
(0.004339774811 -0.0007424093274 0)
(0.004676251584 -0.002696153314 0)
(0.004848929231 -0.00771485984 0)
(0.004509530551 -0.01815668419 0)
(0.003351117523 -0.03617211912 0)
(0.001207622905 -0.0586951229 0)
(-0.0003489386613 -0.05733835891 0)
(0.0007584544564 0.04469301526 0)
(0.002820372835 0.06201387237 0)
(0.003495268696 0.0484469548 0)
(0.002946117049 0.02818636434 0)
(0.001722015105 0.01132692623 0)
(0.0005443307181 0.0009246188583 0)
(-9.694187751e-05 -0.003509245961 0)
(-0.0001455644125 -0.004185913318 0)
(0.0002100427856 -0.003368121133 0)
(0.0008435697754 -0.002257154299 0)
(0.00160611469 -0.001344408135 0)
(0.002393441373 -0.0007264975003 0)
(0.003135619116 -0.000337499695 0)
(0.003786852469 -8.92055387e-05 0)
(0.004326419162 7.944952496e-05 0)
(0.004750214804 0.0002018029214 0)
(0.005066039488 0.0002920078982 0)
(0.005283834353 0.00035588242 0)
(0.005416339298 0.0003943833393 0)
(0.005477850341 0.0004069513806 0)
(0.005482330581 0.0003940693648 0)
(0.00544340931 0.0003578091132 0)
(0.005374099098 0.0003017070544 0)
(0.005286255109 0.0002300195319 0)
(0.005190098288 0.0001469140654 0)
(0.005094076133 5.575103118e-05 0)
(0.005003592895 -3.945023188e-05 0)
(0.004929880119 -0.0001316973609 0)
(0.004877054601 -0.0002143391881 0)
(0.004848988773 -0.0002806785634 0)
(0.00485151456 -0.0003219369605 0)
(0.004895336911 -0.0003331895699 0)
(0.004997788141 -0.0003384029499 0)
(0.005178395828 -0.0004577164078 0)
(0.005437394331 -0.001048819234 0)
(0.005704949025 -0.002927993422 0)
(0.005784280387 -0.007602440651 0)
(0.005330166094 -0.01735403054 0)
(0.004015952174 -0.03450017079 0)
(0.001660900131 -0.05669768893 0)
(-0.0002464305313 -0.05689687476 0)
(0.0007875633009 0.04284833836 0)
(0.003059674443 0.06054127884 0)
(0.003965036703 0.04835934494 0)
(0.003484179445 0.02917953973 0)
(0.002091178801 0.01269229711 0)
(0.0005394792031 0.002007969437 0)
(-0.0005077743192 -0.003049445242 0)
(-0.0008003363217 -0.004242753911 0)
(-0.0005359535918 -0.003865888191 0)
(0.0001703755619 -0.003030031839 0)
(0.001134234274 -0.002244878112 0)
(0.002196282204 -0.001646069985 0)
(0.003252737278 -0.001197630851 0)
(0.004227546423 -0.0008446151876 0)
(0.005077172757 -0.0005485284685 0)
(0.005780803527 -0.0002922402257 0)
(0.006331307925 -7.246996821e-05 0)
(0.006736553817 0.0001065713945 0)
(0.007015589654 0.0002411853765 0)
(0.007187950606 0.0003328151143 0)
(0.007271181998 0.0003844090845 0)
(0.007283074831 0.0003976375644 0)
(0.007240704793 0.0003765436517 0)
(0.007159667264 0.0003269116629 0)
(0.007053583377 0.0002550208188 0)
(0.00693368644 0.0001666233555 0)
(0.006808937441 6.632369301e-05 0)
(0.006684678364 -4.048584182e-05 0)
(0.006574327046 -0.0001453414765 0)
(0.006485125682 -0.0002400881345 0)
(0.006424882333 -0.0003183739426 0)
(0.006404949096 -0.000380472485 0)
(0.006441150239 -0.0004535436947 0)
(0.006548163891 -0.0006480513581 0)
(0.006718322648 -0.001277856565 0)
(0.00687615655 -0.003060681659 0)
(0.006825675566 -0.007370227447 0)
(0.006227564977 -0.01640646137 0)
(0.004735908709 -0.03263281734 0)
(0.00215359078 -0.05441342692 0)
(-0.0001270988889 -0.05617076647 0)
(0.0008413638671 0.04085117608 0)
(0.003389557752 0.05880454601 0)
(0.004600899393 0.04809470628 0)
(0.004267708611 0.03020268483 0)
(0.002791337217 0.0143174976 0)
(0.0009536858783 0.00348637475 0)
(-0.0005042289356 -0.002259351028 0)
(-0.001041848848 -0.004152561707 0)
(-0.0008550728864 -0.00435016227 0)
(-0.0001059555084 -0.003933618443 0)
(0.00101714236 -0.003377752761 0)
(0.002303464647 -0.002854558585 0)
(0.00362154857 -0.002373009075 0)
(0.004873240153 -0.001916404531 0)
(0.005998397473 -0.001475996662 0)
(0.006963477948 -0.001055781152 0)
(0.007753417655 -0.0006690474102 0)
(0.008367176117 -0.0003313525788 0)
(0.008811908949 -5.456021348e-05 0)
(0.009105712061 0.0001551433994 0)
(0.009282730186 0.0003005267988 0)
(0.0093607513 0.0003893191017 0)
(0.009360573176 0.0004261402183 0)
(0.009301307601 0.0004180534908 0)
(0.009199547778 0.0003736458923 0)
(0.009069152129 0.0003014571345 0)
(0.008921130967 0.00020899053 0)
(0.008763924212 0.0001020185932 0)
(0.008602692513 -1.357894056e-05 0)
(0.008449294176 -0.0001302042542 0)
(0.008316834644 -0.000241261243 0)
(0.008215553759 -0.0003488835154 0)
(0.008159130408 -0.0004811829895 0)
(0.008157672765 -0.0007366168725 0)
(0.008198052052 -0.001385468014 0)
(0.00820358496 -0.003052600293 0)
(0.007984172614 -0.006982982974 0)
(0.007210082315 -0.01528708664 0)
(0.005517683545 -0.03054993864 0)
(0.002691336802 -0.05182211932 0)
(1.244590065e-05 -0.05513053001 0)
(0.0009229200162 0.03863675638 0)
(0.00383758512 0.05671254678 0)
(0.005467872433 0.04754903299 0)
(0.005424856739 0.03113487736 0)
(0.004042881061 0.01607183446 0)
(0.002119943245 0.00526847203 0)
(0.0003808259759 -0.001116473944 0)
(-0.0003935820529 -0.003940174037 0)
(-0.0002982582571 -0.004835660137 0)
(0.0004628834817 -0.004923440763 0)
(0.001650573927 -0.004670514559 0)
(0.003056506385 -0.004267697098 0)
(0.004523152261 -0.003778200789 0)
(0.005941592847 -0.003228859852 0)
(0.007242450583 -0.002643735158 0)
(0.0083847985 -0.00205045106 0)
(0.009347770592 -0.001478625605 0)
(0.01012476295 -0.0009557896204 0)
(0.01071929371 -0.0005047211983 0)
(0.01114392967 -0.0001410369519 0)
(0.01141127748 0.0001314867001 0)
(0.01156258663 0.0003198758441 0)
(0.01161534724 0.0004357268856 0)
(0.01159109598 0.0004878873054 0)
(0.01150873168 0.000487225818 0)
(0.01138387308 0.0004451645415 0)
(0.01122908743 0.0003722836862 0)
(0.0110539862 0.0002774736826 0)
(0.01086544826 0.0001672216056 0)
(0.01066844068 4.621085013e-05 0)
(0.01046895387 -8.259207928e-05 0)
(0.01028372544 -0.0002214226803 0)
(0.01012233664 -0.0003950757593 0)
(0.009990174302 -0.0006886102017 0)
(0.009870242216 -0.001331665491 0)
(0.009688231231 -0.002863426408 0)
(0.009264669757 -0.00640488687 0)
(0.00828389476 -0.01396781116 0)
(0.006367746837 -0.02823036075 0)
(0.003280374175 -0.04890170083 0)
(0.0001763345349 -0.05374208814 0)
(0.001028374231 0.03613074567 0)
(0.00441096646 0.05414863165 0)
(0.006597392812 0.04656990742 0)
(0.007036164261 0.03177845216 0)
(0.005997255904 0.01771765994 0)
(0.004266103049 0.007123792569 0)
(0.00255636219 0.0002459436905 0)
(0.001604577045 -0.003516285618 0)
(0.001567512074 -0.005244731246 0)
(0.002233390672 -0.005907977453 0)
(0.00336457192 -0.005997730092 0)
(0.004742236462 -0.005747003455 0)
(0.006202634437 -0.005272284816 0)
(0.007633788243 -0.004646317115 0)
(0.008963747279 -0.003927498609 0)
(0.01014962124 -0.003168052939 0)
(0.0111689054 -0.00241473922 0)
(0.01201310611 -0.001707201803 0)
(0.01268325459 -0.001076576347 0)
(0.01318723895 -0.0005445870917 0)
(0.01353802941 -0.0001245544071 0)
(0.01374871695 0.0001847904258 0)
(0.01385467811 0.000395900281 0)
(0.0138725885 0.000522969799 0)
(0.01382174269 0.0005796376113 0)
(0.01371814586 0.000580191067 0)
(0.0135745899 0.0005382441252 0)
(0.01340092252 0.0004657361521 0)
(0.01320408303 0.0003721581032 0)
(0.01298832092 0.0002637455574 0)
(0.01275657301 0.0001417237147 0)
(0.01250843424 -3.027937765e-07 0)
(0.01224980664 -0.0001861239088 0)
(0.01198684574 -0.0004859341256 0)
(0.0116970411 -0.001090870796 0)
(0.01131004018 -0.002463252832 0)
(0.01066009488 -0.005606272473 0)
(0.009449887324 -0.01242358125 0)
(0.007291350942 -0.02565410469 0)
(0.003927833541 -0.04562903335 0)
(0.0003698720865 -0.05196613001 0)
(0.001145700187 0.0332656949 0)
(0.005088696084 0.05098905993 0)
(0.007970037364 0.04497826135 0)
(0.009098051503 0.03189247723 0)
(0.008668055825 0.01896287577 0)
(0.007414431437 0.008742755591 0)
(0.006037929371 0.001580842202 0)
(0.005085530065 -0.00295306293 0)
(0.004924710103 -0.005485427453 0)
(0.005401949121 -0.006745804157 0)
(0.006334248178 -0.007199777701 0)
(0.007518009606 -0.00712178278 0)
(0.008797306419 -0.006682072141 0)
(0.01006548538 -0.005999597054 0)
(0.01125439217 -0.00516746053 0)
(0.01232414829 -0.004262562473 0)
(0.01325451332 -0.003348532331 0)
(0.01403819125 -0.002476305083 0)
(0.01467600595 -0.00168437567 0)
(0.01517366625 -0.0009992642593 0)
(0.01554045859 -0.0004368218233 0)
(0.01578438227 -3.327121349e-06 0)
(0.01592408599 0.0003089806338 0)
(0.01597877925 0.0005174127474 0)
(0.01596328998 0.0006387861569 0)
(0.0158917359 0.0006900696344 0)
(0.01577535766 0.0006876910503 0)
(0.01562264131 0.0006465201075 0)
(0.01543924408 0.0005789798247 0)
(0.0152278876 0.0004941515389 0)
(0.0149885345 0.0003963489986 0)
(0.01471779411 0.0002808804741 0)
(0.01440891372 0.0001247831914 0)
(0.01404305863 -0.0001365452689 0)
(0.0136028065 -0.0006616572413 0)
(0.01302131244 -0.001842724224 0)
(0.01214623758 -0.004572626484 0)
(0.01070089376 -0.01063902821 0)
(0.008292045315 -0.02280635666 0)
(0.004642707175 -0.04198124919 0)
(0.0006004011649 -0.04975702249 0)
(0.001255972139 0.03000005043 0)
(0.005821422066 0.0471264804 0)
(0.009513492162 0.04260036578 0)
(0.0115172545 0.03124163279 0)
(0.01192851526 0.01953443794 0)
(0.01139558316 0.009846816346 0)
(0.01055731004 0.002632199038 0)
(0.009844396811 -0.0023798711 0)
(0.009633949754 -0.005548191095 0)
(0.009888072497 -0.007330602559 0)
(0.01050928357 -0.008123098438 0)
(0.01134698704 -0.008217692016 0)
(0.01227496427 -0.007826426051 0)
(0.01320481738 -0.007109163182 0)
(0.01408054465 -0.006191399614 0)
(0.01487083008 -0.005173290675 0)
(0.01556143 -0.004134001719 0)
(0.01614877972 -0.003134160532 0)
(0.01663523454 -0.00221782358 0)
(0.01702585423 -0.001414430507 0)
(0.01732660754 -0.0007409945944 0)
(0.01754371186 -0.0002051964364 0)
(0.01767979358 0.0001966581504 0)
(0.01774935228 0.0004796150949 0)
(0.01776068342 0.0006626462898 0)
(0.01772306812 0.0007646989423 0)
(0.01764406078 0.0008044207059 0)
(0.01752903379 0.0007992898392 0)
(0.01738084734 0.0007646030115 0)
(0.01719947084 0.0007125120462 0)
(0.016981615 0.0006507209594 0)
(0.01671987998 0.0005794543406 0)
(0.01640101238 0.0004839921146 0)
(0.01600216416 0.0003123614826 0)
(0.01547287253 -7.707775733e-05 0)
(0.01474258717 -0.001023803809 0)
(0.01367785641 -0.003315298118 0)
(0.01201985408 -0.008617476087 0)
(0.009372308877 -0.01968330441 0)
(0.005438118721 -0.03793750309 0)
(0.0008789081402 -0.04706037404 0)
(0.001337173304 0.02633412457 0)
(0.006539648081 0.04249140363 0)
(0.01111557624 0.03929807914 0)
(0.01413127773 0.02963611504 0)
(0.01555064023 0.01922127832 0)
(0.01590641643 0.01023012437 0)
(0.01574748173 0.003205662791 0)
(0.01544441175 -0.001970493176 0)
(0.01528119041 -0.005494380974 0)
(0.01532871185 -0.00762038049 0)
(0.01557688485 -0.008657626741 0)
(0.01595364712 -0.00888690166 0)
(0.01638679885 -0.00854056676 0)
(0.01682338901 -0.007806581229 0)
(0.01723103146 -0.006835526073 0)
(0.01759418273 -0.005746212019 0)
(0.01790878829 -0.004629962192 0)
(0.01817718737 -0.003554248313 0)
(0.01840416626 -0.002566137764 0)
(0.01859434392 -0.001695668526 0)
(0.0187507177 -0.0009591310566 0)
(0.01887477459 -0.0003623493079 0)
(0.0189637439 9.712154381e-05 0)
(0.01901783268 0.0004318728144 0)
(0.01903944903 0.0006604882536 0)
(0.01903086731 0.0008025305432 0)
(0.01899412204 0.0008779823369 0)
(0.01892998156 0.0009063028748 0)
(0.01883729491 0.0009053209629 0)
(0.01871239881 0.0008902837665 0)
(0.01854835571 0.0008727409897 0)
(0.01833373492 0.0008582716854 0)
(0.01805043981 0.0008407187153 0)
(0.01766930606 0.0007855570924 0)
(0.01714048942 0.0005829746101 0)
(0.016363557 -6.84930583e-05 0)
(0.01518711509 -0.001882539968 0)
(0.01337933522 -0.006391777845 0)
(0.01053583916 -0.01629987234 0)
(0.00633558343 -0.03348086496 0)
(0.001222747299 -0.04380807604 0)
(0.001370064648 0.02231787666 0)
(0.007168499564 0.0370663051 0)
(0.01264707681 0.03499050223 0)
(0.01674123694 0.02695682018 0)
(0.01925143833 0.01789473576 0)
(0.02057262991 0.009770543024 0)
(0.02115290764 0.003182666452 0)
(0.02132752568 -0.001846305572 0)
(0.02127053115 -0.005399774217 0)
(0.02113162796 -0.007619444026 0)
(0.02097408537 -0.008742916021 0)
(0.02081140162 -0.009023799668 0)
(0.02064227856 -0.008694038254 0)
(0.02046525862 -0.00795251096 0)
(0.02028367625 -0.006962412704 0)
(0.02010562582 -0.005852334322 0)
(0.01994153494 -0.004719275071 0)
(0.01980133495 -0.003632651655 0)
(0.01969225207 -0.002638764768 0)
(0.01961755611 -0.00176531861 0)
(0.01957617158 -0.001025682211 0)
(0.01956352896 -0.0004226937967 0)
(0.0195710406 4.849522523e-05 0)
(0.019586333 0.0003991865108 0)
(0.01960542746 0.0006453062371 0)
(0.01962271586 0.0008058386215 0)
(0.01963352322 0.0009012710403 0)
(0.0196329995 0.0009522141427 0)
(0.01961538741 0.0009783195455 0)
(0.01957333364 0.0009975007864 0)
(0.01949682562 0.001025150817 0)
(0.01937155262 0.001072561439 0)
(0.01917631425 0.001142532979 0)
(0.01887845315 0.0012163428 0)
(0.0184245884 0.001216334495 0)
(0.01772225809 0.0009037181708 0)
(0.01658058108 -0.0003721880544 0)
(0.01474053616 -0.004038131026 0)
(0.01179062192 -0.01270063097 0)
(0.007371127614 -0.02860070245 0)
(0.001659443164 -0.03990975585 0)
(0.001345817065 0.01804649242 0)
(0.007647518801 0.03088939781 0)
(0.01399012558 0.02966503377 0)
(0.01915015397 0.02316800789 0)
(0.02274189186 0.01551856472 0)
(0.02500845843 0.008440983548 0)
(0.02629895428 0.002544651854 0)
(0.02689667367 -0.00203069117 0)
(0.02690852567 -0.00528368471 0)
(0.02654070029 -0.00731987368 0)
(0.02592237096 -0.008335132327 0)
(0.02515055986 -0.008554095645 0)
(0.02430058157 -0.008194150588 0)
(0.02343092725 -0.007448191836 0)
(0.02258795489 -0.006476668268 0)
(0.02180804435 -0.005405477684 0)
(0.02111798218 -0.004327688194 0)
(0.02053494896 -0.003307498888 0)
(0.02006681659 -0.00238527337 0)
(0.01971298906 -0.001582801615 0)
(0.01946569027 -0.0009081922932 0)
(0.01931231259 -0.0003598775817 0)
(0.01923411521 7.058040927e-05 0)
(0.0192127199 0.0003930496333 0)
(0.01923532143 0.0006204392687 0)
(0.01928816607 0.0007706616836 0)
(0.01935929117 0.0008638295679 0)
(0.01943800939 0.0009205038589 0)
(0.01951445375 0.0009608779677 0)
(0.01957886948 0.001004394948 0)
(0.01962034476 0.001069497162 0)
(0.01962481428 0.001172859541 0)
(0.0195719841 0.001326369103 0)
(0.01943032903 0.001526954357 0)
(0.01914793432 0.001726018655 0)
(0.01863394097 0.001744616529 0)
(0.01771894806 0.001054920799 0)
(0.01604615129 -0.001699281986 0)
(0.01314824599 -0.008977234082 0)
(0.008600278652 -0.02329432729 0)
(0.002230324302 -0.03523572416 0)
(0.001273784143 0.01364053522 0)
(0.007950474632 0.02404843173 0)
(0.01506023263 0.02338213223 0)
(0.0211844217 0.01832557086 0)
(0.0257411554 0.01215691014 0)
(0.02881476969 0.006317791099 0)
(0.03065983987 0.001389245496 0)
(0.03145650685 -0.002412673472 0)
(0.03134381084 -0.005048370957 0)
(0.03058566597 -0.00663793689 0)
(0.02938605605 -0.007359385752 0)
(0.02792239244 -0.007409909598 0)
(0.02634146696 -0.006981691365 0)
(0.02475800858 -0.006246024144 0)
(0.0232580891 -0.005344562253 0)
(0.0219025058 -0.004386394619 0)
(0.02072967984 -0.003449338797 0)
(0.01975865897 -0.002583920253 0)
(0.01899240485 -0.00181868879 0)
(0.01842128555 -0.001165804246 0)
(0.01802662628 -0.0006260013238 0)
(0.01778451318 -0.0001918088235 0)
(0.01766295076 0.0001462798994 0)
(0.01764371127 0.000395441917 0)
(0.01770142785 0.0005675851247 0)
(0.01781426699 0.0006792233192 0)
(0.01796367772 0.0007484825815 0)
(0.01813465701 0.0007938421656 0)
(0.01831557589 0.0008338876251 0)
(0.01849743715 0.0008875017176 0)
(0.01867257678 0.0009743011589 0)
(0.01883262106 0.001114842064 0)
(0.01896524117 0.001329157065 0)
(0.01904874376 0.001629478996 0)
(0.01904227444 0.001995848938 0)
(0.01886605911 0.002305847303 0)
(0.01836001075 0.002152422801 0)
(0.01717509113 0.0004244541622 0)
(0.01460652206 -0.005275840562 0)
(0.01009440411 -0.01755960745 0)
(0.00299278866 -0.02957253621 0)
(0.001189153566 0.009197242718 0)
(0.008074262904 0.01665022437 0)
(0.01576009021 0.01626421671 0)
(0.02259769454 0.01258090747 0)
(0.02781139427 0.007996143758 0)
(0.03133028364 0.003627263247 0)
(0.03329812706 -7.991399688e-06 0)
(0.03380096067 -0.002671798457 0)
(0.03318026838 -0.004409869969 0)
(0.03176451713 -0.005358606041 0)
(0.02983723752 -0.005673525354 0)
(0.02764240787 -0.005515213223 0)
(0.02537780327 -0.005036596801 0)
(0.0231937531 -0.004371183434 0)
(0.02119663021 -0.003626080842 0)
(0.01945372548 -0.002879929067 0)
(0.01799888825 -0.00218459626 0)
(0.01683894547 -0.001569332264 0)
(0.01596051745 -0.001046106582 0)
(0.01533670635 -0.0006150288936 0)
(0.01493343408 -0.0002685221369 0)
(0.01471002921 4.267449636e-06 0)
(0.01463646484 0.0002093364363 0)
(0.01468209635 0.0003532826747 0)
(0.01481307863 0.0004478033357 0)
(0.01500306778 0.0005057831554 0)
(0.01523128272 0.0005404017238 0)
(0.01548297831 0.0005651383995 0)
(0.01574924756 0.0005940811907 0)
(0.01602645104 0.0006425717471 0)
(0.01631541592 0.0007282216751 0)
(0.01662017211 0.0008720674069 0)
(0.01694566315 0.001098850425 0)
(0.0172931892 0.001433172445 0)
(0.01765070996 0.001882376929 0)
(0.01797106403 0.002382870417 0)
(0.01812030167 0.00265756836 0)
(0.01776429132 0.001885350015 0)
(0.01603351577 -0.00192450286 0)
(0.0118924068 -0.01143630558 0)
(0.004019393687 -0.02257009916 0)
(0.001111672256 0.004857451816 0)
(0.007785776446 0.008966131848 0)
(0.01550035131 0.008669844937 0)
(0.02234457541 0.00636367017 0)
(0.02737777211 0.003524834111 0)
(0.03042723455 0.0009298893429 0)
(0.03151392698 -0.001049069035 0)
(0.03108760471 -0.00235459383 0)
(0.02958106386 -0.003094619471 0)
(0.02738457707 -0.003377145674 0)
(0.02482544069 -0.003312026119 0)
(0.02216838053 -0.00300965528 0)
(0.01961429627 -0.002572579694 0)
(0.01730158021 -0.00208590752 0)
(0.01531183522 -0.001611354242 0)
(0.01367881275 -0.001186349776 0)
(0.01239959163 -0.0008275677889 0)
(0.01144662221 -0.0005369578908 0)
(0.01077878235 -0.0003079659051 0)
(0.01035045598 -0.0001303120145 0)
(0.01011492015 6.133966558e-06 0)
(0.01003417441 0.0001072096111 0)
(0.01007995247 0.0001769750098 0)
(0.01021182685 0.0002217242975 0)
(0.01040273545 0.0002480845662 0)
(0.01063146036 0.0002618027279 0)
(0.01088281983 0.0002688573497 0)
(0.01114804984 0.0002758629007 0)
(0.01142485806 0.0002903855402 0)
(0.01171761154 0.0003216079528 0)
(0.01203780642 0.0003814983344 0)
(0.01240481042 0.0004864995938 0)
(0.01284660173 0.0006592816642 0)
(0.01339938243 0.0009285572035 0)
(0.01410260997 0.001320742127 0)
(0.01498002211 0.001827276127 0)
(0.01598180051 0.002312138277 0)
(0.01683255293 0.002299510074 0)
(0.01667720571 0.000571166056 0)
(0.01371392332 -0.005245814172 0)
(0.00531739438 -0.01398567456 0)
(0.0009084668971 0.001004128681 0)
(0.005381282621 0.001771708721 0)
(0.0107615847 0.001524430193 0)
(0.01518304067 0.0007692584973 0)
(0.01783557585 -6.027758065e-06 0)
(0.01869862611 -0.000538342779 0)
(0.01828579949 -0.0007881232056 0)
(0.01696704587 -0.0008676780319 0)
(0.01513390892 -0.0008354448825 0)
(0.01310384541 -0.0007288649114 0)
(0.01110718326 -0.0005825289609 0)
(0.009298912227 -0.0004279743427 0)
(0.007764343701 -0.0002886634117 0)
(0.006530898283 -0.0001771725895 0)
(0.005585741808 -9.616315259e-05 0)
(0.004893600126 -4.178915471e-05 0)
(0.004410947711 -7.485989634e-06 0)
(0.004095214862 1.329286686e-05 0)
(0.003909482772 2.582491882e-05 0)
(0.003823596497 3.3909961e-05 0)
(0.003815413449 3.905465781e-05 0)
(0.003865903271 4.079370001e-05 0)
(0.003955322478 4.006332032e-05 0)
(0.00407062794 3.86276703e-05 0)
(0.004202002557 3.677490677e-05 0)
(0.004341850368 3.476272008e-05 0)
(0.004485393571 3.31836465e-05 0)
(0.004631236681 3.292310358e-05 0)
(0.004781898016 3.519831506e-05 0)
(0.004944629827 4.176882951e-05 0)
(0.005132870186 5.536857275e-05 0)
(0.005368775868 8.044220586e-05 0)
(0.005687333047 0.0001242200432 0)
(0.006142155203 0.0001978273152 0)
(0.006811152411 0.0003158941017 0)
(0.007793892303 0.0004896506751 0)
(0.009174925206 0.0007009191543 0)
(0.01089390073 0.0008377049907 0)
(0.01236695754 0.0005702080983 0)
(0.01203326753 -0.00085924247 0)
(0.005773839416 -0.004613647208 0)
)
;

boundaryField
{
    hot
    {
        type            noSlip;
    }
    cold
    {
        type            noSlip;
    }
    topAndBottom
    {
        type            noSlip;
    }
    frontAndBack
    {
        type            empty;
    }
}


// ************************************************************************* //
