/*--------------------------------*- C++ -*----------------------------------*\
  =========                 |
  \\      /  F ield         | OpenFOAM: The Open Source CFD Toolbox
   \\    /   O peration     | Website:  https://openfoam.org
    \\  /    A nd           | Version:  11
     \\/     M anipulation  |
\*---------------------------------------------------------------------------*/
FoamFile
{
    format      ascii;
    class       surfaceScalarField;
    location    "5";
    object      phi;
}
// * * * * * * * * * * * * * * * * * * * * * * * * * * * * * * * * * * * * * //

dimensions      [0 3 -1 0 0 0 0];

internalField   nonuniform List<scalar> 
4900
(
1.59383572e-09
-1.593831994e-09
-1.857533574e-08
2.016917095e-08
-5.903056151e-08
4.045522583e-08
-1.132124252e-07
5.418186294e-08
-1.755935384e-07
6.238111256e-08
-2.422946579e-07
6.670111971e-08
-3.108737046e-07
6.857904711e-08
-3.799117277e-07
6.903802329e-08
-4.486268532e-07
6.871512493e-08
-5.165945762e-07
6.796772245e-08
-5.835637947e-07
6.696921875e-08
-6.493418585e-07
6.577806459e-08
-7.137263615e-07
6.438450375e-08
-7.76467038e-07
6.274067706e-08
-8.372459889e-07
6.077895142e-08
-8.956685022e-07
5.842251392e-08
-9.512598682e-07
5.55913671e-08
-1.003465891e-06
5.220602464e-08
-1.051656373e-06
4.819048385e-08
-1.095131826e-06
4.347545346e-08
-1.133134182e-06
3.800235648e-08
-1.164862475e-06
3.17282931e-08
-1.189494332e-06
2.463185652e-08
-1.206214276e-06
1.671994381e-08
-1.214253396e-06
8.03911988e-09
-1.21288061e-06
-1.37278536e-09
-1.201575528e-06
-1.130508297e-08
-1.17990775e-06
-2.166777752e-08
-1.147695245e-06
-3.221250524e-08
-1.105008771e-06
-4.268647356e-08
-1.052204224e-06
-5.280454614e-08
-9.899398219e-07
-6.226440235e-08
-9.191764364e-07
-7.076338586e-08
-8.411594437e-07
-7.801699159e-08
-7.573825772e-07
-8.377686471e-08
-6.695367888e-07
-8.784578799e-08
-5.794496093e-07
-9.008717985e-08
-4.890224052e-07
-9.042720363e-08
-4.001744621e-07
-8.884794242e-08
-3.148023933e-07
-8.537206826e-08
-2.347614741e-07
-8.004091863e-08
-1.618716515e-07
-7.288982202e-08
-9.794456676e-08
-6.392708382e-08
-4.481645986e-08
-5.312810694e-08
-4.329376052e-09
-4.048708372e-08
2.193558852e-08
-2.626496523e-08
3.279186842e-08
-1.085627956e-08
2.843545501e-08
4.356413618e-09
1.344765799e-08
1.498779642e-08
1.344765675e-08
-2.064947952e-08
1.9055647e-08
-8.835711107e-08
8.78768017e-08
-1.952607071e-07
1.473588224e-07
-3.308609552e-07
1.897821123e-07
-4.854953358e-07
2.170154937e-07
-6.515977861e-07
2.328035692e-07
-8.237887046e-07
2.407699649e-07
-9.984888781e-07
2.437381965e-07
-1.173407668e-06
2.436339153e-07
-1.347081569e-06
2.416416238e-07
-1.518517293e-06
2.384049434e-07
-1.686938789e-06
2.341995621e-07
-1.851619477e-06
2.290651921e-07
-2.011777581e-06
2.228987824e-07
-2.166514983e-06
2.155163548e-07
-2.31478458e-06
2.06692113e-07
-2.455376051e-06
1.9618284e-07
-2.586914144e-06
1.8374412e-07
-2.707866847e-06
1.691431883e-07
-2.816562933e-06
1.521715398e-07
-2.911219597e-06
1.326590203e-07
-2.989981313e-06
1.104900086e-07
-3.050970997e-06
8.562154125e-08
-3.092353162e-06
5.810210913e-08
-3.112395527e-06
2.808148435e-08
-3.109710077e-06
-4.058235098e-09
-3.082910162e-06
-3.810499815e-08
-3.031269757e-06
-7.330818172e-08
-2.954456609e-06
-1.090256528e-07
-2.852703891e-06
-1.444391913e-07
-2.726865339e-06
-1.786430976e-07
-2.578444415e-06
-2.106853266e-07
-2.409590616e-06
-2.396171841e-07
-2.223060645e-06
-2.645469611e-07
-2.022146212e-06
-2.846912963e-07
-1.810574887e-06
-2.994171117e-07
-1.592394938e-06
-3.082671287e-07
-1.371858545e-06
-3.109635955e-07
-1.153319164e-06
-3.073873223e-07
-9.411573479e-07
-2.975338846e-07
-7.397438371e-07
-2.81454429e-07
-5.534378831e-07
-2.591957757e-07
-3.866002311e-07
-2.307647349e-07
-2.435703231e-07
-1.961580154e-07
-1.28523565e-07
-1.55533841e-07
-4.51582678e-08
-1.096302626e-07
4.477981629e-09
-6.049252983e-08
2.21330136e-08
-1.329861959e-08
1.472603606e-08
2.239477298e-08
2.817369181e-08
-4.349504323e-08
6.255069029e-08
-1.550605594e-07
1.994423159e-07
-3.185499731e-07
3.108482351e-07
-5.196738158e-07
3.909059557e-07
-7.463284446e-07
4.436701232e-07
-9.890158167e-07
4.754909414e-07
-1.240749188e-06
4.92503336e-07
-1.496629572e-06
4.996185795e-07
-1.753315107e-06
5.003194501e-07
-2.008516386e-06
4.968429037e-07
-2.260579666e-06
4.90468223e-07
-2.508173045e-06
4.81792942e-07
-2.750066508e-06
4.709586554e-07
-2.984987291e-06
4.578195653e-07
-3.211530912e-06
4.420599761e-07
-3.428111162e-06
4.232723645e-07
-3.632936922e-06
4.010086017e-07
-3.824008255e-06
3.748154541e-07
-3.999127989e-06
3.442629237e-07
-4.155927647e-06
3.089711981e-07
-4.291908085e-06
2.686394584e-07
-4.404495849e-06
2.230777732e-07
-4.491116085e-06
1.722417775e-07
-4.549281727e-06
1.16267752e-07
-4.576705537e-06
5.550529448e-08
-4.571411472e-06
-9.352299475e-09
-4.531802022e-06
-7.77144481e-08
-4.456904214e-06
-1.482059889e-07
-4.346388053e-06
-2.195418126e-07
-4.200691609e-06
-2.901356361e-07
-4.021089747e-06
-3.582449596e-07
-3.809726755e-06
-4.22048318e-07
-3.569606292e-06
-4.797376464e-07
-3.304536322e-06
-5.296169308e-07
-3.019031986e-06
-5.701956322e-07
-2.7181851e-06
-6.002639983e-07
-2.40751447e-06
-6.189377582e-07
-2.092815363e-06
-6.256627035e-07
-1.780027635e-06
-6.201750501e-07
-1.475139442e-06
-6.02422077e-07
-1.184135157e-06
-5.72458714e-07
-9.129808859e-07
-5.303500476e-07
-6.67616824e-07
-4.761287964e-07
-4.538911742e-07
-4.098836656e-07
-2.773305454e-07
-3.320944698e-07
-1.425810971e-07
-2.443797111e-07
-5.221632341e-08
-1.508573037e-07
-5.162317928e-09
-6.035262667e-08
6.524107557e-09
1.07083464e-08
3.469779919e-08
-6.170693404e-08
1.242576247e-07
-2.103540732e-07
3.480894546e-07
-4.21215501e-07
5.21709662e-07
-6.757487569e-07
6.454392111e-07
-9.596869987e-07
7.276083655e-07
-1.262262226e-06
7.780661689e-07
-1.575579007e-06
8.058201167e-07
-1.893993362e-06
8.180329343e-07
-2.21352166e-06
8.198477468e-07
-2.531314762e-06
8.146360065e-07
-2.84522438e-06
8.043778409e-07
-3.153469925e-06
7.900384865e-07
-3.454398496e-06
7.718872262e-07
-3.746322241e-06
7.497433099e-07
-4.027415138e-06
7.23152873e-07
-4.295653125e-06
6.91510353e-07
-4.548785417e-06
6.541408944e-07
-4.784329172e-06
6.103592095e-07
-4.999583449e-06
5.595172018e-07
-5.191661073e-06
5.010488217e-07
-5.357538604e-06
4.345169905e-07
-5.494125225e-06
3.596643944e-07
-5.598350939e-06
2.764674925e-07
-5.667274415e-06
1.851912292e-07
-5.698211501e-06
8.644238135e-08
-5.688815726e-06
-1.87480747e-08
-5.637385009e-06
-1.291451648e-07
-5.542797093e-06
-2.427939035e-07
-5.404781121e-06
-3.575577844e-07
-5.223989088e-06
-4.709276701e-07
-5.002076952e-06
-5.801570969e-07
-4.741740293e-06
-6.823849765e-07
-4.446698555e-06
-7.747793834e-07
-4.121625089e-06
-8.54690398e-07
-3.772026024e-06
-9.197946979e-07
-3.404078048e-06
-9.682119745e-07
-3.024441936e-06
-9.985738701e-07
-2.640073821e-06
-1.01003082e-06
-2.258057866e-06
-1.002191006e-06
-1.885480707e-06
-9.749992363e-07
-1.529357929e-06
-9.285814915e-07
-1.196604746e-06
-8.631032306e-07
-8.940160224e-07
-7.787175207e-07
-6.281850095e-07
-6.757146782e-07
-4.052494108e-07
-5.550300681e-07
-2.303128425e-07
-4.193162798e-07
-1.063605313e-07
-2.748096151e-07
-3.258932866e-08
-1.341238301e-07
-2.229533922e-09
-1.965144933e-08
3.246826583e-08
-7.555104032e-08
1.998086644e-07
-2.540456118e-07
5.265840264e-07
-5.034605985e-07
7.711246483e-07
-8.011638329e-07
9.431424451e-07
-1.130790829e-06
1.057235361e-06
-1.480505479e-06
1.127780819e-06
-1.841799719e-06
1.167114356e-06
-2.208596478e-06
1.184829693e-06
-2.576544608e-06
1.187795876e-06
-2.942452874e-06
1.180544272e-06
-3.303843448e-06
1.165768414e-06
-3.658613203e-06
1.144808242e-06
-4.004788834e-06
1.118062857e-06
-4.340358875e-06
1.08531335e-06
-4.663165213e-06
1.04595921e-06
-4.970838771e-06
9.991839112e-07
-5.260767797e-06
9.440699216e-07
-5.53009133e-06
8.79682742e-07
-5.775714015e-06
8.051398871e-07
-5.994341093e-06
7.196759008e-07
-6.182533887e-06
6.227097849e-07
-6.336786666e-06
5.139171745e-07
-6.453625474e-06
3.933063011e-07
-6.529728943e-06
2.612946986e-07
-6.562068765e-06
1.187822034e-07
-6.548039812e-06
-3.277702652e-08
-6.485714562e-06
-1.914704146e-07
-6.373886641e-06
-3.546218247e-07
-6.212310386e-06
-5.191340397e-07
-6.001810483e-06
-6.814275737e-07
-5.74437751e-06
-8.375900709e-07
-5.443212562e-06
-9.835499249e-07
-5.102710551e-06
-1.115281395e-06
-4.728376707e-06
-1.229024243e-06
-4.326678056e-06
-1.32149335e-06
-3.904840541e-06
-1.39004949e-06
-3.470611591e-06
-1.432802821e-06
-3.032015222e-06
-1.448627189e-06
-2.597130007e-06
-1.437076223e-06
-2.173917082e-06
-1.398212162e-06
-1.770113931e-06
-1.332384642e-06
-1.393188949e-06
-1.240028213e-06
-1.050321967e-06
-1.121584502e-06
-7.483388026e-07
-9.776978427e-07
-4.934882176e-07
-8.098806531e-07
-2.909192318e-07
-6.218852655e-07
-1.43716556e-07
-4.220122911e-07
-5.141272458e-08
-2.264276611e-07
-7.96585384e-09
-6.309832017e-08
2.450241233e-08
-8.589135544e-08
2.857000189e-07
-2.877628618e-07
7.284555324e-07
-5.678927705e-07
1.051254557e-06
-9.001091456e-07
1.27535882e-06
-1.266107357e-06
1.423233572e-06
-1.653066096e-06
1.514739559e-06
-2.051980925e-06
1.566029184e-06
-2.456494268e-06
1.589343036e-06
-2.862051851e-06
1.593353459e-06
-3.265276037e-06
1.583768458e-06
-3.663497148e-06
1.563989524e-06
-4.054408555e-06
1.535719648e-06
-4.435820656e-06
1.499474958e-06
-4.805492392e-06
1.454985086e-06
-5.161021515e-06
1.401488334e-06
-5.499778275e-06
1.337940671e-06
-5.818871353e-06
1.263162999e-06
-6.115139166e-06
1.175950555e-06
-6.385163242e-06
1.075163963e-06
-6.625302973e-06
9.598156325e-07
-6.831752603e-06
8.291594153e-07
-7.000621904e-06
6.827864765e-07
-7.12804187e-06
5.20726267e-07
-7.210295847e-06
3.435486756e-07
-7.243973475e-06
1.524598309e-07
-7.226148394e-06
-5.060210674e-08
-7.154562857e-06
-2.630559512e-07
-7.027837298e-06
-4.813473846e-07
-6.845648974e-06
-7.013223648e-07
-6.608902261e-06
-9.181742872e-07
-6.319853096e-06
-1.126639236e-06
-5.982175367e-06
-1.321227654e-06
-5.600952328e-06
-1.496504435e-06
-5.182582366e-06
-1.647394205e-06
-4.73459766e-06
-1.769478056e-06
-4.265406184e-06
-1.859240967e-06
-3.783980683e-06
-1.914228322e-06
-3.299529554e-06
-1.933078319e-06
-2.821190962e-06
-1.915414815e-06
-2.357789464e-06
-1.86161366e-06
-1.917681489e-06
-1.772492617e-06
-1.508691483e-06
-1.649018219e-06
-1.138105644e-06
-1.49217034e-06
-8.126482946e-07
-1.303155191e-06
-5.383235528e-07
-1.084205394e-06
-3.199752783e-07
-8.402335392e-07
-1.604223974e-07
-5.815651722e-07
-5.906547185e-08
-3.277845857e-07
-9.937307985e-09
-1.122264833e-07
1.456510417e-08
-9.360345878e-08
3.793034767e-07
-3.135260793e-07
9.483781518e-07
-6.177896141e-07
1.355518092e-06
-9.773587653e-07
1.634927971e-06
-1.372245268e-06
1.818120075e-06
-1.788734939e-06
1.931229229e-06
-2.217389361e-06
1.994683606e-06
-2.651648302e-06
2.023601976e-06
-3.086851146e-06
2.028556303e-06
-3.519540302e-06
2.016457615e-06
-3.946961264e-06
1.991410486e-06
-4.366706208e-06
1.955464591e-06
-4.776464876e-06
1.909233626e-06
-5.173855413e-06
1.852375622e-06
-5.556313645e-06
1.783946565e-06
-5.921024512e-06
1.702651538e-06
-6.264884464e-06
1.607022951e-06
-6.584488314e-06
1.495554405e-06
-6.876137866e-06
1.366813515e-06
-7.135872345e-06
1.219550112e-06
-7.359522397e-06
1.052809468e-06
-7.542790196e-06
8.660542744e-07
-7.681358173e-06
6.592942436e-07
-7.771028497e-06
4.332189997e-07
-7.807895123e-06
1.893264569e-07
-7.788541717e-06
-6.995551272e-08
-7.710242623e-06
-3.413550456e-07
-7.57124562e-06
-6.203443887e-07
-7.370983204e-06
-9.015847808e-07
-7.110294114e-06
-1.178863377e-06
-6.791600773e-06
-1.445332577e-06
-6.419017002e-06
-1.693811425e-06
-5.9983616e-06
-1.917159837e-06
-5.537058556e-06
-2.108697249e-06
-5.04391623e-06
-2.262620382e-06
-4.528794634e-06
-2.374362564e-06
-4.00218953e-06
-2.440833427e-06
-3.474780118e-06
-2.460487731e-06
-2.956998923e-06
-2.433196011e-06
-2.458682614e-06
-2.359929968e-06
-1.988847505e-06
-2.242327727e-06
-1.555602523e-06
-2.082263201e-06
-1.166168126e-06
-1.881604737e-06
-8.269174597e-07
-1.642405856e-06
-5.433048817e-07
-1.367817972e-06
-3.195111574e-07
-1.064027262e-06
-1.57634468e-07
-7.434418611e-07
-5.62888248e-08
-4.291302281e-07
-8.552024009e-09
-1.599632828e-07
6.013080487e-09
-9.939986156e-08
4.78703338e-07
-3.331965359e-07
1.182174824e-06
-6.562970726e-07
1.678618628e-06
-1.037452587e-06
2.016083486e-06
-1.455295167e-06
2.235962655e-06
-1.895343233e-06
2.371277295e-06
-2.347784985e-06
2.447125358e-06
-2.805909481e-06
2.481726472e-06
-3.265012432e-06
2.487659254e-06
-3.721631229e-06
2.473076412e-06
-4.17300926e-06
2.442788518e-06
-4.616723012e-06
2.399178344e-06
-5.050426091e-06
2.342936705e-06
-5.471676767e-06
2.273626299e-06
-5.8778242e-06
2.190093997e-06
-6.265935437e-06
2.090762775e-06
-6.63275155e-06
1.973839063e-06
-6.974666526e-06
1.837469381e-06
-7.287726808e-06
1.679873796e-06
-7.567652383e-06
1.499475686e-06
-7.809882421e-06
1.295039505e-06
-8.00964964e-06
1.065821492e-06
-8.162088002e-06
8.117326052e-07
-8.262378111e-06
5.335091084e-07
-8.305935168e-06
2.32883514e-07
-8.288652904e-06
-8.723777603e-08
-8.207067576e-06
-4.22940374e-07
-8.058818087e-06
-7.685938779e-07
-7.842849694e-06
-1.117553173e-06
-7.559733479e-06
-1.461979592e-06
-7.211923235e-06
-1.79314282e-06
-6.803931725e-06
-2.101802936e-06
-6.342386988e-06
-2.378704574e-06
-5.835935528e-06
-2.615148708e-06
-5.294974365e-06
-2.803581545e-06
-4.731217984e-06
-2.938118944e-06
-4.157135631e-06
-3.01491578e-06
-3.585322865e-06
-3.032300498e-06
-3.027891789e-06
-2.990627088e-06
-2.495968301e-06
-2.891853457e-06
-1.999366809e-06
-2.738929219e-06
-1.54647175e-06
-2.535158259e-06
-1.144295156e-06
-2.283781331e-06
-7.986093106e-07
-1.988091701e-06
-5.139863284e-07
-1.652440953e-06
-2.935298624e-07
-1.284483728e-06
-1.380805834e-07
-8.988911388e-07
-4.472039102e-08
-5.224904202e-07
-4.493123162e-09
-2.001905504e-07
1.519958342e-09
-1.038063483e-07
5.825096861e-07
-3.482930179e-07
1.426661492e-06
-6.861016333e-07
2.016427243e-06
-1.084322009e-06
2.414303862e-06
-1.520507377e-06
2.672148023e-06
-1.979554494e-06
2.830324411e-06
-2.451350059e-06
2.918920923e-06
-2.929080791e-06
2.959457204e-06
-3.408047927e-06
2.96662639e-06
-3.884841922e-06
2.949870408e-06
-4.356770977e-06
2.914717574e-06
-4.821468644e-06
2.863876012e-06
-5.276627435e-06
2.798095496e-06
-5.719819764e-06
2.716818628e-06
-6.148377965e-06
2.618652198e-06
-6.55931359e-06
2.501698399e-06
-6.949263491e-06
2.363788964e-06
-7.314456251e-06
2.202662141e-06
-7.650697278e-06
2.016114823e-06
-7.953374456e-06
1.802152863e-06
-8.217488814e-06
1.559153862e-06
-8.437716594e-06
1.286049272e-06
-8.608510269e-06
9.825262799e-07
-8.724246e-06
6.492448404e-07
-8.779428319e-06
2.880658336e-07
-8.768995497e-06
-9.767059851e-08
-8.688410491e-06
-5.0352538e-07
-8.534384716e-06
-9.226196521e-07
-8.305063389e-06
-1.346874501e-06
-8.000482374e-06
-1.766560607e-06
-7.622945168e-06
-2.170680027e-06
-7.17730513e-06
-2.547442974e-06
-6.671093177e-06
-2.884916527e-06
-6.114436884e-06
-3.171805e-06
-5.519737062e-06
-3.398281369e-06
-4.90110228e-06
-3.556753728e-06
-4.27358532e-06
-3.64243274e-06
-3.652309034e-06
-3.653576785e-06
-3.051602361e-06
-3.591333763e-06
-2.484277717e-06
-3.459178101e-06
-1.961160127e-06
-3.262046808e-06
-1.490922985e-06
-3.005395402e-06
-1.080201236e-06
-2.694503079e-06
-7.338539161e-07
-2.334439021e-06
-4.551552044e-07
-1.931139665e-06
-2.456315239e-07
-1.494007408e-06
-1.0425698e-07
-1.040265682e-06
-2.57971372e-08
-6.009502623e-07
1.695503071e-09
-2.276831916e-07
3.215461977e-09
-1.072016143e-07
6.897112996e-07
-3.59991035e-07
1.679450912e-06
-7.093608102e-07
2.365797017e-06
-1.121179107e-06
2.826122158e-06
-1.572188117e-06
3.123157034e-06
-2.046810628e-06
3.304946923e-06
-2.534712114e-06
3.406822409e-06
-3.029028614e-06
3.453773704e-06
-3.525112821e-06
3.462710597e-06
-4.019658909e-06
3.444416497e-06
-4.510098148e-06
3.405156814e-06
-4.994186071e-06
3.347963935e-06
-5.469723158e-06
3.273632583e-06
-5.934366119e-06
3.181461589e-06
-6.38549837e-06
3.069784448e-06
-6.820137895e-06
2.936337924e-06
-7.234868922e-06
2.778519992e-06
-7.625790624e-06
2.593583843e-06
-7.988481478e-06
2.378805676e-06
-8.317982099e-06
2.131653484e-06
-8.608802684e-06
1.849974447e-06
-8.854964035e-06
1.532210622e-06
-9.050083653e-06
1.177645898e-06
-9.18751881e-06
7.866799989e-07
-9.260582312e-06
3.611293354e-07
-9.262965471e-06
-9.528743891e-08
-9.188601591e-06
-5.778892601e-07
-9.032905147e-06
-1.078316095e-06
-8.792819528e-06
-1.58696012e-06
-8.467498466e-06
-2.09188167e-06
-8.058853195e-06
-2.579325299e-06
-7.571988276e-06
-3.034307894e-06
-7.01543738e-06
-3.441467423e-06
-6.401115503e-06
-3.786126877e-06
-5.743931786e-06
-4.055465087e-06
-5.061055644e-06
-4.239629871e-06
-4.370890229e-06
-4.332598155e-06
-3.691869431e-06
-4.332597582e-06
-3.041245383e-06
-4.241957811e-06
-2.434055471e-06
-4.066368014e-06
-1.882437464e-06
-3.813664816e-06
-1.39538992e-06
-3.492442947e-06
-9.789573222e-07
-3.110935676e-06
-6.366766927e-07
-2.67671965e-06
-3.699891043e-07
-2.197827252e-06
-1.782356782e-07
-1.685760832e-06
-5.7849959e-08
-1.1606514e-06
-5.723044302e-10
-6.582279156e-07
9.731695399e-09
-2.379871904e-07
1.294715605e-08
-1.098541529e-07
7.995654515e-07
-3.691660552e-07
1.938762814e-06
-7.277268392e-07
2.724357801e-06
-1.150521852e-06
3.248917172e-06
-1.613706207e-06
3.58634139e-06
-2.10136527e-06
3.792605987e-06
-2.60302505e-06
3.908482189e-06
-3.111825536e-06
3.962574191e-06
-3.623217157e-06
3.974102218e-06
-4.134046094e-06
3.955245434e-06
-4.641921254e-06
3.913031974e-06
-5.144781616e-06
3.850824296e-06
-5.640602666e-06
3.769453633e-06
-6.1271957e-06
3.668054622e-06
-6.602065774e-06
3.544654521e-06
-7.062304484e-06
3.396576634e-06
-7.504502674e-06
3.220718182e-06
-7.924675693e-06
3.013756863e-06
-8.31819987e-06
2.772329853e-06
-8.67976381e-06
2.493217423e-06
-9.00334235e-06
2.173552987e-06
-9.282204943e-06
1.811073217e-06
-9.508974453e-06
1.404415408e-06
-9.6757553e-06
9.534608461e-07
-9.774344258e-06
4.597182936e-07
-9.796863388e-06
-7.276830946e-08
-9.735166934e-06
-6.39585713e-07
-9.582942486e-06
-1.230540542e-06
-9.33543037e-06
-1.834472238e-06
-8.990470399e-06
-2.436841641e-06
-8.549270793e-06
-3.020524907e-06
-8.017049327e-06
-3.56652936e-06
-7.403415394e-06
-4.055101357e-06
-6.722372699e-06
-4.467169573e-06
-5.991863189e-06
-4.785974597e-06
-5.232837977e-06
-4.998655082e-06
-4.467917992e-06
-5.097518141e-06
-3.719785617e-06
-5.080729958e-06
-3.009519896e-06
-4.95222353e-06
-2.355132456e-06
-4.720755454e-06
-1.770555516e-06
-4.398241756e-06
-1.265254286e-06
-3.997744179e-06
-8.444774685e-07
-3.531712494e-06
-5.099497338e-07
-3.011247384e-06
-2.60609194e-07
-2.447167792e-06
-9.286825009e-08
-1.853501775e-06
9.52654922e-11
-1.253614915e-06
3.064364164e-08
-6.887762921e-07
1.950136994e-08
-2.268449166e-07
3.244852636e-08
-1.119466895e-07
9.1151214e-07
-3.76438166e-07
2.20325429e-06
-7.423978493e-07
3.090317485e-06
-1.174187268e-06
3.680706591e-06
-1.647555029e-06
4.059709151e-06
-2.146367711e-06
4.291418671e-06
-2.660089031e-06
4.422203509e-06
-3.181917727e-06
4.484402887e-06
-3.707448851e-06
4.499633342e-06
-4.233728658e-06
4.481525241e-06
-4.75859761e-06
4.437900927e-06
-5.280239546e-06
4.372466232e-06
-5.79687365e-06
4.286087736e-06
-6.306540383e-06
4.177721354e-06
-6.806944662e-06
4.0450588e-06
-7.295330373e-06
3.884962347e-06
-7.768369784e-06
3.693757594e-06
-8.222059485e-06
3.467446565e-06
-8.651621188e-06
3.201891557e-06
-9.051411425e-06
2.89300766e-06
-9.414849657e-06
2.536991219e-06
-9.734379753e-06
2.130603313e-06
-1.000148489e-05
1.67152054e-06
-1.020678331e-05
1.158759268e-06
-1.03402241e-05
5.931590832e-07
-1.039185995e-05
-2.113246002e-08
-1.035112827e-05
-6.80317387e-07
-1.02093498e-05
-1.372319019e-06
-9.959506053e-06
-2.084315982e-06
-9.59764011e-06
-2.798707586e-06
-9.123892964e-06
-3.494272053e-06
-8.54338619e-06
-4.147036134e-06
-7.866768353e-06
-4.731719195e-06
-7.11027442e-06
-5.223663506e-06
-6.295211131e-06
-5.601037885e-06
-5.44685538e-06
-5.847010831e-06
-4.592823676e-06
-5.951549845e-06
-3.761046104e-06
-5.91250753e-06
-2.977569021e-06
-5.735700613e-06
-2.264502409e-06
-5.433822066e-06
-1.63847726e-06
-5.024266904e-06
-1.109926524e-06
-4.526294915e-06
-6.833086268e-07
-3.958330393e-06
-3.5807932e-07
-3.336476691e-06
-1.298834732e-07
-2.675363639e-06
8.604821219e-09
-1.99199007e-06
6.873238515e-08
-1.313742478e-06
6.729412395e-08
-6.873380302e-07
3.089259606e-08
-1.904433881e-07
6.33411226e-08
-1.135934128e-07
1.025105552e-06
-3.822130941e-07
2.471873971e-06
-7.541779763e-07
3.462282368e-06
-1.193426853e-06
4.119955469e-06
-1.675444933e-06
4.541727232e-06
-2.183978656e-06
4.799952395e-06
-2.708497961e-06
4.946722813e-06
-3.242312269e-06
5.018217195e-06
-3.78120755e-06
5.038528622e-06
-4.322478383e-06
5.022796073e-06
-4.86425158e-06
4.979674124e-06
-5.405019494e-06
4.913234145e-06
-5.94331829e-06
4.824386531e-06
-6.477500182e-06
4.711903246e-06
-7.005560595e-06
4.573119213e-06
-7.524992114e-06
4.404393867e-06
-8.032646923e-06
4.201412405e-06
-8.524597871e-06
3.959397513e-06
-8.995995502e-06
3.673289189e-06
-9.440924993e-06
3.33793715e-06
-9.852273768e-06
2.948339994e-06
-1.022162883e-05
2.499958379e-06
-1.053923267e-05
1.989124374e-06
-1.079404049e-05
1.413567088e-06
-1.097397182e-05
7.730904134e-07
-1.106573309e-05
7.062880733e-08
-1.105729619e-05
-6.887542877e-07
-1.093619627e-05
-1.493418935e-06
-1.069278605e-05
-2.3277262e-06
-1.032090175e-05
-3.170591891e-06
-9.819258692e-06
-3.995915107e-06
-9.192552268e-06
-4.773742559e-06
-8.452118091e-06
-5.472153371e-06
-7.616028242e-06
-6.059753355e-06
-6.708586614e-06
-6.508479513e-06
-5.759226023e-06
-6.796371422e-06
-4.80080815e-06
-6.909967716e-06
-3.867349068e-06
-6.845966612e-06
-2.991300307e-06
-6.611749375e-06
-2.200705268e-06
-6.224417106e-06
-1.516746467e-06
-5.708225706e-06
-9.522637824e-07
-5.090777598e-06
-5.11633585e-07
-4.39896059e-06
-1.91953048e-07
-3.656157228e-06
1.510089586e-08
-2.882417582e-06
1.222529462e-07
-2.09914212e-06
1.457260462e-07
-1.337215578e-06
1.08439815e-07
-6.500517996e-07
4.369150021e-08
-1.256950737e-07
1.070326233e-07
-1.148536727e-07
1.139959225e-06
-3.8672027e-07
2.743740569e-06
-7.635404383e-07
3.839102538e-06
-1.20899283e-06
4.565407862e-06
-1.698412615e-06
5.031147019e-06
-2.215505426e-06
5.317045206e-06
-2.749805067e-06
5.481022453e-06
-3.294778164e-06
5.563190292e-06
-3.846445585e-06
5.590196043e-06
-4.402398046e-06
5.578748533e-06
-4.961104715e-06
5.538380792e-06
-5.521433495e-06
5.473562924e-06
-6.082317299e-06
5.385270335e-06
-6.642513468e-06
5.272099414e-06
-7.20041495e-06
5.131020696e-06
-7.75388274e-06
4.957861658e-06
-8.300078914e-06
4.747608579e-06
-8.835288229e-06
4.494606828e-06
-9.35472382e-06
4.192724779e-06
-9.852319854e-06
3.835533184e-06
-1.032052252e-05
3.416542665e-06
-1.07501023e-05
2.929538148e-06
-1.113002595e-05
2.369048025e-06
-1.144744514e-05
1.730986276e-06
-1.168787303e-05
1.013518307e-06
-1.183552695e-05
2.18282731e-07
-1.18747975e-05
-6.494837408e-07
-1.179023712e-05
-1.577979309e-06
-1.156922272e-05
-2.548740604e-06
-1.120320214e-05
-3.536612471e-06
-1.068919488e-05
-4.509922365e-06
-1.003086052e-05
-5.432076916e-06
-9.239070667e-06
-6.263943227e-06
-8.332009228e-06
-6.966814794e-06
-7.334925284e-06
-7.505563456e-06
-6.279542955e-06
-7.851753752e-06
-5.202923395e-06
-7.986587275e-06
-4.145464022e-06
-7.903425984e-06
-3.147856361e-06
-7.609357036e-06
-2.247200609e-06
-7.125072859e-06
-1.47296925e-06
-6.482457067e-06
-8.438674561e-07
-5.719879392e-06
-3.665698544e-07
-4.876258191e-06
-3.667976156e-08
-3.986047321e-06
1.587423794e-07
-3.077839723e-06
2.383787512e-07
-2.178778491e-06
2.25987087e-07
-1.324823914e-06
1.51879811e-07
-5.75944523e-07
5.734547439e-08
-3.116073858e-08
1.643780968e-07
-1.157438453e-07
1.255703071e-06
-3.900485902e-07
3.018045315e-06
-7.706907039e-07
4.219744652e-06
-1.22122852e-06
5.015945679e-06
-1.716938286e-06
5.526856785e-06
-2.241546752e-06
5.841653671e-06
-2.784697348e-06
6.024173048e-06
-3.340053041e-06
6.118545984e-06
-3.903909408e-06
6.154052409e-06
-4.474199345e-06
6.14903847e-06
-5.049790915e-06
6.113972362e-06
-5.629997907e-06
6.053769916e-06
-6.214236815e-06
5.969509243e-06
-6.801775631e-06
5.85963823e-06
-7.391530757e-06
5.720775823e-06
-7.981878841e-06
5.548209743e-06
-8.570460014e-06
5.336189752e-06
-9.153957514e-06
5.078104327e-06
-9.727846381e-06
4.766613645e-06
-1.028611207e-05
4.393798868e-06
-1.082095059e-05
3.951381185e-06
-1.132247838e-05
3.431065942e-06
-1.177850565e-05
2.825075292e-06
-1.217445718e-05
2.126937803e-06
-1.249354914e-05
1.332610272e-06
-1.271735459e-05
4.420881848e-07
-1.282742983e-05
-5.394084963e-07
-1.280528859e-05
-1.600120556e-06
-1.263606894e-05
-2.71796025e-06
-1.230931213e-05
-3.86336928e-06
-1.182019292e-05
-4.99904158e-06
-1.116996936e-05
-6.082300474e-06
-1.036610105e-05
-7.06781154e-06
-9.42244987e-06
-7.910465973e-06
-8.359981778e-06
-8.568031548e-06
-7.207823721e-06
-9.003911809e-06
-6.003937937e-06
-9.190473058e-06
-4.794397724e-06
-9.112966198e-06
-3.630484255e-06
-8.773270504e-06
-2.563493004e-06
-8.192064108e-06
-1.638088531e-06
-7.407861539e-06
-8.85937917e-07
-6.472030007e-06
-3.216806691e-07
-5.440515439e-06
5.741117296e-08
-4.365139164e-06
2.683767087e-07
-3.288805259e-06
3.378865986e-07
-2.24828838e-06
2.993423954e-07
-1.28627971e-06
1.931513107e-07
-4.69753438e-07
7.069681931e-08
9.129375311e-08
2.35074916e-07
-1.162481182e-07
1.37195119e-06
-3.921800962e-07
3.293977294e-06
-7.756278837e-07
4.603192441e-06
-1.230158329e-06
5.470476124e-06
-1.731063904e-06
6.027762361e-06
-2.262139143e-06
6.372728909e-06
-2.813170591e-06
6.575204495e-06
-3.378047713e-06
6.683423105e-06
-3.953374471e-06
6.729379168e-06
-4.537468338e-06
6.733132336e-06
-5.129651662e-06
6.706155686e-06
-5.729756389e-06
6.653874643e-06
-6.337775464e-06
6.577528317e-06
-6.953604756e-06
6.475467522e-06
-7.57682943e-06
6.344000497e-06
-8.206518635e-06
6.177898947e-06
-8.841001599e-06
5.970672715e-06
-9.477606335e-06
5.714709061e-06
-1.011234986e-05
5.401357165e-06
-1.073957815e-05
5.021027157e-06
-1.135156866e-05
4.563371694e-06
-1.193813286e-05
4.017630142e-06
-1.248629815e-05
3.373240582e-06
-1.298020423e-05
2.620843891e-06
-1.340137064e-05
1.753776682e-06
-1.372947317e-05
7.701907109e-07
-1.394510064e-05
-3.237810195e-07
-1.402789576e-05
-1.51732544e-06
-1.396307068e-05
-2.782785334e-06
-1.373950461e-05
-4.086935343e-06
-1.335006663e-05
-5.388479568e-06
-1.279031139e-05
-6.642055709e-06
-1.20578526e-05
-7.800270332e-06
-1.115330296e-05
-8.815015614e-06
-1.008347092e-05
-9.637863589e-06
-8.866000156e-06
-1.022138257e-05
-7.533659683e-06
-1.052281353e-05
-6.136221263e-06
-1.051040462e-05
-4.738376435e-06
-1.017111533e-05
-3.413109507e-06
-9.517331035e-06
-2.231312477e-06
-8.589658567e-06
-1.250022088e-06
-7.453320396e-06
-5.028688916e-07
-6.187668635e-06
3.928907958e-09
-4.871936965e-06
2.888535301e-07
-3.573729882e-06
3.880978284e-07
-2.347532679e-06
3.484829382e-07
-1.24666482e-06
2.24718015e-07
-3.459885155e-07
8.174762705e-08
2.342641396e-07
3.16822542e-07
-1.163284667e-07
1.488279657e-06
-3.930214802e-07
3.570670308e-06
-7.782029861e-07
4.988373947e-06
-1.235574217e-06
5.927847355e-06
-1.74050769e-06
6.532695833e-06
-2.276898937e-06
6.909120155e-06
-2.83469864e-06
7.133004197e-06
-3.408042484e-06
7.256766949e-06
-3.993868256e-06
7.31520494e-06
-4.590914294e-06
7.330178375e-06
-5.199008861e-06
7.314250253e-06
-5.818573465e-06
7.273439247e-06
-6.450273553e-06
7.209228404e-06
-7.09475903e-06
7.119952999e-06
-7.75244624e-06
7.001687706e-06
-8.423302214e-06
6.84875492e-06
-9.106600552e-06
6.653971051e-06
-9.800625864e-06
6.408734373e-06
-1.050231158e-05
6.103042879e-06
-1.120680757e-05
5.725523148e-06
-1.190699582e-05
5.263559948e-06
-1.259301235e-05
4.703646672e-06
-1.32518977e-05
4.03212593e-06
-1.38675805e-05
3.236526696e-06
-1.442145379e-05
2.307649968e-06
-1.489362261e-05
1.242359529e-06
-1.526666993e-05
4.926630759e-08
-1.552309481e-05
-1.260900567e-06
-1.565123948e-05
-2.654640663e-06
-1.564103799e-05
-4.097136832e-06
-1.548080131e-05
-5.548716252e-06
-1.515293691e-05
-6.96992011e-06
-1.463327627e-05
-8.319930972e-06
-1.389464823e-05
-9.553643655e-06
-1.291527301e-05
-1.061723881e-05
-1.168932843e-05
-1.144732714e-05
-1.023642243e-05
-1.197571953e-05
-8.606993995e-06
-1.213983305e-05
-6.881716111e-06
-1.189639322e-05
-5.163863477e-06
-1.123518367e-05
-3.564861004e-06
-1.018866104e-05
-2.185220396e-06
-8.832961002e-06
-1.095805261e-06
-7.27708377e-06
-3.258473961e-07
-5.641894829e-06
1.37700989e-07
-4.037278266e-06
3.406413092e-07
-2.550472999e-06
3.481696386e-07
-1.25419315e-06
2.358470199e-07
-2.336658969e-07
8.769891284e-08
3.824122462e-07
4.045214541e-07
-1.159338853e-07
1.604213542e-06
-3.924332669e-07
3.847169689e-06
-7.781731924e-07
5.374113872e-06
-1.237116796e-06
6.386790957e-06
-1.744772076e-06
7.040351113e-06
-2.285156531e-06
7.449504609e-06
-2.848393218e-06
7.696240884e-06
-3.428871899e-06
7.83724563e-06
-4.023879077e-06
7.910212118e-06
-4.632601173e-06
7.938900471e-06
-5.255416592e-06
7.937065672e-06
-5.893402709e-06
7.911425363e-06
-6.547991791e-06
7.863817486e-06
-7.220717396e-06
7.792678604e-06
-7.91300082e-06
7.693971129e-06
-8.625935547e-06
7.561689645e-06
-9.36003544e-06
7.388070943e-06
-1.011491959e-05
7.163618526e-06
-1.088891571e-05
6.877038994e-06
-1.16785806e-05
6.51518804e-06
-1.24781715e-05
6.063150847e-06
-1.327916844e-05
5.504643617e-06
-1.407005221e-05
4.823009694e-06
-1.48366584e-05
4.003132891e-06
-1.556345353e-05
3.0344451e-06
-1.623585307e-05
1.914759062e-06
-1.684104843e-05
6.544616692e-07
-1.737635136e-05
-7.255976352e-07
-1.783355325e-05
-2.197438772e-06
-1.820439293e-05
-3.726297152e-06
-1.846541039e-05
-5.2876988e-06
-1.857166099e-05
-6.863669508e-06
-1.845904691e-05
-8.432545053e-06
-1.805439527e-05
-9.958295293e-06
-1.729233512e-05
-1.137929896e-05
-1.613287715e-05
-1.260678511e-05
-1.4575638e-05
-1.353295868e-05
-1.266810762e-05
-1.404736343e-05
-1.050696859e-05
-1.405753225e-05
-8.231209065e-06
-1.351094319e-05
-6.005651294e-06
-1.241421881e-05
-3.995087382e-06
-1.084352491e-05
-2.333151458e-06
-8.939019694e-06
-1.095739968e-06
-6.879306319e-06
-2.903093324e-07
-4.842708902e-06
1.34437571e-07
-2.975219902e-06
2.673676513e-07
-1.387123231e-06
2.138397991e-07
-1.801380463e-07
8.550148795e-08
5.107505559e-07
4.900229412e-07
-1.150089276e-07
1.71922247e-06
-3.902567038e-07
4.122417464e-06
-7.752519348e-07
5.759109102e-06
-1.2343504e-06
6.845889421e-06
-1.743243986e-06
7.549244699e-06
-2.286081422e-06
7.992342045e-06
-2.853153126e-06
8.263312588e-06
-3.4390974e-06
8.423189904e-06
-4.041551337e-06
8.512666055e-06
-4.660164124e-06
8.557513258e-06
-5.295896662e-06
8.57279821e-06
-5.950537682e-06
8.566066383e-06
-6.62637182e-06
8.539651624e-06
-7.325940858e-06
8.492247641e-06
-8.05184629e-06
8.41987656e-06
-8.806549028e-06
8.316392383e-06
-9.592129262e-06
8.173651178e-06
-1.040997713e-05
7.981466396e-06
-1.126039707e-05
7.72745893e-06
-1.214213572e-05
7.396926691e-06
-1.305190224e-05
6.972917373e-06
-1.39840581e-05
6.436799475e-06
-1.493080565e-05
5.769757247e-06
-1.588332892e-05
4.955656157e-06
-1.683422668e-05
3.985342857e-06
-1.778071429e-05
2.861246673e-06
-1.872576377e-05
1.599511151e-06
-1.968323742e-05
2.318760134e-07
-2.06539685e-05
-1.22670769e-06
-2.162389493e-05
-2.756370723e-06
-2.254192102e-05
-4.369672708e-06
-2.331430816e-05
-6.091282368e-06
-2.381634367e-05
-7.93050954e-06
-2.391482281e-05
-9.859816153e-06
-2.349426876e-05
-1.1799853e-05
-2.247829472e-05
-1.362275916e-05
-2.084435732e-05
-1.516689608e-05
-1.863215313e-05
-1.625956761e-05
-1.59473854e-05
-1.674229999e-05
-1.295947859e-05
-1.649884999e-05
-9.889054883e-06
-1.548464252e-05
-6.980512201e-06
-1.37520676e-05
-4.459293813e-06
-1.146023808e-05
-2.483492303e-06
-8.85510783e-06
-1.110224058e-06
-6.215977148e-06
-2.954287624e-07
-3.790015197e-06
7.495969097e-08
-1.757511685e-06
1.473079505e-07
-2.524863071e-07
7.302430858e-08
5.850341963e-07
5.630472487e-07
-1.135016255e-07
1.832724095e-06
-3.863385482e-07
4.395254386e-06
-7.691550235e-07
6.141925576e-06
-1.22683237e-06
7.303566768e-06
-1.73528769e-06
8.057700018e-06
-2.278798451e-06
8.535852807e-06
-2.847803534e-06
8.832317672e-06
-3.437169376e-06
9.012555746e-06
-4.044869973e-06
9.120366652e-06
-4.671015681e-06
9.183658966e-06
-5.31716517e-06
9.2189477e-06
-5.985856296e-06
9.234757509e-06
-6.680293771e-06
9.2340891e-06
-7.404135492e-06
9.216089362e-06
-8.161325393e-06
9.177066461e-06
-8.955927827e-06
9.110994818e-06
-9.791925967e-06
9.00964932e-06
-1.067295664e-05
8.86249707e-06
-1.160197356e-05
8.656475849e-06
-1.258087688e-05
8.37583001e-06
-1.361024428e-05
8.002284777e-06
-1.468946583e-05
7.516021019e-06
-1.581778133e-05
6.898072753e-06
-1.699675313e-05
6.134627952e-06
-1.82341914e-05
5.222781131e-06
-1.954808653e-05
4.175141808e-06
-2.096659167e-05
3.018016284e-06
-2.251325537e-05
1.778539713e-06
-2.420969406e-05
4.697310066e-07
-2.600475509e-05
-9.613096897e-07
-2.780204897e-05
-2.572378837e-06
-2.943023254e-05
-4.463098795e-06
-3.069459453e-05
-6.666147549e-06
-3.140575979e-05
-9.148650897e-06
-3.141014435e-05
-1.179546844e-05
-3.060581497e-05
-1.442708854e-05
-2.895066797e-05
-1.682204308e-05
-2.646780991e-05
-1.874242567e-05
-2.325312096e-05
-1.995698894e-05
-1.948301368e-05
-2.026895727e-05
-1.541512858e-05
-1.955252761e-05
-1.137094952e-05
-1.779624666e-05
-7.690115919e-06
-1.514107168e-05
-4.658012228e-06
-1.188721152e-05
-2.431985157e-06
-8.44200422e-06
-1.008503081e-06
-5.213497274e-06
-2.538376831e-07
-2.512177084e-06
2.964552449e-08
-5.359695154e-07
5.052669846e-08
5.641530206e-07
6.135739461e-07
-1.113708636e-07
1.944094957e-06
-3.805540344e-07
4.664437556e-06
-7.59643343e-07
6.521014884e-06
-1.214177272e-06
7.758100697e-06
-1.720331157e-06
8.563853904e-06
-2.262496475e-06
9.078018126e-06
-2.831227147e-06
9.401048344e-06
-3.421581133e-06
9.602909732e-06
-4.031837742e-06
9.730623261e-06
-4.662546918e-06
9.814368142e-06
-5.315857836e-06
9.872258618e-06
-5.995069738e-06
9.913969411e-06
-6.704346565e-06
9.943365927e-06
-7.448539144e-06
9.960281941e-06
-8.233064027e-06
9.961591344e-06
-9.063795453e-06
9.941726244e-06
-9.946936215e-06
9.892790084e-06
-1.088884829e-05
9.804409146e-06
-1.189585739e-05
9.663484952e-06
-1.297412172e-05
9.454094332e-06
-1.412980565e-05
9.15796871e-06
-1.537002885e-05
8.756244224e-06
-1.670525446e-05
8.233298355e-06
-1.81535515e-05
7.582925e-06
-1.974584062e-05
6.815070245e-06
-2.152843168e-05
5.957732873e-06
-2.35562555e-05
5.045840108e-06
-2.587053333e-05
4.092817535e-06
-2.845547071e-05
3.054668389e-06
-3.122795226e-05
1.811171861e-06
-3.402926572e-05
2.289346258e-07
-3.656501695e-05
-1.927347569e-06
-3.860628846e-05
-4.624876043e-06
-3.993421547e-05
-7.820723878e-06
-4.038823821e-05
-1.134144571e-05
-3.986062062e-05
-1.495470613e-05
-3.829325443e-05
-1.838940927e-05
-3.567900124e-05
-2.135667886e-05
-3.207404051e-05
-2.356194967e-05
-2.761933746e-05
-2.472366032e-05
-2.256314873e-05
-2.460871634e-05
-1.726933579e-05
-2.30900596e-05
-1.21889568e-05
-2.022145068e-05
-7.776806645e-06
-1.629936167e-05
-4.365304827e-06
-1.185350604e-05
-2.060058155e-06
-7.518743948e-06
-7.368789881e-07
-3.835356251e-06
-1.380806398e-07
-1.134767865e-06
2.122759789e-08
4.048447812e-07
6.348015433e-07
-1.085932728e-07
2.05268823e-06
-3.728282953e-07
4.928672578e-06
-7.465626745e-07
6.894749264e-06
-1.1961169e-06
8.207654923e-06
-1.697947058e-06
9.065684063e-06
-2.236530907e-06
9.616601975e-06
-2.802489003e-06
9.96700644e-06
-3.39101714e-06
1.019143787e-05
-4.000648607e-06
1.034025473e-05
-4.632328123e-06
1.044604766e-05
-5.288760375e-06
1.052869087e-05
-5.973984938e-06
1.059919397e-05
-6.693124167e-06
1.066250516e-05
-7.452251189e-06
1.071940896e-05
-8.258330324e-06
1.076767048e-05
-9.119191044e-06
1.080258696e-05
-1.004350962e-05
1.081710867e-05
-1.104079709e-05
1.080169661e-05
-1.212144662e-05
1.074413448e-05
-1.329701037e-05
1.062965808e-05
-1.458108563e-05
1.044204398e-05
-1.599145441e-05
1.0166613e-05
-1.755418327e-05
9.796027218e-06
-1.930959441e-05
9.338336139e-06
-2.131748067e-05
8.822956506e-06
-2.365476785e-05
8.295020051e-06
-2.63962833e-05
7.787355553e-06
-2.957456011e-05
7.271094352e-06
-3.313107217e-05
6.611180449e-06
-3.689247666e-05
5.572576352e-06
-4.05602993e-05
3.896757258e-06
-4.388785741e-05
1.40021054e-06
-4.656748441e-05
-1.945249038e-06
-4.840637499e-05
-5.981833294e-06
-4.927923131e-05
-1.04685894e-05
-4.909251875e-05
-1.514141868e-05
-4.777692912e-05
-1.97049989e-05
-4.528439835e-05
-2.384920963e-05
-4.160196723e-05
-2.724438079e-05
-3.678450365e-05
-2.95411239e-05
-3.100121644e-05
-3.039200356e-05
-2.458248238e-05
-2.950879365e-05
-1.80370873e-05
-2.676684576e-05
-1.199511211e-05
-2.234133687e-05
-7.046934929e-06
-1.680168321e-05
-3.527283004e-06
-1.103839587e-05
-1.400750975e-06
-5.961888281e-06
-3.58404845e-07
-2.177113996e-06
-1.173743744e-08
5.817737213e-08
6.230641051e-07
-1.051696669e-07
2.157857896e-06
-3.631564261e-07
5.186659337e-06
-7.298810741e-07
7.261473912e-06
-1.172556742e-06
8.650330591e-06
-1.667929249e-06
9.561056571e-06
-2.200521095e-06
1.014919382e-05
-2.760956059e-06
1.05274414e-05
-3.344496856e-06
1.077497866e-05
-3.949858798e-06
1.094561667e-05
-4.578311156e-06
1.107450001e-05
-5.23304729e-06
1.118342701e-05
-5.918785834e-06
1.128493252e-05
-6.641555892e-06
1.138527521e-05
-7.408618273e-06
1.148647134e-05
-8.228480565e-06
1.158753277e-05
-9.110975238e-06
1.168508164e-05
-1.006738936e-05
1.177352279e-05
-1.111067253e-05
1.184497979e-05
-1.225583127e-05
1.188929322e-05
-1.352077909e-05
1.18946059e-05
-1.492816464e-05
1.184942953e-05
-1.650892167e-05
1.174737003e-05
-1.830800071e-05
1.159510625e-05
-2.039100726e-05
1.142134269e-05
-2.284646214e-05
1.127841139e-05
-2.577355096e-05
1.122210887e-05
-2.924564755e-05
1.125945214e-05
-3.325358477e-05
1.127903157e-05
-3.765713826e-05
1.101473394e-05
-4.218436181e-05
1.00997999e-05
-4.649361435e-05
8.206009793e-06
-5.027589606e-05
5.182492253e-06
-5.331210309e-05
1.090957998e-06
-5.546288289e-05
-3.831053499e-06
-5.66592085e-05
-9.272263786e-06
-5.684187475e-05
-1.495875244e-05
-5.594343074e-05
-2.06034429e-05
-5.388013081e-05
-2.591250956e-05
-5.05584965e-05
-3.05660151e-05
-4.590941932e-05
-3.419020108e-05
-3.995038612e-05
-3.635103675e-05
-3.287113455e-05
-3.658804522e-05
-2.511865566e-05
-3.451932465e-05
-1.741993403e-05
-3.004005849e-05
-1.065504713e-05
-2.356657012e-05
-5.543280564e-06
-1.615016244e-05
-2.307473291e-06
-9.197695555e-06
-6.500195576e-07
-3.83456773e-06
-4.775787406e-08
-5.440843127e-07
5.7530623e-07
-1.011310103e-07
2.258988907e-06
-3.516222691e-07
5.437150595e-06
-7.097240309e-07
7.619575674e-06
-1.143629233e-06
9.084235793e-06
-1.630365125e-06
1.004779246e-05
-2.154442846e-06
1.067327154e-05
-2.706411603e-06
1.107941016e-05
-3.28151385e-06
1.135008091e-05
-3.878554889e-06
1.154265771e-05
-4.499032451e-06
1.169497758e-05
-5.146527776e-06
1.183092233e-05
-5.826332407e-06
1.196473715e-05
-6.54527119e-06
1.2104214e-05
-7.311679704e-06
1.225287985e-05
-8.135501339e-06
1.241135441e-05
-9.028484583e-06
1.257806488e-05
-1.000448866e-05
1.274952687e-05
-1.107995984e-05
1.292045097e-05
-1.227474954e-05
1.308408292e-05
-1.361363903e-05
1.32334954e-05
-1.512918332e-05
1.336497382e-05
-1.686653143e-05
1.348471814e-05
-1.888999945e-05
1.361857427e-05
-2.128825005e-05
1.381959329e-05
-2.416975663e-05
1.415991797e-05
-2.763647454e-05
1.468882678e-05
-3.17302285e-05
1.53532061e-05
-3.636927164e-05
1.591807471e-05
-4.131818851e-05
1.596365082e-05
-4.622941004e-05
1.501102142e-05
-5.074659289e-05
1.272319264e-05
-5.460410267e-05
9.040002037e-06
-5.765840611e-05
4.145261437e-06
-5.983131075e-05
-1.658148856e-06
-6.117858511e-05
-7.924989427e-06
-6.167357389e-05
-1.446376366e-05
-6.127296598e-05
-2.100405082e-05
-5.988387375e-05
-2.730160179e-05
-5.735284489e-05
-3.309704397e-05
-5.348624546e-05
-3.80568005e-05
-4.810897942e-05
-4.17283028e-05
-4.117147285e-05
-4.352555179e-05
-3.289915906e-05
-4.279163843e-05
-2.393069289e-05
-3.900852466e-05
-1.533023454e-05
-3.216702848e-05
-8.296581001e-06
-2.318381597e-05
-3.573234098e-06
-1.392104246e-05
-1.057025185e-06
-6.350776644e-06
-9.914228181e-08
-1.501967216e-06
4.761639476e-07
-9.654388702e-08
2.355532794e-06
-3.384159245e-07
5.679022632e-06
-6.864074534e-07
7.967567202e-06
-1.109743814e-06
9.507572154e-06
-1.585703641e-06
1.052375229e-05
-2.098715479e-06
1.118628338e-05
-2.639163257e-06
1.161985794e-05
-3.202168063e-06
1.191308572e-05
-3.786515537e-06
1.212700518e-05
-4.393811855e-06
1.230227389e-05
-5.027892239e-06
1.246500271e-05
-5.694469164e-06
1.263131407e-05
-6.400988926e-06
1.281073376e-05
-7.156661775e-06
1.30085527e-05
-7.972639448e-06
1.322733208e-05
-8.862333776e-06
1.346775921e-05
-9.841906387e-06
1.372909948e-05
-1.093102815e-05
1.400957273e-05
-1.215413376e-05
1.430718852e-05
-1.35425918e-05
1.462195344e-05
-1.513837355e-05
1.496075556e-05
-1.699952186e-05
1.534586646e-05
-1.920608351e-05
1.582513592e-05
-2.186119448e-05
1.647470426e-05
-2.507673632e-05
1.73754598e-05
-2.89326204e-05
1.854471086e-05
-3.341302127e-05
1.983360697e-05
-3.835126442e-05
2.085631786e-05
-4.343245152e-05
2.104483793e-05
-4.827619133e-05
1.985476123e-05
-5.255732038e-05
1.700432168e-05
-5.608857151e-05
1.257125317e-05
-5.883108843e-05
6.887778363e-06
-6.075847607e-05
2.692387814e-07
-6.203816497e-05
-6.645300526e-06
-6.269097405e-05
-1.381095458e-05
-6.272595378e-05
-2.096907109e-05
-6.207835779e-05
-2.794919777e-05
-6.058331531e-05
-3.459208644e-05
-5.796994347e-05
-4.067017234e-05
-5.389550243e-05
-4.580274384e-05
-4.804060119e-05
-4.938045303e-05
-4.028114557e-05
-5.055109406e-05
-3.093162058e-05
-4.835804964e-05
-2.09635755e-05
-4.213507356e-05
-1.193895563e-05
-3.220843585e-05
-5.352073332e-06
-2.050792476e-05
-1.65547926e-06
-1.004737072e-05
-1.865227338e-07
-2.970923743e-06
2.89641214e-07
-9.151545909e-08
2.447048252e-06
-3.238500077e-07
5.911357179e-06
-6.604684987e-07
8.304185693e-06
-1.071633662e-06
9.918737317e-06
-1.534818482e-06
1.098693711e-05
-2.034282179e-06
1.168574708e-05
-2.560142285e-06
1.214571804e-05
-3.107287496e-06
1.246023093e-05
-3.674361217e-06
1.26940789e-05
-4.262939035e-06
1.289085171e-05
-4.87694789e-06
1.307901157e-05
-5.522327462e-06
1.327669364e-05
-6.206910638e-06
1.349531693e-05
-6.940495108e-06
1.374213717e-05
-7.735088266e-06
1.402192524e-05
-8.605331577e-06
1.433800252e-05
-9.569153484e-06
1.469292138e-05
-1.064877608e-05
1.508919532e-05
-1.187232563e-05
1.553073808e-05
-1.327644715e-05
1.602607495e-05
-1.491031699e-05
1.65946254e-05
-1.684075038e-05
1.727629985e-05
-1.915578075e-05
1.814016628e-05
-2.195970074e-05
1.927862426e-05
-2.534869657e-05
2.076445563e-05
-2.936066006e-05
2.255667435e-05
-3.391285465e-05
2.438580156e-05
-3.876783587e-05
2.571129908e-05
-4.357074295e-05
2.584774501e-05
-4.795684755e-05
2.424086582e-05
-5.166651158e-05
2.071398572e-05
-5.459676482e-05
1.55015064e-05
-5.677215145e-05
9.063165002e-06
-5.834996847e-05
1.847055794e-06
-5.935911136e-05
-5.636157635e-06
-5.997588686e-05
-1.319417908e-05
-6.02617637e-05
-2.068319426e-05
-6.020709874e-05
-2.800386273e-05
-5.969606064e-05
-3.510312455e-05
-5.846494399e-05
-4.190128899e-05
-5.609076283e-05
-4.8176925e-05
-5.204243841e-05
-5.342877745e-05
-4.583342315e-05
-5.676010933e-05
-3.729949398e-05
-5.689197882e-05
-2.697563335e-05
-5.245893418e-05
-1.639940184e-05
-4.278466736e-05
-7.76417261e-06
-2.914315398e-05
-2.525488276e-06
-1.528605505e-05
-3.34742095e-07
-5.161669925e-06
-4.51008808e-08
-8.619797297e-08
2.533246224e-06
-3.083748303e-07
6.133534035e-06
-6.326944262e-07
8.628505288e-06
-1.030399021e-06
1.031644191e-05
-1.47906575e-06
1.143560384e-05
-1.96268211e-06
1.216936344e-05
-2.470991253e-06
1.265402718e-05
-2.99853437e-06
1.298777404e-05
-3.543684333e-06
1.323922887e-05
-4.107836292e-06
1.345500367e-05
-4.694827344e-06
1.366600262e-05
-5.310598918e-06
1.389246522e-05
-5.963086083e-06
1.41478041e-05
-6.662311379e-06
1.444136247e-05
-7.420671738e-06
1.47802856e-05
-8.253433295e-06
1.517076408e-05
-9.179493747e-06
1.561898183e-05
-1.022254375e-05
1.613224532e-05
-1.141285638e-05
1.672105072e-05
-1.278999396e-05
1.740321253e-05
-1.440650024e-05
1.821113168e-05
-1.633157994e-05
1.920137955e-05
-1.8651138e-05
2.045972434e-05
-2.145669495e-05
2.208418122e-05
-2.481438313e-05
2.41221438e-05
-2.871386947e-05
2.645616069e-05
-3.301834425e-05
2.869027634e-05
-3.745573083e-05
3.014868565e-05
-4.168029966e-05
3.007231384e-05
-4.538247567e-05
2.794304183e-05
-4.838071526e-05
2.371222531e-05
-5.064423818e-05
1.776502932e-05
-5.225585754e-05
1.067478436e-05
-5.33773001e-05
2.968498356e-06
-5.410566111e-05
-4.907796623e-06
-5.458193377e-05
-1.271790642e-05
-5.491689797e-05
-2.034823006e-05
-5.517273775e-05
-2.774802295e-05
-5.532872621e-05
-3.494713609e-05
-5.521716549e-05
-4.201284972e-05
-5.445811842e-05
-4.893597207e-05
-5.244268401e-05
-5.544421186e-05
-4.842245372e-05
-6.078033961e-05
-4.17573383e-05
-6.355709424e-05
-3.235099178e-05
-6.18652807e-05
-2.122091277e-05
-5.391474637e-05
-1.078912592e-05
-3.957494083e-05
-3.718501182e-06
-2.235667979e-05
-5.647642375e-07
-8.31540687e-06
-6.098651184e-07
-8.079301492e-08
2.614039238e-06
-2.925930129e-07
6.345334032e-06
-6.041501155e-07
8.94006239e-06
-9.875475794e-07
1.069983938e-05
-1.420335974e-06
1.186839223e-05
-1.886112934e-06
1.26351404e-05
-2.374137066e-06
1.314205132e-05
-2.878490502e-06
1.349212748e-05
-3.397151305e-06
1.375788967e-05
-3.931184983e-06
1.398903735e-05
-4.484151391e-06
1.421896903e-05
-5.061752612e-06
1.447006644e-05
-5.671711647e-06
1.475776313e-05
-6.323862699e-06
1.509351352e-05
-7.030444288e-06
1.548686719e-05
-7.806612128e-06
1.594693192e-05
-8.671229082e-06
1.648359879e-05
-9.648044011e-06
1.710906025e-05
-1.076741921e-05
1.784042592e-05
-1.206871347e-05
1.870450679e-05
-1.360301506e-05
1.974543328e-05
-1.543468061e-05
2.10330451e-05
-1.763774371e-05
2.266278744e-05
-2.028074749e-05
2.472718499e-05
-2.339488401e-05
2.723628032e-05
-2.693070461e-05
2.999198129e-05
-3.072632115e-05
3.248589289e-05
-3.451927669e-05
3.394164119e-05
-3.801584996e-05
3.356888711e-05
-4.098421565e-05
3.091140753e-05
-4.331692077e-05
2.604493042e-05
-4.50317866e-05
1.947989516e-05
-4.622859802e-05
1.187159578e-05
-4.704360353e-05
3.783503866e-06
-4.757443944e-05
-4.376960719e-06
-4.792240419e-05
-1.236994167e-05
-4.819703724e-05
-2.007359701e-05
-4.850729223e-05
-2.743776796e-05
-4.893384622e-05
-3.45205821e-05
-4.945594509e-05
-4.149075084e-05
-4.984235693e-05
-4.854956023e-05
-4.9558982e-05
-5.572758679e-05
-4.776839134e-05
-6.257093027e-05
-4.349831731e-05
-6.782716826e-05
-3.603895542e-05
-6.932464259e-05
-2.561057103e-05
-6.434313077e-05
-1.417305104e-05
-5.101246082e-05
-5.232681176e-06
-3.129704965e-05
-8.75323301e-07
-1.267276474e-05
-1.485188419e-06
-7.555594136e-08
2.689595179e-06
-2.772746008e-07
6.547052691e-06
-5.762056985e-07
9.238993488e-06
-9.450332172e-07
1.106866689e-05
-1.36110111e-06
1.228446013e-05
-1.807483256e-06
1.308152254e-05
-2.272847145e-06
1.360741521e-05
-2.750717351e-06
1.396999768e-05
-3.238568904e-06
1.424574122e-05
-3.737003478e-06
1.448747193e-05
-4.249127628e-06
1.473109318e-05
-4.780168558e-06
1.500110737e-05
-5.337320364e-06
1.531491494e-05
-5.9298014e-06
1.568599456e-05
-6.569111932e-06
1.612617772e-05
-7.269503209e-06
1.66473232e-05
-8.048698965e-06
1.726279455e-05
-8.92893763e-06
1.798929892e-05
-9.938391552e-06
1.884987984e-05
-1.111286424e-05
1.987897948e-05
-1.24971524e-05
2.112972144e-05
-1.414432361e-05
2.268021631e-05
-1.610950045e-05
2.462796429e-05
-1.843391716e-05
2.705160171e-05
-2.11181102e-05
2.992047336e-05
-2.409230406e-05
3.296617514e-05
-2.720308644e-05
3.559667527e-05
-3.023658766e-05
3.697514241e-05
-3.297929212e-05
3.631159157e-05
-3.528341661e-05
3.321553203e-05
-3.710033515e-05
2.786184896e-05
-3.846771352e-05
2.084727353e-05
-3.946833172e-05
1.287221398e-05
-4.018822354e-05
4.503395688e-06
-4.068412203e-05
-3.881062227e-06
-4.100665783e-05
-1.204740587e-05
-4.12325925e-05
-1.984766234e-05
-4.148013024e-05
-2.719023022e-05
-4.189988432e-05
-3.410082803e-05
-4.26118363e-05
-4.077879885e-05
-4.357850311e-05
-4.758289343e-05
-4.445068265e-05
-5.485540725e-05
-4.446854853e-05
-6.255306439e-05
-4.252612665e-05
-6.976959013e-05
-3.747921733e-05
-7.437155191e-05
-2.877223751e-05
-7.305011059e-05
-1.743972594e-05
-6.23449724e-05
-6.998823442e-06
-4.173795215e-05
-1.264070583e-06
-1.84075176e-05
-2.749259002e-06
-7.080124269e-08
2.760396421e-06
-2.633745896e-07
6.739626037e-06
-5.505669858e-07
9.526185885e-06
-9.052958919e-07
1.14233958e-05
-1.304458679e-06
1.268362291e-05
-1.730455915e-06
1.350751978e-05
-2.171268012e-06
1.40482273e-05
-2.619787798e-06
1.441851747e-05
-3.072909124e-06
1.469886255e-05
-3.530667137e-06
1.494522994e-05
-3.995569964e-06
1.5195996e-05
-4.47216432e-06
1.547770172e-05
-4.966827767e-06
1.580957839e-05
-5.48776442e-06
1.620693121e-05
-6.045186243e-06
1.668359954e-05
-6.651677854e-06
1.725381481e-05
-7.322758414e-06
1.793387511e-05
-8.077650723e-06
1.874419123e-05
-8.940201318e-06
1.971243044e-05
-9.939675786e-06
2.087845395e-05
-1.111065564e-05
2.23007013e-05
-1.249047036e-05
2.406003103e-05
-1.411193933e-05
2.624943326e-05
-1.598988727e-05
2.892954964e-05
-1.810356059e-05
3.203414669e-05
-2.038300495e-05
3.52456195e-05
-2.27109478e-05
3.792461813e-05
-2.494778369e-05
3.921197829e-05
-2.697270797e-05
3.833651585e-05
-2.87166433e-05
3.495946736e-05
-3.016997839e-05
2.931518405e-05
-3.136423679e-05
2.204153193e-05
-3.234235813e-05
1.385033532e-05
-3.313188675e-05
5.292924312e-06
-3.373401987e-05
-3.278929105e-06
-3.415266368e-05
-1.162876206e-05
-3.442052369e-05
-1.957980233e-05
-3.463558794e-05
-2.697516597e-05
-3.497049473e-05
-3.376592124e-05
-3.56362867e-05
-4.011300689e-05
-3.67693306e-05
-4.644984952e-05
-3.824683836e-05
-5.337789949e-05
-3.950124343e-05
-6.129865932e-05
-3.946419637e-05
-6.98066372e-05
-3.676785881e-05
-7.706788947e-05
-3.027416877e-05
-7.954380063e-05
-2.005605457e-05
-7.256308659e-05
-8.84901949e-06
-5.294498723e-05
-1.714324678e-06
-2.554221242e-05
-4.46358368e-06
-6.691007262e-08
2.827306493e-06
-2.520559698e-07
6.924771932e-06
-5.293131091e-07
9.803443024e-06
-8.713074244e-07
1.176539012e-05
-1.254177253e-06
1.306649274e-05
-1.659485125e-06
1.391282765e-05
-2.074447672e-06
1.446318985e-05
-2.491289248e-06
1.483535905e-05
-2.90629013e-06
1.511386343e-05
-3.31886535e-06
1.535780516e-05
-3.730830698e-06
1.560796135e-05
-4.14590139e-06
1.589277242e-05
-4.569412087e-06
1.623308909e-05
-5.008227398e-06
1.664574652e-05
-5.470813706e-06
1.714618585e-05
-5.967451941e-06
1.775045304e-05
-6.510571783e-06
1.847699495e-05
-7.115157453e-06
1.93487769e-05
-7.799071751e-06
2.039634473e-05
-8.582911121e-06
2.166229332e-05
-9.48862022e-06
2.32064104e-05
-1.053576518e-05
2.510717599e-05
-1.173473003e-05
2.744839811e-05
-1.30778127e-05
3.027263231e-05
-1.453253841e-05
3.34888724e-05
-1.604361079e-05
3.675669187e-05
-1.754587938e-05
3.942688671e-05
-1.898447916e-05
4.065057807e-05
-2.033188736e-05
3.968392405e-05
-2.158761575e-05
3.621519575e-05
-2.276432983e-05
3.049189813e-05
-2.387123331e-05
2.314843541e-05
-2.490258446e-05
1.488168647e-05
-2.583195707e-05
6.222296916e-06
-2.661340535e-05
-2.497480828e-06
-2.721908043e-05
-1.102308698e-05
-2.76439685e-05
-1.915491426e-05
-2.79511786e-05
-2.666795587e-05
-2.829136997e-05
-3.342572986e-05
-2.890021586e-05
-3.950416099e-05
-3.002371579e-05
-4.53263496e-05
-3.174449055e-05
-5.165712472e-05
-3.373851413e-05
-5.930463575e-05
-3.510156187e-05
-6.844358946e-05
-3.441710444e-05
-7.775234689e-05
-3.018171542e-05
-8.377918965e-05
-2.168631928e-05
-8.105848273e-05
-1.056238217e-05
-6.406892434e-05
-2.201666608e-06
-3.390292798e-05
-6.665250288e-06
-6.434185798e-08
2.891648351e-06
-2.447231056e-07
7.105153179e-06
-5.149482152e-07
1.007366813e-05
-8.46630578e-07
1.209707248e-05
-1.214749991e-06
1.343461215e-05
-1.599852835e-06
1.429793049e-05
-1.988345661e-06
1.485168268e-05
-2.371800597e-06
1.521881398e-05
-2.745914802e-06
1.548797764e-05
-3.109496529e-06
1.572138688e-05
-3.463645578e-06
1.59621104e-05
-3.811171209e-06
1.624029805e-05
-4.156227653e-06
1.657814553e-05
-4.504125031e-06
1.69936439e-05
-4.861272332e-06
1.750333315e-05
-5.235211634e-06
1.812439235e-05
-5.634691778e-06
1.887647509e-05
-6.069681408e-06
1.978376653e-05
-6.551102407e-06
2.087776573e-05
-7.089858939e-06
2.220104985e-05
-7.694518152e-06
2.381106961e-05
-8.367089555e-06
2.577974739e-05
-9.09764306e-06
2.817895161e-05
-9.860631013e-06
3.103562026e-05
-1.06183367e-05
3.424657809e-05
-1.133655734e-05
3.747491251e-05
-1.200533101e-05
4.009566038e-05
-1.265127571e-05
4.129652277e-05
-1.333419507e-05
4.036684342e-05
-1.411419534e-05
3.699519602e-05
-1.501629182e-05
3.139399461e-05
-1.602508142e-05
2.415722501e-05
-1.709205231e-05
1.594865736e-05
-1.814728324e-05
7.277527841e-06
-1.911903435e-05
-1.52572972e-06
-1.99583943e-05
-1.018372703e-05
-2.063932157e-05
-1.8473987e-05
-2.118986636e-05
-2.611741108e-05
-2.171336467e-05
-3.290223155e-05
-2.241233055e-05
-3.880519512e-05
-2.356148403e-05
-4.417719612e-05
-2.538302921e-05
-4.983557953e-05
-2.778818523e-05
-5.689947974e-05
-3.011121282e-05
-6.612056187e-05
-3.102633236e-05
-7.683722735e-05
-2.884752276e-05
-8.595799924e-05
-2.229400636e-05
-8.761199913e-05
-1.200187255e-05
-7.436105815e-05
-2.710624668e-06
-4.319417587e-05
-9.375874956e-06
-6.365293067e-08
2.955301282e-06
-2.430727553e-07
7.284573006e-06
-5.104774062e-07
1.034107278e-05
-8.35502294e-07
1.242209737e-05
-1.191466084e-06
1.379057594e-05
-1.557712344e-06
1.466417675e-05
-1.919837073e-06
1.521380741e-05
-2.26884836e-06
1.556782527e-05
-2.599972261e-06
1.581910154e-05
-2.911507725e-06
1.603292235e-05
-3.203901303e-06
1.625450398e-05
-3.479074859e-06
1.651547161e-05
-3.739972363e-06
1.683904303e-05
-3.990268836e-06
1.724394038e-05
-4.234182295e-06
1.774724661e-05
-4.476328355e-06
1.836653841e-05
-4.721539014e-06
1.912168575e-05
-4.974512541e-06
2.003674005e-05
-5.239047566e-06
2.114230076e-05
-5.516453869e-06
2.247845615e-05
-5.80270622e-06
2.409732196e-05
-6.084196297e-06
2.606123747e-05
-6.334079487e-06
2.84288348e-05
-6.513429339e-06
3.121497011e-05
-6.5814742e-06
3.431462295e-05
-6.523447586e-06
3.74168859e-05
-6.377753812e-06
3.994996661e-05
-6.238633151e-06
4.115740211e-05
-6.24598128e-06
4.037419155e-05
-6.511545558e-06
3.726076029e-05
-7.069618065e-06
3.195206712e-05
-7.894499195e-06
2.498210614e-05
-8.918828702e-06
1.697298687e-05
-1.003379929e-05
8.392498431e-06
-1.116691503e-05
-3.926139841e-07
-1.224723114e-05
-9.103410914e-06
-1.324706476e-05
-1.747415338e-05
-1.416595696e-05
-2.519851888e-05
-1.505445667e-05
-3.201373184e-05
-1.604928082e-05
-3.781037097e-05
-1.738755726e-05
-4.283891969e-05
-1.934470521e-05
-4.787843158e-05
-2.201370619e-05
-5.423047876e-05
-2.498055888e-05
-6.315370918e-05
-2.711423812e-05
-7.470354811e-05
-2.669847391e-05
-8.637376346e-05
-2.207170112e-05
-9.223877192e-05
-1.301317226e-05
-8.341958701e-05
-3.248042607e-06
-5.295930552e-05
-1.262391756e-05
-6.552675108e-08
3.020828033e-06
-2.491737838e-07
7.468220043e-06
-5.195218812e-07
1.061142088e-05
-8.429564678e-07
1.274553195e-05
-1.190513477e-06
1.413813295e-05
-1.540149704e-06
1.501381298e-05
-1.876718762e-06
1.555037646e-05
-2.190849174e-06
1.588195568e-05
-2.477510462e-06
1.610576282e-05
-2.734690106e-06
1.629010199e-05
-2.962342464e-06
1.648215634e-05
-3.161622475e-06
1.671475162e-05
-3.334349078e-06
1.701176964e-05
-3.482622969e-06
1.739221427e-05
-3.60852338e-06
1.787314702e-05
-3.71380699e-06
1.847182202e-05
-3.799511372e-06
1.920739013e-05
-3.865314531e-06
2.010254321e-05
-3.908421201e-06
2.118540743e-05
-3.92160094e-06
2.249163589e-05
-3.890183209e-06
2.406590423e-05
-3.788128157e-06
2.595918242e-05
-3.575287196e-06
2.821599384e-05
-3.204377261e-06
3.084406018e-05
-2.62918893e-06
3.373943462e-05
-1.851271882e-06
3.663896885e-05
-9.457033434e-07
3.904439807e-05
-7.450437744e-08
4.028620314e-05
6.010206627e-07
3.96986665e-05
9.325408226e-07
3.692924013e-05
8.206736123e-07
3.206393433e-05
2.893598307e-07
2.551341992e-05
-5.501029902e-07
1.781244969e-05
-1.630086128e-06
9.472481571e-06
-2.862570654e-06
8.39870543e-07
-4.166278095e-06
-7.799703473e-06
-5.510140409e-06
-1.613029107e-05
-6.878011721e-06
-2.383064756e-05
-8.25952029e-06
-3.063222327e-05
-9.732011804e-06
-3.633787945e-05
-1.14530606e-05
-4.111787089e-05
-1.367496512e-05
-4.565652706e-05
-1.659546349e-05
-5.130998039e-05
-2.002580729e-05
-5.972336538e-05
-2.307729466e-05
-7.165206074e-05
-2.412507136e-05
-8.532598675e-05
-2.12851475e-05
-9.507869579e-05
-1.363500223e-05
-9.106973228e-05
-3.830907368e-06
-6.276340038e-05
-1.645482493e-05
-7.082301584e-08
3.091651047e-06
-2.655924405e-07
7.662989469e-06
-5.464951323e-07
1.089232357e-05
-8.750076408e-07
1.307404446e-05
-1.219130263e-06
1.448225557e-05
-1.55527549e-06
1.53499582e-05
-1.867726608e-06
1.586282758e-05
-2.147046132e-06
1.616127521e-05
-2.388288626e-06
1.634700532e-05
-2.589443364e-06
1.649125673e-05
-2.750238719e-06
1.664295169e-05
-2.871285294e-06
1.683579819e-05
-2.953471861e-06
1.70939562e-05
-2.997515951e-06
1.743625836e-05
-3.003577786e-06
1.787920886e-05
-2.970848833e-06
1.843909306e-05
-2.897005908e-06
1.913354721e-05
-2.777365671e-06
1.998290297e-05
-2.603582153e-06
2.101162391e-05
-2.361636192e-06
2.224968993e-05
-2.028535691e-06
2.373280373e-05
-1.569834446e-06
2.550048117e-05
-9.337019307e-07
2.757986132e-05
-6.478820455e-08
2.997514645e-05
1.067263732e-06
3.260738268e-05
2.469597162e-06
3.523663542e-05
4.069525484e-06
3.744446975e-05
5.696108781e-06
3.865961985e-05
7.104893703e-06
3.828988158e-05
8.078293315e-06
3.595584052e-05
8.502696466e-06
3.163953118e-05
8.373113067e-06
2.564300332e-05
7.757823355e-06
1.84277394e-05
6.773052297e-06
1.045725263e-05
5.497481113e-06
2.115441725e-06
4.003172849e-06
-6.305395211e-06
2.337479039e-06
-1.446459726e-05
5.332935735e-07
-2.20264621e-05
-1.430160749e-06
-2.866876895e-05
-3.506510418e-06
-3.426152978e-05
-5.763565212e-06
-3.88608161e-05
-8.388179049e-06
-4.303191322e-05
-1.161440312e-05
-4.808375632e-05
-1.542432895e-05
-5.591343956e-05
-1.917865719e-05
-6.78977325e-05
-2.142986547e-05
-8.307477846e-05
-2.020007482e-05
-9.630848645e-05
-1.401428679e-05
-9.725552031e-05
-4.484081259e-06
-7.229360591e-05
-2.093890619e-05
-8.065762345e-08
3.172308671e-06
-2.95590139e-07
7.877921983e-06
-5.968731793e-07
1.119360662e-05
-9.389252901e-07
1.341609657e-05
-1.285826617e-06
1.48291569e-05
-1.612360483e-06
1.567649207e-05
-1.902571428e-06
1.615303853e-05
-2.147444092e-06
1.640614787e-05
-2.342615939e-06
1.654217716e-05
-2.486520418e-06
1.663516121e-05
-2.579032285e-06
1.673546356e-05
-2.620533464e-06
1.687729937e-05
-2.611269191e-06
1.708469193e-05
-2.550867838e-06
1.7375857e-05
-2.437917431e-06
1.776625845e-05
-2.269504702e-06
1.827068033e-05
-2.04060971e-06
1.890465222e-05
-1.743130783e-06
1.968542404e-05
-1.364295041e-06
2.063278817e-05
-8.857647783e-07
2.177115967e-05
-2.779118213e-07
2.312495077e-05
4.972983684e-07
2.472527098e-05
1.484199847e-06
2.659295985e-05
2.746442836e-06
2.871290346e-05
4.337505417e-06
3.10163201e-05
6.25919406e-06
3.331494677e-05
8.432590226e-06
3.527107359e-05
1.068042697e-05
3.64117831e-05
1.274665731e-05
3.622365125e-05
1.437825953e-05
3.43242383e-05
1.540494441e-05
3.06128463e-05
1.577224811e-05
2.527569961e-05
1.551890299e-05
1.868108453e-05
1.472990637e-05
1.124624925e-05
1.348445409e-05
3.360894002e-06
1.18417548e-05
-4.662695913e-06
9.866979689e-06
-1.248982215e-05
7.598786896e-06
-1.975826931e-05
5.114953617e-06
-2.618493567e-05
2.449633897e-06
-3.159621006e-05
-3.9654971e-07
-3.601463249e-05
-3.519303973e-06
-3.990915896e-05
-7.108058596e-06
-4.44950017e-05
-1.12588444e-05
-5.176265375e-05
-1.556453972e-05
-6.359203718e-05
-1.880761117e-05
-7.983170701e-05
-1.901775661e-05
-9.6098341e-05
-1.428866882e-05
-0.0001019846081
-5.237798879e-06
-8.134447585e-05
-2.617670507e-05
-9.653499167e-08
3.268843664e-06
-3.434371634e-07
8.124824153e-06
-6.776083038e-07
1.152777776e-05
-1.043640134e-06
1.37821284e-05
-1.400703678e-06
1.518622044e-05
-1.722027831e-06
1.599781622e-05
-1.991996813e-06
1.642300751e-05
-2.20274344e-06
1.66168945e-05
-2.351177132e-06
1.669061086e-05
-2.436758195e-06
1.672074227e-05
-2.459980154e-06
1.675868551e-05
-2.421386329e-06
1.683870555e-05
-2.320927767e-06
1.698423337e-05
-2.157499969e-06
1.721242921e-05
-1.92853562e-06
1.75372941e-05
-1.629560099e-06
1.797170481e-05
-1.253632269e-06
1.852872439e-05
-7.90644464e-07
1.922243624e-05
-2.234366179e-07
2.006558033e-05
4.672733216e-07
2.108044973e-05
1.307736326e-06
2.228448776e-05
2.341332344e-06
2.369167497e-05
3.621792929e-06
2.531249926e-05
5.203986486e-06
2.71307099e-05
7.137239775e-06
2.908306682e-05
9.430706427e-06
3.102148012e-05
1.202003391e-05
3.26817461e-05
1.474329749e-05
3.368851952e-05
1.735267076e-05
3.361427798e-05
1.957551605e-05
3.210139301e-05
2.119553099e-05
2.899283136e-05
2.209881414e-05
2.437241647e-05
2.22706556e-05
1.850924306e-05
2.175791766e-05
1.175898719e-05
2.062543741e-05
4.493374252e-06
1.891775053e-05
-2.955009033e-06
1.672065119e-05
-1.029272281e-05
1.409225246e-05
-1.712987057e-05
1.112148913e-05
-2.321417234e-05
7.895928473e-06
-2.837064941e-05
4.483659798e-06
-3.260236382e-05
8.657696594e-07
-3.629126882e-05
-3.097599101e-06
-4.053163294e-05
-7.555251955e-06
-4.73050009e-05
-1.229485843e-05
-5.88524307e-05
-1.635137586e-05
-7.577518958e-05
-1.784838371e-05
-9.460133315e-05
-1.454628361e-05
-0.0001052867082
-6.113329612e-06
-8.977742985e-05
-3.229003468e-05
-1.205703929e-07
3.38941406e-06
-4.149148453e-07
8.419168605e-06
-7.977627407e-07
1.191062565e-05
-1.200339067e-06
1.418470473e-05
-1.57589962e-06
1.5561781e-05
-1.896509337e-06
1.631842594e-05
-2.147852872e-06
1.667435105e-05
-2.324261186e-06
1.679330281e-05
-2.424835103e-06
1.679118477e-05
-2.450790077e-06
1.674669724e-05
-2.403794639e-06
1.671169008e-05
-2.284988751e-06
1.671989966e-05
-2.094402841e-06
1.679364746e-05
-1.830569685e-06
1.694859605e-05
-1.490187757e-06
1.719691217e-05
-1.067753142e-06
1.75492702e-05
-5.550434566e-07
1.80160147e-05
6.194285511e-08
1.860544993e-05
7.925284119e-07
1.933499477e-05
1.662987731e-06
2.020999041e-05
2.703725923e-06
2.124374957e-05
3.95190796e-06
2.244349293e-05
5.455110515e-06
2.38092967e-05
7.265170526e-06
2.532064989e-05
9.42695016e-06
2.692128718e-05
1.195429101e-05
2.849413927e-05
1.479875407e-05
2.983728305e-05
1.782510475e-05
3.066216883e-05
2.081119375e-05
3.062818898e-05
2.348870788e-05
2.942387888e-05
2.561284014e-05
2.686869911e-05
2.701647551e-05
2.29687811e-05
2.762526649e-05
1.790045208e-05
2.743771847e-05
1.194653521e-05
2.649402248e-05
5.437070243e-06
2.4817135e-05
-1.27812155e-06
2.250802323e-05
-7.983611038e-06
1.963646139e-05
-1.425830874e-05
1.630966006e-05
-1.988737101e-05
1.264791139e-05
-2.470890074e-05
8.763974722e-06
-2.871842715e-05
4.706282777e-06
-3.223357687e-05
3.958591106e-07
-3.622120927e-05
-4.293519505e-06
-4.261562228e-05
-9.352299352e-06
-5.379365086e-05
-1.406370645e-05
-7.106378248e-05
-1.671084593e-05
-9.195419368e-05
-1.480804733e-05
-0.0001071895068
-7.108505797e-06
-9.747697139e-05
-3.939854048e-05
-1.558736873e-07
3.545287749e-06
-5.181311712e-07
8.78142609e-06
-9.694820874e-07
1.236197657e-05
-1.423326682e-06
1.463854932e-05
-1.826193204e-06
1.596464752e-05
-2.149961307e-06
1.664219404e-05
-2.383162812e-06
1.690755255e-05
-2.523810812e-06
1.693395081e-05
-2.574384321e-06
1.684175828e-05
-2.538719499e-06
1.671103242e-05
-2.420268102e-06
1.659323868e-05
-2.221204654e-06
1.652083621e-05
-1.941990085e-06
1.651443289e-05
-1.581133938e-06
1.65877399e-05
-1.134997785e-06
1.675077602e-05
-5.974347592e-07
1.701170717e-05
4.109028404e-08
1.737748966e-05
7.88854526e-07
1.785768568e-05
1.666192612e-06
1.845765669e-05
2.692511699e-06
1.918367132e-05
3.89513981e-06
2.004112146e-05
5.308140966e-06
2.103049177e-05
6.972610864e-06
2.214482681e-05
8.932377053e-06
2.33608837e-05
1.122536508e-05
2.462829915e-05
1.386587923e-05
2.585362512e-05
1.68190364e-05
2.688412588e-05
1.997774029e-05
2.750346493e-05
2.315506055e-05
2.745086872e-05
2.610695407e-05
2.647198536e-05
2.858407266e-05
2.439158052e-05
3.038453576e-05
2.1168318e-05
3.138184845e-05
1.690313939e-05
3.152260812e-05
1.180577554e-05
3.081013765e-05
6.149540713e-06
2.92768845e-05
2.551316003e-07
2.697292783e-05
-5.679654374e-06
2.400148711e-05
-1.128686802e-05
2.047858266e-05
-1.636446656e-05
1.654419915e-05
-2.077451722e-05
1.234265539e-05
-2.451688339e-05
7.978643692e-06
-2.786956518e-05
3.445962411e-06
-3.168852799e-05
-1.417334323e-06
-3.775232555e-05
-6.666130572e-06
-4.854485461e-05
-1.187310862e-05
-6.585680444e-05
-1.55383003e-05
-8.8289002e-05
-1.501735581e-05
-0.0001077104513
-8.177858541e-06
-0.0001043164687
-4.757639902e-05
-2.072331294e-07
3.752520878e-06
-6.648699215e-07
9.239062883e-06
-1.209497057e-06
1.29066037e-05
-1.731255759e-06
1.516030803e-05
-2.169785416e-06
1.640317718e-05
-2.498808815e-06
1.697121744e-05
-2.712128579e-06
1.712087232e-05
-2.813483251e-06
1.703530548e-05
-2.810201603e-06
1.683847663e-05
-2.70970621e-06
1.661053703e-05
-2.51783463e-06
1.64013671e-05
-2.238175562e-06
1.624117714e-05
-1.87189073e-06
1.614814806e-05
-1.417718691e-06
1.613356786e-05
-8.72033553e-07
1.620509088e-05
-2.289697464e-07
1.636864337e-05
5.210923463e-07
1.662742757e-05
1.38933231e-06
1.698944572e-05
2.391186505e-06
1.745580249e-05
3.545557776e-06
1.802930005e-05
4.876373604e-06
1.871030563e-05
6.412264324e-06
1.949460105e-05
8.186458274e-06
2.037063286e-05
1.023340515e-05
2.131393682e-05
1.258205801e-05
2.227964629e-05
1.524309067e-05
2.319259247e-05
1.818995229e-05
2.393726426e-05
2.13393413e-05
2.435407593e-05
2.454050805e-05
2.424970197e-05
2.758479494e-05
2.342769846e-05
3.023955863e-05
2.173681684e-05
3.229196193e-05
1.911591469e-05
3.358194268e-05
1.561315864e-05
3.401358815e-05
1.137413007e-05
3.35511904e-05
6.611938468e-06
3.222576123e-05
1.580560766e-06
3.004196805e-05
-3.495861194e-06
2.711565804e-05
-8.360558007e-06
2.356576066e-05
-1.281456918e-05
1.954041301e-05
-1.674916957e-05
1.520277569e-05
-2.017924608e-05
1.069548554e-05
-2.336227502e-05
6.063072488e-06
-2.705611494e-05
1.179357877e-06
-3.286861094e-05
-4.115282738e-06
-4.325021399e-05
-9.652409484e-06
-6.031967769e-05
-1.419692243e-05
-8.374448906e-05
-1.504858105e-05
-0.0001068587927
-9.221714046e-06
-0.0001101433357
-5.679811307e-05
-2.823762681e-07
4.034897144e-06
-8.728675732e-07
9.82955419e-06
-1.54144893e-06
1.357518506e-05
-2.148849318e-06
1.576770841e-05
-2.629244791e-06
1.688357265e-05
-2.962031486e-06
1.730400414e-05
-3.149964746e-06
1.730880558e-05
-3.20521674e-06
1.709055747e-05
-3.141683262e-06
1.677494315e-05
-2.971346603e-06
1.644020037e-05
-2.702929094e-06
1.613294959e-05
-2.341670244e-06
1.587991829e-05
-1.889547965e-06
1.569602578e-05
-1.345592662e-06
1.558961256e-05
-7.061016713e-07
1.556559989e-05
3.54335079e-08
1.562710819e-05
8.853167766e-07
1.57775443e-05
1.857211872e-06
1.601755063e-05
2.964259424e-06
1.634875494e-05
4.223026055e-06
1.677053342e-05
5.653378309e-06
1.727995338e-05
7.278132364e-06
1.7869847e-05
9.122356752e-06
1.852640847e-05
1.121078459e-05
1.922550898e-05
1.356263797e-05
1.992779291e-05
1.618252584e-05
2.05727046e-05
1.904707509e-05
2.107271501e-05
2.20900137e-05
2.131113732e-05
2.519168324e-05
2.114803242e-05
2.818093276e-05
2.043844895e-05
3.085484177e-05
1.906290783e-05
3.301072387e-05
1.696003258e-05
3.447707386e-05
1.414680865e-05
3.513245144e-05
1.071875249e-05
3.491177274e-05
6.832617168e-06
3.380810007e-05
2.684233431e-06
3.183900457e-05
-1.526765692e-06
2.908508876e-05
-5.606642193e-06
2.566448544e-05
-9.393965867e-06
2.172585469e-05
-1.281053882e-05
1.744029622e-05
-1.589368761e-05
1.297284298e-05
-1.889482177e-05
8.409158318e-06
-2.249243028e-05
3.656707851e-06
-2.811616047e-05
-1.54826921e-06
-3.804523693e-05
-7.226108093e-06
-5.464183881e-05
-1.250009691e-05
-7.847050024e-05
-1.472560326e-05
-0.0001046332863
-1.01035037e-05
-0.0001147654352
-6.690161676e-05
-3.9437914e-07
4.429276283e-06
-1.169734368e-06
1.060490942e-05
-1.999489444e-06
1.440494013e-05
-2.709225141e-06
1.647744411e-05
-3.232505377e-06
1.740685289e-05
-3.561185472e-06
1.763268423e-05
-3.712328979e-06
1.745994908e-05
-3.709908557e-06
1.708813705e-05
-3.576181886e-06
1.664121648e-05
-3.328480124e-06
1.619249861e-05
-2.978649154e-06
1.578311862e-05
-2.533568969e-06
1.543483811e-05
-1.995956171e-06
1.515841298e-05
-1.365110207e-06
1.49587666e-05
-6.375113355e-07
1.483800102e-05
1.92601005e-07
1.479699585e-05
1.134022278e-06
1.483612303e-05
2.196481166e-06
1.495509174e-05
3.392399002e-06
1.51528371e-05
4.735888248e-06
1.542704418e-05
6.242832725e-06
1.57730089e-05
7.930434702e-06
1.618224502e-05
9.816221949e-06
1.664062122e-05
1.191588886e-05
1.712584208e-05
1.42393593e-05
1.760432247e-05
1.678435554e-05
1.802770836e-05
1.952722801e-05
1.832984253e-05
2.241241252e-05
1.842595282e-05
2.534391483e-05
1.821653011e-05
2.8183966e-05
1.759839778e-05
3.076342048e-05
1.648345335e-05
3.290296137e-05
1.482049169e-05
3.443797188e-05
1.261179814e-05
3.523874594e-05
9.917978436e-06
3.522179575e-05
6.849567357e-06
3.435461453e-05
3.551414653e-06
3.265283777e-05
1.750110678e-07
3.017053596e-05
-3.12434038e-06
2.701502351e-05
-6.238453426e-06
2.332783372e-05
-9.123349025e-06
1.927739228e-05
-1.184324617e-05
1.503532932e-05
-1.465275881e-05
1.070802817e-05
-1.816512913e-05
6.221724346e-06
-2.362985665e-05
1.269231235e-06
-3.309274382e-05
-4.358490407e-06
-4.901411717e-05
-1.021478664e-05
-7.2614204e-05
-1.382284284e-05
-0.0001010252301
-1.070558284e-05
-0.0001178826952
-7.760719961e-05
-5.664366918e-07
4.995712975e-06
-1.59984536e-06
1.163831809e-05
-2.633805686e-06
1.543890046e-05
-3.456809542e-06
1.730044796e-05
-4.013555241e-06
1.796359858e-05
-4.319670164e-06
1.793879915e-05
-4.413776619e-06
1.755405554e-05
-4.335344204e-06
1.700970464e-05
-4.116435093e-06
1.642230737e-05
-3.779978945e-06
1.585604246e-05
-3.340691507e-06
1.534383118e-05
-2.80671336e-06
1.490085996e-05
-2.181168575e-06
1.45328682e-05
-1.463395311e-06
1.424099334e-05
-6.498050929e-07
1.40244108e-05
2.65524506e-07
1.388166625e-05
1.289948849e-06
1.381169869e-05
2.433188851e-06
1.381185174e-05
3.70577834e-06
1.388024761e-05
5.119320146e-06
1.401350237e-05
6.686066479e-06
1.420626257e-05
8.418241072e-06
1.445007043e-05
1.032693077e-05
1.473193152e-05
1.242019834e-05
1.503257452e-05
1.470004361e-05
1.53244772e-05
1.715784962e-05
1.556990234e-05
1.976820891e-05
1.571948325e-05
2.248187857e-05
1.571228317e-05
2.521973622e-05
1.547867246e-05
2.787080048e-05
1.494733352e-05
3.029752474e-05
1.405672908e-05
3.234911697e-05
1.276889946e-05
3.387964197e-05
1.108127314e-05
3.476581842e-05
9.031801981e-06
3.491997926e-05
6.695406512e-06
3.429840262e-05
4.172991293e-06
3.290090195e-05
1.572511744e-06
3.077958754e-05
-1.003025974e-06
2.801489652e-05
-3.473762404e-06
2.473711826e-05
-5.845570761e-06
2.110032639e-05
-8.206454305e-06
1.726526814e-05
-1.081770056e-05
1.333678404e-05
-1.423664503e-05
9.254239537e-06
-1.954731215e-05
4.691464276e-06
-2.852996856e-05
-8.068927625e-07
-4.351576013e-05
-7.035107005e-06
-6.638598976e-05
-1.201799289e-05
-9.604234423e-05
-1.070018042e-05
-0.0001192005077
-8.830738003e-05
-8.414781772e-07
5.837191151e-06
-2.236614844e-06
1.303345475e-05
-3.518862024e-06
1.672114764e-05
-4.450357274e-06
1.823194321e-05
-5.011750667e-06
1.852499198e-05
-5.259827203e-06
1.818687569e-05
-5.263267763e-06
1.75574961e-05
-5.079971937e-06
1.682640881e-05
-4.75201267e-06
1.60943481e-05
-4.307086766e-06
1.541111655e-05
-3.761812617e-06
1.479855703e-05
-3.124853173e-06
1.426390052e-05
-2.399313239e-06
1.380732826e-05
-1.58442962e-06
1.342610972e-05
-6.76704775e-07
1.311668595e-05
3.293519123e-07
1.287560956e-05
1.44089267e-06
1.270015793e-05
2.665910233e-06
1.258683417e-05
4.013357635e-06
1.253280021e-05
5.492489927e-06
1.253437008e-05
7.11237591e-06
1.258637658e-05
8.881133098e-06
1.268131324e-05
1.080479047e-05
1.280827415e-05
1.288562192e-05
1.295174307e-05
1.511975219e-05
1.309034692e-05
1.749389456e-05
1.319575997e-05
1.998122746e-05
1.323215035e-05
2.253689866e-05
1.315661197e-05
2.509415729e-05
1.292141383e-05
2.756297126e-05
1.247851955e-05
2.983300221e-05
1.178669813e-05
3.178207254e-05
1.081982914e-05
3.328867508e-05
9.574670604e-06
3.424609558e-05
8.074381477e-06
3.457417989e-05
6.367322211e-06
3.422824272e-05
4.518928459e-06
3.320102803e-05
2.599726436e-06
3.153306008e-05
6.649419713e-07
2.929674689e-05
-1.237449205e-06
2.659009593e-05
-3.138919803e-06
2.354257961e-05
-5.158937982e-06
2.028529323e-05
-7.560414188e-06
1.689714182e-05
-1.084849362e-05
1.331458294e-05
-1.596475327e-05
9.204064849e-06
-2.441945046e-05
4.033153866e-06
-3.834484915e-05
-2.436636374e-06
-5.991619952e-05
-8.935664165e-06
-8.954331644e-05
-9.89272496e-06
-0.0001182434469
-9.820010499e-05
-1.301215736e-06
7.138406886e-06
-3.203989096e-06
1.493622811e-05
-4.764373814e-06
1.828153236e-05
-5.763749525e-06
1.923131892e-05
-6.2659938e-06
1.902723625e-05
-6.391960168e-06
1.831284206e-05
-6.247069902e-06
1.741260583e-05
-5.907387781e-06
1.648672669e-05
-5.422784083e-06
1.560974441e-05
-4.823594134e-06
1.48119266e-05
-4.127067727e-06
1.410203063e-05
-3.341959795e-06
1.347879258e-05
-2.471553558e-06
1.293692203e-05
-1.515571618e-06
1.247012778e-05
-4.713938795e-07
1.207250822e-05
6.652679928e-07
1.173894769e-05
1.899982132e-06
1.146544379e-05
3.23897561e-06
1.124784069e-05
4.688994263e-06
1.108278156e-05
6.256829934e-06
1.096653441e-05
7.948723989e-06
1.089448253e-05
9.769578521e-06
1.086045871e-05
1.172187208e-05
1.085598059e-05
1.380421264e-05
1.086940251e-05
1.600942275e-05
1.088513681e-05
1.832217719e-05
1.088300554e-05
2.071623473e-05
1.083809281e-05
2.315167428e-05
1.072117241e-05
2.557262441e-05
1.05004637e-05
2.790678312e-05
1.014436084e-05
3.006743154e-05
9.626049712e-06
3.195928698e-05
8.927973694e-06
3.348684142e-05
8.047116167e-06
3.456509078e-05
6.996132117e-06
3.512835934e-05
5.804053652e-06
3.513866636e-05
4.508621434e-06
3.45873053e-05
3.151087502e-06
3.349447472e-05
1.757772546e-06
3.193081835e-05
3.262071665e-07
2.995744412e-05
-1.165545574e-06
2.765774583e-05
-2.859239695e-06
2.511807098e-05
-5.020739335e-06
2.236668683e-05
-8.097109465e-06
1.931427974e-05
-1.291234618e-05
1.562259019e-05
-2.072776092e-05
1.071391945e-05
-3.34361784e-05
3.944408672e-06
-5.314668875e-05
-4.113646123e-06
-8.148526164e-05
-8.006579087e-06
-0.0001143505139
-0.0001062066841
-2.107077665e-06
9.245484552e-06
-4.714435717e-06
1.754358616e-05
-6.524061682e-06
2.009115832e-05
-7.471925025e-06
2.017918226e-05
-7.78290766e-06
1.933821889e-05
-7.659546673e-06
1.818948107e-05
-7.241779949e-06
1.699483911e-05
-6.618941565e-06
1.586388831e-05
-5.846281391e-06
1.483708423e-05
-4.956387816e-06
1.392203303e-05
-3.968553003e-06
1.311419582e-05
-2.89379383e-06
1.240403341e-05
-1.738022779e-06
1.178115098e-05
-5.03687012e-07
1.123579201e-05
8.088774227e-07
1.075994378e-05
2.200926906e-06
1.034689821e-05
3.675249723e-06
9.991120973e-06
5.235195305e-06
9.687895109e-06
6.884809521e-06
9.433167338e-06
8.628310539e-06
9.223033387e-06
1.04695153e-05
9.053277764e-06
1.241111993e-05
8.918854081e-06
1.445372706e-05
8.813373464e-06
1.659465021e-05
8.728479358e-06
1.882637338e-05
8.653413635e-06
2.113487146e-05
8.574507457e-06
2.349765332e-05
8.47531095e-06
2.588216758e-05
8.336658159e-06
2.824441512e-05
8.138216156e-06
3.052923628e-05
7.859539683e-06
3.26715737e-05
7.483712294e-06
3.460104701e-05
6.998500387e-06
3.624682743e-05
6.401335748e-06
3.754603272e-05
5.696926825e-06
3.844845125e-05
4.90163512e-06
3.892450178e-05
4.032570912e-06
3.896372253e-05
3.111866746e-06
3.857853764e-05
2.14295744e-06
3.778669714e-05
1.118047666e-06
3.666187214e-05
-4.072057899e-08
3.520167246e-05
-1.399040016e-06
3.344381367e-05
-3.262880547e-06
3.134038988e-05
-5.993685675e-06
2.874444444e-05
-1.031640074e-05
2.528112844e-05
-1.726444492e-05
2.032193708e-05
-2.847698704e-05
1.299686071e-05
-4.582161238e-05
3.167238772e-06
-7.16556397e-05
-4.321404806e-06
-0.0001068618703
-0.0001105280889
-3.629756168e-06
1.287524072e-05
-7.138989234e-06
2.105281923e-05
-9.000194967e-06
2.195236406e-05
-9.570955557e-06
2.074994285e-05
-9.335330238e-06
1.910259357e-05
-8.58774997e-06
1.74419008e-05
-7.503595516e-06
1.591068465e-05
-6.192256528e-06
1.455254932e-05
-4.725826034e-06
1.337065374e-05
-3.146834e-06
1.2343041e-05
-1.483985751e-06
1.145134757e-05
2.446564338e-07
1.067539123e-05
2.027871181e-06
9.99793623e-06
3.858407309e-06
9.405255883e-06
5.732306537e-06
8.886044555e-06
7.647946689e-06
8.431258053e-06
9.605456698e-06
8.033610962e-06
1.160628337e-05
7.687068432e-06
1.365284454e-05
7.386606168e-06
1.574812165e-05
7.127756279e-06
1.789512645e-05
6.90627296e-06
2.009630796e-05
6.717672577e-06
2.235271871e-05
6.556962709e-06
2.466313023e-05
6.418067841e-06
2.702278013e-05
6.293763733e-06
2.942227801e-05
6.175009579e-06
3.184606041e-05
6.051528552e-06
3.427163662e-05
5.91108195e-06
3.666835933e-05
5.741493448e-06
3.899831178e-05
5.529587237e-06
4.121640078e-05
5.265623297e-06
4.327448656e-05
4.940414599e-06
4.512283894e-05
4.552983374e-06
4.671764948e-05
4.102116286e-06
4.802082094e-05
3.598463653e-06
4.900900547e-05
3.044386393e-06
4.966661297e-05
2.454259239e-06
4.99962213e-05
1.813349107e-06
4.999922124e-05
1.115047727e-06
4.966197089e-05
2.965297705e-07
4.899527793e-05
-7.323470533e-07
4.793829053e-05
-2.205893147e-06
4.635449115e-05
-4.409886289e-06
4.399593647e-05
-7.957846052e-06
4.039040848e-05
-1.365891693e-05
3.479623108e-05
-2.288280964e-05
2.63288464e-05
-3.73542277e-05
1.419883586e-05
-5.952562916e-05
2.191094125e-06
-9.485412861e-05
-0.0001083369948
-7.492109934e-06
2.036735065e-05
-1.142602612e-05
2.498673541e-05
-1.196028382e-05
2.248662176e-05
-1.071988628e-05
1.950954531e-05
-8.545832452e-06
1.692853975e-05
-5.864311031e-06
1.476037938e-05
-2.920719013e-06
1.296709264e-05
1.365038046e-07
1.14953265e-05
3.225655043e-06
1.02815025e-05
6.297283146e-06
9.271412892e-06
9.328166474e-06
8.420464238e-06
1.230682383e-05
7.696733868e-06
1.522821173e-05
7.076548334e-06
1.809155865e-05
6.541908959e-06
2.089877312e-05
6.078830088e-06
2.365363463e-05
5.67639654e-06
2.636120503e-05
5.326040564e-06
2.902738204e-05
5.020891417e-06
3.165859729e-05
4.755390922e-06
3.426154355e-05
4.524810017e-06
3.684278068e-05
4.325035825e-06
3.940837556e-05
4.152077697e-06
4.196327262e-05
4.002065653e-06
4.451077456e-05
3.870565906e-06
4.705155891e-05
3.752979387e-06
4.958309886e-05
3.643469622e-06
5.209836689e-05
3.536260529e-06
5.458565103e-05
3.423797809e-06
5.702725202e-05
3.299892455e-06
5.940065198e-05
3.15618728e-06
6.167762054e-05
2.988654742e-06
6.382790194e-05
2.790133194e-06
6.581838593e-05
2.562499382e-06
6.761975717e-05
2.30074505e-06
6.92032956e-05
2.014925226e-06
7.054965686e-05
1.698025124e-06
7.163857577e-05
1.365340333e-06
7.245972406e-05
9.922008185e-07
7.299557001e-05
5.792017804e-07
7.321513501e-05
7.696476708e-08
7.306375556e-05
-5.809676032e-07
7.24211825e-05
-1.563320087e-06
7.105992757e-05
-3.048631359e-06
6.859020758e-05
-5.488126068e-06
6.438535204e-05
-9.454061389e-06
5.745065168e-05
-1.594810928e-05
4.67198056e-05
-2.662338162e-05
3.083072198e-05
-4.363654554e-05
1.14492309e-05
-7.547263753e-05
-9.688776386e-05
-1.506520175e-05
3.54325524e-05
-1.219553759e-05
2.211707125e-05
-4.848172487e-06
1.513925666e-05
2.710389059e-06
1.195098376e-05
9.914307886e-06
9.724620918e-06
1.667518021e-05
7.999507064e-06
2.296136711e-05
6.680905735e-06
2.877595392e-05
5.680739691e-06
3.415130798e-05
4.906148438e-06
3.913332886e-05
4.289392018e-06
4.376646558e-05
3.787327512e-06
4.809042369e-05
3.37277576e-06
5.214005649e-05
3.026915537e-06
5.594617148e-05
2.735793967e-06
5.953612242e-05
2.488879147e-06
6.293430229e-05
2.278216678e-06
6.616257542e-05
2.097767433e-06
6.924066316e-05
1.942803673e-06
7.218645342e-05
1.809600664e-06
7.501621702e-05
1.695046412e-06
7.774466945e-05
1.596583401e-06
8.038495173e-05
1.511795407e-06
8.294842814e-05
1.438589253e-06
8.544442177e-05
1.374572271e-06
8.787975281e-05
1.317648347e-06
9.025828057e-05
1.264941867e-06
9.258032724e-05
1.214213855e-06
9.484224189e-05
1.161883165e-06
9.703611201e-05
1.106022337e-06
9.914973427e-05
1.042565014e-06
0.000101167238
9.711510435e-07
0.0001030696745
8.87696626e-07
0.0001048370321
7.951417869e-07
0.0001064486813
6.890959195e-07
0.00010788672
5.768864724e-07
0.000109133506
4.512391203e-07
0.0001101755597
3.232867048e-07
0.0001109890903
1.786701966e-07
0.000111533775
3.451705544e-08
0.0001118036338
-1.928940251e-07
0.0001116894672
-4.668010075e-07
0.0001110229362
-8.967891087e-07
0.0001095232271
-1.54892228e-06
0.0001066717607
-2.636659638e-06
0.0001016524737
-4.434774407e-06
9.320117569e-05
-7.49681125e-06
7.968464047e-05
-1.31068464e-05
5.921950091e-05
-2.317140598e-05
2.877039196e-05
-4.502352857e-05
-6.81173719e-05
3.54325524e-05
5.754962365e-05
7.268888031e-05
8.463986408e-05
9.4364485e-05
0.0001023639921
0.0001090448978
0.0001147256375
0.0001196317859
0.0001239211779
0.0001277085055
0.0001310812812
0.0001341081968
0.0001368439907
0.0001393328699
0.0001416110865
0.000143708854
0.0001456516576
0.0001474612583
0.0001491563047
0.0001507528881
0.0001522646835
0.0001537032728
0.0001550778451
0.0001563954934
0.0001576604353
0.0001588746491
0.0001600365323
0.0001611425546
0.0001621851196
0.0001631562707
0.0001640439673
0.0001648391091
0.000165528205
0.0001661050915
0.0001665563306
0.0001668796173
0.0001670582875
0.0001670928046
0.0001668999105
0.0001664331095
0.0001655363204
0.0001639873981
0.0001613507385
0.0001569159641
0.0001494191529
0.0001363123065
0.0001131409005
6.81173719e-05
)
;

boundaryField
{
    movingWall
    {
        type            calculated;
        value           uniform 0;
    }
    fixedWalls
    {
        type            calculated;
        value           uniform 0;
    }
    frontAndBack
    {
        type            empty;
    }
}


// ************************************************************************* //
