/*--------------------------------*- C++ -*----------------------------------*\
  =========                 |
  \\      /  F ield         | OpenFOAM: The Open Source CFD Toolbox
   \\    /   O peration     | Website:  https://openfoam.org
    \\  /    A nd           | Version:  11
     \\/     M anipulation  |
\*---------------------------------------------------------------------------*/
FoamFile
{
    format      ascii;
    class       volScalarField;
    location    "50";
    object      gradTy;
}
// * * * * * * * * * * * * * * * * * * * * * * * * * * * * * * * * * * * * * //

dimensions      [0 -1 0 1 0 0 0];

internalField   nonuniform List<scalar> 
4000
(
-1.379452108e-09
-4.130029652e-09
-6.813993814e-09
-9.370282328e-09
-1.177113962e-08
-1.398603455e-08
-1.599276267e-08
-1.778577285e-08
-1.93983718e-08
-2.085276396e-08
-2.216560269e-08
-2.337019467e-08
-2.449151992e-08
-2.555178291e-08
-2.656208586e-08
-2.755295991e-08
-2.853273173e-08
-2.952083022e-08
-3.051447983e-08
-3.1510905e-08
-3.252120795e-08
-3.35509398e-08
-3.459454945e-08
-3.564371021e-08
-3.670674875e-08
-3.776146063e-08
-3.883282584e-08
-3.989308883e-08
-4.094780071e-08
-4.199141035e-08
-4.30211422e-08
-4.40286696e-08
-4.501121698e-08
-4.597433545e-08
-4.690414723e-08
-4.780065233e-08
-4.865829961e-08
-4.948819132e-08
-5.0268123e-08
-5.101197242e-08
-5.170863737e-08
-5.235811784e-08
-5.297151606e-08
-5.353495425e-08
-5.40484324e-08
-5.450917495e-08
-5.491440636e-08
-5.527245328e-08
-5.556943794e-08
-5.581923812e-08
-5.601075159e-08
-5.614952947e-08
-5.623002064e-08
-5.625777622e-08
-5.622724508e-08
-5.615230503e-08
-5.601075159e-08
-5.581923812e-08
-5.556943794e-08
-5.526412661e-08
-5.490052857e-08
-5.448697049e-08
-5.402067682e-08
-5.350442311e-08
-5.292433158e-08
-5.229983113e-08
-5.162537065e-08
-5.090095012e-08
-5.013212068e-08
-4.930778008e-08
-4.843070389e-08
-4.750089211e-08
-4.653777363e-08
-4.552747068e-08
-4.447275881e-08
-4.335976023e-08
-4.221623051e-08
-4.10199652e-08
-3.97903932e-08
-3.851641228e-08
-3.721467579e-08
-3.587130593e-08
-3.448907826e-08
-3.307076835e-08
-3.16219273e-08
-3.014255512e-08
-2.863542736e-08
-2.709776847e-08
-2.553790512e-08
-2.395306176e-08
-2.234046281e-08
-2.070288385e-08
-1.904310043e-08
-1.736666366e-08
-1.566802244e-08
-1.395827898e-08
-1.222633106e-08
-1.04971587e-08
-8.756884107e-09
-7.005507285e-09
-5.231926004e-09
-3.47222251e-09
-1.698641228e-09
6.661338148e-11
1.845745778e-09
3.60822483e-09
5.379030554e-09
7.138734048e-09
8.898437542e-09
1.064148769e-08
1.239286451e-08
1.411926132e-08
1.582900477e-08
1.752487044e-08
1.919298054e-08
2.084721284e-08
2.247924069e-08
2.410294186e-08
2.569888746e-08
2.727817972e-08
2.882971639e-08
3.034794638e-08
3.183564523e-08
3.329281295e-08
3.471944954e-08
3.611555499e-08
3.746170041e-08
3.877731469e-08
4.005129561e-08
4.128641873e-08
4.247435736e-08
4.362898931e-08
4.473643678e-08
4.580502644e-08
4.682365606e-08
4.780620344e-08
4.873879078e-08
4.96269692e-08
5.047628981e-08
5.126454816e-08
5.19945198e-08
5.26745314e-08
5.33156852e-08
5.389022562e-08
5.442035711e-08
5.489775301e-08
5.532518887e-08
5.569711359e-08
5.601352715e-08
5.626887845e-08
5.647426971e-08
5.66185987e-08
5.670741654e-08
5.673794767e-08
5.671574321e-08
5.663525204e-08
5.650202528e-08
5.631606292e-08
5.606626274e-08
5.576650253e-08
5.539735337e-08
5.497824418e-08
5.452305274e-08
5.400957459e-08
5.344058529e-08
5.282718707e-08
5.216382881e-08
5.143940829e-08
5.066225217e-08
4.983513602e-08
4.895528427e-08
4.801437026e-08
4.702349621e-08
4.599653991e-08
4.49112969e-08
4.379413499e-08
4.261313524e-08
4.138495102e-08
4.011929677e-08
3.880784583e-08
3.74492104e-08
3.604061494e-08
3.458344722e-08
3.309436059e-08
3.154559947e-08
2.99607561e-08
2.832456492e-08
2.66384137e-08
2.490369022e-08
2.311206782e-08
2.127742427e-08
1.939004513e-08
1.744993039e-08
1.544736561e-08
1.338235078e-08
1.123962035e-08
9.016398739e-09
6.675215936e-09
4.195255254e-09
1.530719995e-09
-2.489675133e-09
-7.480127628e-09
-1.248168235e-08
-1.750544154e-08
-2.256250742e-08
-2.766398222e-08
-3.278211036e-08
-3.789191183e-08
-4.299061107e-08
-4.805600362e-08
-5.307698725e-08
-5.801747971e-08
-6.288303211e-08
-6.764866445e-08
-7.231715227e-08
-7.687184223e-08
-8.130995877e-08
-8.563150189e-08
-8.983092048e-08
-9.390543898e-08
-9.785228183e-08
-1.016658979e-07
-1.053490628e-07
-1.088990009e-07
-1.123129367e-07
-1.155880947e-07
-1.187355769e-07
-1.217553836e-07
-1.246308612e-07
-1.273758876e-07
-1.299710339e-07
-1.324329535e-07
-1.347477685e-07
-1.369376834e-07
-1.389721671e-07
-1.408567707e-07
-1.425970453e-07
-1.441957664e-07
-1.456446075e-07
-1.469518951e-07
-1.481093026e-07
-1.491057278e-07
-1.499578239e-07
-1.506655911e-07
-1.512207026e-07
-1.516148318e-07
-1.518618564e-07
-1.519562254e-07
-1.518979387e-07
-1.51695323e-07
-1.513400516e-07
-1.50829349e-07
-1.501687663e-07
-1.493583035e-07
-1.483896339e-07
-1.472821864e-07
-1.4603041e-07
-1.446398556e-07
-1.430994212e-07
-1.414063311e-07
-1.395855653e-07
-1.376204706e-07
-1.355249246e-07
-1.332961519e-07
-1.309286013e-07
-1.284361506e-07
-1.25804922e-07
-1.230515689e-07
-1.201788669e-07
-1.171951425e-07
-1.140809669e-07
-1.108640957e-07
-1.075306511e-07
-1.041000619e-07
-1.005695527e-07
-9.692524561e-08
-9.318656957e-08
-8.934797346e-08
-8.542611063e-08
-8.141542995e-08
-7.733536034e-08
-7.3172024e-08
-6.894484983e-08
-6.463996005e-08
-6.026845689e-08
-5.583311591e-08
-5.134781489e-08
-4.681810495e-08
-4.224398609e-08
-3.761990719e-08
-3.295697049e-08
-2.825795153e-08
-2.352840145e-08
-1.87766469e-08
-1.401379013e-08
-9.225953335e-09
-4.435340983e-09
3.60822483e-10
5.162537065e-09
9.955924973e-09
1.473821065e-08
1.951216966e-08
2.426114865e-08
2.899347429e-08
3.369249324e-08
3.836098106e-08
4.299893774e-08
4.758693439e-08
5.213607324e-08
5.662137426e-08
6.106781747e-08
6.545042286e-08
6.976363931e-08
7.400746682e-08
7.817635428e-08
8.226475057e-08
8.626710457e-08
9.019174296e-08
9.403311463e-08
9.779121957e-08
1.0145218e-07
1.050132203e-07
1.084660139e-07
1.118188875e-07
1.150635143e-07
1.181915676e-07
1.212085987e-07
1.240979541e-07
1.268679606e-07
1.295130669e-07
1.320304976e-07
1.344147016e-07
1.36676781e-07
1.387917559e-07
1.40773504e-07
1.426164742e-07
1.443234421e-07
1.458971832e-07
1.473238198e-07
1.486005763e-07
1.49744106e-07
1.507349801e-07
1.515731984e-07
1.522615367e-07
1.528027704e-07
1.531913485e-07
1.53432822e-07
1.53527191e-07
1.534689043e-07
1.532607374e-07
1.528943638e-07
1.523781101e-07
1.517314052e-07
1.509181669e-07
1.499689262e-07
1.488725809e-07
1.476124778e-07
1.462219235e-07
1.446842646e-07
1.430050522e-07
1.411787354e-07
1.392164162e-07
1.371319724e-07
1.349198531e-07
1.325745069e-07
1.300987096e-07
1.27492461e-07
1.247613124e-07
1.219302437e-07
1.189770504e-07
1.159100593e-07
1.127292704e-07
1.094346835e-07
1.060401766e-07
1.025485252e-07
9.896389264e-08
9.528905442e-08
9.152678615e-08
8.767986337e-08
8.376632721e-08
7.978062655e-08
7.572831251e-08
7.161632398e-08
6.745715098e-08
6.324663016e-08
5.900002709e-08
5.472428066e-08
5.042077866e-08
4.611033777e-08
4.180128466e-08
3.749778266e-08
3.321232178e-08
2.896433093e-08
2.475381011e-08
2.061822935e-08
1.65728542e-08
1.263988914e-08
8.83321194e-09
5.161149286e-09
1.648681192e-09
-1.981748099e-09
-5.884182031e-09
-9.681144775e-09
-1.335320743e-08
-1.686151219e-08
-2.024769241e-08
-2.352285033e-08
-2.671474153e-08
-2.984001934e-08
-3.290978601e-08
-3.594347042e-08
-3.894384815e-08
-4.191924585e-08
-4.488909244e-08
-4.783395902e-08
-5.075107001e-08
-5.364042543e-08
-5.649647417e-08
-5.932476732e-08
-6.211420267e-08
-6.488143356e-08
-6.757927551e-08
-7.023270854e-08
-7.283063042e-08
-7.535916335e-08
-7.78349607e-08
-8.023026687e-08
-8.255340855e-08
-8.481271241e-08
-8.697764731e-08
-8.906486659e-08
-9.106326804e-08
-9.298672943e-08
-9.479916852e-08
-9.653666755e-08
-9.817147095e-08
-9.970912984e-08
-1.011496442e-07
-1.024846874e-07
-1.037225861e-07
-1.048688913e-07
-1.058902965e-07
-1.068117816e-07
-1.076139178e-07
-1.083189094e-07
-1.089156543e-07
-1.093986013e-07
-1.097733016e-07
-1.100425306e-07
-1.102007374e-07
-1.102451463e-07
-1.101757574e-07
-1.100036728e-07
-1.097150149e-07
-1.093153346e-07
-1.08804632e-07
-1.08202336e-07
-1.074890177e-07
-1.066702282e-07
-1.057459675e-07
-1.047106846e-07
-1.035643793e-07
-1.023209295e-07
-1.009664574e-07
-9.951484081e-08
-9.795775302e-08
-9.630629627e-08
-9.455491945e-08
-9.271472479e-08
-9.077738561e-08
-8.87567797e-08
-8.663070261e-08
-8.442135879e-08
-8.212319713e-08
-7.975842209e-08
-7.73048292e-08
-7.478184738e-08
-7.217559883e-08
-6.95027369e-08
-6.675771047e-08
-6.394051955e-08
-6.106781747e-08
-5.813127757e-08
-5.513645096e-08
-5.207501097e-08
-4.896916206e-08
-4.581335311e-08
-4.261868636e-08
-3.938238624e-08
-3.609612609e-08
-3.278211036e-08
-2.942091015e-08
-2.603195437e-08
-2.261246745e-08
-1.918187831e-08
-1.573741137e-08
-1.227351554e-08
-8.78741524e-09
-5.290212712e-09
-1.784683512e-09
1.712519015e-09
5.223599331e-09
8.720801858e-09
1.221800439e-08
1.570410468e-08
1.917077608e-08
2.262079413e-08
2.604583216e-08
2.945421684e-08
3.28320704e-08
3.617661726e-08
3.949340854e-08
4.276856647e-08
4.599931547e-08
4.918565555e-08
5.233591338e-08
5.542233339e-08
5.846156892e-08
6.143974218e-08
6.43624043e-08
6.721845303e-08
7.001343949e-08
7.274181257e-08
7.538969449e-08
7.796818746e-08
8.048006706e-08
8.291145548e-08
8.526235273e-08
8.753275882e-08
8.971434706e-08
9.181821969e-08
9.382772337e-08
9.574563364e-08
9.756362385e-08
9.929557176e-08
1.009248241e-07
1.024597074e-07
1.038918951e-07
1.052186116e-07
1.064481836e-07
1.0757506e-07
1.085992407e-07
1.095123991e-07
1.103284131e-07
1.110361803e-07
1.11627374e-07
1.121158721e-07
1.124850213e-07
1.127459237e-07
1.129096816e-07
1.129485394e-07
1.128791505e-07
1.126987392e-07
1.124184079e-07
1.120270543e-07
1.115302295e-07
1.109251579e-07
1.102062885e-07
1.093902746e-07
1.084604628e-07
1.074335065e-07
1.062983035e-07
1.050604048e-07
1.037198105e-07
1.022903984e-07
1.00755515e-07
9.910960941e-08
9.73637837e-08
9.55263646e-08
9.360567876e-08
9.159062397e-08
8.950062913e-08
8.731626533e-08
8.504585924e-08
8.27005131e-08
8.025663467e-08
7.773920396e-08
7.514960876e-08
7.247952238e-08
6.974004707e-08
6.693118282e-08
6.405848074e-08
6.111361417e-08
5.810490977e-08
5.502959199e-08
5.189043639e-08
4.869438186e-08
4.543171395e-08
4.2119086e-08
3.875788579e-08
3.534533777e-08
3.186895192e-08
2.834260604e-08
2.475658567e-08
2.111366637e-08
1.741523592e-08
1.365157987e-08
9.840739335e-09
5.972999872e-09
2.051137038e-09
-1.715294573e-09
-5.215272658e-09
-8.812395258e-09
-1.252054016e-08
-1.632027846e-08
-2.016720124e-08
-2.402800181e-08
-2.788047571e-08
-3.168854068e-08
-3.542721672e-08
-3.908817714e-08
-4.266864639e-08
-4.615197113e-08
-4.952982469e-08
-5.281330928e-08
-5.598577157e-08
-5.906386491e-08
-6.203926262e-08
-6.492029136e-08
-6.770695116e-08
-7.039369088e-08
-7.298606164e-08
-7.547573677e-08
-7.787104295e-08
-8.017753128e-08
-8.239242621e-08
-8.451572775e-08
-8.654466033e-08
-8.847089727e-08
-9.030554082e-08
-9.204581541e-08
-9.368894549e-08
-9.522105326e-08
-9.665324097e-08
-9.79855086e-08
-9.922895838e-08
-1.003613859e-07
-1.013855666e-07
-1.023070517e-07
-1.03114739e-07
-1.038225061e-07
-1.044331288e-07
-1.049271781e-07
-1.053185317e-07
-1.056099652e-07
-1.05793152e-07
-1.058597654e-07
-1.058264587e-07
-1.056849053e-07
-1.05429554e-07
-1.050826093e-07
-1.046218667e-07
-1.04055653e-07
-1.033867436e-07
-1.026206897e-07
-1.017380624e-07
-1.007527395e-07
-9.966472092e-08
-9.847955784e-08
-9.719169913e-08
-9.580947147e-08
-9.43356504e-08
-9.275913371e-08
-9.10854725e-08
-8.931744233e-08
-8.746336988e-08
-8.55260307e-08
-8.35054248e-08
-8.139322549e-08
-7.918943279e-08
-7.690792447e-08
-7.455980278e-08
-7.213118991e-08
-6.962208587e-08
-6.70435929e-08
-6.440681322e-08
-6.169786904e-08
-5.89334137e-08
-5.610789611e-08
-5.32240918e-08
-5.028200079e-08
-4.729272529e-08
-4.425348976e-08
-4.117817198e-08
-3.805844528e-08
-3.489986078e-08
-3.169131624e-08
-2.845224056e-08
-2.518263376e-08
-2.189359805e-08
-1.859623566e-08
-1.52711177e-08
-1.191824417e-08
-8.55981952e-09
-5.184741525e-09
-1.801336857e-09
1.584843368e-09
4.968248035e-09
8.35442826e-09
1.172395514e-08
1.509348202e-08
1.843802888e-08
2.177702463e-08
2.509381591e-08
2.838007607e-08
3.164968287e-08
3.487765632e-08
3.808064974e-08
4.124756092e-08
4.438116541e-08
4.747591209e-08
5.052347429e-08
5.351274979e-08
5.644928969e-08
5.933309399e-08
6.216693826e-08
6.494249583e-08
6.765699112e-08
7.030209748e-08
7.287781489e-08
7.539247004e-08
7.782385847e-08
8.019418463e-08
8.248124406e-08
8.468781232e-08
8.680556274e-08
8.884282199e-08
9.079403895e-08
9.266198919e-08
9.443834603e-08
9.611755836e-08
9.770517728e-08
9.919842725e-08
1.005973083e-07
1.018962692e-07
1.031064123e-07
1.042138598e-07
1.05215836e-07
1.061206678e-07
1.069228039e-07
1.076166933e-07
1.082051115e-07
1.08685283e-07
1.090683099e-07
1.093486413e-07
1.095235014e-07
1.095873392e-07
1.095484814e-07
1.09406928e-07
1.091571278e-07
1.08804632e-07
1.08346665e-07
1.077776757e-07
1.071032152e-07
1.063288346e-07
1.054462073e-07
1.044747622e-07
1.033978458e-07
1.022265605e-07
1.009609063e-07
9.96008831e-08
9.815481761e-08
9.659772982e-08
9.494627307e-08
9.320877403e-08
9.139078383e-08
8.949785357e-08
8.752165659e-08
8.544831509e-08
8.329448242e-08
8.106015859e-08
7.876477248e-08
7.639999744e-08
7.39630579e-08
7.147060721e-08
6.891293092e-08
6.629558014e-08
6.362826932e-08
6.092071292e-08
5.815348203e-08
5.535433223e-08
5.251493684e-08
4.964501032e-08
4.675010379e-08
4.384409502e-08
4.091588179e-08
3.797101522e-08
3.502337309e-08
3.207573096e-08
2.913086439e-08
2.619571227e-08
2.327721349e-08
2.039340918e-08
1.75345849e-08
1.472294509e-08
1.194599974e-08
9.210687768e-09
6.519784712e-09
3.871902798e-09
1.239286451e-09
-1.296185381e-09
-3.852473895e-09
-6.289413435e-09
-8.584799538e-09
-1.078859224e-08
-1.292022045e-08
-1.502409308e-08
-1.712519015e-08
-1.922906279e-08
-2.136346655e-08
-2.351452366e-08
-2.570721414e-08
-2.79137824e-08
-3.013977956e-08
-3.237132784e-08
-3.4597325e-08
-3.682887328e-08
-3.905209489e-08
-4.124478536e-08
-4.341249582e-08
-4.555522626e-08
-4.767020112e-08
-4.97379915e-08
-5.175582185e-08
-5.372924328e-08
-5.563882688e-08
-5.749289933e-08
-5.92997873e-08
-6.104561301e-08
-6.272482533e-08
-6.434019983e-08
-6.589451207e-08
-6.737665981e-08
-6.878664305e-08
-7.012168624e-08
-7.138178937e-08
-7.256417689e-08
-7.367995103e-08
-7.471800956e-08
-7.569223026e-08
-7.656653089e-08
-7.737421814e-08
-7.809031199e-08
-7.872869023e-08
-7.928102619e-08
-7.975564653e-08
-8.015532682e-08
-8.046341371e-08
-8.06993361e-08
-8.084921621e-08
-8.090750292e-08
-8.088807402e-08
-8.07909295e-08
-8.06077427e-08
-8.034406473e-08
-7.999712004e-08
-7.956413306e-08
-7.903955268e-08
-7.844003225e-08
-7.77627962e-08
-7.700506899e-08
-7.61668506e-08
-7.525369217e-08
-7.427392035e-08
-7.321365736e-08
-7.20729032e-08
-7.085720899e-08
-6.956935028e-08
-6.820932708e-08
-6.67882416e-08
-6.529499164e-08
-6.373512829e-08
-6.211142711e-08
-6.042943923e-08
-5.867806241e-08
-5.686562332e-08
-5.499212197e-08
-5.306310946e-08
-5.108413692e-08
-4.905520434e-08
-4.697353617e-08
-4.483358129e-08
-4.265199305e-08
-4.042322033e-08
-3.816391647e-08
-3.585742814e-08
-3.351485756e-08
-3.113620473e-08
-2.872146965e-08
-2.627897899e-08
-2.380873276e-08
-2.131905763e-08
-1.880995359e-08
-1.627309398e-08
-1.371958103e-08
-1.114108805e-08
-8.54871729e-09
-5.950795412e-09
-3.344546862e-09
-7.271960811e-10
1.887379142e-09
4.493627692e-09
7.1026518e-09
9.700573678e-09
1.229572e-08
1.488809076e-08
1.747213485e-08
2.003119892e-08
2.257916076e-08
2.509936703e-08
2.759459328e-08
3.007039062e-08
3.252120795e-08
3.495259637e-08
3.734790255e-08
3.969324869e-08
4.201361481e-08
4.428957201e-08
4.651834473e-08
4.870825965e-08
5.085376564e-08
5.29493116e-08
5.498657085e-08
5.69849723e-08
5.892231147e-08
6.081246617e-08
6.263600749e-08
6.440681322e-08
6.611100556e-08
6.776246231e-08
6.934453012e-08
7.085998455e-08
7.231437671e-08
7.37077066e-08
7.500666754e-08
7.624734177e-08
7.740752483e-08
7.849831896e-08
7.950862191e-08
8.044120925e-08
8.129885654e-08
8.208711488e-08
8.280043318e-08
8.342215807e-08
8.397171847e-08
8.444356325e-08
8.482381464e-08
8.512357486e-08
8.534839502e-08
8.54871729e-08
8.555378628e-08
8.553158182e-08
8.543998842e-08
8.526235273e-08
8.5009777e-08
8.467115897e-08
8.424649867e-08
8.374412275e-08
8.314737787e-08
8.248401961e-08
8.17457213e-08
8.092693182e-08
8.003320229e-08
7.905620603e-08
7.800426971e-08
7.686906667e-08
7.567557692e-08
7.441824934e-08
7.308875727e-08
7.169265182e-08
7.022160631e-08
6.867562075e-08
6.706024624e-08
6.537825836e-08
6.362688154e-08
6.181721801e-08
5.994926777e-08
5.801886749e-08
5.602740494e-08
5.397765568e-08
5.187517083e-08
4.971301149e-08
4.749395321e-08
4.520689378e-08
4.28712621e-08
4.048428259e-08
3.80445675e-08
3.555211681e-08
3.299860385e-08
3.038402863e-08
2.771671781e-08
2.500083474e-08
2.222527717e-08
1.939559624e-08
1.651040415e-08
1.357941537e-08
1.060679322e-08
7.593925488e-09
4.571343304e-09
1.557087792e-09
-1.196265309e-09
-3.611000388e-09
-6.142308884e-09
-8.770761895e-09
-1.144639938e-08
-1.411926132e-08
-1.676159211e-08
-1.933453397e-08
-2.182420911e-08
-2.42250664e-08
-2.653710585e-08
-2.87575519e-08
-3.088085343e-08
-3.291811268e-08
-3.488875855e-08
-3.678168881e-08
-3.859967901e-08
-4.034828027e-08
-4.203304371e-08
-4.365674489e-08
-4.521105712e-08
-4.671818488e-08
-4.817812815e-08
-4.957978472e-08
-5.091760347e-08
-5.220546218e-08
-5.342115639e-08
-5.457856389e-08
-5.567768468e-08
-5.67101921e-08
-5.768718836e-08
-5.860867347e-08
-5.946632076e-08
-6.027400801e-08
-6.100120409e-08
-6.167566458e-08
-6.228351168e-08
-6.282474541e-08
-6.330769242e-08
-6.37212505e-08
-6.406541964e-08
-6.433742428e-08
-6.456224444e-08
-6.471490011e-08
-6.478428904e-08
-6.479261572e-08
-6.473988012e-08
-6.461220448e-08
-6.441236433e-08
-6.415423748e-08
-6.382672169e-08
-6.343536807e-08
-6.297462551e-08
-6.245004514e-08
-6.185330026e-08
-6.120659535e-08
-6.04905015e-08
-5.971056982e-08
-5.886957588e-08
-5.797029523e-08
-5.700717676e-08
-5.598299602e-08
-5.490330413e-08
-5.376254997e-08
-5.257461133e-08
-5.132561043e-08
-5.001554726e-08
-4.866107517e-08
-4.725386749e-08
-4.580225088e-08
-4.430622536e-08
-4.275746424e-08
-4.116151864e-08
-3.952393968e-08
-3.785027847e-08
-3.612665722e-08
-3.436417817e-08
-3.257116798e-08
-3.074207555e-08
-2.887967643e-08
-2.698674617e-08
-2.505773367e-08
-2.310374114e-08
-2.11247686e-08
-1.912081604e-08
-1.709188346e-08
-1.505739977e-08
-1.299793606e-08
-1.0921819e-08
-8.837375276e-09
-6.739053759e-09
-4.626854455e-09
-2.520206266e-09
-3.969047313e-10
1.726396803e-09
3.84692278e-09
5.9646732e-09
8.082423619e-09
1.018907181e-08
1.229294444e-08
1.438571484e-08
1.647293413e-08
1.853794895e-08
2.060018822e-08
2.262634524e-08
2.464140003e-08
2.664257703e-08
2.861599846e-08
3.05561132e-08
3.247402347e-08
3.435862705e-08
3.621547506e-08
3.80445675e-08
3.982647545e-08
4.158062783e-08
4.329314685e-08
4.49640325e-08
4.65988359e-08
4.818923038e-08
4.973521595e-08
5.122569036e-08
5.26745314e-08
5.408173909e-08
5.543066006e-08
5.6729621e-08
5.797029523e-08
5.915823387e-08
6.029621247e-08
6.136757769e-08
6.238620731e-08
6.334932579e-08
6.424860644e-08
6.508404926e-08
6.587230761e-08
6.659950369e-08
6.725731083e-08
6.785405571e-08
6.839251387e-08
6.885603199e-08
6.925016116e-08
6.958322807e-08
6.984413048e-08
7.004119507e-08
7.016887071e-08
7.023825965e-08
7.023825965e-08
7.01827485e-08
7.006062397e-08
6.986633494e-08
6.960265697e-08
6.927514118e-08
6.889211424e-08
6.843414724e-08
6.791511797e-08
6.733502644e-08
6.66966482e-08
6.59972077e-08
6.523392937e-08
6.440681322e-08
6.351585924e-08
6.257772078e-08
6.157296895e-08
6.052658375e-08
5.942191184e-08
5.825895322e-08
5.704603456e-08
5.578315587e-08
5.445643936e-08
5.30936406e-08
5.168920847e-08
5.024036742e-08
4.874989301e-08
4.723166303e-08
4.566902412e-08
4.407307852e-08
4.24396629e-08
4.077710392e-08
3.909234048e-08
3.737565812e-08
3.564093465e-08
3.388400671e-08
3.211320099e-08
3.033823193e-08
2.854383396e-08
2.673972155e-08
2.493977247e-08
2.314676228e-08
2.135791544e-08
1.957323192e-08
1.778993619e-08
1.60302327e-08
1.4296897e-08
1.258576576e-08
1.088990009e-08
9.217626662e-09
7.56894547e-09
5.9188765e-09
4.263256415e-09
2.579880753e-09
8.479328351e-10
-7.022160631e-10
-2.03725925e-09
-3.25572902e-09
-4.40480985e-09
-5.528910663e-09
-6.655787033e-09
-7.827072324e-09
-9.048317651e-09
-1.033617636e-08
-1.169064845e-08
-1.310063169e-08
-1.45522483e-08
-1.604272271e-08
-1.756095269e-08
-1.909028491e-08
-2.063904603e-08
-2.21711538e-08
-2.369771046e-08
-2.522149156e-08
-2.67230682e-08
-2.818578704e-08
-2.961797474e-08
-3.102240687e-08
-3.239075674e-08
-3.372579993e-08
-3.502476087e-08
-3.6284864e-08
-3.749778266e-08
-3.866074128e-08
-3.978484209e-08
-4.085343175e-08
-4.187483693e-08
-4.284628208e-08
-4.376776719e-08
-4.465039449e-08
-4.547473509e-08
-4.625189121e-08
-4.697631173e-08
-4.765077222e-08
-4.826972155e-08
-4.884703753e-08
-4.935496456e-08
-4.981570711e-08
-5.022371408e-08
-5.058731212e-08
-5.089539901e-08
-5.114519919e-08
-5.133671266e-08
-5.147271498e-08
-5.156430838e-08
-5.159761507e-08
-5.157541061e-08
-5.1497695e-08
-5.137001935e-08
-5.118405699e-08
-5.093425681e-08
-5.063172104e-08
-5.028477634e-08
-4.987399382e-08
-4.941880238e-08
-4.890532423e-08
-4.834743716e-08
-4.77368145e-08
-4.707068069e-08
-4.636013795e-08
-4.560241074e-08
-4.479472349e-08
-4.39370762e-08
-4.302391776e-08
-4.208022819e-08
-4.108102747e-08
-4.004019338e-08
-3.896050149e-08
-3.784472735e-08
-3.668176873e-08
-3.547717675e-08
-3.424205364e-08
-3.297362383e-08
-3.165523399e-08
-3.029798634e-08
-2.891298312e-08
-2.749744876e-08
-2.605415883e-08
-2.458866444e-08
-2.309541447e-08
-2.157440893e-08
-2.003119892e-08
-1.845468223e-08
-1.686428774e-08
-1.525723992e-08
-1.36168854e-08
-1.197097976e-08
-1.031119634e-08
-8.634759574e-09
-6.955547249e-09
-5.268008252e-09
-3.563815909e-09
-1.854072451e-09
-1.471045508e-10
1.57096558e-09
3.291811268e-09
5.020983629e-09
6.739053759e-09
8.459899448e-09
1.016686735e-08
1.185995746e-08
1.35447209e-08
1.522670878e-08
1.689759443e-08
1.854905118e-08
2.01894057e-08
2.180755576e-08
2.340905247e-08
2.499389584e-08
2.654543252e-08
2.808586697e-08
2.959577028e-08
3.107791802e-08
3.253786129e-08
3.396172232e-08
3.535227666e-08
3.672062654e-08
3.805844528e-08
3.936295734e-08
4.063138714e-08
4.186095914e-08
4.305167334e-08
4.419520305e-08
4.530820163e-08
4.637124018e-08
4.738709425e-08
4.836409051e-08
4.928835118e-08
5.016820293e-08
5.101197242e-08
5.180023077e-08
5.254963131e-08
5.325184738e-08
5.390687896e-08
5.451195051e-08
5.506983758e-08
5.558054017e-08
5.603850717e-08
5.643818746e-08
5.677958104e-08
5.706268791e-08
5.730416142e-08
5.748457266e-08
5.761224831e-08
5.769273947e-08
5.772327061e-08
5.769273947e-08
5.762057498e-08
5.749567489e-08
5.731526365e-08
5.706268791e-08
5.676847881e-08
5.642986078e-08
5.604128273e-08
5.55916424e-08
5.508371537e-08
5.452860385e-08
5.392630786e-08
5.327682739e-08
5.257461133e-08
5.182521079e-08
5.102585021e-08
5.018208071e-08
4.928557562e-08
4.833633493e-08
4.734823644e-08
4.631017791e-08
4.522215935e-08
4.409805854e-08
4.291844657e-08
4.170552792e-08
4.044820034e-08
3.914368829e-08
3.780586955e-08
3.642086632e-08
3.498312751e-08
3.350791866e-08
3.19883009e-08
3.042982533e-08
2.882971639e-08
2.718797409e-08
2.548655731e-08
2.376293606e-08
2.200045701e-08
2.019495682e-08
1.83450477e-08
1.644101522e-08
1.450783937e-08
1.255107129e-08
1.056793542e-08
8.573697308e-09
6.585010315e-09
4.629630013e-09
2.724209747e-09
9.048317651e-10
-6.300515665e-10
-1.948441408e-09
-3.352873534e-09
-4.790612351e-09
-6.206146708e-09
-7.574496586e-09
-8.851253064e-09
-1.004751837e-08
-1.114941472e-08
-1.2151391e-08
-1.306454944e-08
-1.390831894e-08
-1.468825062e-08
-1.540989558e-08
-1.608713163e-08
-1.672828542e-08
-1.73444592e-08
-1.792455073e-08
-1.847133557e-08
-1.899591595e-08
-1.950106743e-08
-1.998679e-08
-2.043365477e-08
-2.088329509e-08
-2.130517984e-08
-2.16937579e-08
-2.207400929e-08
-2.243205621e-08
-2.276512312e-08
-2.308153668e-08
-2.336741911e-08
-2.362832152e-08
-2.387534614e-08
-2.409183963e-08
-2.428335311e-08
-2.443878433e-08
-2.457756221e-08
-2.468580895e-08
-2.476352456e-08
-2.48134846e-08
-2.484124018e-08
-2.484401573e-08
-2.480793349e-08
-2.474409566e-08
-2.465527782e-08
-2.453592884e-08
-2.438327318e-08
-2.421396417e-08
-2.401689958e-08
-2.37865283e-08
-2.353117701e-08
-2.325917237e-08
-2.295108548e-08
-2.26096919e-08
-2.224609386e-08
-2.186306691e-08
-2.145228439e-08
-2.101929741e-08
-2.056133042e-08
-2.006728117e-08
-1.955380302e-08
-1.900701818e-08
-1.845468223e-08
-1.787181514e-08
-1.726951915e-08
-1.665889648e-08
-1.602051825e-08
-1.536548666e-08
-1.47021284e-08
-1.400823901e-08
-1.329214516e-08
-1.255662241e-08
-1.180722187e-08
-1.10467191e-08
-1.027511409e-08
-9.495182418e-09
-8.69582184e-09
-7.882583475e-09
-7.055467321e-09
-6.228351168e-09
-5.381806112e-09
-4.521383268e-09
-3.658184866e-09
-2.792210907e-09
-1.92346139e-09
-1.049160758e-09
-1.720845688e-10
7.022160631e-10
1.576516695e-09
2.47024623e-09
3.363975765e-09
4.252154184e-09
5.143108162e-09
6.022959909e-09
6.911138328e-09
7.782663403e-09
8.654188477e-09
9.517386879e-09
1.038058528e-08
1.123268145e-08
1.207645095e-08
1.291189378e-08
1.373900993e-08
1.456057497e-08
1.537381333e-08
1.617317391e-08
1.695310559e-08
1.772471059e-08
1.847688669e-08
1.922628723e-08
1.993960552e-08
2.064182159e-08
2.132460875e-08
2.199906923e-08
2.265132526e-08
2.328415238e-08
2.390032616e-08
2.449429548e-08
2.506606034e-08
2.561839629e-08
2.614575223e-08
2.663980148e-08
2.711442182e-08
2.75668377e-08
2.800260024e-08
2.841615832e-08
2.880473637e-08
2.917110997e-08
2.950417688e-08
2.981781488e-08
3.010647287e-08
3.036737528e-08
3.060607323e-08
3.080868893e-08
3.098910017e-08
3.113342917e-08
3.124722703e-08
3.133049375e-08
3.139710714e-08
3.143596494e-08
3.145539385e-08
3.144429161e-08
3.140543381e-08
3.13471471e-08
3.125832926e-08
3.113898028e-08
3.098632462e-08
3.080591338e-08
3.060607323e-08
3.037015084e-08
3.011479954e-08
2.982891711e-08
2.952638134e-08
2.919886555e-08
2.885192085e-08
2.848554725e-08
2.809141808e-08
2.766398222e-08
2.722266856e-08
2.675915045e-08
2.626787676e-08
2.574607194e-08
2.520483822e-08
2.465805338e-08
2.409183963e-08
2.350342143e-08
2.290112544e-08
2.229327833e-08
2.166877788e-08
2.102207297e-08
2.036704139e-08
1.969813201e-08
1.902367153e-08
1.833255769e-08
1.763589275e-08
1.69322889e-08
1.62134195e-08
1.549316231e-08
1.477845624e-08
1.40679135e-08
1.335598299e-08
1.265654248e-08
1.19487753e-08
1.125766147e-08
1.056377208e-08
9.872658246e-09
9.203748874e-09
8.544553953e-09
7.892297926e-09
7.26224636e-09
6.650235918e-09
6.047939927e-09
5.451195051e-09
4.86000129e-09
4.249378627e-09
3.617939281e-09
2.951805467e-09
2.216282713e-09
1.409983241e-09
4.871103521e-10
-1.249000903e-10
-3.663735981e-10
-5.689893001e-10
-7.577272143e-10
-9.880984919e-10
-1.271205363e-09
-1.645905634e-09
-2.109423747e-09
-2.653433029e-09
-3.264055692e-09
-3.935740622e-09
-4.637956685e-09
-5.376254997e-09
-6.128431096e-09
-6.894484983e-09
-7.657763312e-09
-8.421041642e-09
-9.175993299e-09
-9.90318938e-09
-1.061373212e-08
-1.131317262e-08
-1.199595978e-08
-1.265099137e-08
-1.328104293e-08
-1.388611448e-08
-1.446620601e-08
-1.502131752e-08
-1.553757123e-08
-1.604827382e-08
-1.652289416e-08
-1.69780856e-08
-1.73971948e-08
-1.779965064e-08
-1.817712647e-08
-1.85351734e-08
-1.885991363e-08
-1.916244941e-08
-1.944555628e-08
-1.970368313e-08
-1.993405441e-08
-2.012834344e-08
-2.030320356e-08
-2.045585923e-08
-2.058075932e-08
-2.068345495e-08
-2.075561945e-08
-2.080835504e-08
-2.083611061e-08
-2.083888617e-08
-2.08111306e-08
-2.077227279e-08
-2.069455718e-08
-2.059741266e-08
-2.046696146e-08
-2.031985691e-08
-2.014777234e-08
-1.995348331e-08
-1.974254094e-08
-1.950384299e-08
-1.924294057e-08
-1.89598337e-08
-1.86461957e-08
-1.831035323e-08
-1.794953075e-08
-1.756650381e-08
-1.71612724e-08
-1.67366121e-08
-1.628974733e-08
-1.583455589e-08
-1.535715999e-08
-1.486866186e-08
-1.436073482e-08
-1.382227666e-08
-1.327549182e-08
-1.27009514e-08
-1.211530876e-08
-1.150746165e-08
-1.089128787e-08
-1.026678742e-08
-9.631184739e-09
-8.981704269e-09
-8.329448242e-09
-7.66053887e-09
-6.972200595e-09
-6.267208974e-09
-5.559441796e-09
-4.835021272e-09
-4.107825191e-09
-3.361200207e-09
-2.625677453e-09
-1.895705815e-09
-1.143529715e-09
-3.941291737e-10
3.719247132e-10
1.140754158e-09
1.917910275e-09
2.689515277e-09
3.455569164e-09
4.227174166e-09
4.993228053e-09
5.750955268e-09
6.505906924e-09
7.263634139e-09
8.007483565e-09
8.756884107e-09
9.500733533e-09
1.024458296e-08
1.09745546e-08
1.169619956e-08
1.241229342e-08
1.311450948e-08
1.380839887e-08
1.449118603e-08
1.516287096e-08
1.582622922e-08
1.647015857e-08
1.710298569e-08
1.772471059e-08
1.832978214e-08
1.892375145e-08
1.951216966e-08
2.008115896e-08
2.063349491e-08
2.115807529e-08
2.166322677e-08
2.215450046e-08
2.262634524e-08
2.307876112e-08
2.351729922e-08
2.39308573e-08
2.432498647e-08
2.470801341e-08
2.50688359e-08
2.540745392e-08
2.571554081e-08
2.601530102e-08
2.628453011e-08
2.653710585e-08
2.676747712e-08
2.697009283e-08
2.714772851e-08
2.729760862e-08
2.741973315e-08
2.751965322e-08
2.760291995e-08
2.767230889e-08
2.771671781e-08
2.77500245e-08
2.77500245e-08
2.77305956e-08
2.768063556e-08
2.760847106e-08
2.750577544e-08
2.736977311e-08
2.721156633e-08
2.705058399e-08
2.685074385e-08
2.663980148e-08
2.640665464e-08
2.614852779e-08
2.587652315e-08
2.557676293e-08
2.524647158e-08
2.489397577e-08
2.452482661e-08
2.4133473e-08
2.371991492e-08
2.328692794e-08
2.282618539e-08
2.235156504e-08
2.184918912e-08
2.133293542e-08
2.079447725e-08
2.023659018e-08
1.966204977e-08
1.906252933e-08
1.843802888e-08
1.778993619e-08
1.711686348e-08
1.642158631e-08
1.57096558e-08
1.496025526e-08
1.420252804e-08
1.34267597e-08
1.262878691e-08
1.180722187e-08
1.097039126e-08
1.009747841e-08
9.205136653e-09
8.301692667e-09
7.38714645e-09
6.467049118e-09
5.538625114e-09
4.622691119e-09
3.73312492e-09
2.881028749e-09
2.088607065e-09
1.366962099e-09
7.34134975e-10
2.109423747e-10
-7.494005416e-11
-2.2759572e-10
-3.885780586e-10
-5.301314943e-10
-6.050715484e-10
-5.911937606e-10
-4.662936703e-10
-2.525757381e-10
3.60822483e-11
3.941291737e-10
7.965850202e-10
1.24067423e-09
1.709743458e-09
2.189914916e-09
2.681188604e-09
3.169686735e-09
3.658184866e-09
4.138356324e-09
4.601874437e-09
5.06539255e-09
5.501155087e-09
5.942468739e-09
6.367129046e-09
6.78346268e-09
7.185918527e-09
7.56894547e-09
7.943645741e-09
8.312794897e-09
8.668066265e-09
9.009459845e-09
9.34530231e-09
9.661715872e-09
9.980904991e-09
1.029176744e-08
1.059707877e-08
1.088851231e-08
1.117439474e-08
1.145750161e-08
1.171285291e-08
1.197097976e-08
1.221522883e-08
1.245947789e-08
1.268707361e-08
1.290911822e-08
1.312006059e-08
1.331434962e-08
1.350863865e-08
1.369182545e-08
1.386668558e-08
1.403321903e-08
1.420252804e-08
1.435518371e-08
1.449396159e-08
1.461608612e-08
1.473543509e-08
1.484923295e-08
1.494637747e-08
1.503241975e-08
1.510735981e-08
1.516564652e-08
1.522115767e-08
1.526001547e-08
1.529054661e-08
1.530442439e-08
1.531552662e-08
1.531552662e-08
1.529887328e-08
1.527389326e-08
1.524336213e-08
1.519617765e-08
1.513511538e-08
1.505462421e-08
1.496025526e-08
1.486033518e-08
1.476041511e-08
1.464384169e-08
1.451061493e-08
1.438293928e-08
1.423861029e-08
1.407762795e-08
1.389999227e-08
1.371402991e-08
1.351974088e-08
1.331434962e-08
1.310340725e-08
1.28841382e-08
1.265376692e-08
1.241784453e-08
1.218192214e-08
1.193489751e-08
1.16739951e-08
1.140754158e-08
1.112721026e-08
1.083300116e-08
1.053879206e-08
1.023625629e-08
9.92539384e-09
9.617306951e-09
9.300893389e-09
8.978928712e-09
8.645861804e-09
8.310019339e-09
7.971401317e-09
7.627232179e-09
7.271960811e-09
6.916689443e-09
6.55586696e-09
6.197820035e-09
5.825895322e-09
5.453970608e-09
5.08759701e-09
4.721223412e-09
4.349298699e-09
3.974598428e-09
3.599898157e-09
3.219646771e-09
2.847722058e-09
2.47024623e-09
2.095545959e-09
1.726396803e-09
1.348920975e-09
9.825473768e-10
6.106226635e-10
2.525757381e-10
-1.026956298e-10
-4.551914401e-10
-8.132383655e-10
-1.157407503e-09
-1.498801083e-09
-1.834643548e-09
-2.159383783e-09
-2.489675133e-09
-2.814415367e-09
-3.14193116e-09
-3.444466934e-09
-3.752553823e-09
-4.046762925e-09
-4.327094238e-09
-4.604649995e-09
-4.865552405e-09
-5.118128144e-09
-5.362377209e-09
-5.601075159e-09
-5.831446437e-09
-6.050715484e-09
-6.261657859e-09
-6.467049118e-09
-6.655787033e-09
-6.836198274e-09
-6.994405055e-09
-7.152611836e-09
-7.291389714e-09
-7.424616477e-09
-7.538414337e-09
-7.646661082e-09
-7.754907827e-09
-7.835398996e-09
-7.904787935e-09
-7.963074644e-09
-8.010259123e-09
-8.043565813e-09
-8.057443601e-09
-8.062994716e-09
-8.051892486e-09
-8.02413691e-09
-7.974176874e-09
-7.921441281e-09
-7.860379014e-09
-7.78543896e-09
-7.68274333e-09
-7.56894547e-09
-7.435718707e-09
-7.294165272e-09
-7.130407376e-09
-6.952771692e-09
-6.759870441e-09
-6.548928067e-09
-6.314393453e-09
-6.057654378e-09
-5.796751967e-09
-5.517808432e-09
-5.226374888e-09
-4.918287999e-09
-4.593547764e-09
-4.238276397e-09
-3.864963904e-09
-3.480549182e-09
-3.098910017e-09
-2.690903056e-09
-2.269018307e-09
-1.859623566e-09
-1.459943277e-09
-1.079691891e-09
-7.230327448e-10
-4.024558464e-10
-1.373900993e-10
6.245004514e-11
1.859623566e-10
2.040034808e-10
1.193489751e-10
3.858025011e-10
1.140754158e-09
1.884603584e-09
2.559064072e-09
3.15303339e-09
3.635980406e-09
4.016231792e-09
4.321543123e-09
4.554689959e-09
4.7351012e-09
4.879430193e-09
5.001554726e-09
5.104250356e-09
5.209721543e-09
5.326294961e-09
5.442868378e-09
5.578870699e-09
5.723199692e-09
5.8730798e-09
6.031286581e-09
6.220024495e-09
6.422640197e-09
6.625255899e-09
6.844524947e-09
7.077671782e-09
7.310818617e-09
7.552292125e-09
7.78543896e-09
8.035239141e-09
8.276712649e-09
8.523737272e-09
8.765210779e-09
9.012235402e-09
9.259260025e-09
9.497957976e-09
9.728329253e-09
9.958700531e-09
1.019739848e-08
1.043609643e-08
1.066646771e-08
1.089128787e-08
1.109945469e-08
1.130762151e-08
1.151023721e-08
1.171285291e-08
1.189881527e-08
1.207922651e-08
1.225686219e-08
1.24261712e-08
1.258715354e-08
1.273425809e-08
1.287303597e-08
1.300348718e-08
1.312838727e-08
1.325328736e-08
1.336430966e-08
1.346978085e-08
1.356692536e-08
1.365019209e-08
1.371958103e-08
1.378619441e-08
1.383337889e-08
1.387501225e-08
1.390276783e-08
1.391664561e-08
1.391942117e-08
1.392219673e-08
1.389999227e-08
1.387501225e-08
1.384170556e-08
1.380839887e-08
1.375843883e-08
1.370015212e-08
1.36363143e-08
1.355304757e-08
1.346422973e-08
1.33615341e-08
1.325606291e-08
1.314781617e-08
1.302846719e-08
1.290079155e-08
1.276201367e-08
1.261213356e-08
1.246225345e-08
1.228739333e-08
1.210420653e-08
1.19099175e-08
1.170730179e-08
1.149913498e-08
1.129096816e-08
1.107725023e-08
1.085520562e-08
1.063593658e-08
1.039446307e-08
1.0150214e-08
9.897638265e-09
9.636735854e-09
9.370282328e-09
9.092726572e-09
8.804068585e-09
8.520961714e-09
8.223977055e-09
7.929767953e-09
7.627232179e-09
7.333023078e-09
7.019385073e-09
6.708522626e-09
6.392109064e-09
6.07847106e-09
5.750955268e-09
5.42899059e-09
5.098699241e-09
4.776734563e-09
4.451994329e-09
4.118927421e-09
3.788636072e-09
3.458344722e-09
3.128053372e-09
2.792210907e-09
2.456368442e-09
2.126077092e-09
1.795785742e-09
1.45716772e-09
1.132427485e-09
8.132383655e-10
4.968248035e-10
1.859623566e-10
-1.249000903e-10
-4.385380947e-10
-7.382983114e-10
-1.040834086e-09
-1.337818745e-09
-1.620925616e-09
-1.904032487e-09
-2.187139359e-09
-2.461919557e-09
-2.731148641e-09
-3.000377724e-09
-3.25572902e-09
-3.508304758e-09
-3.755329381e-09
-3.988476216e-09
-4.207745263e-09
-4.421463196e-09
-4.618527782e-09
-4.815592369e-09
-4.998779168e-09
-5.17919041e-09
-5.359601651e-09
-5.52058399e-09
-5.667688541e-09
-5.812017534e-09
-5.942468739e-09
-6.059042157e-09
-6.167288902e-09
-6.267208974e-09
-6.350475701e-09
-6.439293543e-09
-6.517009155e-09
-6.586398094e-09
-6.639133687e-09
-6.683542608e-09
-6.714073741e-09
-6.736278202e-09
-6.747380432e-09
-6.752931547e-09
-6.752931547e-09
-6.75015599e-09
-6.725175972e-09
-6.694644838e-09
-6.65856259e-09
-6.616929227e-09
-6.558642518e-09
-6.503131367e-09
-6.436517985e-09
-6.368516825e-09
-6.286637877e-09
-6.201983371e-09
-6.118716644e-09
-6.027123245e-09
-5.942468739e-09
-5.841160888e-09
-5.73707748e-09
-5.63438185e-09
-5.524747326e-09
-5.412337245e-09
-5.287437155e-09
-5.154210392e-09
-5.016820293e-09
-4.865552405e-09
-4.679590049e-09
-4.458933223e-09
-4.202194148e-09
-3.905209489e-09
-3.544387006e-09
-3.123890036e-09
-2.617350781e-09
-2.009503675e-09
-1.29757316e-09
-4.912736884e-10
5.245803791e-10
1.584843368e-09
2.68673972e-09
3.877453914e-09
5.165312622e-09
6.561418076e-09
8.02413691e-09
9.550693569e-09
1.112443471e-08
1.272315586e-08
1.432742813e-08
1.592059817e-08
1.74887882e-08
1.902644708e-08
2.052802373e-08
2.199906923e-08
2.343680805e-08
2.483568906e-08
2.619571227e-08
2.751687767e-08
2.879085859e-08
3.002320614e-08
3.121392034e-08
3.236577673e-08
3.347599975e-08
3.455014053e-08
3.559097461e-08
3.658739978e-08
3.755051825e-08
3.848310559e-08
3.936850845e-08
4.021782907e-08
4.101163853e-08
4.178046797e-08
4.250766406e-08
4.319600233e-08
4.385103392e-08
4.445888102e-08
4.503619699e-08
4.556910405e-08
4.606037773e-08
4.649614027e-08
4.689859612e-08
4.72594186e-08
4.757860772e-08
4.786171459e-08
4.809486143e-08
4.82863749e-08
4.844735724e-08
4.855282842e-08
4.860556402e-08
4.862221736e-08
4.858613512e-08
4.85084195e-08
4.838074386e-08
4.820865929e-08
4.800049247e-08
4.776179452e-08
4.747591209e-08
4.714284518e-08
4.675981824e-08
4.632960682e-08
4.586886426e-08
4.537203946e-08
4.482525462e-08
4.423683642e-08
4.360123373e-08
4.293787548e-08
4.222455718e-08
4.14779322e-08
4.068689829e-08
3.987643549e-08
3.902156376e-08
3.814726313e-08
3.721745134e-08
3.626821066e-08
3.528843884e-08
3.426703366e-08
3.320121955e-08
3.212430322e-08
3.101963131e-08
2.988165271e-08
2.872702076e-08
2.754185768e-08
2.634281682e-08
2.511879593e-08
2.388089726e-08
2.26096919e-08
2.131628207e-08
1.999789223e-08
1.866840016e-08
1.731670363e-08
1.595668042e-08
1.45911061e-08
1.321442955e-08
1.182387521e-08
1.043332087e-08
9.023337633e-09
7.621681064e-09
6.20337115e-09
4.787836794e-09
3.366751322e-09
1.940114736e-09
5.218048216e-10
-8.937295348e-10
-2.300937219e-09
-3.713696017e-09
-5.115352586e-09
-6.508682482e-09
-7.88813459e-09
-9.25370891e-09
-1.061095656e-08
-1.195710198e-08
-1.328659405e-08
-1.459388166e-08
-1.588174037e-08
-1.715849685e-08
-1.841859998e-08
-1.964817198e-08
-2.086109063e-08
-2.204347815e-08
-2.320088566e-08
-2.433053758e-08
-2.544631172e-08
-2.653155473e-08
-2.75862666e-08
-2.860212067e-08
-2.959299472e-08
-3.054778652e-08
-3.147204719e-08
-3.236300117e-08
-3.321509734e-08
-3.40283357e-08
-3.479716515e-08
-3.554379013e-08
-3.624323064e-08
-3.690381334e-08
-3.752831379e-08
-3.811118088e-08
-3.864963904e-08
-3.915479052e-08
-3.961275752e-08
-4.001798892e-08
-4.037603585e-08
-4.070355164e-08
-4.097833184e-08
-4.120870312e-08
-4.140021659e-08
-4.154177002e-08
-4.164446565e-08
-4.169720125e-08
-4.170552792e-08
-4.166944567e-08
-4.158617894e-08
-4.146127885e-08
-4.128919429e-08
-4.10727008e-08
-4.080902283e-08
-4.049538482e-08
-4.013456234e-08
-3.972933094e-08
-3.927691505e-08
-3.878841692e-08
-3.824995876e-08
-3.767264278e-08
-3.706202012e-08
-3.63958863e-08
-3.568534357e-08
-3.494149414e-08
-3.416156247e-08
-3.33288952e-08
-3.246292124e-08
-3.156919171e-08
-3.062827769e-08
-2.965128143e-08
-2.863542736e-08
-2.758071549e-08
-2.648437025e-08
-2.535888166e-08
-2.420008638e-08
-2.301214774e-08
-2.179922909e-08
-2.056133042e-08
-1.929012505e-08
-1.800087857e-08
-1.66908154e-08
-1.535854777e-08
-1.402072902e-08
-1.267735916e-08
-1.135619376e-08
-1.003641614e-08
-8.726352974e-09
-7.45514761e-09
-6.226963389e-09
-5.058453656e-09
-3.942679516e-09
-2.903233209e-09
-1.962319196e-09
-1.097733016e-09
-3.066991106e-10
8.576472865e-10
2.545186284e-09
4.15500967e-09
5.662137426e-09
7.052691764e-09
8.334999357e-09
9.553469127e-09
1.071642775e-08
1.1837753e-08
1.293409824e-08
1.403044347e-08
1.512678871e-08
1.623146062e-08
1.735278587e-08
1.84824378e-08
1.963429419e-08
2.078337502e-08
2.194633364e-08
2.311206782e-08
2.427502643e-08
2.544353617e-08
2.660094367e-08
2.77500245e-08
2.888522754e-08
3.001210391e-08
3.112232694e-08
3.220201883e-08
3.327338405e-08
3.431144258e-08
3.533562332e-08
3.632927292e-08
3.730071807e-08
3.824440764e-08
3.914646385e-08
4.002909115e-08
4.087841177e-08
4.168609902e-08
4.246603069e-08
4.320155345e-08
4.390654507e-08
4.456990332e-08
4.520273045e-08
4.579669977e-08
4.634070905e-08
4.684586052e-08
4.731215419e-08
4.773126339e-08
4.811151477e-08
4.844180612e-08
4.873879078e-08
4.899691763e-08
4.920508445e-08
4.937439346e-08
4.948819132e-08
4.955758026e-08
4.957700916e-08
4.954925359e-08
4.947708909e-08
4.936884235e-08
4.92217378e-08
4.902467321e-08
4.878597526e-08
4.849176616e-08
4.815592369e-08
4.778399898e-08
4.736766535e-08
4.689859612e-08
4.639344464e-08
4.585221092e-08
4.526934383e-08
4.463374115e-08
4.395928066e-08
4.324596237e-08
4.248545959e-08
4.16999768e-08
4.086730954e-08
4.000133558e-08
3.909927937e-08
3.816669203e-08
3.719802244e-08
3.618771949e-08
3.515521207e-08
3.408384686e-08
3.29819505e-08
3.185784969e-08
3.07059933e-08
2.95291569e-08
2.832178936e-08
2.707833957e-08
2.582656311e-08
2.454980663e-08
2.324807014e-08
2.192412918e-08
2.058353488e-08
1.921796056e-08
1.783850845e-08
1.643962744e-08
1.50296442e-08
1.36168854e-08
1.219579993e-08
1.076083667e-08
9.323097849e-09
7.879807917e-09
6.425415755e-09
4.979350265e-09
3.522182546e-09
2.062239268e-09
5.995204333e-10
-8.520961714e-10
-2.303712776e-09
-3.744227151e-09
-5.184741525e-09
-6.616929227e-09
-8.038014698e-09
-9.445222382e-09
-1.084132784e-08
-1.22235555e-08
-1.358635426e-08
-1.493249968e-08
-1.626199175e-08
-1.757760604e-08
-1.887656698e-08
-2.014499678e-08
-2.139677324e-08
-2.263189636e-08
-2.383093722e-08
-2.501054919e-08
-2.616240558e-08
-2.728095527e-08
-2.836619828e-08
-2.94181346e-08
-3.043953978e-08
-3.142763827e-08
-3.23741034e-08
-3.329003739e-08
-3.416988914e-08
-3.501088308e-08
-3.58074681e-08
-3.657074643e-08
-3.728684028e-08
-3.7972403e-08
-3.862465903e-08
-3.922973058e-08
-3.978761765e-08
-4.030942247e-08
-4.079236948e-08
-4.122813202e-08
-4.161671008e-08
-4.195255254e-08
-4.224398609e-08
-4.249378627e-08
-4.269917753e-08
-4.285738431e-08
-4.29628555e-08
-4.302669332e-08
-4.305444889e-08
-4.303501999e-08
-4.296563105e-08
-4.285183319e-08
-4.26880753e-08
-4.248823515e-08
-4.222733274e-08
-4.192202141e-08
-4.157230116e-08
-4.11837231e-08
-4.074240945e-08
-4.025668687e-08
-3.972100426e-08
-3.915756608e-08
-3.855249453e-08
-3.790856518e-08
-3.722577802e-08
-3.649858193e-08
-3.572697693e-08
-3.491928968e-08
-3.407690796e-08
-3.320260733e-08
-3.230055112e-08
-3.135408599e-08
-3.037431417e-08
-2.935429677e-08
-2.829819712e-08
-2.721156633e-08
-2.609301664e-08
-2.494532358e-08
-2.376016051e-08
-2.253336406e-08
-2.126354648e-08
-1.995070775e-08
-1.85740312e-08
-1.716404796e-08
-1.568467578e-08
-1.413869022e-08
-1.252192794e-08
-1.081634782e-08
-9.030276527e-09
-7.160938509e-09
-5.209721543e-09
-3.197442311e-09
-1.124100812e-09
1.11577414e-09
3.383404668e-09
5.74817971e-09
8.221201497e-09
1.079969447e-08
1.343924971e-08
1.612043832e-08
1.881828027e-08
2.150224443e-08
2.415012634e-08
2.675915045e-08
2.930988785e-08
3.181621633e-08
3.425593142e-08
3.663458426e-08
3.896327705e-08
4.120870312e-08
4.339861803e-08
4.552747068e-08
4.759803662e-08
4.961031586e-08
5.156985949e-08
5.346278975e-08
5.530298441e-08
5.707379014e-08
5.878075804e-08
6.042943923e-08
6.201705816e-08
6.354361481e-08
6.500078253e-08
6.639966355e-08
6.773748229e-08
6.901978988e-08
7.023270854e-08
7.137623825e-08
7.244760347e-08
7.344125308e-08
7.436551375e-08
7.522316103e-08
7.600309271e-08
7.671363544e-08
7.736589147e-08
7.794043189e-08
7.84428078e-08
7.886469255e-08
7.922273948e-08
7.950307079e-08
7.969735982e-08
7.981393324e-08
7.986111772e-08
7.98361377e-08
7.973066651e-08
7.956690862e-08
7.932265955e-08
7.900069487e-08
7.861489237e-08
7.81485987e-08
7.759903831e-08
7.69717623e-08
7.627232179e-08
7.550349235e-08
7.467360064e-08
7.377709554e-08
7.279732372e-08
7.17592652e-08
7.065181773e-08
6.947220577e-08
6.822598042e-08
6.692979504e-08
6.556144516e-08
6.414035969e-08
6.264710972e-08
6.10983486e-08
5.949130077e-08
5.783429291e-08
5.611067166e-08
5.433709038e-08
5.251910018e-08
5.065947661e-08
4.87443419e-08
4.679590049e-08
4.479472349e-08
4.275191312e-08
4.065914272e-08
3.853029007e-08
3.636813073e-08
3.41726647e-08
3.195221865e-08
2.970679258e-08
2.742528427e-08
2.51271226e-08
2.28123076e-08
2.047528813e-08
1.811328865e-08
1.573463582e-08
1.33421052e-08
1.094402347e-08
8.545941732e-09
6.133982211e-09
3.72202269e-09
1.315614284e-09
-1.079691891e-09
-3.480549182e-09
-5.878630915e-09
-8.273937091e-09
-1.065258992e-08
-1.301736496e-08
-1.536826222e-08
-1.769973057e-08
-2.002009669e-08
-2.231825835e-08
-2.458588888e-08
-2.682298827e-08
-2.903788321e-08
-3.121114478e-08
-3.336220189e-08
-3.546607452e-08
-3.753941602e-08
-3.957389971e-08
-4.156397448e-08
-4.350686478e-08
-4.541089726e-08
-4.726774527e-08
-4.906353102e-08
-5.082323451e-08
-5.251910018e-08
-5.417333249e-08
-5.576650253e-08
-5.730416142e-08
-5.877798248e-08
-6.019074128e-08
-6.15368867e-08
-6.281919429e-08
-6.404321518e-08
-6.519229601e-08
-6.627476345e-08
-6.728506641e-08
-6.822875598e-08
-6.910028105e-08
-6.991074386e-08
-7.062961327e-08
-7.127909374e-08
-7.185918527e-08
-7.236988786e-08
-7.280287484e-08
-7.316092177e-08
-7.344125308e-08
-7.364664434e-08
-7.378542222e-08
-7.384093337e-08
-7.381595335e-08
-7.371880884e-08
-7.353562204e-08
-7.32830463e-08
-7.294442828e-08
-7.25308702e-08
-7.204237207e-08
-7.147615833e-08
-7.08433312e-08
-7.013278847e-08
-6.935285679e-08
-6.850076062e-08
-6.756817328e-08
-6.657174811e-08
-6.550870957e-08
-6.436795541e-08
-6.316336343e-08
-6.188660695e-08
-6.053768598e-08
-5.913880496e-08
-5.767331057e-08
-5.61412028e-08
-5.45452572e-08
-5.289102489e-08
-5.118128144e-08
-4.941186349e-08
-4.759387329e-08
-4.573841306e-08
-4.383160501e-08
-4.188177583e-08
-3.988337438e-08
-3.784611513e-08
-3.57686103e-08
-3.366751322e-08
-3.153866057e-08
-2.938899124e-08
-2.72268319e-08
-2.504801921e-08
-2.286643097e-08
-2.069455718e-08
-1.854072451e-08
-1.64160352e-08
-1.431493812e-08
-1.224853552e-08
-1.023209295e-08
-8.262834861e-09
-6.354639037e-09
-4.476974347e-09
-2.642330799e-09
-8.298917109e-10
1.310063169e-09
3.899658374e-09
6.378231276e-09
8.743006319e-09
1.100786129e-08
1.320610288e-08
1.536548666e-08
1.749989043e-08
1.964539642e-08
2.181865799e-08
2.400302179e-08
2.620959005e-08
2.843558722e-08
3.067268661e-08
3.292921491e-08
3.516908986e-08
3.742006704e-08
3.966549311e-08
4.189704139e-08
4.411471188e-08
4.629907568e-08
4.845845947e-08
5.059563879e-08
5.269673586e-08
5.475342402e-08
5.677680548e-08
5.875855358e-08
6.068756608e-08
6.257216967e-08
6.44012621e-08
6.617484338e-08
6.78873624e-08
6.953881915e-08
7.112921363e-08
7.265577029e-08
7.412404024e-08
7.552014569e-08
7.685241332e-08
7.811251646e-08
7.930045509e-08
8.041622923e-08
8.144873664e-08
8.240075289e-08
8.327505352e-08
8.408274077e-08
8.480161018e-08
8.544553953e-08
8.602007995e-08
8.650580252e-08
8.690825837e-08
8.723022304e-08
8.7468921e-08
8.76188011e-08
8.768541448e-08
8.767431225e-08
8.757439218e-08
8.739953206e-08
8.713585409e-08
8.679723607e-08
8.636702464e-08
8.585909761e-08
8.526790385e-08
8.460732115e-08
8.385514505e-08
8.301970222e-08
8.21120949e-08
8.112954752e-08
8.006095786e-08
7.891465259e-08
7.770173394e-08
7.641109967e-08
7.505385202e-08
7.362166432e-08
7.211731212e-08
7.054634654e-08
6.891154314e-08
6.72073508e-08
6.544209619e-08
6.360467708e-08
6.170619571e-08
5.975220319e-08
5.774547507e-08
5.569433803e-08
5.358768984e-08
5.14255305e-08
4.921341112e-08
4.695410727e-08
4.464761894e-08
4.231337503e-08
3.992639552e-08
3.750888489e-08
3.504974089e-08
3.256561687e-08
3.005096172e-08
2.751410211e-08
2.494671136e-08
2.235989172e-08
1.975641872e-08
1.713629239e-08
1.44995127e-08
1.184607967e-08
9.187095529e-09
6.528111385e-09
3.860800568e-09
1.182387521e-09
-1.484923295e-09
-4.157785227e-09
-6.813993814e-09
-9.467426842e-09
-1.210420653e-08
-1.473265954e-08
-1.733058141e-08
-1.992017662e-08
-2.248756736e-08
-2.503552921e-08
-2.755018436e-08
-3.003153282e-08
-3.24851257e-08
-3.490263634e-08
-3.728406472e-08
-3.962385975e-08
-4.191369474e-08
-4.416467192e-08
-4.637124018e-08
-4.852784841e-08
-5.063727215e-08
-5.268563363e-08
-5.468403508e-08
-5.662970093e-08
-5.851985563e-08
-6.033784583e-08
-6.210032488e-08
-6.380451723e-08
-6.544209619e-08
-6.701028621e-08
-6.851463841e-08
-6.994127499e-08
-7.129852264e-08
-7.258638135e-08
-7.379097333e-08
-7.492617637e-08
-7.596978602e-08
-7.694678228e-08
-7.785161404e-08
-7.866207685e-08
-7.938927293e-08
-8.004430452e-08
-8.061051826e-08
-8.109624083e-08
-8.151257447e-08
-8.18373147e-08
-8.207601265e-08
-8.223699499e-08
-8.23147106e-08
-8.230915949e-08
-8.22036883e-08
-8.201217483e-08
-8.174849686e-08
-8.139044994e-08
-8.094913628e-08
-8.041345367e-08
-7.981115768e-08
-7.911449273e-08
-7.833733662e-08
-7.747691377e-08
-7.654987755e-08
-7.555067683e-08
-7.446265826e-08
-7.329137297e-08
-7.204237207e-08
-7.071843111e-08
-6.93195501e-08
-6.784850459e-08
-6.630529459e-08
-6.470102232e-08
-6.301070776e-08
-6.123851426e-08
-5.939970738e-08
-5.749289933e-08
-5.552086568e-08
-5.348638199e-08
-5.138944825e-08
-4.922451335e-08
-4.699851619e-08
-4.469341564e-08
-4.232031392e-08
-3.987921104e-08
-3.735622922e-08
-3.47610829e-08
-3.209377208e-08
-2.935152121e-08
-2.653710585e-08
-2.364497487e-08
-2.066541382e-08
-1.762340274e-08
-1.451200271e-08
-1.13409282e-08
-8.135159213e-09
-4.900246875e-09
-1.668110094e-09
1.693090113e-09
5.123679259e-09
8.66251515e-09
1.229849556e-08
1.599553823e-08
1.970923424e-08
2.340905247e-08
2.708389069e-08
3.069489107e-08
3.422540029e-08
3.769484724e-08
4.108657858e-08
4.439781875e-08
4.763134331e-08
5.078715226e-08
5.386802115e-08
5.687672555e-08
5.981604101e-08
6.26748653e-08
6.545319842e-08
6.816491815e-08
7.079892228e-08
7.335798635e-08
7.584488593e-08
7.825962101e-08
8.059108936e-08
8.28448421e-08
8.5009777e-08
8.709422072e-08
8.909539773e-08
9.101053244e-08
9.282852265e-08
9.455491945e-08
9.618972285e-08
9.773570842e-08
9.918454946e-08
1.005473482e-07
1.018213291e-07
1.029870633e-07
1.040584285e-07
1.050298737e-07
1.059041743e-07
1.066757793e-07
1.073446887e-07
1.07913678e-07
1.08371645e-07
1.087269164e-07
1.089767165e-07
1.091210455e-07
1.091571278e-07
1.090988411e-07
1.089350832e-07
1.086575274e-07
1.082828271e-07
1.077998801e-07
1.072086864e-07
1.065231237e-07
1.057320898e-07
1.048411358e-07
1.038585884e-07
1.027677943e-07
1.015743045e-07
1.002808947e-07
9.889034036e-08
9.741374374e-08
9.584277816e-08
9.418299474e-08
9.242329124e-08
9.057199435e-08
8.863465517e-08
8.661682482e-08
8.451572775e-08
8.233136395e-08
8.006095786e-08
7.771838728e-08
7.531197888e-08
7.282785486e-08
7.027711746e-08
6.766531779e-08
6.498412919e-08
6.223077609e-08
5.941913628e-08
5.655753643e-08
5.364875211e-08
5.068445663e-08
4.766465e-08
4.460321001e-08
4.150568778e-08
3.83582055e-08
3.518296765e-08
3.197719867e-08
2.874644967e-08
2.548516953e-08
2.221556272e-08
1.891264922e-08
1.559585794e-08
1.227351554e-08
8.934519791e-09
5.573319584e-09
2.214894934e-09
-1.135203043e-09
-4.501954365e-09
-7.857603457e-09
-1.119937476e-08
-1.452449272e-08
-1.783295733e-08
-2.111921749e-08
-2.438604874e-08
-2.763067553e-08
-3.083366895e-08
-3.40089068e-08
-3.715083796e-08
-4.025391132e-08
-4.331257575e-08
-4.632960682e-08
-4.928835118e-08
-5.220546218e-08
-5.505873535e-08
-5.785927293e-08
-6.060707491e-08
-6.328548796e-08
-6.590838986e-08
-6.846190281e-08
-7.094325127e-08
-7.334965968e-08
-7.569223026e-08
-7.7945983e-08
-8.011924457e-08
-8.221201497e-08
-8.422429421e-08
-8.615608227e-08
-8.799627693e-08
-8.97448782e-08
-9.140466162e-08
-9.296452497e-08
-9.443279492e-08
-9.581779814e-08
-9.710288129e-08
-9.828804437e-08
-9.937328738e-08
-1.003558348e-07
-1.012467887e-07
-1.020211693e-07
-1.026984053e-07
-1.032729458e-07
-1.03742015e-07
-1.041000619e-07
-1.043526376e-07
-1.044941911e-07
-1.045358244e-07
-1.044664355e-07
-1.042943509e-07
-1.040278974e-07
-1.036448705e-07
-1.03164699e-07
-1.025735052e-07
-1.01885167e-07
-1.010830308e-07
-1.00172648e-07
-9.916512056e-08
-9.805767309e-08
-9.685585667e-08
-9.555412017e-08
-9.415801472e-08
-9.264533585e-08
-9.104939025e-08
-8.936185125e-08
-8.759104553e-08
-8.572309529e-08
-8.376632721e-08
-8.17262924e-08
-7.960576642e-08
-7.741307595e-08
-7.513989431e-08
-7.278344594e-08
-7.035344529e-08
-6.786377016e-08
-6.530193053e-08
-6.268319197e-08
-5.999922781e-08
-5.725836472e-08
-5.446199047e-08
-5.163647288e-08
-4.876654636e-08
-4.586747648e-08
-4.294481437e-08
-3.999717224e-08
-3.70370401e-08
-3.406719351e-08
-3.108485691e-08
-2.810252031e-08
-2.512851038e-08
-2.21711538e-08
-1.922073611e-08
-1.628280843e-08
-1.335043187e-08
-1.041389197e-08
-7.471800956e-09
-4.503342144e-09
-1.484923295e-09
1.768030167e-09
5.248579349e-09
8.607003998e-09
1.186550858e-08
1.507127756e-08
1.826594431e-08
2.147726441e-08
2.471356453e-08
2.799149801e-08
3.130828929e-08
3.46500606e-08
3.803346527e-08
4.142519661e-08
4.481692795e-08
4.820033261e-08
5.15892884e-08
5.495326416e-08
5.828670879e-08
6.159794896e-08
6.487310689e-08
6.8109407e-08
7.129297153e-08
7.441547378e-08
7.747968933e-08
8.04772915e-08
8.340828028e-08
8.627265569e-08
8.905653992e-08
9.175993299e-08
9.438005932e-08
9.691136782e-08
9.935940959e-08
1.017130824e-07
1.039751618e-07
1.061345456e-07
1.081995604e-07
1.101702063e-07
1.120215032e-07
1.137673289e-07
1.154049079e-07
1.169259134e-07
1.183414478e-07
1.196404087e-07
1.208311229e-07
1.218913859e-07
1.228461777e-07
1.236927227e-07
1.244115921e-07
1.250222148e-07
1.254996107e-07
1.25849331e-07
1.260908045e-07
1.262073779e-07
1.261935001e-07
1.260602733e-07
1.257993709e-07
1.25416344e-07
1.249195192e-07
1.242977943e-07
1.235622715e-07
1.227018487e-07
1.21727628e-07
1.206340583e-07
1.194211396e-07
1.180971987e-07
1.166483576e-07
1.150995965e-07
1.13434262e-07
1.116551296e-07
1.09770526e-07
1.077721246e-07
1.056765786e-07
1.034700103e-07
1.011773998e-07
9.878209362e-08
9.628409181e-08
9.370282328e-08
9.102441023e-08
8.825440379e-08
8.540668173e-08
8.247291738e-08
7.946421299e-08
7.637224186e-08
7.320533069e-08
6.997180613e-08
6.66772193e-08
6.330769242e-08
5.987987883e-08
5.639100298e-08
5.286049376e-08
4.926892228e-08
4.564126854e-08
4.196087922e-08
3.824163208e-08
3.448907826e-08
3.071154442e-08
2.689792833e-08
2.306210778e-08
1.91957561e-08
1.53238533e-08
1.143807271e-08
7.538414337e-09
3.633204848e-09
-2.72004641e-10
-4.17721413e-09
-8.076872504e-09
-1.195710198e-08
-1.582900477e-08
-1.968702978e-08
-2.353395256e-08
-2.734756865e-08
-3.113342917e-08
-3.488043188e-08
-3.858857678e-08
-4.226063943e-08
-4.589384428e-08
-4.947986465e-08
-5.301592498e-08
-5.649092305e-08
-5.991040997e-08
-6.327161017e-08
-6.656897256e-08
-6.979972156e-08
-7.295553051e-08
-7.603362384e-08
-7.904232824e-08
-8.197609258e-08
-8.481548797e-08
-8.757161662e-08
-9.0241703e-08
-9.282852265e-08
-9.531264666e-08
-9.771350395e-08
-1.000144412e-07
-1.022071316e-07
-1.042915754e-07
-1.06276099e-07
-1.081607026e-07
-1.099342839e-07
-1.115940673e-07
-1.131372773e-07
-1.14569465e-07
-1.158906304e-07
-1.170924468e-07
-1.181860165e-07
-1.191602372e-07
-1.200123334e-07
-1.20742305e-07
-1.21344601e-07
-1.218219969e-07
-1.221828194e-07
-1.224104151e-07
-1.225103352e-07
-1.224881307e-07
-1.223410262e-07
-1.220856749e-07
-1.21702648e-07
-1.211891698e-07
-1.205535671e-07
-1.197986155e-07
-1.189215393e-07
-1.17919563e-07
-1.168037889e-07
-1.155686657e-07
-1.142169692e-07
-1.127348215e-07
-1.111416514e-07
-1.094263569e-07
-1.076055911e-07
-1.056654764e-07
-1.036115638e-07
-1.014466289e-07
-9.916789612e-08
-9.67947944e-08
-9.430511927e-08
-9.172107518e-08
-8.902462101e-08
-8.623379788e-08
-8.333889134e-08
-8.034406473e-08
-7.723821582e-08
-7.404216129e-08
-7.073092112e-08
-6.732392421e-08
-6.382394613e-08
-6.022404797e-08
-5.653533197e-08
-5.275363479e-08
-4.888589533e-08
-4.492239913e-08
-4.086869732e-08
-3.674144322e-08
-3.252537129e-08
-2.826489043e-08
-2.393779619e-08
-1.95746197e-08
-1.519062653e-08
-1.080385781e-08
-6.453171331e-09
-2.155220447e-09
2.16215934e-09
6.558642518e-09
1.107447467e-08
1.566524688e-08
2.030042801e-08
2.49245069e-08
2.949585021e-08
3.39894779e-08
3.840538998e-08
4.274081089e-08
4.69846384e-08
5.113964807e-08
5.522249324e-08
5.924150059e-08
6.31716901e-08
6.7024164e-08
7.080724895e-08
7.448486272e-08
7.81097409e-08
8.163747456e-08
8.508194149e-08
8.843759058e-08
9.170442183e-08
9.487410857e-08
9.794665079e-08
1.009248241e-07
1.038003017e-07
1.065841859e-07
1.092570479e-07
1.118188875e-07
1.142835826e-07
1.166428065e-07
1.188882326e-07
1.21005983e-07
1.230099356e-07
1.248973147e-07
1.266542426e-07
1.282890461e-07
1.29807276e-07
1.311950548e-07
1.324634846e-07
1.336042388e-07
1.346089906e-07
1.354832913e-07
1.36218814e-07
1.368266611e-07
1.372929548e-07
1.376287972e-07
1.378369641e-07
1.379230063e-07
1.378674952e-07
1.376676551e-07
1.373373637e-07
1.368849478e-07
1.362882029e-07
1.355637824e-07
1.346950329e-07
1.3370971e-07
1.325911603e-07
1.313393838e-07
1.299599317e-07
1.284444773e-07
1.268068983e-07
1.250555215e-07
1.23176469e-07
1.211836187e-07
1.190741949e-07
1.168509733e-07
1.145056272e-07
1.120575854e-07
1.094985214e-07
1.06828435e-07
1.040528774e-07
1.01188502e-07
9.821587987e-08
9.514611321e-08
9.198475315e-08
8.873457524e-08
8.538447727e-08
8.196776591e-08
7.846223671e-08
7.488176745e-08
7.123468482e-08
6.751266213e-08
6.372402606e-08
5.987987883e-08
5.597189379e-08
5.200562203e-08
4.799771691e-08
4.393985176e-08
3.983480212e-08
3.569367024e-08
3.152478278e-08
2.731981308e-08
2.310929226e-08
1.88682403e-08
1.459943277e-08
1.031952301e-08
6.047939927e-09
1.756927936e-09
-2.531308496e-09
-6.811218256e-09
-1.109390357e-08
-1.535160887e-08
-1.959266083e-08
-2.382538611e-08
-2.803035581e-08
-3.220479439e-08
-3.63375996e-08
-4.042877144e-08
-4.449773883e-08
-4.851674618e-08
-5.248856905e-08
-5.640210521e-08
-6.026568133e-08
-6.406819519e-08
-6.780132011e-08
-7.147615833e-08
-7.506772981e-08
-7.85871368e-08
-8.203160373e-08
-8.539280394e-08
-8.866241075e-08
-9.184597527e-08
-9.493517084e-08
-9.792999744e-08
-1.008360062e-07
-1.036393193e-07
-1.063288346e-07
-1.089212054e-07
-1.113970027e-07
-1.137673289e-07
-1.160238572e-07
-1.181499343e-07
-1.201816424e-07
-1.220828993e-07
-1.238648073e-07
-1.255107129e-07
-1.270400452e-07
-1.284361506e-07
-1.297101315e-07
-1.308536612e-07
-1.31877842e-07
-1.327576937e-07
-1.335043187e-07
-1.34123268e-07
-1.346089906e-07
-1.34964262e-07
-1.35183531e-07
-1.352556955e-07
-1.352001844e-07
-1.350031198e-07
-1.346728284e-07
-1.342120859e-07
-1.33615341e-07
-1.328825938e-07
-1.320138443e-07
-1.310285214e-07
-1.299127472e-07
-1.286665219e-07
-1.272926209e-07
-1.257827176e-07
-1.241506897e-07
-1.223882107e-07
-1.205202604e-07
-1.185329612e-07
-1.164207619e-07
-1.142003159e-07
-1.118577453e-07
-1.094124791e-07
-1.068589661e-07
-1.04199982e-07
-1.014438533e-07
-9.858780459e-08
-9.564848913e-08
-9.262451917e-08
-8.950756802e-08
-8.629902348e-08
-8.302109e-08
-7.96793187e-08
-7.627093401e-08
-7.280287484e-08
-6.92737534e-08
-6.569189637e-08
-6.205730374e-08
-5.836719996e-08
-5.463546282e-08
-5.086625565e-08
-4.706096624e-08
-4.322375791e-08
-3.936295734e-08
-3.545913563e-08
-3.152617056e-08
-2.754602102e-08
-2.350619699e-08
-1.941086181e-08
-1.525307658e-08
-1.100231017e-08
-6.662725927e-09
-2.228772722e-09
2.012279232e-09
6.014633236e-09
1.00197628e-08
1.407762795e-08
1.820210649e-08
2.243205621e-08
2.675915045e-08
3.11833892e-08
3.567979245e-08
4.022338018e-08
4.48002746e-08
4.938549569e-08
5.398459457e-08
5.856148899e-08
6.313838341e-08
6.766254224e-08
7.215616993e-08
7.660816426e-08
8.099076965e-08
8.531231277e-08
8.955614028e-08
9.372502774e-08
9.782452626e-08
1.01840758e-07
1.057570698e-07
1.095679103e-07
1.132760552e-07
1.168870556e-07
1.203925848e-07
1.237676628e-07
1.270233918e-07
1.30165323e-07
1.331851296e-07
1.360772606e-07
1.388389403e-07
1.414562911e-07
1.43934864e-07
1.462774346e-07
1.484756762e-07
1.505323644e-07
1.524447235e-07
1.542016514e-07
1.558225771e-07
1.572852959e-07
1.585981346e-07
1.597527666e-07
1.607436406e-07
1.615790834e-07
1.622452173e-07
1.62761471e-07
1.63125069e-07
1.63319358e-07
1.63363767e-07
1.632416424e-07
1.629668622e-07
1.625366508e-07
1.619426815e-07
1.611877298e-07
1.602745714e-07
1.592059817e-07
1.579791853e-07
1.565914065e-07
1.550481965e-07
1.533662086e-07
1.515204628e-07
1.495387147e-07
1.474015354e-07
1.451339049e-07
1.427136187e-07
1.40146228e-07
1.374511616e-07
1.346228684e-07
1.316585729e-07
1.285582751e-07
1.253358528e-07
1.219996326e-07
1.185357368e-07
1.149580431e-07
1.112721026e-07
1.074723643e-07
1.035699304e-07
9.955092306e-08
9.544032231e-08
9.124090372e-08
8.69387895e-08
8.255895967e-08
7.81097409e-08
7.35772554e-08
6.896982985e-08
6.429301536e-08
5.956068971e-08
5.477285292e-08
4.992950497e-08
4.503342144e-08
4.009292898e-08
3.511635427e-08
3.010092176e-08
2.505773367e-08
1.999511667e-08
1.492417301e-08
9.825473768e-09
4.718447855e-09
-3.858025011e-10
-5.498379529e-09
-1.060262989e-08
-1.568190022e-08
-2.075561945e-08
-2.580990976e-08
-3.083089339e-08
-3.5826897e-08
-4.078126725e-08
-4.569677969e-08
-5.056788321e-08
-5.539735337e-08
-6.01629857e-08
-6.487310689e-08
-6.95221658e-08
-7.409073355e-08
-7.858436124e-08
-8.300027332e-08
-8.733846979e-08
-9.159339953e-08
-9.575673587e-08
-9.982015214e-08
-1.037891995e-07
-1.076527756e-07
-1.11408105e-07
-1.150551876e-07
-1.185884724e-07
-1.220024082e-07
-1.252942194e-07
-1.284639062e-07
-1.314975906e-07
-1.344008238e-07
-1.371736058e-07
-1.39813161e-07
-1.423194895e-07
-1.446787135e-07
-1.468963839e-07
-1.489641743e-07
-1.508959624e-07
-1.526667681e-07
-1.542904693e-07
-1.557531881e-07
-1.570604757e-07
-1.582040055e-07
-1.591921039e-07
-1.600330979e-07
-1.607186606e-07
-1.61243241e-07
-1.616040635e-07
-1.618150058e-07
-1.618566392e-07
-1.617372902e-07
-1.614514078e-07
-1.610017675e-07
-1.603883693e-07
-1.596112131e-07
-1.586814014e-07
-1.575906072e-07
-1.563416063e-07
-1.549343986e-07
-1.533662086e-07
-1.516453629e-07
-1.497663105e-07
-1.477318268e-07
-1.455419119e-07
-1.432104435e-07
-1.40729095e-07
-1.380895398e-07
-1.353195334e-07
-1.324051979e-07
-1.293465335e-07
-1.261407645e-07
-1.227823399e-07
-1.192962396e-07
-1.156852392e-07
-1.119271342e-07
-1.080358025e-07
-1.040140196e-07
-9.98756633e-08
-9.559714131e-08
-9.120620925e-08
-8.668621376e-08
-8.205935931e-08
-7.732009477e-08
-7.246842015e-08
-6.751543769e-08
-6.24653107e-08
-5.73180392e-08
-5.209166432e-08
-4.678618604e-08
-4.140854326e-08
-3.598649156e-08
-3.051586761e-08
-2.501887586e-08
-1.949274075e-08
-1.396105453e-08
-8.409939412e-09
-2.83384427e-09
1.451616605e-09
4.396483178e-09
7.435718707e-09
1.048328091e-08
1.343092304e-08
1.627031843e-08
1.899869151e-08
2.161049117e-08
2.4133473e-08
2.656208586e-08
2.891575868e-08
3.119449143e-08
3.339550858e-08
3.552991235e-08
3.761435607e-08
3.964606421e-08
4.162226119e-08
4.354294703e-08
4.540257059e-08
4.721223412e-08
4.896361094e-08
5.065947661e-08
5.230815781e-08
5.39041034e-08
5.545008896e-08
5.692668559e-08
5.83449955e-08
5.969946759e-08
6.099565297e-08
6.223077609e-08
6.338818359e-08
6.449840662e-08
6.554201626e-08
6.652178808e-08
6.743772207e-08
6.828149157e-08
6.906142325e-08
6.97775171e-08
7.041867089e-08
7.099043575e-08
7.148726056e-08
7.19091453e-08
7.226996779e-08
7.255585022e-08
7.277234371e-08
7.291944826e-08
7.299716387e-08
7.301659277e-08
7.294442828e-08
7.279732372e-08
7.258360579e-08
7.230605004e-08
7.195355423e-08
7.151779169e-08
7.101819133e-08
7.04575287e-08
6.98163749e-08
6.911970996e-08
6.834255384e-08
6.750711101e-08
6.661338148e-08
6.564748745e-08
6.462053115e-08
6.352696147e-08
6.236955397e-08
6.114553308e-08
5.987155216e-08
5.853373342e-08
5.713762796e-08
5.568878692e-08
5.41788836e-08
5.261902025e-08
5.100364575e-08
4.934108677e-08
4.76257922e-08
4.586886426e-08
4.405642517e-08
4.220790384e-08
4.032607581e-08
3.840261442e-08
3.644029523e-08
3.443911822e-08
3.240185897e-08
3.033961971e-08
2.823852263e-08
2.610966998e-08
2.396416399e-08
2.180200465e-08
1.960931417e-08
1.73971948e-08
1.51795243e-08
1.294242491e-08
1.068312105e-08
8.415490527e-09
6.133982211e-09
3.849698338e-09
1.557087792e-09
-7.271960811e-10
-3.017031069e-09
-5.290212712e-09
-7.571721028e-09
-9.839351556e-09
-1.209865541e-08
-1.435518371e-08
-1.65922831e-08
-1.879885136e-08
-2.099154184e-08
-2.316202785e-08
-2.532141163e-08
-2.745859096e-08
-2.955691247e-08
-3.162470286e-08
-3.366196211e-08
-3.566036355e-08
-3.76254583e-08
-3.956002192e-08
-4.146405441e-08
-4.332090242e-08
-4.512779039e-08
-4.689582056e-08
-4.861111513e-08
-5.027922523e-08
-5.190847752e-08
-5.347666754e-08
-5.499489752e-08
-5.64548408e-08
-5.785372181e-08
-5.919431612e-08
-6.049605261e-08
-6.172284905e-08
-6.288858323e-08
-6.399325514e-08
-6.50424159e-08
-6.603051439e-08
-6.693534615e-08
-6.777911565e-08
-6.856182289e-08
-6.928346785e-08
-6.992739721e-08
-7.050748874e-08
-7.101264021e-08
-7.144562719e-08
-7.181200079e-08
-7.210898545e-08
-7.233103005e-08
-7.248091016e-08
-7.256140133e-08
-7.256140133e-08
-7.249756351e-08
-7.237266342e-08
-7.217559883e-08
-7.19091453e-08
-7.156220061e-08
-7.115141809e-08
-7.067402219e-08
-7.013001291e-08
-6.951383913e-08
-6.883105197e-08
-6.80899781e-08
-6.727673973e-08
-6.64024391e-08
-6.546152509e-08
-6.44734266e-08
-6.342981695e-08
-6.232236949e-08
-6.115663531e-08
-5.994649221e-08
-5.86919402e-08
-5.739575482e-08
-5.605516051e-08
-5.467848396e-08
-5.326850072e-08
-5.182243523e-08
-5.034583861e-08
-4.883315974e-08
-4.729827641e-08
-4.574951529e-08
-4.418271304e-08
-4.25964819e-08
-4.099082185e-08
-3.93782229e-08
-3.775035839e-08
-3.612110611e-08
-3.447658825e-08
-3.283484595e-08
-3.118894032e-08
-2.952360578e-08
-2.78416179e-08
-2.613187444e-08
-2.43818854e-08
-2.25638952e-08
-2.068206717e-08
-1.870864574e-08
-1.664363092e-08
-1.446481823e-08
-1.215694212e-08
-9.70890035e-09
-7.123468482e-09
-4.390932062e-09
-1.508515535e-09
)
;

boundaryField
{
    hot
    {
        type            calculated;
        value           nonuniform List<scalar> 
20
(
-1.379452108e-09
-2.489675133e-09
-1.981748099e-09
-1.715294573e-09
-1.296185381e-09
-1.196265309e-09
-7.022160631e-10
-6.300515665e-10
-1.249000903e-10
-7.494005416e-11
3.858025011e-10
5.245803791e-10
8.576472865e-10
1.11577414e-09
1.310063169e-09
1.693090113e-09
1.768030167e-09
2.16215934e-09
2.012279232e-09
1.451616605e-09
)
;
    }
    cold
    {
        type            calculated;
        value           nonuniform List<scalar> 
20
(
1.530719995e-09
1.648681192e-09
2.051137038e-09
1.239286451e-09
1.557087792e-09
8.479328351e-10
9.048317651e-10
4.871103521e-10
2.109423747e-10
1.193489751e-10
-4.912736884e-10
-3.066991106e-10
-1.124100812e-09
-8.298917109e-10
-1.668110094e-09
-1.484923295e-09
-2.155220447e-09
-2.228772722e-09
-2.83384427e-09
-1.508515535e-09
)
;
    }
    adiabatic
    {
        type            calculated;
        value           uniform 0;
    }
    frontAndBack
    {
        type            empty;
    }
}


// ************************************************************************* //
