/*--------------------------------*- C++ -*----------------------------------*\
  =========                 |
  \\      /  F ield         | OpenFOAM: The Open Source CFD Toolbox
   \\    /   O peration     | Website:  https://openfoam.org
    \\  /    A nd           | Version:  11
     \\/     M anipulation  |
\*---------------------------------------------------------------------------*/
FoamFile
{
    format      ascii;
    class       volScalarField;
    location    "50";
    object      T;
}
// * * * * * * * * * * * * * * * * * * * * * * * * * * * * * * * * * * * * * //

dimensions      [0 0 0 1 0 0 0];

internalField   nonuniform List<scalar> 
4000
(
399.75
399.25
398.7499999
398.2499999
397.7499999
397.2499999
396.7499999
396.2499998
395.7499998
395.2499998
394.7499998
394.2499998
393.7499997
393.2499997
392.7499997
392.2499997
391.7499997
391.2499996
390.7499996
390.2499996
389.7499996
389.2499996
388.7499996
388.2499995
387.7499995
387.2499995
386.7499995
386.2499995
385.7499995
385.2499994
384.7499994
384.2499994
383.7499994
383.2499994
382.7499994
382.2499994
381.7499994
381.2499994
380.7499994
380.2499993
379.7499993
379.2499993
378.7499993
378.2499993
377.7499993
377.2499993
376.7499993
376.2499993
375.7499993
375.2499993
374.7499993
374.2499993
373.7499993
373.2499993
372.7499993
372.2499993
371.7499993
371.2499993
370.7499993
370.2499993
369.7499993
369.2499994
368.7499994
368.2499994
367.7499994
367.2499994
366.7499994
366.2499994
365.7499994
365.2499994
364.7499994
364.2499995
363.7499995
363.2499995
362.7499995
362.2499995
361.7499995
361.2499995
360.7499996
360.2499996
359.7499996
359.2499996
358.7499996
358.2499997
357.7499997
357.2499997
356.7499997
356.2499997
355.7499998
355.2499998
354.7499998
354.2499998
353.7499998
353.2499999
352.7499999
352.2499999
351.7499999
351.2499999
350.75
350.25
349.75
349.25
348.7500001
348.2500001
347.7500001
347.2500001
346.7500001
346.2500002
345.7500002
345.2500002
344.7500002
344.2500002
343.7500003
343.2500003
342.7500003
342.2500003
341.7500003
341.2500004
340.7500004
340.2500004
339.7500004
339.2500004
338.7500004
338.2500005
337.7500005
337.2500005
336.7500005
336.2500005
335.7500005
335.2500006
334.7500006
334.2500006
333.7500006
333.2500006
332.7500006
332.2500006
331.7500006
331.2500006
330.7500006
330.2500007
329.7500007
329.2500007
328.7500007
328.2500007
327.7500007
327.2500007
326.7500007
326.2500007
325.7500007
325.2500007
324.7500007
324.2500007
323.7500007
323.2500007
322.7500007
322.2500007
321.7500007
321.2500007
320.7500007
320.2500007
319.7500007
319.2500006
318.7500006
318.2500006
317.7500006
317.2500006
316.7500006
316.2500006
315.7500006
315.2500006
314.7500006
314.2500005
313.7500005
313.2500005
312.7500005
312.2500005
311.7500005
311.2500005
310.7500004
310.2500004
309.7500004
309.2500004
308.7500004
308.2500003
307.7500003
307.2500003
306.7500003
306.2500003
305.7500002
305.2500002
304.7500002
304.2500002
303.7500002
303.2500001
302.7500001
302.2500001
301.7500001
301.2500001
300.75
300.25
399.75
399.25
398.7499999
398.2499999
397.7499999
397.2499999
396.7499999
396.2499998
395.7499998
395.2499998
394.7499998
394.2499998
393.7499997
393.2499997
392.7499997
392.2499997
391.7499997
391.2499996
390.7499996
390.2499996
389.7499996
389.2499996
388.7499995
388.2499995
387.7499995
387.2499995
386.7499995
386.2499995
385.7499995
385.2499994
384.7499994
384.2499994
383.7499994
383.2499994
382.7499994
382.2499994
381.7499994
381.2499994
380.7499993
380.2499993
379.7499993
379.2499993
378.7499993
378.2499993
377.7499993
377.2499993
376.7499993
376.2499993
375.7499993
375.2499993
374.7499993
374.2499993
373.7499993
373.2499993
372.7499993
372.2499993
371.7499993
371.2499993
370.7499993
370.2499993
369.7499993
369.2499993
368.7499994
368.2499994
367.7499994
367.2499994
366.7499994
366.2499994
365.7499994
365.2499994
364.7499994
364.2499995
363.7499995
363.2499995
362.7499995
362.2499995
361.7499995
361.2499995
360.7499996
360.2499996
359.7499996
359.2499996
358.7499996
358.2499997
357.7499997
357.2499997
356.7499997
356.2499997
355.7499998
355.2499998
354.7499998
354.2499998
353.7499998
353.2499999
352.7499999
352.2499999
351.7499999
351.2499999
350.75
350.25
349.75
349.25
348.7500001
348.2500001
347.7500001
347.2500001
346.7500001
346.2500002
345.7500002
345.2500002
344.7500002
344.2500002
343.7500003
343.2500003
342.7500003
342.2500003
341.7500003
341.2500004
340.7500004
340.2500004
339.7500004
339.2500004
338.7500005
338.2500005
337.7500005
337.2500005
336.7500005
336.2500005
335.7500005
335.2500006
334.7500006
334.2500006
333.7500006
333.2500006
332.7500006
332.2500006
331.7500006
331.2500006
330.7500007
330.2500007
329.7500007
329.2500007
328.7500007
328.2500007
327.7500007
327.2500007
326.7500007
326.2500007
325.7500007
325.2500007
324.7500007
324.2500007
323.7500007
323.2500007
322.7500007
322.2500007
321.7500007
321.2500007
320.7500007
320.2500007
319.7500007
319.2500007
318.7500006
318.2500006
317.7500006
317.2500006
316.7500006
316.2500006
315.7500006
315.2500006
314.7500006
314.2500005
313.7500005
313.2500005
312.7500005
312.2500005
311.7500005
311.2500005
310.7500004
310.2500004
309.7500004
309.2500004
308.7500004
308.2500003
307.7500003
307.2500003
306.7500003
306.2500003
305.7500002
305.2500002
304.7500002
304.2500002
303.7500002
303.2500001
302.7500001
302.2500001
301.7500001
301.2500001
300.75
300.25
399.75
399.25
398.7499999
398.2499999
397.7499999
397.2499999
396.7499999
396.2499998
395.7499998
395.2499998
394.7499998
394.2499998
393.7499997
393.2499997
392.7499997
392.2499997
391.7499997
391.2499996
390.7499996
390.2499996
389.7499996
389.2499996
388.7499995
388.2499995
387.7499995
387.2499995
386.7499995
386.2499995
385.7499995
385.2499994
384.7499994
384.2499994
383.7499994
383.2499994
382.7499994
382.2499994
381.7499994
381.2499994
380.7499993
380.2499993
379.7499993
379.2499993
378.7499993
378.2499993
377.7499993
377.2499993
376.7499993
376.2499993
375.7499993
375.2499993
374.7499993
374.2499993
373.7499993
373.2499993
372.7499993
372.2499993
371.7499993
371.2499993
370.7499993
370.2499993
369.7499993
369.2499993
368.7499994
368.2499994
367.7499994
367.2499994
366.7499994
366.2499994
365.7499994
365.2499994
364.7499994
364.2499995
363.7499995
363.2499995
362.7499995
362.2499995
361.7499995
361.2499995
360.7499996
360.2499996
359.7499996
359.2499996
358.7499996
358.2499997
357.7499997
357.2499997
356.7499997
356.2499997
355.7499998
355.2499998
354.7499998
354.2499998
353.7499998
353.2499999
352.7499999
352.2499999
351.7499999
351.2499999
350.75
350.25
349.75
349.25
348.7500001
348.2500001
347.7500001
347.2500001
346.7500001
346.2500002
345.7500002
345.2500002
344.7500002
344.2500002
343.7500003
343.2500003
342.7500003
342.2500003
341.7500003
341.2500004
340.7500004
340.2500004
339.7500004
339.2500004
338.7500005
338.2500005
337.7500005
337.2500005
336.7500005
336.2500005
335.7500005
335.2500006
334.7500006
334.2500006
333.7500006
333.2500006
332.7500006
332.2500006
331.7500006
331.2500006
330.7500007
330.2500007
329.7500007
329.2500007
328.7500007
328.2500007
327.7500007
327.2500007
326.7500007
326.2500007
325.7500007
325.2500007
324.7500007
324.2500007
323.7500007
323.2500007
322.7500007
322.2500007
321.7500007
321.2500007
320.7500007
320.2500007
319.7500007
319.2500007
318.7500006
318.2500006
317.7500006
317.2500006
316.7500006
316.2500006
315.7500006
315.2500006
314.7500006
314.2500005
313.7500005
313.2500005
312.7500005
312.2500005
311.7500005
311.2500005
310.7500004
310.2500004
309.7500004
309.2500004
308.7500004
308.2500003
307.7500003
307.2500003
306.7500003
306.2500003
305.7500002
305.2500002
304.7500002
304.2500002
303.7500002
303.2500001
302.7500001
302.2500001
301.7500001
301.2500001
300.75
300.25
399.75
399.25
398.7499999
398.2499999
397.7499999
397.2499999
396.7499999
396.2499998
395.7499998
395.2499998
394.7499998
394.2499998
393.7499997
393.2499997
392.7499997
392.2499997
391.7499997
391.2499996
390.7499996
390.2499996
389.7499996
389.2499996
388.7499995
388.2499995
387.7499995
387.2499995
386.7499995
386.2499995
385.7499995
385.2499994
384.7499994
384.2499994
383.7499994
383.2499994
382.7499994
382.2499994
381.7499994
381.2499994
380.7499993
380.2499993
379.7499993
379.2499993
378.7499993
378.2499993
377.7499993
377.2499993
376.7499993
376.2499993
375.7499993
375.2499993
374.7499993
374.2499993
373.7499993
373.2499993
372.7499993
372.2499993
371.7499993
371.2499993
370.7499993
370.2499993
369.7499993
369.2499993
368.7499994
368.2499994
367.7499994
367.2499994
366.7499994
366.2499994
365.7499994
365.2499994
364.7499994
364.2499995
363.7499995
363.2499995
362.7499995
362.2499995
361.7499995
361.2499995
360.7499996
360.2499996
359.7499996
359.2499996
358.7499996
358.2499997
357.7499997
357.2499997
356.7499997
356.2499997
355.7499998
355.2499998
354.7499998
354.2499998
353.7499998
353.2499999
352.7499999
352.2499999
351.7499999
351.2499999
350.75
350.25
349.75
349.25
348.7500001
348.2500001
347.7500001
347.2500001
346.7500001
346.2500002
345.7500002
345.2500002
344.7500002
344.2500002
343.7500003
343.2500003
342.7500003
342.2500003
341.7500003
341.2500004
340.7500004
340.2500004
339.7500004
339.2500004
338.7500005
338.2500005
337.7500005
337.2500005
336.7500005
336.2500005
335.7500005
335.2500006
334.7500006
334.2500006
333.7500006
333.2500006
332.7500006
332.2500006
331.7500006
331.2500006
330.7500007
330.2500007
329.7500007
329.2500007
328.7500007
328.2500007
327.7500007
327.2500007
326.7500007
326.2500007
325.7500007
325.2500007
324.7500007
324.2500007
323.7500007
323.2500007
322.7500007
322.2500007
321.7500007
321.2500007
320.7500007
320.2500007
319.7500007
319.2500007
318.7500006
318.2500006
317.7500006
317.2500006
316.7500006
316.2500006
315.7500006
315.2500006
314.7500006
314.2500005
313.7500005
313.2500005
312.7500005
312.2500005
311.7500005
311.2500005
310.7500004
310.2500004
309.7500004
309.2500004
308.7500004
308.2500003
307.7500003
307.2500003
306.7500003
306.2500003
305.7500002
305.2500002
304.7500002
304.2500002
303.7500002
303.2500001
302.7500001
302.2500001
301.7500001
301.2500001
300.75
300.25
399.75
399.25
398.7499999
398.2499999
397.7499999
397.2499999
396.7499999
396.2499998
395.7499998
395.2499998
394.7499998
394.2499998
393.7499997
393.2499997
392.7499997
392.2499997
391.7499997
391.2499996
390.7499996
390.2499996
389.7499996
389.2499996
388.7499995
388.2499995
387.7499995
387.2499995
386.7499995
386.2499995
385.7499994
385.2499994
384.7499994
384.2499994
383.7499994
383.2499994
382.7499994
382.2499994
381.7499994
381.2499993
380.7499993
380.2499993
379.7499993
379.2499993
378.7499993
378.2499993
377.7499993
377.2499993
376.7499993
376.2499993
375.7499993
375.2499993
374.7499993
374.2499993
373.7499993
373.2499993
372.7499993
372.2499993
371.7499993
371.2499993
370.7499993
370.2499993
369.7499993
369.2499993
368.7499993
368.2499994
367.7499994
367.2499994
366.7499994
366.2499994
365.7499994
365.2499994
364.7499994
364.2499994
363.7499995
363.2499995
362.7499995
362.2499995
361.7499995
361.2499995
360.7499996
360.2499996
359.7499996
359.2499996
358.7499996
358.2499997
357.7499997
357.2499997
356.7499997
356.2499997
355.7499998
355.2499998
354.7499998
354.2499998
353.7499998
353.2499999
352.7499999
352.2499999
351.7499999
351.2499999
350.75
350.25
349.75
349.25
348.7500001
348.2500001
347.7500001
347.2500001
346.7500001
346.2500002
345.7500002
345.2500002
344.7500002
344.2500002
343.7500003
343.2500003
342.7500003
342.2500003
341.7500003
341.2500004
340.7500004
340.2500004
339.7500004
339.2500004
338.7500005
338.2500005
337.7500005
337.2500005
336.7500005
336.2500005
335.7500006
335.2500006
334.7500006
334.2500006
333.7500006
333.2500006
332.7500006
332.2500006
331.7500006
331.2500007
330.7500007
330.2500007
329.7500007
329.2500007
328.7500007
328.2500007
327.7500007
327.2500007
326.7500007
326.2500007
325.7500007
325.2500007
324.7500007
324.2500007
323.7500007
323.2500007
322.7500007
322.2500007
321.7500007
321.2500007
320.7500007
320.2500007
319.7500007
319.2500007
318.7500007
318.2500006
317.7500006
317.2500006
316.7500006
316.2500006
315.7500006
315.2500006
314.7500006
314.2500006
313.7500005
313.2500005
312.7500005
312.2500005
311.7500005
311.2500005
310.7500004
310.2500004
309.7500004
309.2500004
308.7500004
308.2500003
307.7500003
307.2500003
306.7500003
306.2500003
305.7500002
305.2500002
304.7500002
304.2500002
303.7500002
303.2500001
302.7500001
302.2500001
301.7500001
301.2500001
300.75
300.25
399.75
399.25
398.7499999
398.2499999
397.7499999
397.2499999
396.7499999
396.2499998
395.7499998
395.2499998
394.7499998
394.2499998
393.7499997
393.2499997
392.7499997
392.2499997
391.7499997
391.2499996
390.7499996
390.2499996
389.7499996
389.2499996
388.7499995
388.2499995
387.7499995
387.2499995
386.7499995
386.2499995
385.7499995
385.2499994
384.7499994
384.2499994
383.7499994
383.2499994
382.7499994
382.2499994
381.7499994
381.2499993
380.7499993
380.2499993
379.7499993
379.2499993
378.7499993
378.2499993
377.7499993
377.2499993
376.7499993
376.2499993
375.7499993
375.2499993
374.7499993
374.2499993
373.7499993
373.2499993
372.7499993
372.2499993
371.7499993
371.2499993
370.7499993
370.2499993
369.7499993
369.2499993
368.7499993
368.2499994
367.7499994
367.2499994
366.7499994
366.2499994
365.7499994
365.2499994
364.7499994
364.2499994
363.7499995
363.2499995
362.7499995
362.2499995
361.7499995
361.2499995
360.7499996
360.2499996
359.7499996
359.2499996
358.7499996
358.2499996
357.7499997
357.2499997
356.7499997
356.2499997
355.7499997
355.2499998
354.7499998
354.2499998
353.7499998
353.2499999
352.7499999
352.2499999
351.7499999
351.2499999
350.75
350.25
349.75
349.25
348.7500001
348.2500001
347.7500001
347.2500001
346.7500001
346.2500002
345.7500002
345.2500002
344.7500002
344.2500002
343.7500003
343.2500003
342.7500003
342.2500003
341.7500003
341.2500004
340.7500004
340.2500004
339.7500004
339.2500004
338.7500005
338.2500005
337.7500005
337.2500005
336.7500005
336.2500005
335.7500005
335.2500006
334.7500006
334.2500006
333.7500006
333.2500006
332.7500006
332.2500006
331.7500006
331.2500007
330.7500007
330.2500007
329.7500007
329.2500007
328.7500007
328.2500007
327.7500007
327.2500007
326.7500007
326.2500007
325.7500007
325.2500007
324.7500007
324.2500007
323.7500007
323.2500007
322.7500007
322.2500007
321.7500007
321.2500007
320.7500007
320.2500007
319.7500007
319.2500007
318.7500007
318.2500006
317.7500006
317.2500006
316.7500006
316.2500006
315.7500006
315.2500006
314.7500006
314.2500006
313.7500005
313.2500005
312.7500005
312.2500005
311.7500005
311.2500005
310.7500004
310.2500004
309.7500004
309.2500004
308.7500004
308.2500004
307.7500003
307.2500003
306.7500003
306.2500003
305.7500003
305.2500002
304.7500002
304.2500002
303.7500002
303.2500001
302.7500001
302.2500001
301.7500001
301.2500001
300.75
300.25
399.75
399.25
398.7499999
398.2499999
397.7499999
397.2499999
396.7499999
396.2499998
395.7499998
395.2499998
394.7499998
394.2499997
393.7499997
393.2499997
392.7499997
392.2499997
391.7499996
391.2499996
390.7499996
390.2499996
389.7499996
389.2499996
388.7499995
388.2499995
387.7499995
387.2499995
386.7499995
386.2499995
385.7499994
385.2499994
384.7499994
384.2499994
383.7499994
383.2499994
382.7499994
382.2499994
381.7499994
381.2499993
380.7499993
380.2499993
379.7499993
379.2499993
378.7499993
378.2499993
377.7499993
377.2499993
376.7499993
376.2499993
375.7499993
375.2499993
374.7499993
374.2499993
373.7499993
373.2499993
372.7499993
372.2499993
371.7499993
371.2499993
370.7499993
370.2499993
369.7499993
369.2499993
368.7499993
368.2499994
367.7499994
367.2499994
366.7499994
366.2499994
365.7499994
365.2499994
364.7499994
364.2499994
363.7499995
363.2499995
362.7499995
362.2499995
361.7499995
361.2499995
360.7499996
360.2499996
359.7499996
359.2499996
358.7499996
358.2499996
357.7499997
357.2499997
356.7499997
356.2499997
355.7499998
355.2499998
354.7499998
354.2499998
353.7499998
353.2499999
352.7499999
352.2499999
351.7499999
351.2499999
350.75
350.25
349.75
349.25
348.7500001
348.2500001
347.7500001
347.2500001
346.7500001
346.2500002
345.7500002
345.2500002
344.7500002
344.2500003
343.7500003
343.2500003
342.7500003
342.2500003
341.7500004
341.2500004
340.7500004
340.2500004
339.7500004
339.2500004
338.7500005
338.2500005
337.7500005
337.2500005
336.7500005
336.2500005
335.7500006
335.2500006
334.7500006
334.2500006
333.7500006
333.2500006
332.7500006
332.2500006
331.7500006
331.2500007
330.7500007
330.2500007
329.7500007
329.2500007
328.7500007
328.2500007
327.7500007
327.2500007
326.7500007
326.2500007
325.7500007
325.2500007
324.7500007
324.2500007
323.7500007
323.2500007
322.7500007
322.2500007
321.7500007
321.2500007
320.7500007
320.2500007
319.7500007
319.2500007
318.7500007
318.2500006
317.7500006
317.2500006
316.7500006
316.2500006
315.7500006
315.2500006
314.7500006
314.2500006
313.7500005
313.2500005
312.7500005
312.2500005
311.7500005
311.2500005
310.7500004
310.2500004
309.7500004
309.2500004
308.7500004
308.2500004
307.7500003
307.2500003
306.7500003
306.2500003
305.7500002
305.2500002
304.7500002
304.2500002
303.7500002
303.2500001
302.7500001
302.2500001
301.7500001
301.2500001
300.75
300.25
399.75
399.25
398.7499999
398.2499999
397.7499999
397.2499999
396.7499999
396.2499998
395.7499998
395.2499998
394.7499998
394.2499998
393.7499997
393.2499997
392.7499997
392.2499997
391.7499997
391.2499996
390.7499996
390.2499996
389.7499996
389.2499996
388.7499995
388.2499995
387.7499995
387.2499995
386.7499995
386.2499995
385.7499994
385.2499994
384.7499994
384.2499994
383.7499994
383.2499994
382.7499994
382.2499994
381.7499994
381.2499993
380.7499993
380.2499993
379.7499993
379.2499993
378.7499993
378.2499993
377.7499993
377.2499993
376.7499993
376.2499993
375.7499993
375.2499993
374.7499993
374.2499993
373.7499993
373.2499993
372.7499993
372.2499993
371.7499993
371.2499993
370.7499993
370.2499993
369.7499993
369.2499993
368.7499993
368.2499994
367.7499994
367.2499994
366.7499994
366.2499994
365.7499994
365.2499994
364.7499994
364.2499994
363.7499995
363.2499995
362.7499995
362.2499995
361.7499995
361.2499995
360.7499996
360.2499996
359.7499996
359.2499996
358.7499996
358.2499996
357.7499997
357.2499997
356.7499997
356.2499997
355.7499997
355.2499998
354.7499998
354.2499998
353.7499998
353.2499999
352.7499999
352.2499999
351.7499999
351.2499999
350.75
350.25
349.75
349.25
348.7500001
348.2500001
347.7500001
347.2500001
346.7500001
346.2500002
345.7500002
345.2500002
344.7500002
344.2500002
343.7500003
343.2500003
342.7500003
342.2500003
341.7500003
341.2500004
340.7500004
340.2500004
339.7500004
339.2500004
338.7500005
338.2500005
337.7500005
337.2500005
336.7500005
336.2500005
335.7500006
335.2500006
334.7500006
334.2500006
333.7500006
333.2500006
332.7500006
332.2500006
331.7500006
331.2500007
330.7500007
330.2500007
329.7500007
329.2500007
328.7500007
328.2500007
327.7500007
327.2500007
326.7500007
326.2500007
325.7500007
325.2500007
324.7500007
324.2500007
323.7500007
323.2500007
322.7500007
322.2500007
321.7500007
321.2500007
320.7500007
320.2500007
319.7500007
319.2500007
318.7500007
318.2500006
317.7500006
317.2500006
316.7500006
316.2500006
315.7500006
315.2500006
314.7500006
314.2500006
313.7500005
313.2500005
312.7500005
312.2500005
311.7500005
311.2500005
310.7500004
310.2500004
309.7500004
309.2500004
308.7500004
308.2500004
307.7500003
307.2500003
306.7500003
306.2500003
305.7500003
305.2500002
304.7500002
304.2500002
303.7500002
303.2500001
302.7500001
302.2500001
301.7500001
301.2500001
300.75
300.25
399.75
399.25
398.7499999
398.2499999
397.7499999
397.2499999
396.7499999
396.2499998
395.7499998
395.2499998
394.7499998
394.2499997
393.7499997
393.2499997
392.7499997
392.2499997
391.7499996
391.2499996
390.7499996
390.2499996
389.7499996
389.2499996
388.7499995
388.2499995
387.7499995
387.2499995
386.7499995
386.2499995
385.7499994
385.2499994
384.7499994
384.2499994
383.7499994
383.2499994
382.7499994
382.2499994
381.7499994
381.2499993
380.7499993
380.2499993
379.7499993
379.2499993
378.7499993
378.2499993
377.7499993
377.2499993
376.7499993
376.2499993
375.7499993
375.2499993
374.7499993
374.2499993
373.7499993
373.2499993
372.7499993
372.2499993
371.7499993
371.2499993
370.7499993
370.2499993
369.7499993
369.2499993
368.7499993
368.2499994
367.7499994
367.2499994
366.7499994
366.2499994
365.7499994
365.2499994
364.7499994
364.2499994
363.7499995
363.2499995
362.7499995
362.2499995
361.7499995
361.2499995
360.7499996
360.2499996
359.7499996
359.2499996
358.7499996
358.2499996
357.7499997
357.2499997
356.7499997
356.2499997
355.7499998
355.2499998
354.7499998
354.2499998
353.7499998
353.2499999
352.7499999
352.2499999
351.7499999
351.2499999
350.75
350.25
349.75
349.25
348.7500001
348.2500001
347.7500001
347.2500001
346.7500001
346.2500002
345.7500002
345.2500002
344.7500002
344.2500003
343.7500003
343.2500003
342.7500003
342.2500003
341.7500004
341.2500004
340.7500004
340.2500004
339.7500004
339.2500004
338.7500005
338.2500005
337.7500005
337.2500005
336.7500005
336.2500005
335.7500006
335.2500006
334.7500006
334.2500006
333.7500006
333.2500006
332.7500006
332.2500006
331.7500006
331.2500007
330.7500007
330.2500007
329.7500007
329.2500007
328.7500007
328.2500007
327.7500007
327.2500007
326.7500007
326.2500007
325.7500007
325.2500007
324.7500007
324.2500007
323.7500007
323.2500007
322.7500007
322.2500007
321.7500007
321.2500007
320.7500007
320.2500007
319.7500007
319.2500007
318.7500007
318.2500006
317.7500006
317.2500006
316.7500006
316.2500006
315.7500006
315.2500006
314.7500006
314.2500006
313.7500005
313.2500005
312.7500005
312.2500005
311.7500005
311.2500005
310.7500004
310.2500004
309.7500004
309.2500004
308.7500004
308.2500004
307.7500003
307.2500003
306.7500003
306.2500003
305.7500003
305.2500002
304.7500002
304.2500002
303.7500002
303.2500001
302.7500001
302.2500001
301.7500001
301.2500001
300.75
300.25
399.75
399.25
398.7499999
398.2499999
397.7499999
397.2499999
396.7499999
396.2499998
395.7499998
395.2499998
394.7499998
394.2499998
393.7499997
393.2499997
392.7499997
392.2499997
391.7499996
391.2499996
390.7499996
390.2499996
389.7499996
389.2499996
388.7499995
388.2499995
387.7499995
387.2499995
386.7499995
386.2499995
385.7499994
385.2499994
384.7499994
384.2499994
383.7499994
383.2499994
382.7499994
382.2499994
381.7499994
381.2499993
380.7499993
380.2499993
379.7499993
379.2499993
378.7499993
378.2499993
377.7499993
377.2499993
376.7499993
376.2499993
375.7499993
375.2499993
374.7499993
374.2499993
373.7499993
373.2499993
372.7499993
372.2499993
371.7499993
371.2499993
370.7499993
370.2499993
369.7499993
369.2499993
368.7499993
368.2499994
367.7499994
367.2499994
366.7499994
366.2499994
365.7499994
365.2499994
364.7499994
364.2499994
363.7499995
363.2499995
362.7499995
362.2499995
361.7499995
361.2499995
360.7499996
360.2499996
359.7499996
359.2499996
358.7499996
358.2499996
357.7499997
357.2499997
356.7499997
356.2499997
355.7499997
355.2499998
354.7499998
354.2499998
353.7499998
353.2499999
352.7499999
352.2499999
351.7499999
351.2499999
350.75
350.25
349.75
349.25
348.7500001
348.2500001
347.7500001
347.2500001
346.7500001
346.2500002
345.7500002
345.2500002
344.7500002
344.2500002
343.7500003
343.2500003
342.7500003
342.2500003
341.7500004
341.2500004
340.7500004
340.2500004
339.7500004
339.2500004
338.7500005
338.2500005
337.7500005
337.2500005
336.7500005
336.2500005
335.7500006
335.2500006
334.7500006
334.2500006
333.7500006
333.2500006
332.7500006
332.2500006
331.7500006
331.2500007
330.7500007
330.2500007
329.7500007
329.2500007
328.7500007
328.2500007
327.7500007
327.2500007
326.7500007
326.2500007
325.7500007
325.2500007
324.7500007
324.2500007
323.7500007
323.2500007
322.7500007
322.2500007
321.7500007
321.2500007
320.7500007
320.2500007
319.7500007
319.2500007
318.7500007
318.2500006
317.7500006
317.2500006
316.7500006
316.2500006
315.7500006
315.2500006
314.7500006
314.2500006
313.7500005
313.2500005
312.7500005
312.2500005
311.7500005
311.2500005
310.7500004
310.2500004
309.7500004
309.2500004
308.7500004
308.2500004
307.7500003
307.2500003
306.7500003
306.2500003
305.7500003
305.2500002
304.7500002
304.2500002
303.7500002
303.2500001
302.7500001
302.2500001
301.7500001
301.2500001
300.75
300.25
399.75
399.25
398.7499999
398.2499999
397.7499999
397.2499999
396.7499999
396.2499998
395.7499998
395.2499998
394.7499998
394.2499997
393.7499997
393.2499997
392.7499997
392.2499997
391.7499996
391.2499996
390.7499996
390.2499996
389.7499996
389.2499996
388.7499995
388.2499995
387.7499995
387.2499995
386.7499995
386.2499995
385.7499994
385.2499994
384.7499994
384.2499994
383.7499994
383.2499994
382.7499994
382.2499994
381.7499994
381.2499993
380.7499993
380.2499993
379.7499993
379.2499993
378.7499993
378.2499993
377.7499993
377.2499993
376.7499993
376.2499993
375.7499993
375.2499993
374.7499993
374.2499993
373.7499993
373.2499993
372.7499993
372.2499993
371.7499993
371.2499993
370.7499993
370.2499993
369.7499993
369.2499993
368.7499993
368.2499994
367.7499994
367.2499994
366.7499994
366.2499994
365.7499994
365.2499994
364.7499994
364.2499994
363.7499995
363.2499995
362.7499995
362.2499995
361.7499995
361.2499995
360.7499996
360.2499996
359.7499996
359.2499996
358.7499996
358.2499997
357.7499997
357.2499997
356.7499997
356.2499997
355.7499998
355.2499998
354.7499998
354.2499998
353.7499998
353.2499999
352.7499999
352.2499999
351.7499999
351.2499999
350.75
350.25
349.75
349.25
348.7500001
348.2500001
347.7500001
347.2500001
346.7500001
346.2500002
345.7500002
345.2500002
344.7500002
344.2500003
343.7500003
343.2500003
342.7500003
342.2500003
341.7500004
341.2500004
340.7500004
340.2500004
339.7500004
339.2500004
338.7500005
338.2500005
337.7500005
337.2500005
336.7500005
336.2500005
335.7500006
335.2500006
334.7500006
334.2500006
333.7500006
333.2500006
332.7500006
332.2500006
331.7500006
331.2500007
330.7500007
330.2500007
329.7500007
329.2500007
328.7500007
328.2500007
327.7500007
327.2500007
326.7500007
326.2500007
325.7500007
325.2500007
324.7500007
324.2500007
323.7500007
323.2500007
322.7500007
322.2500007
321.7500007
321.2500007
320.7500007
320.2500007
319.7500007
319.2500007
318.7500007
318.2500006
317.7500006
317.2500006
316.7500006
316.2500006
315.7500006
315.2500006
314.7500006
314.2500006
313.7500005
313.2500005
312.7500005
312.2500005
311.7500005
311.2500005
310.7500004
310.2500004
309.7500004
309.2500004
308.7500004
308.2500004
307.7500003
307.2500003
306.7500003
306.2500003
305.7500003
305.2500002
304.7500002
304.2500002
303.7500002
303.2500001
302.7500001
302.2500001
301.7500001
301.2500001
300.75
300.25
399.75
399.25
398.7499999
398.2499999
397.7499999
397.2499999
396.7499999
396.2499998
395.7499998
395.2499998
394.7499998
394.2499998
393.7499997
393.2499997
392.7499997
392.2499997
391.7499996
391.2499996
390.7499996
390.2499996
389.7499996
389.2499996
388.7499995
388.2499995
387.7499995
387.2499995
386.7499995
386.2499995
385.7499994
385.2499994
384.7499994
384.2499994
383.7499994
383.2499994
382.7499994
382.2499994
381.7499994
381.2499993
380.7499993
380.2499993
379.7499993
379.2499993
378.7499993
378.2499993
377.7499993
377.2499993
376.7499993
376.2499993
375.7499993
375.2499993
374.7499993
374.2499993
373.7499993
373.2499993
372.7499993
372.2499993
371.7499993
371.2499993
370.7499993
370.2499993
369.7499993
369.2499993
368.7499993
368.2499994
367.7499994
367.2499994
366.7499994
366.2499994
365.7499994
365.2499994
364.7499994
364.2499994
363.7499995
363.2499995
362.7499995
362.2499995
361.7499995
361.2499995
360.7499996
360.2499996
359.7499996
359.2499996
358.7499996
358.2499996
357.7499997
357.2499997
356.7499997
356.2499997
355.7499997
355.2499998
354.7499998
354.2499998
353.7499998
353.2499999
352.7499999
352.2499999
351.7499999
351.2499999
350.75
350.25
349.75
349.25
348.7500001
348.2500001
347.7500001
347.2500001
346.7500001
346.2500002
345.7500002
345.2500002
344.7500002
344.2500003
343.7500003
343.2500003
342.7500003
342.2500003
341.7500004
341.2500004
340.7500004
340.2500004
339.7500004
339.2500004
338.7500005
338.2500005
337.7500005
337.2500005
336.7500005
336.2500005
335.7500006
335.2500006
334.7500006
334.2500006
333.7500006
333.2500006
332.7500006
332.2500006
331.7500006
331.2500007
330.7500007
330.2500007
329.7500007
329.2500007
328.7500007
328.2500007
327.7500007
327.2500007
326.7500007
326.2500007
325.7500007
325.2500007
324.7500007
324.2500007
323.7500007
323.2500007
322.7500007
322.2500007
321.7500007
321.2500007
320.7500007
320.2500007
319.7500007
319.2500007
318.7500007
318.2500006
317.7500006
317.2500006
316.7500006
316.2500006
315.7500006
315.2500006
314.7500006
314.2500006
313.7500005
313.2500005
312.7500005
312.2500005
311.7500005
311.2500005
310.7500004
310.2500004
309.7500004
309.2500004
308.7500004
308.2500004
307.7500003
307.2500003
306.7500003
306.2500003
305.7500003
305.2500002
304.7500002
304.2500002
303.7500002
303.2500001
302.7500001
302.2500001
301.7500001
301.2500001
300.75
300.25
399.75
399.25
398.7499999
398.2499999
397.7499999
397.2499999
396.7499999
396.2499998
395.7499998
395.2499998
394.7499998
394.2499997
393.7499997
393.2499997
392.7499997
392.2499997
391.7499996
391.2499996
390.7499996
390.2499996
389.7499996
389.2499996
388.7499995
388.2499995
387.7499995
387.2499995
386.7499995
386.2499995
385.7499994
385.2499994
384.7499994
384.2499994
383.7499994
383.2499994
382.7499994
382.2499994
381.7499994
381.2499993
380.7499993
380.2499993
379.7499993
379.2499993
378.7499993
378.2499993
377.7499993
377.2499993
376.7499993
376.2499993
375.7499993
375.2499993
374.7499993
374.2499993
373.7499993
373.2499993
372.7499993
372.2499993
371.7499993
371.2499993
370.7499993
370.2499993
369.7499993
369.2499993
368.7499993
368.2499994
367.7499994
367.2499994
366.7499994
366.2499994
365.7499994
365.2499994
364.7499994
364.2499994
363.7499995
363.2499995
362.7499995
362.2499995
361.7499995
361.2499995
360.7499996
360.2499996
359.7499996
359.2499996
358.7499996
358.2499997
357.7499997
357.2499997
356.7499997
356.2499997
355.7499998
355.2499998
354.7499998
354.2499998
353.7499998
353.2499999
352.7499999
352.2499999
351.7499999
351.2499999
350.75
350.25
349.75
349.25
348.7500001
348.2500001
347.7500001
347.2500001
346.7500001
346.2500002
345.7500002
345.2500002
344.7500002
344.2500003
343.7500003
343.2500003
342.7500003
342.2500003
341.7500004
341.2500004
340.7500004
340.2500004
339.7500004
339.2500004
338.7500005
338.2500005
337.7500005
337.2500005
336.7500005
336.2500005
335.7500006
335.2500006
334.7500006
334.2500006
333.7500006
333.2500006
332.7500006
332.2500006
331.7500006
331.2500007
330.7500007
330.2500007
329.7500007
329.2500007
328.7500007
328.2500007
327.7500007
327.2500007
326.7500007
326.2500007
325.7500007
325.2500007
324.7500007
324.2500007
323.7500007
323.2500007
322.7500007
322.2500007
321.7500007
321.2500007
320.7500007
320.2500007
319.7500007
319.2500007
318.7500007
318.2500006
317.7500006
317.2500006
316.7500006
316.2500006
315.7500006
315.2500006
314.7500006
314.2500006
313.7500005
313.2500005
312.7500005
312.2500005
311.7500005
311.2500005
310.7500004
310.2500004
309.7500004
309.2500004
308.7500004
308.2500003
307.7500003
307.2500003
306.7500003
306.2500003
305.7500002
305.2500002
304.7500002
304.2500002
303.7500002
303.2500001
302.7500001
302.2500001
301.7500001
301.2500001
300.75
300.25
399.75
399.25
398.7499999
398.2499999
397.7499999
397.2499999
396.7499999
396.2499998
395.7499998
395.2499998
394.7499998
394.2499998
393.7499997
393.2499997
392.7499997
392.2499997
391.7499997
391.2499996
390.7499996
390.2499996
389.7499996
389.2499996
388.7499995
388.2499995
387.7499995
387.2499995
386.7499995
386.2499995
385.7499994
385.2499994
384.7499994
384.2499994
383.7499994
383.2499994
382.7499994
382.2499994
381.7499994
381.2499993
380.7499993
380.2499993
379.7499993
379.2499993
378.7499993
378.2499993
377.7499993
377.2499993
376.7499993
376.2499993
375.7499993
375.2499993
374.7499993
374.2499993
373.7499993
373.2499993
372.7499993
372.2499993
371.7499993
371.2499993
370.7499993
370.2499993
369.7499993
369.2499993
368.7499993
368.2499994
367.7499994
367.2499994
366.7499994
366.2499994
365.7499994
365.2499994
364.7499994
364.2499994
363.7499995
363.2499995
362.7499995
362.2499995
361.7499995
361.2499995
360.7499996
360.2499996
359.7499996
359.2499996
358.7499996
358.2499997
357.7499997
357.2499997
356.7499997
356.2499997
355.7499998
355.2499998
354.7499998
354.2499998
353.7499998
353.2499999
352.7499999
352.2499999
351.7499999
351.2499999
350.75
350.25
349.75
349.25
348.7500001
348.2500001
347.7500001
347.2500001
346.7500001
346.2500002
345.7500002
345.2500002
344.7500002
344.2500002
343.7500003
343.2500003
342.7500003
342.2500003
341.7500004
341.2500004
340.7500004
340.2500004
339.7500004
339.2500004
338.7500005
338.2500005
337.7500005
337.2500005
336.7500005
336.2500005
335.7500006
335.2500006
334.7500006
334.2500006
333.7500006
333.2500006
332.7500006
332.2500006
331.7500006
331.2500007
330.7500007
330.2500007
329.7500007
329.2500007
328.7500007
328.2500007
327.7500007
327.2500007
326.7500007
326.2500007
325.7500007
325.2500007
324.7500007
324.2500007
323.7500007
323.2500007
322.7500007
322.2500007
321.7500007
321.2500007
320.7500007
320.2500007
319.7500007
319.2500007
318.7500007
318.2500006
317.7500006
317.2500006
316.7500006
316.2500006
315.7500006
315.2500006
314.7500006
314.2500006
313.7500005
313.2500005
312.7500005
312.2500005
311.7500005
311.2500005
310.7500004
310.2500004
309.7500004
309.2500004
308.7500004
308.2500004
307.7500003
307.2500003
306.7500003
306.2500003
305.7500003
305.2500002
304.7500002
304.2500002
303.7500002
303.2500001
302.7500001
302.2500001
301.7500001
301.2500001
300.75
300.25
399.75
399.25
398.7499999
398.2499999
397.7499999
397.2499999
396.7499999
396.2499998
395.7499998
395.2499998
394.7499998
394.2499998
393.7499997
393.2499997
392.7499997
392.2499997
391.7499997
391.2499996
390.7499996
390.2499996
389.7499996
389.2499996
388.7499995
388.2499995
387.7499995
387.2499995
386.7499995
386.2499995
385.7499995
385.2499994
384.7499994
384.2499994
383.7499994
383.2499994
382.7499994
382.2499994
381.7499994
381.2499993
380.7499993
380.2499993
379.7499993
379.2499993
378.7499993
378.2499993
377.7499993
377.2499993
376.7499993
376.2499993
375.7499993
375.2499993
374.7499993
374.2499993
373.7499993
373.2499993
372.7499993
372.2499993
371.7499993
371.2499993
370.7499993
370.2499993
369.7499993
369.2499993
368.7499994
368.2499994
367.7499994
367.2499994
366.7499994
366.2499994
365.7499994
365.2499994
364.7499994
364.2499995
363.7499995
363.2499995
362.7499995
362.2499995
361.7499995
361.2499995
360.7499996
360.2499996
359.7499996
359.2499996
358.7499996
358.2499997
357.7499997
357.2499997
356.7499997
356.2499997
355.7499998
355.2499998
354.7499998
354.2499998
353.7499998
353.2499999
352.7499999
352.2499999
351.7499999
351.2499999
350.75
350.25
349.75
349.25
348.7500001
348.2500001
347.7500001
347.2500001
346.7500001
346.2500002
345.7500002
345.2500002
344.7500002
344.2500003
343.7500003
343.2500003
342.7500003
342.2500003
341.7500004
341.2500004
340.7500004
340.2500004
339.7500004
339.2500004
338.7500005
338.2500005
337.7500005
337.2500005
336.7500005
336.2500005
335.7500006
335.2500006
334.7500006
334.2500006
333.7500006
333.2500006
332.7500006
332.2500006
331.7500006
331.2500007
330.7500007
330.2500007
329.7500007
329.2500007
328.7500007
328.2500007
327.7500007
327.2500007
326.7500007
326.2500007
325.7500007
325.2500007
324.7500007
324.2500007
323.7500007
323.2500007
322.7500007
322.2500007
321.7500007
321.2500007
320.7500007
320.2500007
319.7500007
319.2500007
318.7500007
318.2500006
317.7500006
317.2500006
316.7500006
316.2500006
315.7500006
315.2500006
314.7500006
314.2500005
313.7500005
313.2500005
312.7500005
312.2500005
311.7500005
311.2500005
310.7500004
310.2500004
309.7500004
309.2500004
308.7500004
308.2500003
307.7500003
307.2500003
306.7500003
306.2500003
305.7500002
305.2500002
304.7500002
304.2500002
303.7500002
303.2500001
302.7500001
302.2500001
301.7500001
301.2500001
300.75
300.25
399.75
399.25
398.7499999
398.2499999
397.7499999
397.2499999
396.7499999
396.2499998
395.7499998
395.2499998
394.7499998
394.2499998
393.7499997
393.2499997
392.7499997
392.2499997
391.7499997
391.2499996
390.7499996
390.2499996
389.7499996
389.2499996
388.7499995
388.2499995
387.7499995
387.2499995
386.7499995
386.2499995
385.7499995
385.2499994
384.7499994
384.2499994
383.7499994
383.2499994
382.7499994
382.2499994
381.7499994
381.2499994
380.7499993
380.2499993
379.7499993
379.2499993
378.7499993
378.2499993
377.7499993
377.2499993
376.7499993
376.2499993
375.7499993
375.2499993
374.7499993
374.2499993
373.7499993
373.2499993
372.7499993
372.2499993
371.7499993
371.2499993
370.7499993
370.2499993
369.7499993
369.2499993
368.7499994
368.2499994
367.7499994
367.2499994
366.7499994
366.2499994
365.7499994
365.2499994
364.7499994
364.2499995
363.7499995
363.2499995
362.7499995
362.2499995
361.7499995
361.2499995
360.7499996
360.2499996
359.7499996
359.2499996
358.7499996
358.2499997
357.7499997
357.2499997
356.7499997
356.2499997
355.7499998
355.2499998
354.7499998
354.2499998
353.7499998
353.2499999
352.7499999
352.2499999
351.7499999
351.2499999
350.75
350.25
349.75
349.25
348.7500001
348.2500001
347.7500001
347.2500001
346.7500001
346.2500002
345.7500002
345.2500002
344.7500002
344.2500002
343.7500003
343.2500003
342.7500003
342.2500003
341.7500003
341.2500004
340.7500004
340.2500004
339.7500004
339.2500004
338.7500005
338.2500005
337.7500005
337.2500005
336.7500005
336.2500005
335.7500005
335.2500006
334.7500006
334.2500006
333.7500006
333.2500006
332.7500006
332.2500006
331.7500006
331.2500006
330.7500007
330.2500007
329.7500007
329.2500007
328.7500007
328.2500007
327.7500007
327.2500007
326.7500007
326.2500007
325.7500007
325.2500007
324.7500007
324.2500007
323.7500007
323.2500007
322.7500007
322.2500007
321.7500007
321.2500007
320.7500007
320.2500007
319.7500007
319.2500007
318.7500006
318.2500006
317.7500006
317.2500006
316.7500006
316.2500006
315.7500006
315.2500006
314.7500006
314.2500005
313.7500005
313.2500005
312.7500005
312.2500005
311.7500005
311.2500005
310.7500004
310.2500004
309.7500004
309.2500004
308.7500004
308.2500003
307.7500003
307.2500003
306.7500003
306.2500003
305.7500002
305.2500002
304.7500002
304.2500002
303.7500002
303.2500001
302.7500001
302.2500001
301.7500001
301.2500001
300.75
300.25
399.75
399.25
398.7499999
398.2499999
397.7499999
397.2499999
396.7499999
396.2499998
395.7499998
395.2499998
394.7499998
394.2499998
393.7499997
393.2499997
392.7499997
392.2499997
391.7499997
391.2499996
390.7499996
390.2499996
389.7499996
389.2499996
388.7499995
388.2499995
387.7499995
387.2499995
386.7499995
386.2499995
385.7499995
385.2499994
384.7499994
384.2499994
383.7499994
383.2499994
382.7499994
382.2499994
381.7499994
381.2499994
380.7499993
380.2499993
379.7499993
379.2499993
378.7499993
378.2499993
377.7499993
377.2499993
376.7499993
376.2499993
375.7499993
375.2499993
374.7499993
374.2499993
373.7499993
373.2499993
372.7499993
372.2499993
371.7499993
371.2499993
370.7499993
370.2499993
369.7499993
369.2499993
368.7499994
368.2499994
367.7499994
367.2499994
366.7499994
366.2499994
365.7499994
365.2499994
364.7499994
364.2499995
363.7499995
363.2499995
362.7499995
362.2499995
361.7499995
361.2499995
360.7499996
360.2499996
359.7499996
359.2499996
358.7499996
358.2499997
357.7499997
357.2499997
356.7499997
356.2499997
355.7499998
355.2499998
354.7499998
354.2499998
353.7499998
353.2499999
352.7499999
352.2499999
351.7499999
351.2499999
350.75
350.25
349.75
349.25
348.7500001
348.2500001
347.7500001
347.2500001
346.7500001
346.2500002
345.7500002
345.2500002
344.7500002
344.2500002
343.7500003
343.2500003
342.7500003
342.2500003
341.7500003
341.2500004
340.7500004
340.2500004
339.7500004
339.2500004
338.7500005
338.2500005
337.7500005
337.2500005
336.7500005
336.2500005
335.7500005
335.2500006
334.7500006
334.2500006
333.7500006
333.2500006
332.7500006
332.2500006
331.7500006
331.2500006
330.7500007
330.2500007
329.7500007
329.2500007
328.7500007
328.2500007
327.7500007
327.2500007
326.7500007
326.2500007
325.7500007
325.2500007
324.7500007
324.2500007
323.7500007
323.2500007
322.7500007
322.2500007
321.7500007
321.2500007
320.7500007
320.2500007
319.7500007
319.2500007
318.7500006
318.2500006
317.7500006
317.2500006
316.7500006
316.2500006
315.7500006
315.2500006
314.7500006
314.2500005
313.7500005
313.2500005
312.7500005
312.2500005
311.7500005
311.2500005
310.7500004
310.2500004
309.7500004
309.2500004
308.7500004
308.2500003
307.7500003
307.2500003
306.7500003
306.2500003
305.7500002
305.2500002
304.7500002
304.2500002
303.7500002
303.2500001
302.7500001
302.2500001
301.7500001
301.2500001
300.75
300.25
399.75
399.25
398.7499999
398.2499999
397.7499999
397.2499999
396.7499999
396.2499998
395.7499998
395.2499998
394.7499998
394.2499998
393.7499997
393.2499997
392.7499997
392.2499997
391.7499997
391.2499996
390.7499996
390.2499996
389.7499996
389.2499996
388.7499995
388.2499995
387.7499995
387.2499995
386.7499995
386.2499995
385.7499995
385.2499994
384.7499994
384.2499994
383.7499994
383.2499994
382.7499994
382.2499994
381.7499994
381.2499994
380.7499993
380.2499993
379.7499993
379.2499993
378.7499993
378.2499993
377.7499993
377.2499993
376.7499993
376.2499993
375.7499993
375.2499993
374.7499993
374.2499993
373.7499993
373.2499993
372.7499993
372.2499993
371.7499993
371.2499993
370.7499993
370.2499993
369.7499993
369.2499993
368.7499994
368.2499994
367.7499994
367.2499994
366.7499994
366.2499994
365.7499994
365.2499994
364.7499994
364.2499995
363.7499995
363.2499995
362.7499995
362.2499995
361.7499995
361.2499995
360.7499996
360.2499996
359.7499996
359.2499996
358.7499996
358.2499997
357.7499997
357.2499997
356.7499997
356.2499997
355.7499998
355.2499998
354.7499998
354.2499998
353.7499998
353.2499999
352.7499999
352.2499999
351.7499999
351.2499999
350.75
350.25
349.75
349.25
348.7500001
348.2500001
347.7500001
347.2500001
346.7500001
346.2500002
345.7500002
345.2500002
344.7500002
344.2500002
343.7500003
343.2500003
342.7500003
342.2500003
341.7500003
341.2500004
340.7500004
340.2500004
339.7500004
339.2500004
338.7500005
338.2500005
337.7500005
337.2500005
336.7500005
336.2500005
335.7500005
335.2500006
334.7500006
334.2500006
333.7500006
333.2500006
332.7500006
332.2500006
331.7500006
331.2500006
330.7500007
330.2500007
329.7500007
329.2500007
328.7500007
328.2500007
327.7500007
327.2500007
326.7500007
326.2500007
325.7500007
325.2500007
324.7500007
324.2500007
323.7500007
323.2500007
322.7500007
322.2500007
321.7500007
321.2500007
320.7500007
320.2500007
319.7500007
319.2500007
318.7500006
318.2500006
317.7500006
317.2500006
316.7500006
316.2500006
315.7500006
315.2500006
314.7500006
314.2500005
313.7500005
313.2500005
312.7500005
312.2500005
311.7500005
311.2500005
310.7500004
310.2500004
309.7500004
309.2500004
308.7500004
308.2500003
307.7500003
307.2500003
306.7500003
306.2500003
305.7500002
305.2500002
304.7500002
304.2500002
303.7500002
303.2500001
302.7500001
302.2500001
301.7500001
301.2500001
300.75
300.25
399.75
399.25
398.7499999
398.2499999
397.7499999
397.2499999
396.7499999
396.2499998
395.7499998
395.2499998
394.7499998
394.2499998
393.7499997
393.2499997
392.7499997
392.2499997
391.7499997
391.2499996
390.7499996
390.2499996
389.7499996
389.2499996
388.7499996
388.2499995
387.7499995
387.2499995
386.7499995
386.2499995
385.7499995
385.2499994
384.7499994
384.2499994
383.7499994
383.2499994
382.7499994
382.2499994
381.7499994
381.2499994
380.7499994
380.2499993
379.7499993
379.2499993
378.7499993
378.2499993
377.7499993
377.2499993
376.7499993
376.2499993
375.7499993
375.2499993
374.7499993
374.2499993
373.7499993
373.2499993
372.7499993
372.2499993
371.7499993
371.2499993
370.7499993
370.2499993
369.7499993
369.2499994
368.7499994
368.2499994
367.7499994
367.2499994
366.7499994
366.2499994
365.7499994
365.2499994
364.7499994
364.2499995
363.7499995
363.2499995
362.7499995
362.2499995
361.7499995
361.2499996
360.7499996
360.2499996
359.7499996
359.2499996
358.7499996
358.2499997
357.7499997
357.2499997
356.7499997
356.2499997
355.7499998
355.2499998
354.7499998
354.2499998
353.7499998
353.2499999
352.7499999
352.2499999
351.7499999
351.2499999
350.75
350.25
349.75
349.25
348.7500001
348.2500001
347.7500001
347.2500001
346.7500001
346.2500002
345.7500002
345.2500002
344.7500002
344.2500002
343.7500003
343.2500003
342.7500003
342.2500003
341.7500003
341.2500004
340.7500004
340.2500004
339.7500004
339.2500004
338.7500005
338.2500005
337.7500005
337.2500005
336.7500005
336.2500005
335.7500005
335.2500006
334.7500006
334.2500006
333.7500006
333.2500006
332.7500006
332.2500006
331.7500006
331.2500006
330.7500006
330.2500007
329.7500007
329.2500007
328.7500007
328.2500007
327.7500007
327.2500007
326.7500007
326.2500007
325.7500007
325.2500007
324.7500007
324.2500007
323.7500007
323.2500007
322.7500007
322.2500007
321.7500007
321.2500007
320.7500007
320.2500007
319.7500007
319.2500006
318.7500006
318.2500006
317.7500006
317.2500006
316.7500006
316.2500006
315.7500006
315.2500006
314.7500006
314.2500005
313.7500005
313.2500005
312.7500005
312.2500005
311.7500005
311.2500004
310.7500004
310.2500004
309.7500004
309.2500004
308.7500004
308.2500003
307.7500003
307.2500003
306.7500003
306.2500003
305.7500002
305.2500002
304.7500002
304.2500002
303.7500002
303.2500001
302.7500001
302.2500001
301.7500001
301.2500001
300.75
300.25
399.75
399.25
398.7499999
398.2499999
397.7499999
397.2499999
396.7499999
396.2499998
395.7499998
395.2499998
394.7499998
394.2499998
393.7499997
393.2499997
392.7499997
392.2499997
391.7499997
391.2499996
390.7499996
390.2499996
389.7499996
389.2499996
388.7499996
388.2499995
387.7499995
387.2499995
386.7499995
386.2499995
385.7499995
385.2499995
384.7499994
384.2499994
383.7499994
383.2499994
382.7499994
382.2499994
381.7499994
381.2499994
380.7499994
380.2499993
379.7499993
379.2499993
378.7499993
378.2499993
377.7499993
377.2499993
376.7499993
376.2499993
375.7499993
375.2499993
374.7499993
374.2499993
373.7499993
373.2499993
372.7499993
372.2499993
371.7499993
371.2499993
370.7499993
370.2499993
369.7499994
369.2499994
368.7499994
368.2499994
367.7499994
367.2499994
366.7499994
366.2499994
365.7499994
365.2499994
364.7499995
364.2499995
363.7499995
363.2499995
362.7499995
362.2499995
361.7499995
361.2499996
360.7499996
360.2499996
359.7499996
359.2499996
358.7499996
358.2499997
357.7499997
357.2499997
356.7499997
356.2499997
355.7499998
355.2499998
354.7499998
354.2499998
353.7499998
353.2499999
352.7499999
352.2499999
351.7499999
351.2499999
350.75
350.25
349.75
349.25
348.7500001
348.2500001
347.7500001
347.2500001
346.7500001
346.2500002
345.7500002
345.2500002
344.7500002
344.2500002
343.7500003
343.2500003
342.7500003
342.2500003
341.7500003
341.2500004
340.7500004
340.2500004
339.7500004
339.2500004
338.7500004
338.2500005
337.7500005
337.2500005
336.7500005
336.2500005
335.7500005
335.2500006
334.7500006
334.2500006
333.7500006
333.2500006
332.7500006
332.2500006
331.7500006
331.2500006
330.7500006
330.2500007
329.7500007
329.2500007
328.7500007
328.2500007
327.7500007
327.2500007
326.7500007
326.2500007
325.7500007
325.2500007
324.7500007
324.2500007
323.7500007
323.2500007
322.7500007
322.2500007
321.7500007
321.2500007
320.7500007
320.2500007
319.7500007
319.2500006
318.7500006
318.2500006
317.7500006
317.2500006
316.7500006
316.2500006
315.7500006
315.2500006
314.7500006
314.2500005
313.7500005
313.2500005
312.7500005
312.2500005
311.7500005
311.2500004
310.7500004
310.2500004
309.7500004
309.2500004
308.7500004
308.2500003
307.7500003
307.2500003
306.7500003
306.2500003
305.7500002
305.2500002
304.7500002
304.2500002
303.7500002
303.2500001
302.7500001
302.2500001
301.7500001
301.2500001
300.75
300.25
)
;

boundaryField
{
    hot
    {
        type            fixedValue;
        value           uniform 400;
    }
    cold
    {
        type            fixedValue;
        value           uniform 300;
    }
    adiabatic
    {
        type            zeroGradient;
    }
    frontAndBack
    {
        type            empty;
    }
}


// ************************************************************************* //
