/*--------------------------------*- C++ -*----------------------------------*\
  =========                 |
  \\      /  F ield         | OpenFOAM: The Open Source CFD Toolbox
   \\    /   O peration     | Website:  https://openfoam.org
    \\  /    A nd           | Version:  11
     \\/     M anipulation  |
\*---------------------------------------------------------------------------*/
FoamFile
{
    format      ascii;
    class       surfaceScalarField;
    location    "1.25";
    object      meshPhi;
}
// * * * * * * * * * * * * * * * * * * * * * * * * * * * * * * * * * * * * * //

dimensions      [0 3 -1 0 0 0 0];

internalField   nonuniform List<scalar> 
3485
(
1.11194732e-09
0.0001405609965
-0.0001405610068
1.119616249e-09
0.0001460731802
-0.0001460731879
1.124466438e-09
0.0001515853641
-0.000151585369
1.126929555e-09
0.0001570975475
-0.00015709755
1.12679969e-09
0.0001626097312
-0.0001626097311
1.124096455e-09
0.0001681219149
-0.0001681219121
1.118833729e-09
0.0001736340985
-0.0001736340932
1.10948882e-09
0.0001791462836
-0.0001791462743
1.100717408e-09
0.0001846584641
-0.0001846584553
0.0001901706513
-0.0001901706364
1.085787944e-09
8.891558631e-10
0.0001405609959
8.871236019e-10
0.0001460731823
8.826607566e-10
0.0001515853686
8.752307869e-10
0.0001570975549
8.651644687e-10
0.0001626097413
8.517208864e-10
0.0001681219283
8.379392332e-10
0.0001736341122
8.194041101e-10
0.0001791463021
7.986775503e-10
0.0001846584848
0.0001901706749
7.751065661e-10
6.615335438e-10
0.0001405610048
6.496576475e-10
0.0001460731941
6.352740765e-10
0.000151585383
6.179376515e-10
0.0001570975723
5.979964415e-10
0.0001626097612
5.756940314e-10
0.0001681219506
5.4793938e-10
0.00017363414
5.211827338e-10
0.0001791463289
4.876999574e-10
0.0001846585182
0.0001901707071
4.555334858e-10
4.292305046e-10
0.0001405610234
4.078865654e-10
0.0001460732154
3.835568512e-10
0.0001515854073
3.557257311e-10
0.0001570976001
3.279037473e-10
0.000162609789
2.94249017e-10
0.0001681219843
2.616324692e-10
0.0001736341726
2.223004998e-10
0.0001791463682
1.800971812e-10
0.0001846585604
0.0001901707481
1.390958765e-10
1.944720563e-10
0.0001405610518
1.636922963e-10
0.0001460732462
1.306073422e-10
0.0001515854404
9.467046045e-11
0.000157097636
5.285361261e-11
0.0001626098308
1.161892192e-11
0.0001681220256
-3.589581922e-11
0.0001736342202
-8.284317231e-11
0.0001791464151
-1.322865664e-10
0.0001846586099
0.0001901708002
-1.843155584e-10
-4.103685477e-11
0.0001405610885
-8.091856079e-11
0.0001460732861
-1.248638847e-10
0.0001515854844
-1.708406677e-10
0.000157097682
-2.196278078e-10
0.0001626098796
-2.71463199e-10
0.0001681220774
-3.219780972e-10
0.0001736342707
-3.793399836e-10
0.0001791464724
-4.394843108e-10
0.00018465867
0.0001901708677
-5.069730562e-10
-2.772983659e-10
0.0001405611354
-3.258923485e-10
0.0001460733347
-3.766409692e-10
0.0001515855351
-4.339685699e-10
0.0001570977393
-4.903596106e-10
0.0001626099361
-5.493787981e-10
0.0001681221364
-6.154678174e-10
0.0001736343368
-6.803163885e-10
0.0001791465372
-7.523290109e-10
0.0001846587421
0.0001901709382
-8.228166923e-10
-5.095561289e-10
0.0001405611892
-5.691188366e-10
0.0001460733943
-6.315800349e-10
0.0001515855976
-6.932289078e-10
0.000157097801
-7.574695593e-10
0.0001626100003
-8.286458858e-10
0.0001681222075
-9.026859276e-10
0.0001736344109
-9.796982771e-10
0.0001791466142
-1.050575493e-09
0.000184658813
0.0001901710208
-1.133170378e-09
-7.441180781e-10
0.0001405612551
-8.070280171e-10
0.0001460734572
-8.76371902e-10
0.0001515856669
-9.484665683e-10
0.0001570978731
-1.023316299e-09
0.0001626100751
-1.101069795e-09
0.0001681222853
-1.181628565e-09
0.0001736344915
-1.265065237e-09
0.0001791466976
-1.351222906e-09
0.0001846588991
0.0001901711098
-1.440261702e-09
-9.66433005e-10
0.0001405613252
-1.043285802e-09
0.000146073534
-1.119206679e-09
0.0001515857429
-1.197777075e-09
0.0001570979517
-1.283145035e-09
0.0001626101605
-1.367247443e-09
0.0001681223694
-1.45394563e-09
0.0001736345782
-1.543279602e-09
0.000179146787
-1.640074464e-09
0.0001846589958
-1.734887086e-09
0.0001901712047
-9.537749688e-11
0.0001405611806
-0.0001405613252
6.105033108e-11
0.0001460733776
-0.000146073534
2.293888891e-10
0.0001515855745
-0.0001515857429
4.095349391e-10
0.0001570977715
-0.0001570979517
6.016248218e-10
0.0001626099685
-0.0001626101605
8.012493289e-10
0.0001681221697
-0.0001681223694
1.016867591e-09
0.0001736343626
-0.0001736345782
1.244392956e-09
0.0001791465595
-0.000179146787
1.483733931e-09
0.0001846587565
-0.0001846589958
0.0001901709535
1.734952139e-09
-0.0001901712047
-9.314013675e-11
0.0001405610609
3.819768521e-11
0.0001460732462
1.758945527e-10
0.0001515854369
3.271541459e-10
0.0001570976202
4.885187035e-10
0.0001626098072
6.598010936e-10
0.0001681219984
8.411077788e-10
0.0001736341812
1.03247557e-09
0.0001791463682
1.229096408e-09
0.0001846585598
0.0001901707423
1.440315665e-09
-8.79759516e-11
0.000140560964
1.435799598e-11
0.0001460731439
1.283254418e-10
0.000151585323
2.463458213e-10
0.0001570975021
3.723080131e-10
0.0001626096813
5.143521323e-10
0.0001681218563
6.561724041e-10
0.0001736340394
8.058205041e-10
0.0001791462186
9.677838434e-10
0.0001846583978
0.0001901705769
1.133266737e-09
-8.454632721e-11
0.0001405608933
-7.915006374e-12
0.0001460730672
7.652133466e-11
0.0001515852386
1.668962899e-10
0.0001570974117
2.594927082e-10
0.0001626095887
3.576885949e-10
0.000168121758
4.660440274e-10
0.0001736339311
5.804613859e-10
0.0001791461042
6.965202633e-10
0.0001846582817
0.0001901704505
8.228903549e-10
-7.952753618e-11
0.0001405608479
-2.912592516e-11
0.0001460730168
2.160838292e-11
0.0001515851879
7.974830891e-11
0.0001570973536
1.417769265e-10
0.0001626095267
2.077837082e-10
0.000168121692
2.737147269e-10
0.0001736338652
3.475876756e-10
0.0001791460304
4.254777482e-10
0.0001846582038
0.000190170369
5.069957559e-10
-7.380690081e-11
0.0001405608281
-5.228540046e-11
0.0001460729953
-2.749751651e-11
0.0001515851631
-4.530912251e-12
0.0001570973306
2.626614587e-11
0.0001626094959
5.126106026e-11
0.000168121667
8.187642631e-11
0.0001736338346
1.141496291e-10
0.0001791459981
1.483629478e-10
0.0001846581696
0.0001901703329
1.8438726e-10
-6.805307745e-11
0.0001405608341
-7.45857298e-11
0.0001460730018
-8.125766936e-11
0.0001515851697
-8.803351549e-11
0.0001570973374
-9.776825358e-11
0.0001626095056
-1.047346078e-10
0.000168121674
-1.08201979e-10
0.000173633838
-1.193294752e-10
0.0001791460093
-1.270642585e-10
0.0001846581773
0.0001901703449
-1.389901878e-10
-6.165477074e-11
0.0001405608658
-9.624003452e-11
0.0001460730365
-1.328079294e-10
0.0001515852063
-1.721765146e-10
0.0001570973767
-2.128568227e-10
0.0001626095463
-2.5519192e-10
0.0001681217163
-3.035875861e-10
0.0001736338864
-3.544483783e-10
0.0001791460602
-4.038603262e-10
0.0001846582267
0.0001901703965
-4.554619618e-10
-5.529280989e-11
0.0001405609239
-1.172778785e-10
0.0001460730985
-1.839581666e-10
0.000151585273
-2.548158335e-10
0.0001570974476
-3.306610203e-10
0.0001626096221
-4.107686267e-10
0.0001681217964
-4.959694105e-10
0.0001736339716
-5.802721839e-10
0.0001791461445
-6.736220602e-10
0.00018465832
0.0001901704979
-7.750100438e-10
-4.815585685e-11
-1.375849958e-10
-2.335454738e-10
-3.35972729e-10
-4.449041322e-10
-5.605868833e-10
-6.821921108e-10
-8.119622373e-10
-9.472806346e-10
-1.085708064e-09
0
0.0008440138465
-0.0008520219831
0
0
0
0
0
0
0
0
0
0
0
0
0
0
0
0
0
0
0
0
0
0
0
0
0
0
0
0.00083234408
0
0
0
0
0
0
0
0
0
0
0
0
0
0
0
0
0
0
0.0008170247316
0
0
0
0
0
0
0
0
0
0
0
0
0
0
0
0
0
0
0.000798067934
0
0
0
0
0
0
0
0
0
0
0
0
0
0
0
0
0
0
0.0007754863492
0
0
0
0
0
0
0
0
0
0
0
0
0
0
0
0
0
0
0.0007492937206
0
0
0
0
0
0
0
0
0
0
0
0
0
0
0
0
0
0
0.0007195055728
0
0
0
0
0
0
0
0
0
0
0
0
0
0
0
0
0
0
0.0006861400083
0
0
0
0
0
0
0
0
0
0
0
0
0
0
0
0
0
0
0.0006492186204
0
0
0
0
0
0
0
0
0
0
0
0
0
0
0
0
0
0
0.0006087674939
0
0
0
0
0
0
0
0
0
0
0
0
0
0
0
0
0
0
0
0.0002661170913
0
0
0
0
0
0
0
0
0
0
0
0
0
0
0
0
0
0
0
0
0
0
0
0
0
0
0
0
0
0
0
0
0
0
0
0
0
0
0
0
0
0
0
0
0
0
0
0
0
0
0
0
0
0
0
0
0
0
0
0
0
0
0
0
0
0
0
0
0
0
0
0
0
0
0
0
0
0
0
0
0
0
0
0
0
0
0
0
0
0
0
0
0
0
0
0
0
0
0
0
0
0
0
0
0
0
0
0
0
0
0
0
0
0
0
0
0
0
0
0
0
0
0
0
0
0
0
0
0
0
0
0
0
0
0
0
0
0
0
0
0
0
0
0
0
0
0
0
0
0
0
0
0
0
0
0
0
0
0
0
0
0
0
0
0
0
0
0
0
0
0
0
0
0
0
0
0
0
0
0
0
0
0
0
0
0
0
-0.0002534812278
0
0.0002514183052
-0.0002555745537
0
-0.0002576763952
0
-0.0002597417673
0
-0.000261703073
0
-0.0002634708463
0
-0.0002649347922
0
-0.0002659650732
0
-0.0002664138545
0
0
0
0
0
0
0
0
0
0
0
0
0
0
0
0
0
0
0
0
0
0
0
0
0
0
0
0
0
0
0
0
0
0
0
0
0
0
0
0
0
0
0
0
0
0
0
0
0
0
0
0
0
0
0
0
0
0
0
0
0
0
0
0
0
0
0
0
0
0
0
0
0
0
0
0
0
0
0
0
0
0
0
0
0
0
0
0
0
0
0
0
0
0
0
0
0
0
0
0
0
0
0
0
0
0
0
0
0
0
0
0
0
0
0
0
0
0
0
0
0
0
0
0
0
0
0
0
0
0
0
0
0
0
0
0
0
0
0
0
0
0
0
0
0
0
0
0
0
0
0
0
0
0
0
0
0
0
0
0
0
0
0
0
0
0
0
0
0
0
0
0
1.100641061e-09
-0.0001901706513
0.0001901706364
-1.085708064e-09
1.109463381e-09
-0.0001846584641
0.0001846584553
1.118754312e-09
-0.0001791462836
0.0001791462743
1.124025636e-09
-0.0001736340985
0.0001736340932
1.126754768e-09
-0.0001681219149
0.0001681219121
1.126899222e-09
-0.0001626097312
0.0001626097311
1.124402329e-09
-0.0001570975475
0.00015709755
1.11959474e-09
-0.0001515853641
0.0001515853689
1.111918343e-09
-0.0001460731802
0.0001460731879
-0.0001405609965
0.0001405610068
7.986303321e-10
-0.0001901706749
-7.750100438e-10
8.193109536e-10
-0.0001846584848
8.379008655e-10
-0.0001791463021
8.516550303e-10
-0.0001736341122
8.651043049e-10
-0.0001681219283
8.75189891e-10
-0.0001626097413
8.826288295e-10
-0.0001570975549
8.87087964e-10
-0.0001515853686
8.891415055e-10
-0.0001460731823
-0.0001405609959
4.876759227e-10
-0.0001901707071
-4.554619618e-10
5.211126538e-10
-0.0001846585182
5.478776505e-10
-0.0001791463289
5.756801985e-10
-0.00017363414
5.979725674e-10
-0.0001681219507
6.17861101e-10
-0.0001626097612
6.352500986e-10
-0.0001570975723
6.496382522e-10
-0.000151585383
6.614790315e-10
-0.0001460731941
-0.0001405610048
1.800898581e-10
-0.0001901707481
-1.389449699e-10
2.222447969e-10
-0.0001846585604
2.615563215e-10
-0.0001791463682
2.942204457e-10
-0.0001736341726
3.278825888e-10
-0.0001681219843
3.556772437e-10
-0.000162609789
3.835072438e-10
-0.0001570976001
4.078232244e-10
-0.0001515854073
4.291805175e-10
-0.0001460732154
-0.0001405610234
-1.323268359e-10
-0.0001901708002
1.8438726e-10
-8.291039631e-11
-0.0001846586099
-3.601317917e-11
-0.0001791464151
1.15683368e-11
-0.0001736342202
5.278168105e-11
-0.0001681220256
9.462081788e-11
-0.0001626098308
1.305795775e-10
-0.000157097636
1.636510229e-10
-0.0001515854404
1.944502838e-10
-0.0001460732462
-0.0001405610518
-4.395636779e-10
-0.0001901708677
5.069957559e-10
-3.794120373e-10
-0.00018465867
-3.220693526e-10
-0.0001791464724
-2.715151724e-10
-0.0001736342707
-2.197263908e-10
-0.0001681220774
-1.708713342e-10
-0.0001626098796
-1.248718102e-10
-0.000157097682
-8.096526652e-11
-0.0001515854844
-4.107949208e-11
-0.0001460732861
-0.0001405610885
-7.524338362e-10
-0.0001901709382
8.228889136e-10
-6.803565647e-10
-0.0001846587421
-6.155340059e-10
-0.0001791465372
-5.493412051e-10
-0.0001736343369
-4.904708668e-10
-0.0001681221364
-4.339949965e-10
-0.0001626099361
-3.766562566e-10
-0.0001570977393
-3.259160083e-10
-0.0001515855351
-2.773165499e-10
-0.0001460733347
-0.0001405611354
-1.050664034e-09
-0.0001901710208
1.133266737e-09
-9.797743778e-10
-0.000184658813
-9.027577904e-10
-0.0001791466142
-8.28673448e-10
-0.0001736344109
-7.575072691e-10
-0.0001681222075
-6.933040567e-10
-0.0001626100003
-6.316266604e-10
-0.000157097801
-5.691403803e-10
-0.0001515855976
-5.095750218e-10
-0.0001460733943
-0.0001405611892
-1.351263604e-09
-0.0001901711098
1.440299733e-09
-1.265109409e-09
-0.0001846588991
-1.181734309e-09
-0.0001791466976
-1.101105441e-09
-0.0001736344915
-1.023353409e-09
-0.0001681222853
-9.485458883e-10
-0.0001626100751
-8.764256012e-10
-0.0001570978731
-8.070949061e-10
-0.0001515856669
-7.441503914e-10
-0.0001460734572
-0.0001405612551
-1.640129697e-09
1.734952139e-09
-1.543387727e-09
-1.454013636e-09
-1.367277762e-09
-1.283195129e-09
-1.197860741e-09
-1.119241913e-09
-1.04331372e-09
-9.6646672e-10
1.640027096e-09
-0.0001901711098
-1.734887086e-09
0.0001901712047
1.543279648e-09
-0.0001846588991
0.0001846589958
1.453960469e-09
-0.0001791466976
0.000179146787
1.367233004e-09
-0.0001736344915
0.0001736345782
1.283131041e-09
-0.0001681222853
0.0001681223694
1.19780401e-09
-0.0001626100751
0.0001626101605
1.119232744e-09
-0.0001570978731
0.0001570979517
1.043298359e-09
-0.0001515856669
0.0001515857429
9.664209488e-10
-0.0001460734572
0.000146073534
-0.0001405612551
0.0001405613252
1.351222876e-09
-0.0001901710208
-1.440229141e-09
1.265065252e-09
-0.000184658813
1.181628565e-09
-0.0001791466142
1.101055375e-09
-0.0001736344109
1.023316299e-09
-0.0001681222075
9.484530916e-10
-0.0001626100003
8.763589025e-10
-0.000157097801
8.070154699e-10
-0.0001515855976
7.441301607e-10
-0.0001460733943
-0.0001405611892
1.050591422e-09
-0.0001901709382
-1.133170378e-09
9.796675654e-10
-0.0001846587421
9.026861301e-10
-0.0001791465372
8.286458858e-10
-0.0001736343368
7.574697491e-10
-0.0001681221364
6.932290913e-10
-0.0001626099361
6.315929756e-10
-0.0001570977393
5.690938797e-10
-0.0001515855351
5.095441126e-10
-0.0001460733347
-0.0001405611354
7.523282737e-10
-0.0001901708677
-8.228166923e-10
6.803013151e-10
-0.00018465867
6.154970507e-10
-0.0001791464724
5.493073267e-10
-0.0001736342707
4.90360261e-10
-0.0001681220774
4.339818162e-10
-0.0001626098796
3.766412727e-10
-0.000157097682
3.25879723e-10
-0.0001515854844
2.772864899e-10
-0.0001460732861
-0.0001405610885
4.394995617e-10
-0.0001901708002
-5.069730562e-10
3.793399836e-10
-0.0001846586099
3.219914728e-10
-0.0001791464151
2.71463199e-10
-0.0001736342202
2.196259735e-10
-0.0001681220256
1.708406677e-10
-0.0001626098308
1.248764443e-10
-0.000157097636
8.091938626e-11
-0.0001515854404
4.102519226e-11
-0.0001460732462
-0.0001405610518
1.322541401e-10
-0.0001901707481
-1.843155584e-10
8.281299588e-11
-0.0001846585604
3.588055979e-11
-0.0001791463682
-1.161892192e-11
-0.0001736341726
-5.28643834e-11
-0.0001681219843
-9.469925719e-11
-0.000162609789
-1.306095417e-10
-0.0001570976001
-1.637298612e-10
-0.0001515854073
-1.944720563e-10
-0.0001460732154
-0.0001405610234
-1.80111594e-10
-0.0001901707071
1.390958765e-10
-2.222896617e-10
-0.0001846585182
-2.616460341e-10
-0.0001791463289
-2.942358759e-10
-0.00017363414
-3.279164644e-10
-0.0001681219506
-3.55710669e-10
-0.0001626097612
-3.835436451e-10
-0.0001570975723
-4.078509402e-10
-0.000151585383
-4.292280222e-10
-0.0001460731941
-0.0001405610048
-4.876722395e-10
-0.0001901706749
4.555399255e-10
-5.21179044e-10
-0.0001846584848
-5.4793938e-10
-0.0001791463021
-5.757032013e-10
-0.0001736341122
-5.979997958e-10
-0.0001681219283
-6.179258307e-10
-0.0001626097413
-6.352829139e-10
-0.0001570975549
-6.496801938e-10
-0.0001515853686
-6.615320903e-10
-0.0001460731823
-0.0001405609959
-7.986643307e-10
-0.0001901706513
7.751065661e-10
-8.194041101e-10
-0.0001846584641
-8.379433118e-10
-0.0001791462836
-8.516849262e-10
-0.0001736340985
-8.651606449e-10
-0.0001681219149
-8.752195113e-10
-0.0001626097312
-8.826517444e-10
-0.0001570975475
-8.871254096e-10
-0.0001515853641
-8.891525492e-10
-0.0001460731802
-0.0001405609965
-1.10070007e-09
1.085787944e-09
-1.109484124e-09
-1.118812857e-09
-1.124112263e-09
-1.126813743e-09
-1.126936088e-09
-1.124470423e-09
-1.119626175e-09
-1.111949477e-09
0
0
0
0
0
0
0
0
0
0
0
0
0
0
0
0
0
0
0
0
0
0
0
0
0
0
0
-0.0008563559617
0.0008520219831
0
0
0
0
0
0
0
0
0
0
0
0
0
0
0
0
0
0
-0.0008570034493
0
0
0
0
0
0
0
0
0
0
0
0
0
0
0
0
0
0
-0.0008539514727
0
0
0
0
0
0
0
0
0
0
0
0
0
0
0
0
0
0
-0.0008471868208
0
0
0
0
0
0
0
0
0
0
0
0
0
0
0
0
0
0
-0.0008366963362
0
0
0
0
0
0
0
0
0
0
0
0
0
0
0
0
0
0
-0.0008224673212
0
0
0
0
0
0
0
0
0
0
0
0
0
0
0
0
0
0
-0.000804488105
0
0
0
0
0
0
0
0
0
0
0
0
0
0
0
0
0
0
-0.0007827487212
0
0
0
0
0
0
0
0
0
0
0
0
0
0
0
0
0
0
-0.000757241716
0
0
0
0
0
0
0
0
0
0
0
0
0
0
0
0
0
0
-0.0007279630681
0
0
0
0
0
0
0
0
0
0
0
0
0
0
0
0
0
0
0
-0.0002212320273
0
0
0
0
0
0
0
0
0
0
0
0
0
0
0
0
0
0
0
0
0
0
0
0
0
0
0
0
0
0
0
0
0
0
0
0
0
0
0
0
0
0
0
0
0
0
0
0
0
0
0
0
0
0
0
0
0
0
0
0
0
0
0
0
0
0
0
0
0
0
0
0
0
0
0
0
0
0
0
0
0
0
0
0
0
0
0
0
0
0
0
0
0
0
0
0
0
0
0
0
0
0
0
0
0
0
0
0
0
0
0
0
0
0
0
0
0
0
0
0
0
0
0
0
0
0
0
0
0
0
0
0
0
0
0
0
0
0
0
0
0
0
0
0
0
0
0
0
0
0
0
0
0
0
0
0
0
0
0
0
0
0
0
0
0
0
0
0
0
0
-0.0002266418485
0
-0.0002311272427
0
-0.0002348621004
0
-0.0002380075097
0
-0.000240709626
0
-0.0002430977495
0
-0.0002452826345
0
-0.0002473550221
0
-0.0002493844499
0
0
0
0
0
0
0
0
0
0
0
0
0
0
0
0
0
0
0
0
0
0
0
0
0
0
0
0
0
0
0
0
0
0
0
0
0
0
0
0
0
0
0
0
0
0
0
0
0
0
0
0
0
0
0
0
0
0
0
0
0
0
0
0
0
0
0
0
0
0
0
0
0
0
0
0
0
0
0
0
0
0
0
0
0
0
0
0
0
0
0
0
0
0
0
0
0
0
0
0
0
0
0
0
0
0
0
0
0
0
0
0
0
0
0
0
0
0
0
0
0
0
0
0
0
0
0
0
0
0
0
0
0
0
0
0
0
0
0
0
0
0
0
0
0
0
0
0
0
0
0
0
0
0
0
0
0
0
0
0
0
0
0
9.664903215e-10
0.0001405612551
-0.0001405613252
1.043326173e-09
0.0001460734572
-0.000146073534
1.119267947e-09
0.0001515856669
-0.0001515857429
1.197847153e-09
0.0001570978731
-0.0001570979517
1.283209406e-09
0.0001626100751
-0.0001626101605
1.367263692e-09
0.0001681222853
-0.0001681223694
1.45401387e-09
0.0001736344915
-0.0001736345782
1.543402947e-09
0.0001791466976
-0.000179146787
1.640129697e-09
0.0001846588991
-0.0001846589958
0.0001901711098
1.734952139e-09
-0.0001901712047
7.441506991e-10
0.0001405611892
8.070955452e-10
0.0001460733943
8.76438015e-10
0.0001515855976
9.485594319e-10
0.000157097801
1.023338334e-09
0.0001626100003
1.101120286e-09
0.0001681222075
1.181734309e-09
0.0001736344109
1.265156816e-09
0.0001791466142
1.35127908e-09
0.000184658813
0.0001901710208
1.440315665e-09
5.095767131e-10
0.0001405611354
5.691403803e-10
0.0001460733347
6.316275711e-10
0.0001515855351
6.933031135e-10
0.0001570977393
7.575206598e-10
0.0001626099361
8.28673448e-10
0.0001681221364
9.027261013e-10
0.0001736343369
9.797585748e-10
0.0001791465372
1.050646646e-09
0.0001846587421
0.0001901709382
1.133266737e-09
2.773165499e-10
0.0001405610885
3.259266353e-10
0.0001460732861
3.766574096e-10
0.0001515854844
4.339823881e-10
0.000157097682
4.904708668e-10
0.0001626098796
5.493424816e-10
0.0001681220774
6.155340059e-10
0.0001736342707
6.803722711e-10
0.0001791464724
7.524296358e-10
0.00018465867
0.0001901708677
8.228903549e-10
4.108078118e-11
0.0001405610518
8.097929761e-11
0.0001460732462
1.248745867e-10
0.0001515854404
1.708849668e-10
0.000157097636
2.197263908e-10
0.0001626098308
2.715021367e-10
0.0001681220256
3.220796357e-10
0.0001736342202
3.793916158e-10
0.0001791464151
4.395493806e-10
0.0001846586099
0.0001901708002
5.069957559e-10
-1.94439038e-10
0.0001405610234
-1.636533577e-10
0.0001460732154
-1.305706965e-10
0.0001515854073
-9.46241631e-11
0.0001570976001
-5.279725115e-11
0.000162609789
-1.158978725e-11
0.0001681219843
3.600579659e-11
0.0001736341726
8.291039631e-11
0.0001791463682
1.323307579e-10
0.0001846585604
0.0001901707481
1.8438726e-10
-4.291939111e-10
0.0001405610048
-4.0785623e-10
0.0001460731941
-3.835162873e-10
0.000151585383
-3.556623047e-10
0.0001570975723
-3.278846742e-10
0.0001626097612
-2.942123341e-10
0.0001681219507
-2.615686193e-10
0.00017363414
-2.222064803e-10
0.0001791463289
-1.801029246e-10
0.0001846585182
0.0001901707071
-1.389901878e-10
-6.614884589e-10
0.0001405609959
-6.496323909e-10
0.0001460731822
-6.352500986e-10
0.0001515853686
-6.178663586e-10
0.0001570975549
-5.979834451e-10
0.0001626097413
-5.756813081e-10
0.0001681219283
-5.478881082e-10
0.0001736341122
-5.210982488e-10
0.0001791463021
-4.876709756e-10
0.0001846584848
0.0001901706749
-4.554619618e-10
-8.891371031e-10
0.0001405609965
-8.870788207e-10
0.0001460731802
-8.826235263e-10
0.0001515853641
-8.75189891e-10
0.0001570975475
-8.651237198e-10
0.0001626097312
-8.516550303e-10
0.0001681219148
-8.379062837e-10
0.0001736340985
-8.193172039e-10
0.0001791462836
-7.986191596e-10
0.0001846584641
0.0001901706513
-7.750100438e-10
-1.111909395e-09
0.0001405610068
-1.11959896e-09
0.0001460731879
-1.124421159e-09
0.000151585369
-1.126899679e-09
0.00015709755
-1.126739754e-09
0.0001626097311
-1.124040172e-09
0.0001681219121
-1.118737793e-09
0.0001736340932
-1.109452545e-09
0.0001791462743
-1.100652762e-09
0.0001846584553
0.0001901706364
-1.085708064e-09
1.11194732e-09
0.0001405609965
1.119616249e-09
0.0001460731802
1.124466438e-09
0.0001515853641
1.126929555e-09
0.0001570975475
1.12679969e-09
0.0001626097312
1.124096455e-09
0.0001681219149
1.118833729e-09
0.0001736340985
1.10948882e-09
0.0001791462836
1.100717408e-09
0.0001846584641
0.0001901706513
1.085787944e-09
8.891558631e-10
0.0001405609959
8.871236019e-10
0.0001460731823
8.826607566e-10
0.0001515853686
8.752307869e-10
0.0001570975549
8.651644687e-10
0.0001626097413
8.517208864e-10
0.0001681219283
8.379392332e-10
0.0001736341122
8.194041101e-10
0.0001791463021
7.986775503e-10
0.0001846584848
0.0001901706749
7.751065661e-10
6.615335438e-10
0.0001405610048
6.496576475e-10
0.0001460731941
6.352740765e-10
0.000151585383
6.179376515e-10
0.0001570975723
5.979964415e-10
0.0001626097612
5.756940314e-10
0.0001681219506
5.4793938e-10
0.00017363414
5.211827338e-10
0.0001791463289
4.876999574e-10
0.0001846585182
0.0001901707071
4.555334858e-10
4.292305046e-10
0.0001405610234
4.078865654e-10
0.0001460732154
3.835568512e-10
0.0001515854073
3.557257311e-10
0.0001570976001
3.279037473e-10
0.000162609789
2.94249017e-10
0.0001681219843
2.616324692e-10
0.0001736341726
2.223004998e-10
0.0001791463682
1.800971812e-10
0.0001846585604
0.0001901707481
1.390958765e-10
1.944720563e-10
0.0001405610518
1.636922963e-10
0.0001460732462
1.306073422e-10
0.0001515854404
9.467046045e-11
0.000157097636
5.285361261e-11
0.0001626098308
1.161892192e-11
0.0001681220256
-3.589581922e-11
0.0001736342202
-8.284317231e-11
0.0001791464151
-1.322865664e-10
0.0001846586099
0.0001901708002
-1.843155584e-10
-4.103685477e-11
0.0001405610885
-8.091856079e-11
0.0001460732861
-1.248638847e-10
0.0001515854844
-1.708406677e-10
0.000157097682
-2.196278078e-10
0.0001626098796
-2.71463199e-10
0.0001681220774
-3.219780972e-10
0.0001736342707
-3.793399836e-10
0.0001791464724
-4.394843108e-10
0.00018465867
0.0001901708677
-5.069730562e-10
-2.772983659e-10
0.0001405611354
-3.258923485e-10
0.0001460733347
-3.766409692e-10
0.0001515855351
-4.339685699e-10
0.0001570977393
-4.903596106e-10
0.0001626099361
-5.493787981e-10
0.0001681221364
-6.154678174e-10
0.0001736343368
-6.803163885e-10
0.0001791465372
-7.523290109e-10
0.0001846587421
0.0001901709382
-8.228166923e-10
-5.095561289e-10
0.0001405611892
-5.691188366e-10
0.0001460733943
-6.315800349e-10
0.0001515855976
-6.932289078e-10
0.000157097801
-7.574695593e-10
0.0001626100003
-8.286458858e-10
0.0001681222075
-9.026859276e-10
0.0001736344109
-9.796982771e-10
0.0001791466142
-1.050575493e-09
0.000184658813
0.0001901710208
-1.133170378e-09
-7.441180781e-10
0.0001405612551
-8.070280171e-10
0.0001460734572
-8.76371902e-10
0.0001515856669
-9.484665683e-10
0.0001570978731
-1.023316299e-09
0.0001626100751
-1.101069795e-09
0.0001681222853
-1.181628565e-09
0.0001736344915
-1.265065237e-09
0.0001791466976
-1.351222906e-09
0.0001846588991
0.0001901711098
-1.440261702e-09
-9.664209126e-10
-1.043285783e-09
-1.119219702e-09
-1.197790542e-09
-1.283144972e-09
-1.367232982e-09
-1.45393077e-09
-1.54334104e-09
-1.640058675e-09
-1.734887086e-09
0
0.000757241716
-0.0007279630681
0
0
0
0
0
0
0
0
0
0
0
0
0
0
0
0
0
0
0
0
0
0
0
0
0
0
0
0.0007827487212
0
0
0
0
0
0
0
0
0
0
0
0
0
0
0
0
0
0
0.000804488105
0
0
0
0
0
0
0
0
0
0
0
0
0
0
0
0
0
0
0.0008224673212
0
0
0
0
0
0
0
0
0
0
0
0
0
0
0
0
0
0
0.0008366963362
0
0
0
0
0
0
0
0
0
0
0
0
0
0
0
0
0
0
0.0008471868208
0
0
0
0
0
0
0
0
0
0
0
0
0
0
0
0
0
0
0.0008539514726
0
0
0
0
0
0
0
0
0
0
0
0
0
0
0
0
0
0
0.0008570034493
0
0
0
0
0
0
0
0
0
0
0
0
0
0
0
0
0
0
0.0008563559617
0
0
0
0
0
0
0
0
0
0
0
0
0
0
0
0
0
0
0
0
0
0
0
0
0
0
0
0
0
0
0
0
0
0
0
0
0
0
0
0
0
0
0
0
0
0
0
0
0
0
0
0
0
0
0
0
0
0
0
0
0
0
0
0
0
0
0
0
0
0
0
0
0
0
0
0
0
0
0
0
0
0
0
0
0
0
0
0
0
0
0
0
0
0
0
0
0
0
0
0
0
0
0
0
0
0
0
-0.0001452829816
0
0
0
0
0
0
0
0
0
0
0
0
0
0
0
0
0
0
0
0
0
0
0
0
0
0
0
0
0
0
0
0
0
0
0
0
0
0
0
0
0
0
0
0
0
0
0
0
0
0
0
0
0
0
0
0
0
0
0
0
0
0
0
0
0
0
0
0
3.628621237e-05
3.099356542e-06
-3.551769741e-05
4.012316136e-05
9.249221078e-06
0
7.368749445e-06
0
0
0
0
0
0
0
0
0
0
0
0
0
0.0001002537721
-9.715268065e-05
0.0001095044335
4.601888791e-05
5.50666448e-05
6.644516504e-05
7.983334154e-05
9.485671447e-05
0.0001110915658
0.0001280695751
1.100641061e-09
-0.0001901706513
0.0001901706364
-1.085708064e-09
1.109463381e-09
-0.0001846584641
0.0001846584553
1.118754312e-09
-0.0001791462836
0.0001791462743
1.124025636e-09
-0.0001736340985
0.0001736340932
1.126754768e-09
-0.0001681219149
0.0001681219121
1.126899222e-09
-0.0001626097312
0.0001626097311
1.124402329e-09
-0.0001570975475
0.00015709755
1.11959474e-09
-0.0001515853641
0.0001515853689
1.111918343e-09
-0.0001460731802
0.0001460731879
-0.0001405609965
0.0001405610068
7.986303321e-10
-0.0001901706749
-7.750100438e-10
8.193109536e-10
-0.0001846584848
8.379008655e-10
-0.0001791463021
8.516550303e-10
-0.0001736341122
8.651043049e-10
-0.0001681219283
8.75189891e-10
-0.0001626097413
8.826288295e-10
-0.0001570975549
8.87087964e-10
-0.0001515853686
8.891415055e-10
-0.0001460731823
-0.0001405609959
4.876759227e-10
-0.0001901707071
-4.554619618e-10
5.211126538e-10
-0.0001846585182
5.478776505e-10
-0.0001791463289
5.756801985e-10
-0.00017363414
5.979725674e-10
-0.0001681219507
6.17861101e-10
-0.0001626097612
6.352500986e-10
-0.0001570975723
6.496382522e-10
-0.000151585383
6.614790315e-10
-0.0001460731941
-0.0001405610048
1.800898581e-10
-0.0001901707481
-1.389449699e-10
2.222447969e-10
-0.0001846585604
2.615563215e-10
-0.0001791463682
2.942204457e-10
-0.0001736341726
3.278825888e-10
-0.0001681219843
3.556772437e-10
-0.000162609789
3.835072438e-10
-0.0001570976001
4.078232244e-10
-0.0001515854073
4.291805175e-10
-0.0001460732154
-0.0001405610234
-1.323268359e-10
-0.0001901708002
1.8438726e-10
-8.291039631e-11
-0.0001846586099
-3.601317917e-11
-0.0001791464151
1.15683368e-11
-0.0001736342202
5.278168105e-11
-0.0001681220256
9.462081788e-11
-0.0001626098308
1.305795775e-10
-0.000157097636
1.636510229e-10
-0.0001515854404
1.944502838e-10
-0.0001460732462
-0.0001405610518
-4.395636779e-10
-0.0001901708677
5.069957559e-10
-3.794120373e-10
-0.00018465867
-3.220693526e-10
-0.0001791464724
-2.715151724e-10
-0.0001736342707
-2.197263908e-10
-0.0001681220774
-1.708713342e-10
-0.0001626098796
-1.248718102e-10
-0.000157097682
-8.096526652e-11
-0.0001515854844
-4.107949208e-11
-0.0001460732861
-0.0001405610885
-7.524338362e-10
-0.0001901709382
8.228889136e-10
-6.803565647e-10
-0.0001846587421
-6.155340059e-10
-0.0001791465372
-5.493412051e-10
-0.0001736343369
-4.904708668e-10
-0.0001681221364
-4.339949965e-10
-0.0001626099361
-3.766562566e-10
-0.0001570977393
-3.259160083e-10
-0.0001515855351
-2.773165499e-10
-0.0001460733347
-0.0001405611354
-1.050664034e-09
-0.0001901710208
1.133266737e-09
-9.797743778e-10
-0.000184658813
-9.027577904e-10
-0.0001791466142
-8.28673448e-10
-0.0001736344109
-7.575072691e-10
-0.0001681222075
-6.933040567e-10
-0.0001626100003
-6.316266604e-10
-0.000157097801
-5.691403803e-10
-0.0001515855976
-5.095750218e-10
-0.0001460733943
-0.0001405611892
-1.351263604e-09
-0.0001901711098
1.440299733e-09
-1.265109409e-09
-0.0001846588991
-1.181734309e-09
-0.0001791466976
-1.101105441e-09
-0.0001736344915
-1.023353409e-09
-0.0001681222853
-9.485458883e-10
-0.0001626100751
-8.764256012e-10
-0.0001570978731
-8.070949061e-10
-0.0001515856669
-7.441503914e-10
-0.0001460734572
-0.0001405612551
-1.640114016e-09
1.734952139e-09
-1.543403431e-09
-1.454013636e-09
-1.367263692e-09
-1.283195569e-09
-1.197846727e-09
-1.119228999e-09
-1.043326371e-09
-9.664663385e-10
1.640027144e-09
-0.0001901711098
-1.734887086e-09
1.543325623e-09
-0.0001846588991
1.453960446e-09
-0.0001791466976
1.367233047e-09
-0.0001736344915
1.283172836e-09
-0.0001681222853
1.197790542e-09
-0.0001626100751
1.119206699e-09
-0.0001570978731
1.043273244e-09
-0.0001515856669
9.664329868e-10
-0.0001460734572
-0.0001405612551
1.351222876e-09
-0.0001901710208
-1.440229141e-09
1.265065252e-09
-0.000184658813
1.181628565e-09
-0.0001791466142
1.101055375e-09
-0.0001736344109
1.023316299e-09
-0.0001681222075
9.484530916e-10
-0.0001626100003
8.763589025e-10
-0.000157097801
8.070154699e-10
-0.0001515855976
7.441301607e-10
-0.0001460733943
-0.0001405611892
1.050591422e-09
-0.0001901709382
-1.133170378e-09
9.796675654e-10
-0.0001846587421
9.026861301e-10
-0.0001791465372
8.286458858e-10
-0.0001736343368
7.574697491e-10
-0.0001681221364
6.932290913e-10
-0.0001626099361
6.315929756e-10
-0.0001570977393
5.690938797e-10
-0.0001515855351
5.095441126e-10
-0.0001460733347
-0.0001405611354
7.523282737e-10
-0.0001901708677
-8.228166923e-10
6.803013151e-10
-0.00018465867
6.154970507e-10
-0.0001791464724
5.493073267e-10
-0.0001736342707
4.90360261e-10
-0.0001681220774
4.339818162e-10
-0.0001626098796
3.766412727e-10
-0.000157097682
3.25879723e-10
-0.0001515854844
2.772864899e-10
-0.0001460732861
-0.0001405610885
4.394995617e-10
-0.0001901708002
-5.069730562e-10
3.793399836e-10
-0.0001846586099
3.219914728e-10
-0.0001791464151
2.71463199e-10
-0.0001736342202
2.196259735e-10
-0.0001681220256
1.708406677e-10
-0.0001626098308
1.248764443e-10
-0.000157097636
8.091938626e-11
-0.0001515854404
4.102519226e-11
-0.0001460732462
-0.0001405610518
1.322541401e-10
-0.0001901707481
-1.843155584e-10
8.281299588e-11
-0.0001846585604
3.588055979e-11
-0.0001791463682
-1.161892192e-11
-0.0001736341726
-5.28643834e-11
-0.0001681219843
-9.469925719e-11
-0.000162609789
-1.306095417e-10
-0.0001570976001
-1.637298612e-10
-0.0001515854073
-1.944720563e-10
-0.0001460732154
-0.0001405610234
-1.80111594e-10
-0.0001901707071
1.390958765e-10
-2.222896617e-10
-0.0001846585182
-2.616460341e-10
-0.0001791463289
-2.942358759e-10
-0.00017363414
-3.279164644e-10
-0.0001681219506
-3.55710669e-10
-0.0001626097612
-3.835436451e-10
-0.0001570975723
-4.078509402e-10
-0.000151585383
-4.292280222e-10
-0.0001460731941
-0.0001405610048
-4.876722395e-10
-0.0001901706749
4.555399255e-10
-5.21179044e-10
-0.0001846584848
-5.4793938e-10
-0.0001791463021
-5.757032013e-10
-0.0001736341122
-5.979997958e-10
-0.0001681219283
-6.179258307e-10
-0.0001626097413
-6.352829139e-10
-0.0001570975549
-6.496801938e-10
-0.0001515853686
-6.615320903e-10
-0.0001460731823
-0.0001405609959
-7.986643307e-10
-0.0001901706513
7.751065661e-10
-8.194041101e-10
-0.0001846584641
-8.379433118e-10
-0.0001791462836
-8.516849262e-10
-0.0001736340985
-8.651606449e-10
-0.0001681219149
-8.752195113e-10
-0.0001626097312
-8.826517444e-10
-0.0001570975475
-8.871254096e-10
-0.0001515853641
-8.891525492e-10
-0.0001460731802
-0.0001405609965
-1.10070007e-09
1.085787944e-09
-1.109484124e-09
-1.118812857e-09
-1.124112263e-09
-1.126813743e-09
-1.126936088e-09
-1.124470423e-09
-1.119626175e-09
-1.111949477e-09
0
0
0
0
0
0
0
0
0
0
0
0
0
0
0
0
0
0
0
0
0
0
0
0
0
0
0
-0.0006492186204
0.0006087674939
0
0
0
0
0
0
0
0
0
0
0
0
0
0
0
0
0
0
-0.0006861400083
0
0
0
0
0
0
0
0
0
0
0
0
0
0
0
0
0
0
-0.0007195055727
0
0
0
0
0
0
0
0
0
0
0
0
0
0
0
0
0
0
-0.0007492937207
0
0
0
0
0
0
0
0
0
0
0
0
0
0
0
0
0
0
-0.0007754863492
0
0
0
0
0
0
0
0
0
0
0
0
0
0
0
0
0
0
-0.000798067934
0
0
0
0
0
0
0
0
0
0
0
0
0
0
0
0
0
0
-0.0008170247316
0
0
0
0
0
0
0
0
0
0
0
0
0
0
0
0
0
0
-0.00083234408
0
0
0
0
0
0
0
0
0
0
0
0
0
0
0
0
0
0
-0.0008440138465
0
0
0
0
0
0
0
0
0
0
0
0
0
0
0
0
0
0
0
0
0
0
0
0
0
0
0
0
0
0
0
0
0
0
0
0
0
0
0
0
0
0
0
0
0
0
0
0
0
0
0
0
0
0
0
0
0
0
0
0
0
0
0
0
0
0
0
0
0
0
0
0
0
0
0
0
0
0
0
0
0
0
0
0
0
0
0
0
0
0
0
0
0
0
0
0
0
0
0.0001756047016
0
0
0
0
0
0
0
0
0
0
0
0
0
0
0
0
0
0
0
0
0
0
0
0
0
0
0
0
0
0
0
0
0
0
0
0
0
0
0
0
0
0
0
0
0
0
0
0
0
0
0
0
0
0
0
0
0
0
0
0
0
0
0
0
0
0
0
0
0
0
0
4.341035435e-05
3.851562949e-05
3.788349842e-05
-9.249221154e-06
-3.099356659e-06
0.0001530127157
0.000131350521
0.0001110742257
9.259180356e-05
7.625882713e-05
6.237478523e-05
5.118002508e-05
0.0001095044335
0.0001002537721
)
;

boundaryField
{
    left
    {
        type            calculated;
        value           uniform 0;
    }
    right
    {
        type            calculated;
        value           uniform 0;
    }
    down
    {
        type            calculated;
        value           uniform 0;
    }
    up
    {
        type            calculated;
        value           uniform 0;
    }
    cylinder
    {
        type            calculated;
        value           nonuniform List<scalar> 
80
(
2.400331074e-10
2.128520065e-10
1.847650185e-10
1.552740215e-10
1.250023577e-10
9.354197088e-11
6.20656183e-11
2.989414054e-11
-2.692021057e-12
-3.481616358e-11
-1.101658222e-09
-8.885303629e-10
-6.704163162e-10
-4.477647116e-10
-2.228878585e-10
4.324579662e-12
2.304170176e-10
4.556846917e-10
6.782741974e-10
8.963150026e-10
1.101635302e-09
8.884888614e-10
6.703704923e-10
4.477278432e-10
2.228564615e-10
-4.352911532e-12
-2.304442574e-10
-4.557130068e-10
-6.782822283e-10
-8.963565031e-10
8.963150026e-10
6.782858263e-10
4.556846917e-10
2.304170176e-10
4.324579662e-12
-2.228823887e-10
-4.477705354e-10
-6.704293019e-10
-8.885303629e-10
-1.10166178e-09
1.101635302e-09
8.884888614e-10
6.703704923e-10
4.477278432e-10
2.228564615e-10
-4.352911532e-12
-2.304442574e-10
-4.557130068e-10
-6.782822283e-10
-8.963565031e-10
8.963150026e-10
6.782858263e-10
4.556846917e-10
2.304170176e-10
4.324579662e-12
-2.228823887e-10
-4.477705354e-10
-6.704293019e-10
-8.885303629e-10
-1.10166178e-09
-8.963680334e-10
-6.782822283e-10
-4.557130068e-10
-2.304442574e-10
-4.356928355e-12
2.228564615e-10
4.477230394e-10
6.703831947e-10
8.884930944e-10
1.101643117e-09
-1.101658222e-09
-8.885303629e-10
-6.704163162e-10
-4.477647116e-10
-2.228878585e-10
4.324579662e-12
2.304170176e-10
4.556846917e-10
6.782741974e-10
8.963150026e-10
)
;
    }
    defaultFaces
    {
        type            empty;
    }
}


// ************************************************************************* //
