/*--------------------------------*- C++ -*----------------------------------*\
  =========                 |
  \\      /  F ield         | OpenFOAM: The Open Source CFD Toolbox
   \\    /   O peration     | Website:  https://openfoam.org
    \\  /    A nd           | Version:  11
     \\/     M anipulation  |
\*---------------------------------------------------------------------------*/
FoamFile
{
    format      ascii;
    class       volScalarField;
    location    "0.5";
    object      p;
}
// * * * * * * * * * * * * * * * * * * * * * * * * * * * * * * * * * * * * * //

dimensions      [0 2 -2 0 0 0 0];

internalField   nonuniform List<scalar> 
1800
(
-0.2969904481
-0.2832177508
-0.2740831702
-0.2602197463
-0.2425394207
-0.2231300566
-0.2039611338
-0.1862028496
-0.1705890366
-0.1584196881
-0.3398274586
-0.3252762347
-0.3148797455
-0.29915325
-0.2791442376
-0.2572767157
-0.2357160181
-0.2156988684
-0.198003952
-0.1838003862
-0.3808375421
-0.3654196794
-0.353631296
-0.3358927794
-0.3134530222
-0.2890818318
-0.265121578
-0.2428456275
-0.222970356
-0.2064113142
-0.4189850435
-0.4026440062
-0.3894107417
-0.3696537023
-0.3448823874
-0.3182124211
-0.2921325431
-0.26793609
-0.2462911279
-0.2279443246
-0.4529804311
-0.435653991
-0.4209254492
-0.3991396363
-0.3721408555
-0.3433704027
-0.3154166624
-0.2895575442
-0.2663900874
-0.2464670917
-0.4816930456
-0.4633464166
-0.4471439533
-0.4234097977
-0.39438759
-0.3638013502
-0.3342850262
-0.3070645543
-0.2826445935
-0.2613863672
-0.5039469421
-0.4845585684
-0.4669479078
-0.4413886984
-0.4105950729
-0.3785130356
-0.3477663334
-0.3194949382
-0.2940950614
-0.2717349285
-0.518732078
-0.4983125264
-0.4794391375
-0.4522525485
-0.4200098944
-0.3868025759
-0.3551930907
-0.3262093845
-0.3001312137
-0.2769381446
-0.5251785227
-0.5037597703
-0.4838326249
-0.4552560931
-0.4219193666
-0.3879702098
-0.3558723619
-0.3265358535
-0.3001200388
-0.2764199974
-0.522674779
-0.5002993311
-0.479588732
-0.4498899665
-0.4158364781
-0.3815148089
-0.3492719517
-0.3199137846
-0.2934863035
-0.269616778
0.003766456558
0.01274273818
0.01580062327
0.01995093173
0.02398588937
0.027391019
0.03000710216
0.03184086259
0.03294373158
0.03316269953
-0.005043666793
0.004299442026
0.007489927653
0.01182947458
0.01619221621
0.02007911722
0.02327530057
0.02572419747
0.02745475684
0.02830731744
-0.01968762336
-0.009965666939
-0.006539759816
-0.001811447934
0.00316871731
0.007880873956
0.01201566659
0.01543267622
0.01813762854
0.01999633465
-0.03995516406
-0.02983867463
-0.02607157903
-0.02076262353
-0.01489070727
-0.009033274376
-0.003630901367
0.001072532418
0.005060173017
0.008262203866
-0.06554983327
-0.05501861379
-0.05080285368
-0.04473177254
-0.03771550787
-0.03042687549
-0.02347152974
-0.01721295454
-0.01168853837
-0.006859053675
-0.09606069545
-0.08508956158
-0.08031766725
-0.07331594179
-0.06493118602
-0.05597055666
-0.04723403655
-0.03921611603
-0.03197106485
-0.02530092399
-0.1309318364
-0.1194904816
-0.11405707
-0.1059711093
-0.09602769318
-0.0852083069
-0.07453050022
-0.06462614548
-0.05556194487
-0.04692729054
-0.1694395561
-0.1574928207
-0.1512971287
-0.1419896893
-0.1303352853
-0.1175305028
-0.1048276326
-0.09299970655
-0.08212471735
-0.07152226683
-0.2106807008
-0.1981892296
-0.1911365755
-0.1804844317
-0.1670024309
-0.1521464605
-0.1374191802
-0.123741725
-0.1112113439
-0.09883109981
-0.2535791164
-0.2404903754
-0.232473641
-0.2203274509
-0.2048737057
-0.1878755536
-0.1710987326
-0.1556178047
-0.1416022782
-0.1279354014
0.02446216248
0.01686829481
0.01109552653
0.007068541524
0.004504341825
0.002899708493
0.001869018854
0.001173725375
0.0006469457234
0.0002128397746
0.02271944046
0.01301135279
0.009412864027
0.006247262394
0.003983240909
0.002541774123
0.001625199356
0.001014925261
0.0005573107849
0.0001807756581
0.01990237788
0.008254594092
0.00733971116
0.005248374374
0.003371413594
0.002134596669
0.001354345279
0.0008413295976
0.0004601384689
0.0001462277672
0.01582631923
0.002796523647
0.004905309607
0.004069195176
0.002669482604
0.001678741304
0.001056304941
0.0006526691567
0.0003552557005
0.0001092753522
0.01019352313
-0.003121879648
0.002144216052
0.002706932769
0.001877976887
0.001175100691
0.0007312081906
0.0004487883418
0.0002425739889
7.009398218e-05
0.002637200329
-0.009243345646
-0.0009062880752
0.001160661398
0.0009971576126
0.0006247718405
0.0003794767643
0.0002297064807
0.0001221720271
2.899134966e-05
-0.00721115276
-0.01528982147
-0.004168316371
-0.0005569280559
3.07924623e-05
3.01700794e-05
2.205934568e-06
-4.138992979e-06
-5.660217118e-06
-1.369640417e-05
-0.01974290136
-0.02105567074
-0.007550521946
-0.002416426802
-0.001013518295
-0.0006052997837
-0.0003990571492
-0.0002520943787
-0.0001404910653
-5.756175452e-05
-0.03578714229
-0.02687850067
-0.0111988367
-0.0044828555
-0.002172224791
-0.001298623158
-0.0008314082111
-0.0005170747318
-0.0002832217315
-0.0001021301236
-0.05773314748
-0.03395069521
-0.01569785418
-0.007023281649
-0.003564721237
-0.002098367898
-0.001313475527
-0.000806086891
-0.0004366517384
-0.0001466036388
-0.06571726874
-0.03563120079
-0.01748989278
-0.008682807263
-0.004707906042
-0.002856770702
-0.001814301416
-0.001125513595
-0.0006106659386
-0.0001940616065
-0.07483857817
-0.03907239762
-0.02205372886
-0.01193010583
-0.006719909669
-0.004072296732
-0.002551798334
-0.001564424097
-0.0008407762187
-0.0002643158263
-0.07822663403
-0.04053703485
-0.02379493046
-0.01373376743
-0.008117847825
-0.005031110986
-0.003176924898
-0.001952643115
-0.001049360894
-0.0003292342375
-0.07812136078
-0.04218179172
-0.0255800697
-0.01544311274
-0.009407180989
-0.005912520373
-0.003753118404
-0.002311815901
-0.00124363065
-0.0003907818749
-0.07665576345
-0.04334245872
-0.02689303475
-0.01680674672
-0.01049551206
-0.006681467143
-0.004264681779
-0.00263384587
-0.001419152042
-0.0004471102422
-0.07439567063
-0.04402359763
-0.02788524925
-0.01788849454
-0.0113922329
-0.007330893549
-0.004702961254
-0.002912148759
-0.001571825597
-0.0004965875685
-0.07201804602
-0.04432993908
-0.02860271018
-0.0187102183
-0.01209808241
-0.007853682284
-0.005060358818
-0.003140888119
-0.001697997802
-0.0005378055557
-0.06993942649
-0.04437102336
-0.02906326524
-0.01927284862
-0.01260030599
-0.008233914053
-0.005323358699
-0.003310247363
-0.00179129575
-0.0005679242556
-0.06855963872
-0.04444507859
-0.0294529413
-0.01971318369
-0.01298616306
-0.008525718981
-0.005526014404
-0.003441677084
-0.001865060518
-0.000592716664
-0.06755160676
-0.04432855225
-0.02955731177
-0.01987513789
-0.01314271893
-0.008648455251
-0.005612308839
-0.003497809673
-0.001895714435
-0.000602208304
-0.2221893123
-0.2293289355
-0.2309604539
-0.2278011487
-0.220263692
-0.2087636383
-0.1939614517
-0.1768449239
-0.1585207394
-0.1431603421
-0.2074946241
-0.2138380194
-0.2161396905
-0.2145403576
-0.209223887
-0.2006343163
-0.1891899839
-0.1753645048
-0.1596439996
-0.1433313903
-0.1718286917
-0.1793028326
-0.1828553469
-0.1829149057
-0.1797229187
-0.1737791941
-0.1653696751
-0.1552252548
-0.1434061186
-0.1315382954
-0.1450261529
-0.1522610063
-0.156083496
-0.1568073776
-0.1547739456
-0.1505042512
-0.1441559914
-0.1364650524
-0.1273724882
-0.1181829708
-0.1283882984
-0.134618736
-0.1382228772
-0.1392934478
-0.1379178193
-0.1345143199
-0.1292630283
-0.1228591536
-0.115292025
-0.1075522089
-0.1117590734
-0.1183464847
-0.1223355147
-0.1239199785
-0.1233225203
-0.1208998057
-0.1167945644
-0.1115858878
-0.1053128021
-0.09875338246
-0.1025058835
-0.1083779128
-0.1120263632
-0.1135689802
-0.1131575653
-0.1110947737
-0.1075639609
-0.1030320633
-0.09755971275
-0.09178455368
-0.09408676132
-0.100060719
-0.1039066816
-0.1057038975
-0.105622072
-0.1039454177
-0.1008746578
-0.09682130426
-0.09187937868
-0.08660792444
-0.08967860221
-0.09536190205
-0.09905810931
-0.1008628051
-0.1009148969
-0.09944057278
-0.09664259697
-0.09288671788
-0.08828086974
-0.08333930651
-0.0867766088
-0.09248194497
-0.09624240459
-0.09813573652
-0.09830965342
-0.09697419744
-0.09433136542
-0.09071535604
-0.08623590662
-0.0813951439
0.06746725358
0.0562795646
0.04476207284
0.03186543874
0.01700215354
0.0002563525746
-0.01756818391
-0.03448406357
-0.04742750314
-0.06425128089
0.02253600681
0.009427210563
-0.00425374245
-0.01943763986
-0.03669999116
-0.05600632689
-0.07652071866
-0.09603996021
-0.1108315927
-0.1294169615
-0.02249638277
-0.03736086475
-0.05324318458
-0.07085464243
-0.09065613707
-0.1126041412
-0.1358172734
-0.1579485038
-0.1742790924
-0.1948742438
-0.0659359136
-0.08277219297
-0.1008947401
-0.1209329798
-0.1433071338
-0.1679360341
-0.1938369763
-0.2186430379
-0.2359682528
-0.2587829014
-0.1072949616
-0.1259999693
-0.1462014122
-0.1685150748
-0.193338836
-0.2205216394
-0.2488870894
-0.2764554583
-0.2939439657
-0.3191532597
-0.1459412077
-0.1662248601
-0.1882260865
-0.2125507603
-0.239564707
-0.2690326178
-0.2993951776
-0.3296581645
-0.3472421699
-0.3733872683
-0.1809419569
-0.2025104438
-0.226007204
-0.2520180881
-0.2808601489
-0.3122651624
-0.3440016544
-0.3760618673
-0.3946999963
-0.4205707337
-0.2112279739
-0.2339176269
-0.2586538098
-0.286061234
-0.3164022406
-0.3495253343
-0.382714031
-0.4140307973
-0.4344479853
-0.4594841555
-0.2361200999
-0.2598482936
-0.2855231523
-0.3138820724
-0.3454060439
-0.3793007312
-0.4134092484
-0.4444339048
-0.4655503606
-0.4897225475
-0.2565391323
-0.280057162
-0.3061926088
-0.3352557399
-0.3672976589
-0.4015978714
-0.4359246168
-0.4664408624
-0.4875858602
-0.5108777976
0.3682808072
0.3729825892
0.3782885593
0.3836108667
0.3886608113
0.3933083
0.3974749474
0.4012592562
0.4048243125
0.4049177959
0.3561494004
0.3601882052
0.3647661742
0.3693055036
0.3735253006
0.3773093122
0.3806170782
0.3835744346
0.3863111429
0.3851821641
0.3392369066
0.342405327
0.3459710402
0.3494025439
0.3524399825
0.3549803579
0.3570306869
0.3587854991
0.3604189834
0.3578297816
0.3175749094
0.3196952761
0.3219968945
0.3240277538
0.3255626394
0.3265123592
0.326938986
0.3271459668
0.3274249618
0.3232177704
0.2912477973
0.2921801063
0.2930032905
0.2933806409
0.2931349205
0.2921914531
0.290672718
0.2890279724
0.287736379
0.2817983696
0.260435283
0.2600874504
0.2592616932
0.2577777657
0.2555213095
0.2524328073
0.2487000947
0.2449503757
0.2419201198
0.2341694082
0.2254630935
0.2238128855
0.2212304627
0.2177388757
0.2133020014
0.2078741179
0.2017122625
0.1956498293
0.1907532085
0.1811361893
0.1868422151
0.1839345851
0.1795014992
0.1738648614
0.1670984524
0.1591697722
0.1504094034
0.1418872405
0.1350812068
0.1235856281
0.1454609958
0.1415309273
0.1353455232
0.1275508201
0.1183596528
0.1077837529
0.0962490614
0.08508949127
0.07626157561
0.06291543534
0.1029637859
0.09717086691
0.08895952905
0.0789100392
0.06716259928
0.05377435753
0.03932679605
0.02546537395
0.01473076448
-0.0004400978711
0.2893909653
0.2355258967
0.3054075443
0.2417839803
0.2945550893
0.2715707362
0.286318743
0.2998672468
0.3140762284
0.3517221003
0.2883812605
0.2343648505
0.3042626808
0.2401681738
0.2928608708
0.2690394117
0.2834598431
0.2954400036
0.3074197291
0.3454572717
0.2873450713
0.2331253205
0.3031482366
0.2383633669
0.2911678358
0.2662267211
0.280263013
0.2903751371
0.2995746781
0.3362832175
0.2862853359
0.2318208527
0.3020618597
0.2363833374
0.2894775798
0.2631373391
0.2767327909
0.2846966782
0.2905794373
0.3240080456
0.2852128259
0.2304692465
0.300997384
0.2342459903
0.2877922015
0.2597729343
0.2728851296
0.2784359147
0.280521569
0.308386182
0.2841144447
0.2290909779
0.2999450372
0.231973215
0.2861127048
0.2561338376
0.2687456195
0.2716239966
0.2695410683
0.2891222523
0.2830042692
0.227708479
0.2988922285
0.2295906721
0.2844372081
0.2522197385
0.2643440635
0.2642709535
0.2578046936
0.2660086805
0.2818995938
0.2263429372
0.2978239954
0.227128974
0.2827616841
0.2480342987
0.2597103918
0.2563359423
0.2454040688
0.2387334987
0.2807994623
0.2250156376
0.2967200802
0.2246298472
0.2810866783
0.2436196665
0.2548987169
0.2477248606
0.2320341831
0.2075115715
0.279737475
0.2237699751
0.2955570971
0.2221298016
0.2794244146
0.2391102889
0.2502754156
0.2396704516
0.2197166935
0.1760690691
0.2782726385
0.222095029
0.2939219146
0.2191354133
0.2763373483
0.2333010833
0.242435569
0.22683744
0.2008085214
0.143326819
0.2768997731
0.2200009566
0.2920734353
0.2160310667
0.2724434329
0.2279191705
0.2340730496
0.2160303775
0.1873700626
0.1264071686
0.2755382787
0.2180374606
0.2902945572
0.2131526701
0.2687684359
0.2229432972
0.2264689371
0.2062270825
0.1748093073
0.1120933018
0.274287217
0.2162579521
0.2886318235
0.2105446141
0.2653941506
0.2184718566
0.2196894918
0.1978048817
0.1637148
0.1023660932
0.2731625827
0.2146857177
0.2871306484
0.2082462023
0.2623973154
0.214574756
0.2138421526
0.1907641643
0.1546169185
0.09627483738
0.2721874277
0.2133426623
0.2858265303
0.2062869833
0.2598301206
0.2112849906
0.2089616918
0.1850156503
0.1475482552
0.09217123512
0.2713821557
0.2122467494
0.2847489607
0.2046915189
0.2577329981
0.2086270306
0.205062005
0.1804832412
0.1422732833
0.08939240467
0.2707603551
0.2114102363
0.283913957
0.2034731034
0.256126669
0.2066091632
0.2021380723
0.1771162684
0.1385387769
0.08749256553
0.2703484763
0.2108613863
0.2833718836
0.2026775468
0.2550856249
0.2053038194
0.2002587
0.1749736477
0.1362708727
0.08642769086
0.270096403
0.2105420201
0.2830359609
0.2022105006
0.2544491615
0.2045369058
0.199150749
0.173714089
0.1349830089
0.08581909864
0.06796039574
0.02825594936
-0.01122392713
-0.04851478561
-0.08375237736
-0.1169223979
-0.1471766258
-0.1731394092
-0.1935886069
-0.2090747301
0.0545607774
0.02240988029
-0.01087234944
-0.04261395843
-0.07281971096
-0.1016161913
-0.1286255386
-0.1538693072
-0.1771360796
-0.1968739998
0.04708142054
0.02093848641
-0.006878719771
-0.03434370933
-0.0605291263
-0.0852677426
-0.1083532809
-0.1292101288
-0.1469607981
-0.1600586553
0.04374416934
0.02164021679
-0.001433320298
-0.02439631971
-0.04629209505
-0.06698509618
-0.08648112572
-0.1045287866
-0.1207183517
-0.1345228478
0.04285167715
0.02326823067
0.003163345157
-0.01731263008
-0.0376016858
-0.05728171572
-0.07596964313
-0.0930228296
-0.1077245078
-0.1194823702
0.04304199593
0.02506046729
0.006858702188
-0.01177910601
-0.03028236863
-0.04788640733
-0.06408864155
-0.07866295376
-0.09155657375
-0.1026738455
0.04369449407
0.02677943438
0.00986071812
-0.007406865099
-0.02458900847
-0.04105226979
-0.05653125757
-0.07086592195
-0.08366128565
-0.0943206876
0.0443649632
0.02814771317
0.01205850894
-0.004322378485
-0.02067400265
-0.03639557127
-0.05111752822
-0.06452285446
-0.07619253635
-0.0860536401
0.04498189956
0.02914358544
0.0135024623
-0.00238007583
-0.01822387514
-0.03343285594
-0.04763517753
-0.06060821031
-0.07215376574
-0.08194783754
0.04512413456
0.0293328329
0.01384766747
-0.001793129003
-0.01734653357
-0.03221166321
-0.04603012696
-0.05860565683
-0.06971423465
-0.07914473886
-0.7566013893
-0.7516691564
-0.726640661
-0.6878143856
-0.6467896555
-0.609553524
-0.5779406632
-0.552047001
-0.5315814899
-0.5161451862
-0.7715639327
-0.7657926401
-0.7422274077
-0.7041716438
-0.6626762475
-0.6242576666
-0.5912553312
-0.5639438266
-0.5418008471
-0.524348988
-0.7614765092
-0.7551275175
-0.7331279623
-0.696188726
-0.6544215011
-0.6147474002
-0.579981133
-0.5508776415
-0.5270843364
-0.5076428258
-0.7287032878
-0.7221352034
-0.7017856335
-0.6663964178
-0.6248279308
-0.5842865682
-0.5479600194
-0.5168849512
-0.4911603
-0.4696989836
-0.6773210875
-0.6708019241
-0.6522089533
-0.6189758032
-0.5785056096
-0.5380203711
-0.5009863219
-0.4685818781
-0.4411245692
-0.4181582294
-0.6124887682
-0.6061345704
-0.5894922881
-0.5589304402
-0.5206174759
-0.4814758696
-0.4450976552
-0.4127996395
-0.3850248936
-0.361929417
-0.5395963522
-0.5334519217
-0.5188378116
-0.4913216712
-0.456158928
-0.4197114089
-0.3854843472
-0.3548669672
-0.328388864
-0.3067532101
-0.4636744179
-0.4577641853
-0.4450358767
-0.4206933403
-0.3892822444
-0.3564294691
-0.3253715222
-0.2975136055
-0.2735409508
-0.2546605898
-0.3889710635
-0.3831015492
-0.3720542972
-0.3507860219
-0.3232611222
-0.2943146103
-0.2667626856
-0.2418580125
-0.2204367461
-0.2049041842
-0.3184627623
-0.3124102376
-0.3028419774
-0.2843279195
-0.2603822741
-0.2350242665
-0.2105221345
-0.1876498916
-0.1665066042
-0.1501927114
-0.2542151112
-0.2479683563
-0.2397928976
-0.2239670351
-0.203694992
-0.182314299
-0.1617547843
-0.1427365648
-0.12500275
-0.1083827158
-0.1974494357
-0.191059185
-0.1841897268
-0.1710089184
-0.1544413427
-0.1372305564
-0.1209536186
-0.1062742666
-0.09302395823
-0.08033642232
-0.1484085248
-0.1418754431
-0.1360865846
-0.1252263483
-0.1119123324
-0.09836508542
-0.08578948421
-0.07468315594
-0.06495209605
-0.05577651078
-0.1067051766
-0.09997764961
-0.09500222817
-0.08599783366
-0.07528790797
-0.06466491085
-0.0550232101
-0.04668841964
-0.03958432115
-0.03312498948
-0.07187416109
-0.06489440904
-0.06053381601
-0.05299161155
-0.04433973457
-0.03602815652
-0.02870896568
-0.02256615826
-0.01751210439
-0.01316018254
-0.04360036872
-0.03632832198
-0.03244519876
-0.02606013785
-0.01903377339
-0.01253972138
-0.007042201213
-0.002615250786
0.000841990454
0.003565981707
-0.02170081392
-0.01411092623
-0.01059280427
-0.005103905129
0.0006726867634
0.005783770128
0.009906082929
0.01304235596
0.01529678452
0.01678353449
-0.006074111053
0.001849635781
0.005105418964
0.00993435907
0.01480253397
0.01892794482
0.0220860628
0.02432397387
0.02574053156
0.02635025423
0.003339849018
0.01160727215
0.01469934196
0.0190896897
0.02337068857
0.02688834854
0.02947799873
0.03120089899
0.03214475808
0.03224656145
0.006596011524
0.01521409446
0.01824035471
0.02240607971
0.02641114625
0.02969019385
0.03210048489
0.0336890059
0.03452654356
0.03449304947
-0.06047011985
-0.00355278437
0.003549201851
0.005124476392
0.004830497863
0.004010218565
0.003024140888
0.002087320701
0.001207307719
0.0004057145199
-0.04159351386
0.005909974982
0.007161052929
0.006611191133
0.005329668381
0.004082100937
0.00299178725
0.002036954021
0.001171605612
0.0003954769049
-0.02365684892
0.01166328561
0.009013231037
0.007145520127
0.005494957778
0.00410063671
0.002943908731
0.001980810054
0.001133176205
0.000383473419
-0.00867196941
0.01585806401
0.01073284042
0.007848528313
0.005668827741
0.004093101892
0.002882361726
0.00191753691
0.001091059095
0.0003697093591
0.003143920234
0.01900046763
0.01208249447
0.008255229089
0.005753335528
0.004049565198
0.002803411791
0.001845454628
0.001044529582
0.0003540355348
0.01203062917
0.02114018453
0.01300886277
0.008501851204
0.005759950157
0.003968636618
0.002705212639
0.001763488452
0.0009931039853
0.0003363041032
0.01824943996
0.02233009671
0.01351404064
0.008574709477
0.005684650948
0.003846484032
0.002585815021
0.001670614137
0.0009363038492
0.0003163786349
0.02220766478
0.02254596908
0.01358040776
0.008467884677
0.005523454481
0.003680375383
0.002443672108
0.001565930147
0.0008736740762
0.0002941448686
0.02436945066
0.02170241451
0.01319625675
0.008180231816
0.005273883216
0.003468201118
0.002277492948
0.001448660997
0.0008048036469
0.0002695127765
0.02505938168
0.01978788971
0.01236378356
0.007713181958
0.004934461592
0.00320834283
0.002086228501
0.001318128533
0.0007293355725
0.0002424192002
-0.07280900557
-0.02616028321
-0.00594311509
0.001296770852
0.003342653449
0.003483549096
0.002912867768
0.002111740878
0.001245679755
0.0004153325772
-0.07285213687
-0.02477887287
-0.005210682243
0.001622954522
0.003471566636
0.003532974527
0.00292578646
0.002112338644
0.001243912124
0.0004148685407
-0.07247672822
-0.02165216516
-0.00373391823
0.002250764302
0.003735903819
0.003622668795
0.00294937677
0.002113169457
0.001240821056
0.0004140232611
-0.07683222593
-0.01838284902
-0.001938251837
0.003015220643
0.004026192544
0.003742729778
0.002981911245
0.002113138509
0.001235698834
0.0004127189487
-0.067498777
-0.007637770491
0.001984469692
0.0045530294
0.004635840412
0.00392498558
0.003023195688
0.002112196898
0.001228148322
0.0004109878332
-0.4960800872
-0.5020291799
-0.4861507361
-0.4507427884
-0.399070129
-0.3414743292
-0.2839870966
-0.2340990448
-0.1893054874
-0.1544076181
-0.497462768
-0.5030253472
-0.486412574
-0.4496155983
-0.3968815194
-0.3388486323
-0.2818086841
-0.232477847
-0.1887650787
-0.1548832087
-0.4999332571
-0.5052483599
-0.4883983379
-0.4502691881
-0.3967525683
-0.3383811305
-0.2818228057
-0.2325550589
-0.1894643433
-0.1558235601
-0.5040450611
-0.5094390434
-0.4923725289
-0.4525032818
-0.3985887547
-0.3400392122
-0.2837849246
-0.2340865026
-0.1904943807
-0.1560572819
-0.5079087341
-0.5137177287
-0.4975913128
-0.4595401145
-0.4067463472
-0.349615443
-0.2946355575
-0.2444245331
-0.1979817159
-0.1522707364
0.2462810084
0.2408032721
0.2321819238
0.2223284568
0.2115824237
0.1995295926
0.1861848652
0.1730414959
0.1657364361
0.1677821466
0.2702182189
0.2703821068
0.2673973912
0.2624080331
0.2559892569
0.2480933431
0.2388579689
0.2295904435
0.225043628
0.2275460849
0.2963832351
0.2980745318
0.297694826
0.2958559855
0.2928565154
0.2885926301
0.2831158502
0.277453383
0.2754679919
0.2783236865
0.3198062877
0.3228194003
0.3246220663
0.3253887158
0.325196434
0.3239002884
0.3214963722
0.3187994988
0.318853489
0.3218768927
0.3406127989
0.344520138
0.347739995
0.3502669225
0.3520713554
0.3529861998
0.3529541311
0.3526055846
0.3542435246
0.3572882222
0.3569961173
0.361566608
0.3659173078
0.3698531547
0.3732461629
0.3759194348
0.377779848
0.3793052672
0.3821123696
0.3850162244
0.368818348
0.3738655477
0.3790246985
0.3839643171
0.3884908337
0.3924306972
0.3956724808
0.3985676916
0.4021989564
0.4048122328
0.3758726669
0.381180789
0.3868462013
0.3924290522
0.3976875122
0.4024553331
0.4066133852
0.4104070646
0.4145447806
0.4167141007
0.3781545932
0.3834842713
0.3893391285
0.3951956291
0.4007791848
0.4059338918
0.4105434871
0.4147732107
0.4190774971
0.4206898001
0.3755769424
0.3807290768
0.3864748171
0.3922477192
0.3977613415
0.4028729294
0.4074799019
0.4116962677
0.4157985844
0.4167779282
-0.4758389329
-0.4918383163
-0.5124607267
-0.5380737954
-0.569123852
-0.605673293
-0.6464528917
-0.685822732
-0.7122360418
-0.7160978913
-0.4112594657
-0.4278649334
-0.4488783392
-0.4746979552
-0.5056253319
-0.5417759632
-0.582595628
-0.6222695469
-0.6500601874
-0.6521505523
-0.3296181918
-0.347461463
-0.3692590783
-0.3952703843
-0.4259472292
-0.4614877643
-0.501325911
-0.5398111537
-0.5698700274
-0.5694981859
-0.2380642029
-0.2572666079
-0.2796226358
-0.305397256
-0.335377661
-0.3697419134
-0.4077396765
-0.4452752638
-0.4737947553
-0.4730408202
-0.1457221322
-0.1651730075
-0.1873086188
-0.2121578432
-0.2407033302
-0.2731944627
-0.3089150699
-0.344414754
-0.3703126421
-0.3698774289
-0.05862785399
-0.07711458476
-0.09797270721
-0.1210160547
-0.1472645899
-0.1770138108
-0.2096189917
-0.2420174259
-0.2647594012
-0.2644002062
0.02095895434
0.0042792403
-0.0144699584
-0.03499359755
-0.05832379406
-0.08479862289
-0.1138192271
-0.1425763833
-0.1619882624
-0.1613298854
0.09511901028
0.08024309715
0.06358130544
0.04549240328
0.02494920394
0.001581429481
-0.02404209825
-0.04931078535
-0.06576964455
-0.06482286348
0.1677730255
0.152985559
0.1367922278
0.1197965039
0.1010496822
0.0800972594
0.05740701271
0.03532847725
0.02152252566
0.02262713718
0.2320138328
0.215399511
0.198048718
0.1813619132
0.1644315798
0.1464146989
0.1274008896
0.1091911494
0.09836473265
0.09981641954
0.2966492113
0.2428455899
0.3163585301
0.2479850223
0.3115477408
0.2796957805
0.3013986511
0.3097937672
0.308234642
0.2688644453
0.2962419157
0.2423334429
0.3155813139
0.2479218011
0.3099100112
0.2800401598
0.3001027071
0.3108707802
0.3142140693
0.2848886593
0.295752178
0.2418057352
0.3146699217
0.2478092216
0.3082336546
0.2804041473
0.2994883658
0.3124435442
0.3209746427
0.3065767538
0.2951832771
0.2412486608
0.3136513368
0.2476186491
0.3065267736
0.2804508038
0.2984098901
0.3130215387
0.3251563618
0.321402388
0.2945389633
0.2406500374
0.3125516229
0.2473113527
0.3048042004
0.2801832123
0.2972932187
0.3130192418
0.3277570516
0.3339625403
0.2938232589
0.239996348
0.3113936849
0.2468578272
0.303079257
0.2795873207
0.2960306668
0.3123921733
0.3288254914
0.3434387509
0.2930416896
0.2392743438
0.3101994497
0.2462346127
0.3013602557
0.2786488888
0.2945974626
0.3111399869
0.3284687301
0.3502322534
0.2922005473
0.238472509
0.308988726
0.2454240224
0.2996500808
0.2773663137
0.2929548055
0.3092648824
0.3267656826
0.3544480044
0.2913064501
0.2375823487
0.3077782498
0.2444146399
0.2979476956
0.2757488602
0.2910525362
0.3067676207
0.3237645137
0.3560914485
0.2903675219
0.2365999149
0.3065812944
0.2432011968
0.2962502442
0.2738116948
0.2888462263
0.3036417431
0.3195272413
0.3552223761
0.2977758922
0.243746694
0.3180400226
0.2484032223
0.3128853338
0.2782677163
0.2976191176
0.2983499494
0.278931873
0.2314758818
0.2976792031
0.2436953913
0.3179320028
0.2483668133
0.312859272
0.2784499134
0.298029037
0.2992419777
0.2812283626
0.2324258257
0.2975009897
0.2436043946
0.3177156319
0.2483069459
0.3127807625
0.2784393054
0.2986902804
0.3007914297
0.2852570937
0.2343654272
0.2972378054
0.2434663243
0.3173876722
0.2482110284
0.3126525382
0.2787545463
0.299657536
0.3030105227
0.2909343772
0.2375441165
0.29689685
0.2432770345
0.3169478073
0.2480773826
0.3124526862
0.2788645303
0.3006370387
0.3055881451
0.2977536383
0.23913948
0.1556899459
0.1179606901
0.06653584134
0.00162405726
-0.07333123439
-0.1561239939
-0.2431701267
-0.3281818602
-0.4017915479
-0.4586262227
0.1618269908
0.12367923
0.07183894934
0.007242159603
-0.0674132908
-0.1504759506
-0.238485111
-0.3252020047
-0.4006501032
-0.4591941316
0.1736942268
0.1322758984
0.07798923384
0.01285506751
-0.06197885734
-0.1456172527
-0.2347226969
-0.3234122989
-0.4004401766
-0.4607873706
0.1919810806
0.1441179653
0.08521565789
0.01858734223
-0.05701571788
-0.1415973258
-0.2318576984
-0.3235337642
-0.4021403602
-0.4641068936
0.2167263708
0.1556670799
0.08819018912
0.01842439706
-0.05799004324
-0.1428136183
-0.2332910107
-0.323901057
-0.4032802003
-0.4673568819
)
;

boundaryField
{
    left
    {
        type            zeroGradient;
    }
    right
    {
        type            fixedValue;
        value           uniform 0;
    }
    down
    {
        type            zeroGradient;
    }
    up
    {
        type            zeroGradient;
    }
    cylinder
    {
        type            zeroGradient;
    }
    defaultFaces
    {
        type            empty;
    }
}


// ************************************************************************* //
