/*--------------------------------*- C++ -*----------------------------------*\
  =========                 |
  \\      /  F ield         | OpenFOAM: The Open Source CFD Toolbox
   \\    /   O peration     | Website:  https://openfoam.org
    \\  /    A nd           | Version:  11
     \\/     M anipulation  |
\*---------------------------------------------------------------------------*/
FoamFile
{
    format      ascii;
    class       surfaceScalarField;
    location    "0.5";
    object      phi;
}
// * * * * * * * * * * * * * * * * * * * * * * * * * * * * * * * * * * * * * //

dimensions      [0 3 -1 0 0 0 0];

internalField   nonuniform List<scalar> 
3485
(
0.001075048702
0.00981236066
-0.01088740936
0.003896393727
0.01190975207
-0.0147310971
0.007922174942
0.004008702083
-0.008034483298
0.0125972821
-0.005145793365
0.0004706862027
0.01750118054
-0.0112241715
0.006320273069
0.02238920079
-0.01357468254
0.008686662285
0.02715368579
-0.01313650903
0.008372024021
0.03175926134
-0.01106293759
0.006457362041
0.03619101267
-0.008197808904
0.003766057574
-0.004944171487
0.0006612873409
0.04047389682
0.001154244378
0.008658116282
0.004047535064
0.009016461386
0.008055650547
5.865995952e-07
0.01260575427
-0.00969589709
0.01729966451
-0.01591808174
0.02193345551
-0.01820847353
0.02644535043
-0.01764840395
0.03085071034
-0.01546829749
0.03519035757
-0.01253745614
-0.009236256691
0.03948244278
0.00121234282
0.007445773462
0.004130413138
0.006098391067
0.008048192569
-0.003917192831
0.0123721434
-0.01401984792
0.01672378624
-0.02026972458
0.02093318836
-0.02241787566
0.02496849968
-0.02168371527
0.02886184025
-0.01936163806
0.03265908589
-0.01633470178
-0.01296880248
0.03639163168
0.001269664098
0.006176109364
0.004195749815
0.00317230535
0.007996785748
-0.007718228765
0.01207314217
-0.01809620434
0.01607932788
-0.02427591029
0.01989057638
-0.02622912416
0.02351429148
-0.02530743037
0.02700863619
-0.02285598278
0.03042936355
-0.01975542914
-0.01633527386
0.03379583494
0.001302807731
0.004873301634
0.004182530242
0.0002925828384
0.007793641617
-0.01132934014
0.01153965927
-0.021842222
0.01511444196
-0.02785069297
0.01844054533
-0.02955522753
0.02156419983
-0.02843108487
0.02456879675
-0.02586057969
0.02752026495
-0.02270689734
-0.01924124386
0.03042623495
0.001317207108
0.003556094526
0.004102631526
-0.00249284158
0.007463277533
-0.01468998615
0.01082155455
-0.02520049901
0.01391901691
-0.03094815533
0.01672734325
-0.03236355388
0.01932976349
-0.03103350511
0.02183224669
-0.02836306289
0.02430818641
-0.02518283707
-0.02168245422
0.02674939677
0.001300625004
0.002255469523
0.003926351108
-0.005118567685
0.006959884298
-0.01772351934
0.009858671795
-0.02809928651
0.0124182366
-0.03350772013
0.0146582576
-0.03460357488
0.01669500362
-0.03307025112
0.01865472065
-0.03032277993
0.0206205212
-0.02714863761
-0.0236357657
0.02257383268
0.001251210027
0.001004259496
0.003650666895
-0.007518024553
0.006285445285
-0.02035829773
0.008665607407
-0.03047944863
0.01064439972
-0.03548651245
0.01228393163
-0.03624310678
0.01372402328
-0.03451034277
0.01510320481
-0.03170196146
0.0165159467
-0.02856137951
-0.02506439955
0.01794458055
0.0011648543
-0.0001605948037
0.003271352759
-0.009624523013
0.005441716347
-0.02252866131
0.007253950355
-0.03229168264
0.008620208268
-0.03685277036
0.00963756935
-0.03726046786
0.01045635451
-0.03532912793
0.01121573137
-0.03246133833
0.01200988228
-0.02935553042
-0.02589966554
0.01284514827
0.001047181789
-0.001207776592
0.002809990971
-0.01138733219
0.0044707371
-0.02418940744
0.005686548507
-0.03350749405
0.006427282753
-0.03759350461
0.006819361089
-0.0376525462
0.007012753713
-0.03552252055
0.007123797438
-0.03257238205
0.007235805238
-0.02946753822
0.007383468145
-0.02604732844
0.0005250851275
0.01750019751
-0.01802528264
0.002656027602
0.03651360422
-0.0386445467
0.006388083537
0.04314714823
-0.04687920416
0.01136652629
0.04403974757
-0.04901819032
0.0171395286
0.04353818654
-0.04931118884
0.02331998838
0.04343338891
-0.04961384869
0.02964181826
0.04409812311
-0.05041995298
0.03595248398
0.04537028065
-0.05168094638
0.04218532349
0.04698003463
-0.05321287413
0.04872718728
0.04833590834
-0.05487777213
0.0005421291175
0.01695806839
0.002697655752
0.03435807759
0.006445869257
0.03939893472
0.01142471592
0.0390609009
0.0171819314
0.03778097106
0.02333345105
0.03728186926
0.02961738559
0.03781418857
0.03588530302
0.03910236323
0.04207393807
0.04079139957
0.0426213098
0.04817981555
0.0005667559448
0.01639131245
0.00275810597
0.03216672756
0.006529655984
0.03562738471
0.01150874974
0.03408180715
0.01724239873
0.03204732207
0.02335099644
0.03117327154
0.02957881241
0.03158637259
0.03578318231
0.03289799333
0.04190529952
0.03466928237
0.03658413564
0.04794247369
0.0006009840742
0.01579032837
0.002842215743
0.0299254959
0.006646403981
0.03182319647
0.01162632864
0.02910188249
0.01732814382
0.02634550689
0.02337860819
0.02512280717
0.02953058073
0.02543440005
0.03564920431
0.02677936975
0.04168141368
0.028637073
0.03064010608
0.04762544323
0.0006464605314
0.01514386784
0.002953597028
0.0276183594
0.006800748014
0.02797604548
0.01178183592
0.02412079458
0.01744228202
0.02068506079
0.02341758674
0.01914750245
0.02947199813
0.01937998867
0.03548057984
0.02077078804
0.0413970018
0.02272065104
0.02481694714
0.04722016074
0.0007039076945
0.01443996015
0.003092888523
0.02522937857
0.006991933117
0.02407700089
0.01197209877
0.01914062893
0.01757863688
0.01507852268
0.02345852524
0.01326761409
0.02939024363
0.01344827028
0.03526038308
0.01490064859
0.04102923072
0.0169518034
0.01915146541
0.04669471245
0.0007723617038
0.01366759844
0.003255723789
0.02274601649
0.007210548828
0.02012217585
0.01218198875
0.014169189
0.01771630816
0.009544203267
0.02347489452
0.007509027729
0.02925293154
0.007670233255
0.03494905223
0.009204527902
0.04052822371
0.01137263193
0.01369515284
0.04598453627
0.0008488852103
0.01281871323
0.003431985113
0.02016291658
0.007437513878
0.01611664709
0.01238350641
0.009223196469
0.0178193368
0.004108372879
0.02342395938
0.001904405154
0.02901154753
0.002082645097
0.03449263563
0.003723439807
0.03983374782
0.00603151974
0.008505367293
0.04502353336
0.0009281948211
0.01189051841
0.003605436908
0.0174856745
0.007644371344
0.01207771265
0.01253738027
0.004330187544
0.0178405282
-0.001194775052
0.02325439889
-0.003509465538
0.02861529134
-0.003278247354
0.03384545488
-0.001506723728
0.03890542429
0.000971550329
0.003647571673
0.04376321991
0.001003109049
0.00375768645
0.007800915804
0.01260178955
0.01772728757
0.02290448432
0.02799826098
0.03294889929
0.0376865072
0.04199536621
0.07427807051
0.2080125074
-0.2345483949
0.08794189415
-0.05238730135
0.03872347771
0.09468195119
-0.03689734788
0.03015729084
0.09806918739
-0.02787580173
0.02448856554
0.09961120084
-0.02108780902
0.01954579558
0.100105084
-0.01568344381
0.01518956066
0.09998760292
-0.01131149133
0.01142897239
0.09949473261
-0.007682608403
0.008175478708
0.09876429497
-0.004717025754
0.005447463393
-0.001280768476
0.002223631815
0.07385504647
0.1805697047
0.08742235967
-0.06595461456
0.09431036314
-0.04378535135
0.09781982205
-0.03138526064
0.09946296447
-0.02273095145
0.1000408206
-0.01626129991
0.09999483051
-0.01126550125
0.09956643602
-0.00725421392
0.09889702159
-0.004047611315
-0.0003992031428
0.0729854972
0.1525851317
0.08645577494
-0.07942489229
0.09352992781
-0.05085950423
0.09720876265
-0.03506409547
0.09900737396
-0.02452956276
0.09972868401
-0.01698260996
0.09981635688
-0.01135317412
0.09951631896
-0.006954175997
0.0989729635
-0.003504255856
0.0003548650585
0.07171850229
0.1243763869
0.08504476622
-0.09275115623
0.09233590111
-0.05815063911
0.0962365836
-0.03896477797
0.09824596058
-0.02653893974
0.09916997864
-0.01790662802
0.09945292164
-0.01163611712
0.09934441193
-0.006845666288
0.09899157421
-0.003151418137
0.0009157016721
0.07007689034
0.09622977072
0.08319864583
-0.1058729117
0.09073114383
-0.06568313711
0.09490602398
-0.04313965811
0.09718197316
-0.02881488892
0.09836738203
-0.01909203689
0.09890628149
-0.01217501658
0.0990514019
-0.006990786698
0.0989525045
-0.003052520739
0.001218360565
0.06805336194
0.0684072164
0.08091934207
-0.1187388919
0.08872139043
-0.07348518547
0.09322083757
-0.04763910526
0.09582004449
-0.03141409583
0.09732491687
-0.02059690927
0.09817925149
-0.0130293512
0.09863875836
-0.007450293569
0.09885556893
-0.00326933131
0.001198992258
0.06561073634
0.04114372279
0.07818440183
-0.1313125573
0.08629723561
-0.08159801926
0.09118236638
-0.05252423603
0.0941649871
-0.03439671655
0.09604748314
-0.02247940531
0.09727553889
-0.01425740694
0.09810837483
-0.008283129516
0.09870104367
-0.003862000147
0.0007954041281
0.06274225052
0.01461563504
0.07496210438
-0.1435324112
0.08343422467
-0.09007013955
0.08878301746
-0.05787302882
0.09221808018
-0.03783177928
0.09453910047
-0.0248004256
0.09619898754
-0.01591729401
0.097462571
-0.009546712976
0.09848945356
-0.004888882708
-5.25888046e-05
0.05947072611
-0.01107104432
0.0712082505
-0.1552699356
0.0800863916
-0.09894828066
0.08599019394
-0.06377683115
0.08996680338
-0.04180838872
0.09279809155
-0.02763171377
0.09495176857
-0.01807097103
0.09670359301
-0.01129853741
0.09822139141
-0.006406681113
-0.00140307159
0.05500985516
-0.03523097188
0.06683983896
-0.1670999194
0.07630228229
-0.108410724
0.08283608397
-0.07031063284
0.08744021211
-0.04641251685
0.09084793859
-0.03103944025
0.09354856634
-0.02077159878
0.09583895363
-0.01358892469
0.09789905767
-0.008466785159
-0.003311245527
0.1808526708
-0.223229777
-0.128470891
0.1666019481
-0.1528491967
0.159606987
-0.1014157629
0.156505982
-0.06720962787
0.1549810113
-0.04488754614
0.1540924021
-0.03015083103
0.1535005876
-0.02017978428
0.1530923825
-0.01318071962
0.1528206568
-0.008195059438
-0.003196425723
0.1893278072
-0.1914010224
-0.2211565618
0.172045007
-0.1355663965
0.1637913715
-0.09316212733
0.1595336162
-0.06295187262
0.1570813182
-0.04243524809
0.1555377492
-0.02860726201
0.1545159615
-0.01915799663
0.1538373855
-0.01250214358
0.1534057271
-0.007763401023
-0.003023188301
0.1958222606
-0.1608251078
-0.2263981752
0.1780991865
-0.1178433225
0.1682105813
-0.08327352213
0.1625460236
-0.05728731487
0.1591143067
-0.03900353124
0.1569252898
-0.02641824512
0.1554878287
-0.01772053554
0.1545490273
-0.01156334213
0.1539621777
-0.007176551435
-0.002792147372
0.2006633557
-0.132222982
-0.2292654815
0.1828383974
-0.1000183642
0.1718893406
-0.07232446526
0.1651834744
-0.05058144875
0.1609499051
-0.03476996193
0.1581988378
-0.0236671778
0.1563865442
-0.01590824196
0.1552085617
-0.01038535957
0.1544769926
-0.006444982339
-0.002506432051
0.2041231809
-0.1059244294
-0.2304217334
0.1865232231
-0.08241840637
0.1749375785
-0.06073882071
0.1674500742
-0.04309394443
0.1625625328
-0.02988242058
0.159332411
-0.02043705593
0.1571919696
-0.01376780054
0.1558012002
-0.008994590223
0.1549393039
-0.005583086008
-0.002170947981
0.2065503101
-0.08183713584
-0.2306376037
0.18933064
-0.06519873624
0.1773869242
-0.04879510495
0.1693313795
-0.03503839975
0.1639283623
-0.02447940337
0.1603043919
-0.01681308551
0.1578872717
-0.01135068037
0.1563143304
-0.007421648841
0.1553396312
-0.004608386895
-0.001792011835
0.2081992391
-0.05964476185
-0.2303916131
0.1914092782
-0.04840877538
0.1792833341
-0.03666916081
0.1708275437
-0.02658260939
0.1650330789
-0.01868493856
0.1610988573
-0.01287886392
0.1584590169
-0.00871083998
0.1567374763
-0.005700108173
0.1556699254
-0.003540836023
-0.001377059826
0.2092724105
-0.03891376545
-0.2300034069
0.1928712125
-0.03200757738
0.1806667644
-0.02446471266
0.1719432323
-0.0178590773
0.165868566
-0.01261027232
0.161705042
-0.008715339868
0.158897525
-0.005903323018
0.1570628134
-0.003865396526
0.1559240289
-0.002402051559
-0.0009344968809
0.2099152645
-0.01915775947
-0.2296712705
0.1937962536
-0.01588856644
0.1815608177
-0.01222927679
0.1726751827
-0.008973442302
0.1664220801
-0.006357169721
0.1621091544
-0.004402414129
0.1591909798
-0.002985148466
0.1572810698
-0.001955486494
0.1560942392
-0.00121522094
-0.000472572954
0.2102031708
-0.2293609303
0.1943146044
0.1820853276
0.1731118853
0.1667547156
0.1623523014
0.159367153
0.1574116665
0.1561964456
0.1424868207
0.007004948929
-0.142114442
0.1425864368
0.01273371989
0.1423944517
0.01813013236
0.1418131125
0.02317240064
0.1407506986
0.02787798453
0.1391789902
0.03214503731
0.1368520278
0.03638907988
0.1343801617
0.03929305612
0.1302956788
0.04420910659
0.04320747518
0.214817925
0.00620560609
-0.2140185821
0.2159357047
0.0116159402
0.2172036018
0.01686223523
0.2184765501
0.02189945237
0.2196231642
0.0267313704
0.2206498162
0.03111838532
0.2213039519
0.03573494417
0.221945328
0.03865167996
0.2217698507
0.04438458389
0.04382076411
0.209342714
0.005589557398
-0.2087266653
0.2102805284
0.01067812585
0.2115299811
0.01561278253
0.2131020707
0.02032736275
0.2149450179
0.02488842323
0.2170450464
0.02901835682
0.2193092006
0.03347078992
0.221679685
0.03628119562
0.224458682
0.04160558688
0.04188127091
0.2040630126
0.004541974214
-0.2030154294
0.2054797571
0.00926138134
0.2072614353
0.01383110429
0.2093849758
0.01820382231
0.2118555103
0.0224178887
0.2146633253
0.02621054187
0.2179085639
0.03022555129
0.2213152642
0.0328744953
0.225513015
0.03740783608
0.03812880437
0.198752939
0.003819501874
-0.1980304666
0.200136471
0.00787784931
0.2021363267
0.01183124856
0.2047253486
0.0156148004
0.2078795965
0.01926364083
0.2115039056
0.02258623277
0.2156969126
0.0260325443
0.2201204917
0.02845091623
0.2253743615
0.03215396619
0.03308143249
0.195059979
0.002926554589
-0.1941670317
0.1965970536
0.006340774716
0.1987773891
0.009650913034
0.2015812249
0.0128109646
0.2050178033
0.01582706247
0.2090383299
0.01856570614
0.2137374413
0.02133343285
0.2188129348
0.02337542274
0.2247221073
0.02624479373
0.02716593606
0.1919647553
0.00221323211
-0.1912514328
0.1934999924
0.004805537592
0.1958139216
0.007336983842
0.1988585129
0.009766373345
0.2026067389
0.01207883642
0.2069898457
0.01418259933
0.2120612416
0.01626203695
0.2175917819
0.01784488248
0.2239156342
0.01992094148
0.02068995716
0.1899104581
0.001447911396
-0.1891451373
0.1914836153
0.003232380389
0.1938607915
0.004959807563
0.1970202789
0.00660688601
0.2009323517
0.008166763608
0.2055294025
0.009585548503
0.2108278611
0.01096357836
0.2166422851
0.01203045852
0.2231972773
0.01336594926
0.0138838275
0.1885030187
0.0007336578191
-0.1877887651
0.1901045048
0.001630894332
0.1925586706
0.002505641777
0.1958256992
0.003339857401
0.199866209
0.004126253799
0.2046129748
0.004838782661
0.2100572302
0.005519323023
0.2160405134
0.006047175315
0.2227237805
0.006682682106
0.006936337537
0.1877339823
-0.1870003245
0.1893648767
0.1918705185
0.1952103759
0.1993366297
0.2041754123
0.2096947353
0.2157419107
0.2224245928
0.03866809971
0.00279712171
0.002918684942
-0.04438390636
0.03304304265
0.005574157595
5.089946418e-05
0.02764002933
0.008297111606
-0.002894098295
0.02244604001
0.0112127817
-0.006018792374
0.01741236246
0.01403467409
-0.009000996546
0.01254113215
0.01597189469
-0.01110066437
0.007964012387
0.01572683165
-0.01114971189
0.003996138859
0.01217153718
-0.008203663653
0.001142720503
0.006107585362
-0.003254167006
0.001324466254
-0.000181745751
0.0367190076
0.007575692984
-0.04149757887
0.03167316432
0.01062000088
0.0265619371
0.01340833882
0.02150163683
0.01627308197
0.0165556972
0.01898061372
0.01179897639
0.0207286155
0.007393853357
0.02013195468
0.003646802271
0.01591858827
0.001016523406
0.008737864227
0.00234098966
0.03222308007
0.01165147448
-0.03629886157
0.0279401737
0.01490290725
0.02351157698
0.01783693554
0.01901419081
0.02077046814
0.01453993841
0.02345486611
0.01021977152
0.02504878239
0.00626306896
0.02408865724
0.002982425263
0.01919923196
0.0007819547627
0.01093833473
0.003122944423
0.02695290539
0.01512615204
-0.03042758295
0.02333349545
0.01852231719
0.01958228735
0.02158814364
0.01573411428
0.02461864121
0.0118738286
0.0273151518
0.008154281
0.02876832999
0.004810882696
0.02743205555
0.002145273385
0.02186484127
0.0004941363884
0.01258947172
0.003617080811
0.02169160085
0.01810402325
-0.02466947206
0.0186263625
0.02158755554
0.01547076072
0.02474374541
0.01223967364
0.0278497283
0.009009564615
0.03054526082
0.005939092602
0.031838802
0.00327086245
0.0301002857
0.00127287247
0.02386283125
0.0001847240497
0.01367762014
0.003801804861
0.01665333062
0.02063995695
-0.01918926431
0.01407718376
0.02416370239
0.01145566723
0.02736526195
0.008798526053
0.03050686948
0.006179524346
0.03316426252
0.003756713354
0.034261613
0.001770817523
0.03208618153
0.0004593118491
0.02517433693
-8.732184421e-05
0.01422425384
0.003714483016
0.01177385381
0.02273256017
-0.01386645703
0.009676459034
0.02626109717
0.007572208714
0.02946951227
0.005471218693
0.0326078595
0.003448147021
0.0351873342
0.001660453203
0.03604930681
0.0003127363447
0.03343389839
-0.0003185033703
0.02580557664
-0.0003291385929
0.01423488906
0.003385344423
0.006963330694
0.02435115761
-0.00858192813
0.005358328605
0.02786609927
0.003779378492
0.03104846238
0.002237146921
0.03415009107
0.0008080469057
0.03661643421
-0.0003442695146
0.03720162323
-0.0009999010478
0.03408952992
-0.00104842432
0.02585409992
-0.0005416711601
0.0137281359
0.002843673263
0.002220005109
0.02546565491
-0.003334502412
0.001139609365
0.02894649501
0.0001057037806
0.03208236796
-0.0008721100857
0.03512790494
-0.001696918386
0.03744124251
-0.002208659258
0.03771336411
-0.002234302123
0.03411517279
-0.001690736943
0.02531053474
-0.0007319612662
0.01276936022
0.002111711997
-0.002517652362
0.001935978828
-0.003038695568
-0.003528709655
-0.003923325273
-0.004134628961
-0.004014769462
-0.003407090723
-0.002285963432
-0.0009039354044
0.04921108761
-0.04961908452
-0.05487786318
0.05528586008
0.04340042248
-0.0476337267
0.05344439184
0.03742944739
-0.04562322179
0.05159419688
0.0312911333
-0.04362452369
0.04976283778
0.02499591163
-0.04172312687
0.04801834854
0.01860544716
-0.04008773821
0.04647820267
0.01230487854
-0.03878072188
0.04508129051
0.006517824343
-0.03689974041
0.04268679461
0.002024065795
-0.03096152114
0.03545527969
-0.01467175387
0.01669581967
0.04872719155
-0.04398548119
-0.05436079487
0.04294992246
-0.04185645761
0.03701848609
-0.03969178542
0.03092631478
-0.03753235238
0.02468477273
-0.03548158483
0.01835656306
-0.03375952854
0.01212711112
-0.03255126994
0.006415934339
-0.03118856363
0.001990095736
-0.02653568254
-0.01268165814
0.0480933673
-0.0383911816
-0.05368766689
0.04236016613
-0.03612325644
0.03648105259
-0.03381267188
0.03044980527
-0.03150110506
0.02427853804
-0.0293103176
0.01803129476
-0.02751228525
0.01189378267
-0.02641375785
0.006280704689
-0.02557548565
0.001943199253
-0.0221981771
-0.01073845888
0.04727369301
-0.03284550371
-0.05281937091
0.04159942351
-0.03044898694
0.03578949571
-0.02800274408
0.02983785847
-0.02554946782
0.02375746404
-0.02322992317
0.01761404285
-0.02136886407
0.01159388961
-0.0203936046
0.00610597076
-0.02008756681
0.001881872479
-0.01797407882
-0.008856586406
0.04620792598
-0.02736461749
-0.0516888122
0.04061421592
-0.02485527688
0.03489784787
-0.02228637603
0.02905232382
-0.01970394377
0.02309119882
-0.01726879817
0.01708205012
-0.01535971537
0.01121194344
-0.01452349793
0.005883087703
-0.01475871107
0.001803245441
-0.01389423656
-0.007053340965
0.04482057516
-0.02197983015
-0.05020536249
0.0393435758
-0.01937827752
0.0337586224
-0.01670142264
0.02805710375
-0.01400242511
0.0222528641
-0.01146455852
0.01641592517
-0.009522776434
0.01073480641
-0.008842379161
0.005604302031
-0.009628206696
0.001704174614
-0.009994109139
-0.005349166351
0.04299681199
-0.01674010406
-0.04823653809
0.03769888411
-0.01408034964
0.0323098466
-0.01131238513
0.02681472622
-0.008507304729
0.02122493444
-0.005874766739
0.01561202622
-0.003909868221
0.01016639439
-0.003396747329
0.005275619269
-0.004737431574
0.001588939531
-0.006307429401
-0.003760226819
0.04066842432
-0.01177800126
-0.04563052711
0.03564219097
-0.009054116293
0.03052097154
-0.006191165701
0.02529236633
-0.00327869952
0.01997323954
-0.0005556399443
0.01463924301
0.001424128309
0.009481350219
0.001761145459
0.00487785647
-0.0001339378252
0.001444878574
-0.002874451505
-0.002315348245
0.03812713598
-0.007153518602
-0.04275161865
0.03352968127
-0.004456661578
0.02881232385
-0.001473808282
0.02393044786
0.00160317647
0.0189034431
0.004471364818
0.01382849109
0.00649908032
0.008918969126
0.006670667421
0.004559112253
0.004225919048
0.001339433507
0.0003452272412
-0.0009759147387
0.03484388971
-0.03907872337
0.03043812759
0.02607022101
0.02165460511
0.01712497338
0.01252338933
0.00804434486
0.004066600254
0.00115766049
0.1004981578
0.003992692768
-0.005495950577
0.1008395293
0.01034542043
-0.01068679192
0.1007906268
0.01303355864
-0.01298465617
0.1010811237
0.01435471413
-0.01464521105
0.10027768
0.01822247676
-0.01741903302
0.09916477315
0.02203067281
-0.02091776595
0.0960239264
0.02742519983
-0.02428435309
0.09057031738
0.03624555058
-0.03079194156
0.07752734641
0.04564737219
-0.03260440122
-0.2095978263
0.2328286771
0.1004179238
0.002569668923
0.1007149019
0.01004844237
0.1006350586
0.01311340192
0.1008712439
0.01411852883
0.1000102084
0.01908351226
0.09880837034
0.02323251089
0.09556467894
0.03066889123
0.08994024003
0.04186998949
0.07683234847
0.05875526375
-0.1853710338
0.100251024
0.001313544962
0.1004407704
0.00985869591
0.1002835888
0.01327058352
0.100392366
0.01400975165
0.09942973634
0.02004614192
0.0980707041
0.02459154314
0.09468880935
0.03405078598
0.08881913511
0.04773966372
0.07577496561
0.07179943325
-0.1603544685
0.09999669272
0.0003117522393
0.1000207922
0.009834596471
0.09974089336
0.01355048232
0.09965044163
0.01410020338
0.09854176026
0.02115482329
0.09695865676
0.02617464664
0.09339719739
0.03761224535
0.08720750437
0.05392935674
0.07433932946
0.08466760816
-0.1347310319
0.099653764
-0.000347111757
0.09946001177
0.01002834869
0.09901303895
0.01399745515
0.09865335789
0.01445988444
0.09735384475
0.02245433644
0.09548180809
0.02804668329
0.09168924922
0.04140480422
0.08511459025
0.06050401571
0.07252923031
0.0972529681
-0.1086128337
0.09922051187
-0.0005727236295
0.09876463455
0.01048422601
0.09810732087
0.01465476883
0.09741070722
0.01515649809
0.09587553152
0.02398951214
0.09365131915
0.03027089566
0.0895644514
0.04549167196
0.08256059789
0.06750786923
0.07034830564
0.1094652604
-0.08201796451
0.09869494209
-0.0002727657197
0.09794178209
0.01123738602
0.09703213803
0.01556441288
0.09593367208
0.01625496404
0.0941182561
0.02580492812
0.09147859142
0.03291056034
0.08701831851
0.04995194488
0.07957234959
0.07495383814
0.06780474112
0.1212328688
-0.05482429186
0.09807837698
0.0006437572999
0.09700139008
0.01231437292
0.09579668262
0.01676912035
0.0942349593
0.01781668735
0.09209466002
0.0279452274
0.08897525202
0.03602996835
0.08407527479
0.0548519221
0.07619436868
0.08283474426
0.06482603058
0.1326012069
-0.02683105875
0.09738525027
0.002253407029
0.09595905227
0.01374057092
0.09440942253
0.01831875009
0.09232778076
0.01989832912
0.08980914944
0.03046385872
0.08614571295
0.03969340483
0.08082444407
0.06017319098
0.0726826976
0.09097649073
0.0616555502
0.1436283543
0.002040617082
0.09668887411
0.004559432915
0.09482735787
0.01560208716
0.09288360636
0.0202625016
0.09020234433
0.02257959115
0.08719411572
0.03347208734
0.08277155096
0.0441159696
0.0767265967
0.06621814525
0.06754160015
0.1001614873
0.05568021266
0.1554897418
0.02977635831
0.1505580527
0.005006480205
0.1514697167
0.0146904232
0.152502422
0.01922979627
0.1531112754
0.02197073773
0.1542133053
0.03237005743
0.1553692259
0.04296004897
0.1574022837
0.06418508751
0.1630122316
0.09455153932
0.1749508685
0.1435511049
0.2146605569
0.1258479844
0.1508526408
0.005158939449
0.1518778117
0.01366525228
0.1532087906
0.0178988174
0.1542872339
0.02089229436
0.1560975479
0.03055974346
0.1583197797
0.04073781713
0.1621788164
0.06032605089
0.1696177428
0.08711261288
0.1839248425
0.1292440052
0.1849718045
0.2136135949
0.1511177854
0.005046254011
0.1523173178
0.01246571993
0.1538914261
0.0163247091
0.1554298034
0.01935391701
0.1578668235
0.02812272344
0.1610226662
0.03758197434
0.1662654686
0.05508324852
0.1749276767
0.07845040477
0.1912947408
0.1128769412
0.1568639922
0.219402553
0.151339425
0.00471192898
0.1527205719
0.01108457304
0.1545315239
0.0145137571
0.1564873943
0.01739804665
0.1594791099
0.02513100782
0.1634359967
0.03362508754
0.1697514691
0.04876777608
0.1794391598
0.06876271408
0.1965620504
0.09575405058
0.1303328008
0.2230932419
0.1515217758
0.004195253167
0.1530754342
0.009530914665
0.155109699
0.01247949229
0.1574330041
0.01507474159
0.1609002416
0.02166377024
0.1655282358
0.0289970934
0.1726556729
0.041640339
0.1831534331
0.05826495381
0.2002186814
0.07868880231
0.1054372692
0.2251142129
0.1516689799
0.003531373275
0.1533775941
0.007822300449
0.1556113357
0.01024575068
0.15824681
0.01243926727
0.1621078493
0.01780273098
0.1672812738
0.02382366894
0.1750059488
0.03391566397
0.1861029368
0.04716796578
0.2027357971
0.06205594202
0.08212439048
0.2260486759
0.1517839255
0.002752547797
0.1536236936
0.005982532291
0.1560251015
0.007844342846
0.1589137748
0.00955059397
0.1630869313
0.01362957449
0.1686856143
0.01822498591
0.1768362411
0.02576503717
0.1883461778
0.03565802912
0.2044391537
0.04596296609
0.06021739557
0.2263461486
0.1518691356
0.001888512226
0.1538115167
0.004040151159
0.1563429138
0.005312945723
0.1594233797
0.006470128132
0.1638282245
0.009224729605
0.1697375178
0.01231569264
0.1781761334
0.01732642155
0.1899466103
0.02388755226
0.2055663706
0.03034320578
0.03946074875
0.2263230174
0.1519234456
0.0009701665763
0.153936044
0.002027552767
0.156556464
0.002692525762
0.1597645949
0.003261997272
0.1643217893
0.004667535204
0.1704322841
0.006205197803
0.1790462083
0.008712497312
0.1909544415
0.0119793191
0.206234979
0.01506266827
0.01949835455
0.2261973732
0.1519752666
0.1540028193
0.1566953451
0.1599573424
0.1646248776
0.1708300754
0.1795425727
0.1915218918
0.2065845601
0.2260829146
0.128651581
-0.0481014131
0.12982797
-0.04332108922
0.1310199452
-0.03792516635
0.1325230263
-0.03220156171
0.1343163796
-0.02661439492
0.1362650209
-0.02120843445
0.138178509
-0.01580142955
0.1398545125
-0.01025567786
0.1411605832
-0.004632888806
0.0009841585603
0.213850193
-0.04833801125
0.2134173353
-0.04288823146
0.2130711842
-0.0375790153
0.2129638212
-0.03209419871
0.2130014604
-0.02665203413
0.2130957795
-0.02130275352
0.2132249453
-0.01593059538
0.2134121373
-0.01044286979
0.2137354778
-0.004956229312
0.0007010542015
0.2165842248
-0.04551968302
0.2142030026
-0.04050700928
0.2121983994
-0.03557441205
0.2106749213
-0.03057072062
0.2095814823
-0.02555859516
0.2088506119
-0.02057188313
0.208460951
-0.01554093444
0.2083737824
-0.01035570119
0.2084610361
-0.005043483068
0.0004354249983
0.2184442584
-0.04087069959
0.2144935894
-0.03655634023
0.2110606403
-0.03214146296
0.2081751645
-0.0276852448
0.2058755708
-0.02325900152
0.2041314574
-0.01882776966
0.2029089536
-0.01431843064
0.2022567244
-0.009703472029
0.2022391534
-0.005025912064
-0.0003408509919
0.2192569906
-0.03501347728
0.2141952957
-0.03149464525
0.2098340555
-0.02778022278
0.2062130014
-0.02406419068
0.2033218143
-0.0203678145
0.2011224641
-0.01662841941
0.1995536816
-0.01274964811
0.1985711444
-0.008720934869
0.1981064917
-0.004561259312
-0.0002648259501
0.2194808853
-0.02844568674
0.2137222333
-0.02573599327
0.2087502542
-0.02280824362
0.2045402294
-0.01985416586
0.2010428932
-0.01687047831
0.1981984356
-0.01378396189
0.1960008189
-0.01055203139
0.1945324397
-0.007252555646
0.193876578
-0.003905397575
-0.00055527969
0.2193873307
-0.02148686883
0.2131956834
-0.01954434594
0.2077888982
-0.01740145848
0.2031426238
-0.0152078914
0.1992364676
-0.01296432212
0.1960814076
-0.01062890189
0.1937288743
-0.008199498086
0.1921876136
-0.005711294969
0.1913946196
-0.003112403553
-0.0004120929414
0.219176975
-0.01434082645
0.2127400128
-0.01310738367
0.2070615138
-0.01172295954
0.2021389521
-0.01028532966
0.1979752568
-0.008800626875
0.1945897762
-0.007243421256
0.1919986447
-0.005608366629
0.1901829493
-0.003895599553
0.1891949983
-0.002124452533
-0.0003622319762
0.2189915658
-0.007135019084
0.2124516379
-0.006567455714
0.2066264169
-0.005897738518
0.201536141
-0.005195053773
0.1971970753
-0.004461561196
0.1936377088
-0.003684054745
0.1908907241
-0.002861381942
0.188995307
-0.002000182422
0.1879768155
-0.001105961091
-0.0001741815902
0.2189478955
0.2123804398
0.2064827013
0.2012876475
0.1968260863
0.1931420316
0.1902806496
0.1882804672
0.1871745061
0.002817960315
0.04106081834
-0.04387877865
0.006979517198
0.1014383363
-0.1055998932
0.01020424282
0.1381093554
-0.141334081
0.01197779076
0.1567730599
-0.1585466078
0.01265439916
0.1648716335
-0.165548242
0.01274628095
0.1678736222
-0.167965504
0.01262013651
0.1689025819
-0.1687764374
0.01243950865
0.1694355471
-0.1692549192
0.01222608758
0.1700098737
-0.1697964526
0.1706334076
0.01202567711
-0.1704329971
0.003144793655
0.03791602468
0.008446202439
0.0961369275
0.01338306229
0.1331724955
0.01709625923
0.153059863
0.01973423998
0.1622336528
0.02175251202
0.1658553502
0.02356489397
0.1670901999
0.02543746277
0.1675629783
0.02748900969
0.1679583268
0.168345055
0.02977736228
0.003180960908
0.03473506377
0.009131933843
0.09018595456
0.01537478247
0.1269296469
0.02078681069
0.1476478347
0.02526847033
0.1577519932
0.02915238105
0.1619714395
0.03282931861
0.1634132624
0.03660436008
0.1637879368
0.04065233035
0.1639103565
0.1639418588
0.04505552655
0.002944745387
0.03179031839
0.008978029518
0.08415267043
0.01592446388
0.1199832126
0.02253752991
0.1410347687
0.02847842632
0.1518110967
0.03390229248
0.1565475733
0.03910346876
0.1582120861
0.04431983907
0.1585715665
0.04962980219
0.1586003934
0.1586600073
0.05491165372
0.002532876747
0.02925744164
0.008200344052
0.07848520312
0.01527292229
0.1129106343
0.02252079425
0.1337868967
0.02941443682
0.1449174542
0.03590542588
0.1500565843
0.04214174349
0.1519757685
0.04827661136
0.1524366986
0.05435498064
0.1525220241
0.1527256419
0.06028934603
0.002050651034
0.02720679061
0.007082855044
0.07345299911
0.01385283068
0.1061406587
0.02125200947
0.126387718
0.02863848745
0.1375309762
0.03579074328
0.1429043284
0.04271458756
0.1450519242
0.04948097373
0.1456703125
0.05612593019
0.1458770676
0.1462689021
0.06258267
0.001578500736
0.02562828987
0.005880198391
0.06915130146
0.01210736257
0.09991349451
0.01932741577
0.1191676648
0.02686347238
0.1299949196
0.03437185712
0.1353959437
0.04173630294
0.1376874784
0.04894179049
0.1384648249
0.05598531064
0.1388335475
0.1394114254
0.06284278733
0.001181259743
0.02444703013
0.004804488873
0.06552807233
0.01042427587
0.09429370751
0.01728917346
0.1123027672
0.02474045337
0.1225436397
0.03236263152
0.1277737655
0.03995117454
0.1300989354
0.04742723076
0.1309887687
0.05475845646
0.1315023218
0.1323301175
0.06183976436
0.0008746742439
0.02357235588
0.003939801018
0.06246294556
0.008989460038
0.08924404849
0.01542832495
0.1058639023
0.02264276838
0.1153291962
0.0301900289
0.120226505
0.03781989956
0.1224690647
0.04544132358
0.1233673447
0.05312407857
0.1238195668
0.1244442679
0.0610099282
0.0006573193918
0.02291503649
0.003285844121
0.05983442083
0.007836292295
0.08469360032
0.01381945255
0.099880742
0.02065852471
0.1084901241
0.02789177514
0.1129932546
0.03522195455
0.1151388853
0.04250190686
0.1160873924
0.04973062147
0.1165908522
0.1169618412
0.05721304817
0.0005177894821
0.02239724701
0.002836451718
0.05751575859
0.006994376388
0.08053567565
0.01257124979
0.09430386859
0.01902415708
0.1020372168
0.02589176472
0.1061256469
0.03286360536
0.1081670446
0.03977457603
0.1091764217
0.04655473068
0.1098106975
0.1105493776
0.05296719427
0.0004573366344
0.02193991038
0.002603157115
0.05536993811
0.006508766916
0.07663006585
0.01179808547
0.08901455004
0.01796114537
0.09587415691
0.0245510553
0.09953573701
0.031256546
0.1014615539
0.03789937286
0.1025335948
0.04440570276
0.1033043676
0.1042006393
0.05075444106
0.0004537230804
0.0214861873
0.002537085653
0.05328657554
0.00631554706
0.07285160444
0.01143568623
0.08389441087
0.01741226815
0.08989757499
0.023815378
0.09313262716
0.03034068781
0.09493624414
0.03680752775
0.09606675489
0.0431376643
0.0969742311
0.09801092998
0.04932737358
0.0004689680959
0.0210172192
0.002542400511
0.05121314313
0.006266762188
0.06912724277
0.01129610565
0.0788650674
0.01716100715
0.0840326735
0.02344692931
0.086846705
0.02986114952
0.08852202393
0.0362304357
0.08969746871
0.04247980995
0.09072485684
0.09187768689
0.04861305304
0.0004827883875
0.02053443081
0.002561100297
0.04913483122
0.006265791247
0.06542255182
0.01125197314
0.07387888551
0.01705944363
0.078225203
0.023285064
0.08062108463
0.02964637821
0.08216070971
0.03597803378
0.08336581315
0.04220894682
0.0844939438
0.08574458716
0.04834204656
0.0004916467222
0.02004278409
0.002576718765
0.04704975917
0.006277180577
0.06172209001
0.0112476691
0.06890839699
0.01703278201
0.07244009009
0.02323609894
0.0744177677
0.02958145645
0.0758153522
0.03590801424
0.07703925535
0.04214596901
0.07825598903
0.07959470475
0.04829585142
0.0004970180511
0.01954576604
0.002587951159
0.04495882607
0.006290432964
0.0580196082
0.01125862307
0.06394020689
0.01703939642
0.06665931674
0.02323972933
0.06821743479
0.02958659453
0.069468487
0.03592122499
0.0707046249
0.04217381592
0.0720033981
0.07342581004
0.04834271063
0.000501048788
0.01904471725
0.002597450473
0.04286242438
0.006304205011
0.05431285366
0.01127488756
0.05896952435
0.01705735266
0.06087685163
0.0232602354
0.06201455206
0.02961206342
0.06311665897
0.03595506788
0.06436162044
0.04221937338
0.0657390926
0.0672419813
0.04840320212
0.0005059727084
0.01853874454
0.002609512513
0.04075888458
0.006322260539
0.05060010564
0.01129653252
0.05399525236
0.0170805531
0.05509283105
0.02328400421
0.05581110095
0.02963685117
0.05676381202
0.03598161507
0.05801685654
0.04224902543
0.05947168224
0.06105228041
0.04843872631
0.0005134619068
0.002627799784
0.006348701259
0.0113257633
0.01710740551
0.02330465777
0.0296485168
0.03598442696
0.04224323507
0.04841774335
0.06439144638
0.3884666948
-0.388756695
0.07217667784
0.07014420349
-0.07792943494
0.07782636584
0.0262531654
-0.03190285339
0.08184359492
0.006374455676
-0.01039168476
0.08500873253
-0.002105366916
-0.001059770696
0.08773524323
-0.0051209894
0.002394478698
0.09019608893
-0.005643449994
0.003182604302
0.09247091251
-0.005102265673
0.002827442087
0.09459318461
-0.004193522685
0.002071250583
-0.002796788802
0.0008699595183
0.06552660197
0.3836622782
0.07534048263
0.06033032283
0.08115360665
0.02044004137
0.08493776474
0.002590297588
0.08770676034
-0.004874362517
0.08995789646
-0.007372125512
0.09190648285
-0.007592036383
0.09364323694
-0.006839019759
0.09521686221
-0.005767147957
-0.004175452182
0.06728060376
0.3745067777
0.07801411527
0.04959681132
0.08397540756
0.01447874909
0.08762201505
-0.001056309903
0.0901159686
-0.007368316069
0.09197472686
-0.009230883768
0.09346886715
-0.009086176673
0.09472189487
-0.008092047484
0.09580020188
-0.006845454964
-0.005057936607
0.06915331368
0.3615919866
0.08044959999
0.03830052501
0.0865442898
0.008384059281
0.0900763298
-0.004588349898
0.09228162791
-0.009573614185
0.09378530345
-0.0107345593
0.09487672793
-0.01017760116
0.09570145471
-0.008916774265
0.09634060859
-0.007484608842
-0.005499291501
0.07080825048
0.3455777087
0.08256669313
0.02654208235
0.08877245457
0.002178297846
0.09219844306
-0.008014338389
0.09418199324
-0.01155716436
0.09538170731
-0.01193427337
0.0961250399
-0.01092093375
0.09657852757
-0.009370261932
0.09683624592
-0.007742327196
-0.00555673664
0.07209756121
0.327053779
0.08436160311
0.01427804045
0.09066990307
-0.004130002109
0.09401582391
-0.01136025923
0.09581227819
-0.01335361864
0.09675743488
-0.01287943006
0.09720838194
-0.01137188082
0.0973492727
-0.009511152685
0.09728508351
-0.007678138013
-0.005289623014
0.0730647242
0.3064352436
0.085828422
0.001514342652
0.0922211667
-0.01052274681
0.0955114455
-0.01465053804
0.09716224751
-0.01500442065
0.09790505374
-0.01362223629
0.09812134648
-0.01158817356
0.09800999003
-0.00939979623
0.09768515136
-0.007353299339
-0.00475922079
0.07379659342
0.2839711189
0.08694388791
-0.01163295184
0.09341035014
-0.01698920903
0.09667308588
-0.01791327378
0.09822331508
-0.01655464984
0.09881820644
-0.01421712765
0.09885922228
-0.0116291894
0.0985574112
-0.009097985146
0.09803464085
-0.006830528992
-0.004028434399
0.0742378241
0.2599272599
0.08768319189
-0.02507831963
0.09422373668
-0.02352975382
0.09749123163
-0.02118076873
0.09898847385
-0.01805189206
0.09949169902
-0.01472035281
0.09941810149
-0.01155559188
0.09898876351
-0.008668647167
0.09833192432
-0.0061736898
-0.003161494559
0.07437797594
0.08802313403
0.09465067105
0.09795846785
0.09945237137
0.09992157922
0.09979495973
0.09930179127
0.09857556487
0.1257734358
0.03476380358
-0.1605372394
0.1083665137
0.01740692209
0.1007198304
0.007646683319
0.09792076984
0.002799060542
0.09732447527
0.0005962945762
0.09761870121
-0.0002942259396
0.09817199448
-0.0005532932753
0.09870142259
-0.0005294281019
0.09909993496
-0.0003985123778
-0.0001687935501
0.1241613338
0.06888326491
-0.1582807951
0.1075157461
0.03405250979
0.1002912798
0.01487114961
0.09771967755
0.005370662803
0.09724039415
0.001075577975
0.09759065802
-0.0006444898038
0.09816810986
-0.001130745116
0.09870793313
-0.001069251376
0.09911164768
-0.0008022269239
-0.0003396024997
0.1214455246
0.1025652088
-0.1551274684
0.1061385178
0.04935951663
0.09959497915
0.02141468822
0.09738995313
0.007575688826
0.09710525748
0.001360273629
0.09754593668
-0.001085169003
0.09816545378
-0.001750262223
0.09872324381
-0.001627041403
0.09913425473
-0.001213237839
-0.0005125510289
0.1177993055
0.1378045713
-0.1530386681
0.104187717
0.06297110511
0.09862156781
0.02698083745
0.09693134693
0.009265909704
0.09690527365
0.001386346906
0.09748137822
-0.001661273574
0.09816089287
-0.002429776869
0.09874526402
-0.002211412549
0.09916756127
-0.001635535095
-0.0006890846146
0.117354898
-0.2059387291
0.1023965681
0.0974745522
0.09634877715
0.09667535337
0.09740855849
0.09816138593
0.09877741547
0.09921313096
0.05599797171
-0.002276716932
-0.05372125478
0.06198458497
-0.005986613258
0.07132832068
-0.009343735711
0.08300375904
-0.01167543836
0.09584329333
-0.01283953429
0.1090149162
-0.01317162291
0.1224817387
-0.01346682248
0.1352562098
-0.01277447106
0.1487822411
-0.01352603136
-0.01175499824
0.05608566411
-0.004593603198
-0.05376877785
0.06206903194
-0.01196998108
0.07128000332
-0.01855470709
0.0826095782
-0.02300501323
0.0948960149
-0.025125971
0.1075274487
-0.02580305673
0.1203771006
-0.02631647438
0.1328534309
-0.02525080135
0.1462161911
-0.02688879156
-0.02381960227
0.05629917759
-0.006982712958
-0.05391006783
0.06230773078
-0.01797853427
0.0713483338
-0.02759531012
0.0822609386
-0.03391761803
0.09404830783
-0.03691334023
0.1062536676
-0.03800841651
0.1184816062
-0.03854441293
0.1306586859
-0.03742788112
0.1434188074
-0.03964891296
-0.03552826336
0.07271213697
-0.008462059977
-0.06974252301
0.08017369225
-0.02098959767
0.0714631564
-0.03718176604
0.08204244501
-0.04449690665
0.09367162355
-0.04854251877
0.1058719798
-0.05020877274
0.1179564491
-0.05062888229
0.1303068408
-0.04977827278
0.1421009432
-0.05144301534
-0.04646598824
0.08893807889
-0.08537446176
0.0977258435
0.09108914158
0.1047365428
0.1205179599
0.137638645
0.1552038271
0.1730965473
0.1888346122
0.04621376435
-0.1066566805
0.1110942927
-0.05065137662
0.04141233741
-0.1061444219
0.1109458488
0.03625633085
-0.1059028439
0.1110588504
0.03070547682
-0.1057374616
0.1112883157
0.02478727766
-0.1055473772
0.1114655763
0.01859897075
-0.1050028813
0.1111911882
0.01237240344
-0.1029167061
0.1091432735
0.006581441089
-0.09593300752
0.1017239699
0.002052817017
-0.07687341632
0.08140204039
-0.03534096041
0.03739377742
0.04973599398
-0.1013659559
-0.05502671853
0.04417193056
-0.1005803585
0.0382710949
-0.1000020082
0.03208129069
-0.09954765742
0.02566919866
-0.09913528514
0.01913023775
-0.09846392041
0.01266819233
-0.09645466072
0.006722723836
-0.08998753903
0.00209621692
-0.0722469094
-0.03324474349
0.04930475876
-0.09565076209
-0.05501995258
0.0435024615
-0.0947780612
0.03755800488
-0.09405755159
0.03144761159
-0.09343726414
0.02516609026
-0.0928537638
0.01876375847
-0.09206158863
0.01242257511
-0.09011347736
0.006577122862
-0.08414208678
0.002033921827
-0.06770370837
-0.03121082166
0.05015453179
-0.08984398307
-0.05596131081
0.04425039279
-0.08887392221
0.03819968969
-0.08800684848
0.03197545098
-0.08721302543
0.02557674535
-0.08645505818
0.01906101259
-0.08554585586
0.01261736814
-0.08366983291
0.006685147529
-0.07820986617
0.002074079226
-0.06309264007
-0.02913674243
0.05038997138
-0.08401464999
-0.05621930446
0.04444222728
-0.08292617811
0.03833890308
-0.08190352428
0.03206714606
-0.08094126841
0.02563319974
-0.08002111186
0.01909486964
-0.07900752576
0.0126369726
-0.07721193587
0.006693554478
-0.07226644805
0.002073326205
-0.05847241179
-0.02706341623
0.05045998974
-0.07820184403
-0.0562727957
0.04451402446
-0.07698021284
0.03840859741
-0.07579809723
0.03213259638
-0.07466526738
0.02569244229
-0.07358095777
0.01914581095
-0.07246089442
0.01267754877
-0.07074367368
0.006721223382
-0.06631012266
0.002086124043
-0.05383731245
-0.02497729219
0.05037747351
-0.07242469257
-0.05615462497
0.04445300856
-0.07105574789
0.03836250001
-0.06970758868
0.03209717182
-0.06839993918
0.0256656527
-0.06714943866
0.01912713946
-0.06592238118
0.01266669677
-0.06428323099
0.006716589079
-0.06036001497
0.002085534129
-0.0492062575
-0.02289175806
0.05019519699
-0.06668307617
-0.05593681339
0.04429745237
-0.06515800327
0.03823110304
-0.06364123935
0.03198855877
-0.06215739492
0.0255792405
-0.06074012038
0.01906293568
-0.05940607636
0.01262470719
-0.0578450025
0.006695419752
-0.05443072753
0.002080065515
-0.04459090327
-0.02081169254
0.0499450429
-0.06097358635
-0.05565453272
0.04407357627
-0.05928653664
0.03803412464
-0.05760178772
0.03181954144
-0.05594281172
0.0254397359
-0.05436031484
0.01895500454
-0.05292134499
0.0125503869
-0.05144038487
0.006654920772
-0.0485352614
0.002067145386
-0.04000312788
-0.01874454716
0.04961895505
-0.05530668131
0.04377681024
0.03776921939
0.03158924546
0.02524727916
0.01880413684
0.01244504248
0.006596575681
0.002048727488
0.003210281287
-0.1678219266
-0.005821351812
0.0009852825118
-0.1675714539
-0.00108474275
-0.1671848939
-0.003051780164
-0.1668094
-0.004797003216
-0.166220281
-0.006010674539
-0.1643345706
-0.006218311209
-0.1583389712
-0.004903169983
-0.1426492222
-0.002231012038
-0.1082720511
-0.04610979069
0.01871539191
-0.1634259179
-0.02311140067
0.01453515923
-0.1633912212
0.01055116076
-0.1632008955
0.006754111017
-0.1630123503
0.003216147596
-0.1626823176
0.0001641820676
-0.1612826051
-0.001894519412
-0.1562802697
-0.002470015362
-0.1420737263
-0.001451512675
-0.1092905538
-0.04756130337
0.0302637438
-0.1576488351
-0.03604082657
0.02481349352
-0.1579409709
0.01962531894
-0.1580127209
0.014660148
-0.1580471793
0.009933069782
-0.1579552393
0.005604105633
-0.156953641
0.002023654955
-0.152699819
-0.0002249789969
-0.1398250923
-0.0006390262037
-0.1088765066
-0.04820032957
0.04011467174
-0.1512167882
-0.04654671863
0.03387440073
-0.1517006999
0.02778266483
-0.151920985
0.02183568298
-0.1521001975
0.01606323482
-0.1521827912
0.01059293362
-0.1514833398
0.005742174693
-0.1478490601
0.002079451857
-0.1361623695
0.0002017292483
-0.106998784
-0.04799860032
0.04679474583
-0.1446294175
-0.05338211656
0.04018076213
-0.1450867162
0.03358825235
-0.1453284752
0.02705153022
-0.1455634754
0.02061212316
-0.1457433841
0.01438237005
-0.1452535866
0.00864046657
-0.1421071566
0.003917306968
-0.1314392099
0.0008778904564
-0.1039593675
-0.04712070987
0.05097416914
-0.1380517028
-0.05755188379
0.04422829814
-0.1383408452
0.03740621777
-0.1385063948
0.03057064487
-0.1387279025
0.02376608004
-0.1389388193
0.01708330393
-0.1385708105
0.0107603008
-0.1357841535
0.005289789114
-0.1259686982
0.001427392711
-0.1000969711
-0.04569331716
0.05370946074
-0.1315220259
-0.06023913766
0.046889539
-0.1315209235
0.03992804717
-0.131544903
0.0329146855
-0.1317145408
0.02589557297
-0.1319197068
0.01894433196
-0.1316195695
0.01226092133
-0.1291007429
0.006298426927
-0.1200062038
0.001852663151
-0.09565120729
-0.043840654
0.05481272347
-0.124964383
-0.06137036635
0.04793958359
-0.1246477836
0.04093811039
-0.1245434298
0.03389889072
-0.1246753211
0.02685456292
-0.124875379
0.01985334358
-0.1246183502
0.01305754151
-0.1223049408
0.006878384664
-0.113827047
0.002110813587
-0.09088363621
-0.04172984042
0.05444868723
-0.1182982799
-0.06111479034
0.04752995451
-0.1177290509
0.0405931688
-0.1176066441
0.03368156128
-0.1177637136
0.02678073594
-0.1179745536
0.01990474228
-0.1177423565
0.01319233964
-0.1155925381
0.007032771598
-0.1076674789
0.002205931618
-0.08605679624
-0.0395239088
0.0520442002
-0.05924818737
0.04526099815
0.03871320448
0.03223780655
0.02572882925
0.01917766096
0.01272839628
0.006784887221
0.002130131376
0.0963357687
0.007687193392
-0.005028062097
0.09396197622
0.005730113168
-0.00335632068
0.09161025331
0.006178640262
-0.003826917358
0.08869839228
0.008021051093
-0.005109190063
0.08609760918
0.005787027905
-0.003186244806
0.08265943568
0.004723259265
-0.001285085765
0.07903377788
-0.003580499755
0.007206157561
0.07371039187
-0.01880803142
0.02413141743
0.06803347859
-0.05502582492
0.06070273819
-0.3655147059
0.3717513693
0.09710207841
0.009580014982
0.09523407257
0.007598119002
0.0933437151
0.008068997734
0.09100902932
0.01035573688
0.08883439793
0.007961659296
0.08588696475
0.007670692441
0.08251607597
-0.0002096109732
0.07719840717
-0.01349036263
0.07190438914
-0.04973180689
-0.3586162085
0.09785220251
0.01072271247
0.09640650188
0.009043819634
0.09491407135
0.009561428266
0.0931116984
0.01215810983
0.0912479998
0.009825357892
0.08867370562
0.01024498662
0.08544803015
0.003016064498
0.07975517496
-0.007797507434
0.07304844662
-0.04302507855
-0.349397085
0.09852028729
0.01119732518
0.09746065872
0.0101034482
0.09631222364
0.01070986335
0.09499391786
0.0134764156
0.09340678376
0.011412492
0.09118809708
0.0124636733
0.08809136675
0.006112794819
0.08231177438
-0.00201791506
0.07447267159
-0.03518597576
-0.3385230178
0.09908928508
0.0111029401
0.09838342609
0.01080930719
0.09753221993
0.01156106951
0.09664197244
0.0143666631
0.09529053625
0.01276392819
0.09337899109
0.01437521846
0.09035557709
0.009136208827
0.08462149928
0.003716162742
0.07551444018
-0.02607891666
-0.3256917869
0.09955852566
0.01053931445
0.09916663929
0.01120119355
0.09856679691
0.01216091188
0.09804374993
0.01488971008
0.09688751467
0.01392016344
0.09524501644
0.0160177167
0.09224851874
0.01213270652
0.08664095108
0.009323730411
0.07640027392
-0.0158382395
-0.3108541953
0.09993050511
0.009603709332
0.09980450927
0.0113271894
0.09940951956
0.01255590159
0.09918910494
0.0151101247
0.09818705832
0.01492221005
0.09676770179
0.01743707323
0.09376487819
0.01513553012
0.0883031206
0.01478548799
0.07711166109
-0.00464677999
-0.2940128449
0.1002080939
0.008390515435
0.1002928236
0.01124245966
0.1000555517
0.01279317353
0.1000700346
0.01509564184
0.09918076467
0.01581147995
0.09793130251
0.01868653538
0.09490661413
0.0181602185
0.08955688005
0.02013522207
0.07762400081
0.007286099254
-0.275267207
0.1003939691
0.006991446305
0.1006288127
0.01100761605
0.1005017701
0.01292021619
0.1006808217
0.01491659026
0.09986261514
0.01662968647
0.09872375542
0.0198253951
0.09567554226
0.02120843166
0.09036802528
0.02544273905
0.07789229753
0.019761827
-0.2547970139
0.1004903957
0.1008112199
0.1007467799
0.1010181591
0.1002288125
0.09913644168
0.09606052025
0.09071131774
0.07786874353
0.1010753995
0.0009348005111
0.1003436114
0.00073178809
0.09959549841
0.0007481129874
0.09861916285
0.000976335565
0.09815459046
0.0004645723906
0.09818538861
-3.079815798e-05
0.1002750828
-0.0020896942
0.1063769701
-0.006101887297
0.1204490754
-0.01407210528
-0.03310688332
0.1535559587
0.1010489088
0.001896091757
0.1003506669
0.001430029963
0.09957752597
0.0015212539
0.09860867279
0.001945188741
0.0980682154
0.001005029782
0.09803701757
3.996774596e-07
0.09993336419
-0.003986040821
0.1056945399
-0.01186306303
0.1191766759
-0.02755424129
-0.06570687892
0.1517766715
0.1010155444
0.002890747328
0.1003334866
0.002112087766
0.09956979043
0.002284950098
0.09856840985
0.002946569323
0.09795465756
0.001618782069
0.0977593428
0.0001957144405
0.0993347958
-0.005561493823
0.1045216455
-0.01704991271
0.1170123061
-0.04004490187
-0.09740209267
0.1487075198
0.1009657762
0.003935171092
0.1003148266
0.002763037409
0.09955810021
0.003041676476
0.09850412175
0.004000547791
0.09778118962
0.002341714198
0.09737293033
0.0006039737268
0.09849985316
-0.006688416656
0.1027477341
-0.0212977937
0.1140795324
-0.0513767001
-0.1270017118
0.1436791515
0.100917309
0.1003240257
0.09953878484
0.09843014257
0.09758561196
0.09690449992
0.09742224083
0.1002558646
0.1095819026
0.1921129748
0.1399073158
0.01364864289
0.1269124686
0.0129948472
0.1141163241
0.01279614449
0.1014841186
0.01263220556
0.08931919902
0.01216491956
0.07799380942
0.0113253896
0.068068761
0.009925048422
0.06019528296
0.007873478036
0.05516007772
0.005035205243
0.001438822937
0.1381541417
0.02727117269
0.1252233322
0.02592565672
0.1124921667
0.02552731001
0.1000770717
0.0250473005
0.0882096573
0.02403233399
0.07718786775
0.02234717915
0.06756597605
0.01954694012
0.05996235033
0.01547710376
0.0551069548
0.009890600774
0.002776999886
0.1359329961
0.04004569641
0.1233113293
0.03854732351
0.110769874
0.03806876527
0.09860661487
0.03721055968
0.08702782914
0.03561111972
0.0762886802
0.03308632808
0.06698686294
0.02884875739
0.05971395948
0.02275000722
0.05509806899
0.01450649126
0.00396500105
0.1325978633
0.05112698462
0.120549888
0.05059529877
0.1084358312
0.05018282212
0.09668392129
0.04896246959
0.08556779004
0.04672725097
0.07528067041
0.04337344772
0.06628126063
0.03784816716
0.07716009266
0.03021740099
0.07125115012
0.01596324987
0.003981761904
0.1776293297
0.1609339959
0.1439111765
0.1272797679
0.1117053987
0.09765963134
0.08572627597
0.09436220246
0.08721405167
)
;

boundaryField
{
    left
    {
        type            calculated;
        value           nonuniform List<scalar> 
35
(
-0.1510051
-0.1510051
-0.1510051
-0.1510051
-0.1510051
-0.1510051
-0.1510051
-0.1510051
-0.1510051
-0.1510051
-0.0989949
-0.0989949
-0.0989949
-0.0989949
-0.0989949
-0.0989949
-0.0989949
-0.0989949
-0.0989949
-0.0989949
-0.0989949
-0.0989949
-0.0989949
-0.0989949
-0.0989949
-0.0989949
-0.0989949
-0.0989949
-0.0989949
-0.0989949
-0.1020102
-0.1020102
-0.1020102
-0.1020102
-0.1020102
)
;
    }
    right
    {
        type            calculated;
        value           nonuniform List<scalar> 
35
(
0.09926872851
0.09928245663
0.09930720326
0.09934409486
0.09939400586
0.0965200139
0.0965955256
0.0966826863
0.09678196349
0.09689369106
0.09701796989
0.09715474913
0.09730385446
0.09746498448
0.09763770213
0.09782143164
0.09801545626
0.0982188953
0.0984307376
0.09864984561
0.09887493724
0.0991046318
0.0993374465
0.0995718742
0.09980723161
0.152705837
0.1532324897
0.1537311368
0.1541912773
0.1546038198
0.1549606951
0.1552549734
0.155481466
0.1556323152
0.1557238726
)
;
    }
    down
    {
        type            calculated;
        value           uniform 0;
    }
    up
    {
        type            calculated;
        value           uniform 0;
    }
    cylinder
    {
        type            calculated;
        value           nonuniform List<scalar> 
80
(
8.34327453e-19
-2.218379289e-18
9.258003939e-19
8.243318025e-18
1.902012483e-18
3.327565625e-18
-8.358100916e-18
-6.057559431e-18
-1.142478039e-17
9.300421761e-19
4.311397702e-18
3.317828054e-18
6.352747104e-18
-1.661455126e-18
-4.32833836e-19
-5.879255687e-18
4.16147287e-18
-3.355944537e-18
-3.591419696e-19
2.142993357e-19
-7.364104443e-18
-7.005809507e-18
-3.645629805e-18
4.158931771e-18
-5.280403393e-18
-1.960881273e-18
7.979050363e-19
-2.272589397e-18
-1.463672933e-18
3.201784541e-19
7.284483346e-20
-3.591419696e-19
2.331881704e-18
2.596155983e-18
-5.879255687e-18
-2.650366092e-18
2.873135757e-18
6.317171721e-18
6.266349744e-18
7.967191902e-18
-7.364104443e-18
-7.005809507e-18
-3.645629805e-18
4.158931771e-18
-5.280403393e-18
-1.960881273e-18
7.979050363e-19
-2.272589397e-18
-1.463672933e-18
3.201784541e-19
7.284483346e-20
-3.591419696e-19
2.331881704e-18
2.596155983e-18
-5.879255687e-18
-2.650366092e-18
2.873135757e-18
6.317171721e-18
6.266349744e-18
7.967191902e-18
3.028142786e-19
-1.165093819e-18
6.157929527e-19
7.62753169e-19
-1.678399094e-18
7.436949277e-19
4.194507155e-18
-3.680781672e-18
-6.970234123e-18
-6.943129069e-18
4.311397702e-18
3.317828054e-18
6.352747104e-18
-1.661455126e-18
-4.32833836e-19
-5.879255687e-18
4.16147287e-18
-3.355944537e-18
-3.591419696e-19
2.142993357e-19
)
;
    }
    defaultFaces
    {
        type            empty;
    }
}


// ************************************************************************* //
