0 0.000000
1 0.119202
2 0.233651
3 0.338785
4 0.430414
5 0.504883
6 0.559223
7 0.591270
8 0.599744
9 0.584309
10 0.545578
11 0.485098
12 0.405278
13 0.309301
14 0.200993
15 0.084672
16 -0.035024
17 -0.153325
18 -0.265512
19 -0.367115
20 -0.454081
21 -0.522945
22 -0.570961
23 -0.596215
24 -0.597699
25 -0.575355
26 -0.530073
27 -0.463659
28 -0.378760
29 -0.278761
30 -0.167649
31 -0.049854
32 0.069930
33 0.186925
34 0.296468
35 0.394192
36 0.476201
37 0.539225
38 0.580752
39 0.599126
40 0.593615
41 0.564438
42 0.512759
43 0.440638
44 0.350950
45 0.247271
46 0.133734
47 0.014865
48 -0.104596
49 -0.219887
50 -0.326413
51 -0.419925
52 -0.496696
53 -0.553665
54 -0.588562
55 -0.599994
56 -0.587507
57 -0.551597
58 -0.493697
59 -0.416115
