/*--------------------------------*- C++ -*----------------------------------*\
  =========                 |
  \\      /  F ield         | OpenFOAM: The Open Source CFD Toolbox
   \\    /   O peration     | Website:  https://openfoam.org
    \\  /    A nd           | Version:  11
     \\/     M anipulation  |
\*---------------------------------------------------------------------------*/
FoamFile
{
    format      ascii;
    class       volScalarField;
    location    "30";
    object      p;
}
// * * * * * * * * * * * * * * * * * * * * * * * * * * * * * * * * * * * * * //

dimensions      [0 2 -2 0 0 0 0];

internalField   nonuniform List<scalar> 
2500
(
-2.397728474e-09
-9.754996195e-06
-9.366241536e-05
-0.0002354244929
-0.0004182720075
-0.0006296693126
-0.0008614504128
-0.00110829075
-0.001366833366
-0.001634315213
-0.001907656155
-0.002182846452
-0.002454592305
-0.002716185329
-0.002959550785
-0.003175447576
-0.003353811017
-0.00348423924
-0.003556623765
-0.003561914712
-0.003492992626
-0.003345595201
-0.003119225572
-0.002817946672
-0.002450854096
-0.002032131978
-0.001582685601
-0.00112573718
-0.0006887843453
-0.0003007270032
1.027137797e-05
0.0002190848244
0.0003059289129
0.0002583541941
7.267838204e-05
-0.0002452132645
-0.0006802760642
-0.00121435094
-0.001812878486
-0.002448534776
-0.003089486205
-0.003705742243
-0.004271125132
-0.004763965463
-0.005167330167
-0.005468775512
-0.005660854853
-0.005744031179
-0.005728992518
-0.00562896709
8.445153255e-06
-2.818771195e-06
-7.644643812e-05
-0.000196657394
-0.0003511121893
-0.0005316275729
-0.000732273101
-0.0009488086331
-0.001178155233
-0.001417632697
-0.001664310104
-0.001914541313
-0.002163673339
-0.00240590765
-0.002634295505
-0.002840858016
-0.00301683232
-0.003153051223
-0.003240462381
-0.003270783678
-0.003237272963
-0.003135564505
-0.002964520309
-0.002727112883
-0.002431161581
-0.002088961242
-0.001715881173
-0.001334783081
-0.0009698161872
-0.0006466538354
-0.0003905586647
-0.0002241192691
-0.0001650839643
-0.0002245050463
-0.0004054478796
-0.0007024330258
-0.001101744394
-0.001583216365
-0.002122767816
-0.002689941249
-0.003258551149
-0.003802640642
-0.004299810837
-0.004732720579
-0.005088090863
-0.005357304004
-0.00553639197
-0.00562703816
-0.005629095693
-0.005528713969
9.647850259e-05
6.771063513e-05
-9.064889338e-06
-0.0001227894541
-0.0002645095681
-0.0004284744776
-0.000610661569
-0.0008082927464
-0.001019313181
-0.001241808738
-0.001473510705
-0.001711428157
-0.001951599806
-0.002188951404
-0.00241725096
-0.00262916517
-0.00281643116
-0.002970163156
-0.00308131144
-0.003141279537
-0.003142684282
-0.003080217297
-0.002951559139
-0.002758271634
-0.002506366756
-0.002205788229
-0.001873388281
-0.001529007012
-0.001195913545
-0.0008992269786
-0.0006638344138
-0.0005121572736
-0.0004619370642
-0.0005243062376
-0.0007024352105
-0.0009909907013
-0.00137651632
-0.001838746594
-0.002352808277
-0.00289181452
-0.003427994376
-0.00393766083
-0.004400562046
-0.00480111588
-0.005129080784
-0.005378080878
-0.005545806999
-0.005633743058
-0.005633956257
-0.00551442652
0.0002507189884
0.0001861907527
9.647969099e-05
-1.938666283e-05
-0.0001565518742
-0.0003112172868
-0.0004815156376
-0.0006665796439
-0.0008658565681
-0.001078636913
-0.001303667838
-0.001538849205
-0.001781007276
-0.002025733897
-0.002267292137
-0.002498606498
-0.002711368537
-0.002896293654
-0.003043559523
-0.003143440181
-0.003187121865
-0.003167654653
-0.003080987364
-0.002927020122
-0.002710303009
-0.002439650585
-0.002131105604
-0.001804004647
-0.001481759653
-0.001190039272
-0.0009546259384
-0.0007990789434
-0.0007423604777
-0.0007967268688
-0.0009662031889
-0.001245918672
-0.001622460086
-0.002075213508
-0.002578483756
-0.003104508282
-0.003626015756
-0.004118590134
-0.004562870379
-0.004944809262
-0.005255806983
-0.00549132059
-0.005650337333
-0.005734262915
-0.00573112246
-0.005599713858
0.0004521260395
0.0003402797726
0.0002283507622
0.0001046001115
-3.311235554e-05
-0.0001835579818
-0.0003473493196
-0.0005258750782
-0.0007203949807
-0.0009316777348
-0.001159712131
-0.001403441571
-0.00166053018
-0.001927156342
-0.002197849533
-0.002465409005
-0.002720955744
-0.002954170206
-0.003153756357
-0.003308148012
-0.003406438104
-0.003439473005
-0.003401035638
-0.003289030063
-0.003106369881
-0.002860932244
-0.00256771782
-0.002246133119
-0.001920169339
-0.001616620067
-0.001362905939
-0.001184603609
-0.001102877438
-0.001132133114
-0.001278236068
-0.00153761227
-0.001897439554
-0.002336966962
-0.002829789647
-0.003346893401
-0.003859835761
-0.004343485686
-0.004778084948
-0.005150030995
-0.005451764598
-0.005680192103
-0.005835518438
-0.005919613463
-0.005919910724
-0.005793903502
0.0006819121994
0.0005113116948
0.0003730018825
0.0002372886657
9.446832528e-05
-5.708349466e-05
-0.0002208203113
-0.0004006676937
-0.0005999090133
-0.0008209645266
-0.001065196268
-0.00133265425
-0.00162180031
-0.001929225195
-0.002249399755
-0.002574525338
-0.002894556501
-0.003197461307
-0.003469761653
-0.003697361565
-0.003866631367
-0.003965674431
-0.003985660732
-0.003922079834
-0.003775796637
-0.00355386655
-0.003270005932
-0.002943676493
-0.002599554057
-0.00226587246
-0.001972236621
-0.001747038273
-0.001614690516
-0.001592998949
-0.001691034163
-0.001907868676
-0.002232455086
-0.002644764592
-0.003118095168
-0.00362225912
-0.004127116153
-0.004605827198
-0.005037268483
-0.005407277955
-0.005708128856
-0.005937521428
-0.006096497628
-0.006187512942
-0.006199628172
-0.00609457428
0.0009176566752
0.0006823346718
0.000514082721
0.0003633046122
0.0002113299598
5.310177051e-05
-0.0001180431059
-0.0003087936544
-0.0005245996768
-0.0007696323765
-0.001046680919
-0.001356882825
-0.001699371316
-0.002070889752
-0.002465449469
-0.002874126354
-0.003285087691
-0.003683918799
-0.004054282719
-0.004378902894
-0.004640819221
-0.004824829408
-0.004918956022
-0.004915723942
-0.004813381465
-0.00461785059
-0.00434096888
-0.004001875014
-0.003625714866
-0.003242188681
-0.002883426619
-0.00258135437
-0.002364757108
-0.002256340971
-0.002270169239
-0.002409882081
-0.00266806475
-0.003026985285
-0.003460717616
-0.003938394087
-0.00442805842
-0.004900436966
-0.005331931548
-0.005706298214
-0.00601463803
-0.00625402315
-0.006425541204
-0.006531769689
-0.006564290415
-0.006492162956
0.00113482133
0.000831575202
0.0006315536254
0.0004635574801
0.0002986748888
0.0001277962697
-5.929547987e-05
-0.0002722349651
-0.0005187348292
-0.0008047656223
-0.001134538576
-0.001510192875
-0.001931337203
-0.002394545531
-0.002892926116
-0.003415888455
-0.003949210078
-0.004475465654
-0.004974831904
-0.005426233988
-0.005808765404
-0.006103281745
-0.0062939802
-0.006369724574
-0.006325443167
-0.006164731471
-0.005897108539
-0.005540535978
-0.005120039117
-0.004666475053
-0.004214568513
-0.003800328853
-0.0034580132
-0.003216890716
-0.003098176024
-0.003112575634
-0.003258903891
-0.003524127229
-0.003884997136
-0.004311136799
-0.004769104973
-0.005226703281
-0.005656692823
-0.006039191073
-0.006362287506
-0.006620887533
-0.006814671227
-0.00694526597
-0.007006616424
-0.006976157288
0.001307043389
0.0009347645448
0.0007024033575
0.0005155293423
0.0003338644601
0.0001436585605
-6.916479863e-05
-0.0003173322699
-0.0006108885234
-0.0009576231149
-0.001363126732
-0.00183040854
-0.002359310718
-0.00294588178
-0.003581872515
-0.004254502124
-0.004946595716
-0.005637137616
-0.006302227656
-0.006916381101
-0.007454088796
-0.00789153324
-0.00820827342
-0.008388678679
-0.008423467373
-0.008312291282
-0.008061773446
-0.007687521918
-0.007213517489
-0.0066710782
-0.006097203995
-0.00553218844
-0.00501661285
-0.004587899209
-0.004276743137
-0.004103872814
-0.004077662691
-0.004193120578
-0.00443260813
-0.004768368414
-0.005166532756
-0.005591889805
-0.006012455523
-0.006402883687
-0.006746021351
-0.007032421262
-0.00725834274
-0.007422722243
-0.007521031935
-0.007538595786
0.001405714607
0.0009655954628
0.0007012200378
0.0004939036047
0.0002911432619
7.403568782e-05
-0.0001756035345
-0.0004737062703
-0.0008327043677
-0.001262214281
-0.001769144585
-0.002357217749
-0.003026245222
-0.003771385031
-0.00458258674
-0.005444383639
-0.006336121299
-0.007232641907
-0.008105384595
-0.008923821727
-0.009657137225
-0.01027604824
-0.01075461236
-0.01107181156
-0.0112131033
-0.01117265452
-0.01095330397
-0.01056709176
-0.01003572945
-0.009389865689
-0.008667937852
-0.00791413854
-0.007175643703
-0.006499150147
-0.005926937582
-0.005492839408
-0.00521867272
-0.005111779976
-0.005164298157
-0.00535453042
-0.005650387308
-0.006014338397
-0.006408861455
-0.006801176259
-0.007166217904
-0.007487312467
-0.007754673345
-0.007962355756
-0.008104826422
-0.008175775404
0.001401089933
0.0008965120103
0.0006010751657
0.0003715750308
0.000142780951
-0.000109755793
-0.0004085014757
-0.0007726720879
-0.001217133798
-0.001753334636
-0.002389431089
-0.003129689861
-0.003973617908
-0.004915116951
-0.00594189967
-0.007035328076
-0.008170743368
-0.009318280428
-0.01044410538
-0.01151198208
-0.01248506703
-0.01332784499
-0.01400808803
-0.01449857654
-0.01477841739
-0.01483501548
-0.0146673466
-0.01428199001
-0.01369699581
-0.01294092151
-0.0120522482
-0.01107788603
-0.01007092326
-0.009087477717
-0.008182695268
-0.007406133076
-0.006797001468
-0.006379970822
-0.006162391907
-0.006133713345
-0.006267521629
-0.006526043399
-0.0068662403
-0.007246094876
-0.007629591854
-0.007989278421
-0.008305855128
-0.008565523162
-0.008759853081
-0.008889138875
0.001263468191
0.0006998792161
0.0003747699448
0.0001210088998
-0.0001394361524
-0.0004367954708
-0.0007979027229
-0.00124529846
-0.001796319799
-0.00246424532
-0.003258398852
-0.004183406864
-0.005238180955
-0.006414982384
-0.007698827362
-0.00906738524
-0.0104914168
-0.01193572411
-0.01336053646
-0.01472322937
-0.01598026756
-0.01708927786
-0.0180111495
-0.01871187007
-0.01916353585
-0.01934574662
-0.01925654533
-0.01889187998
-0.01826585536
-0.0174035967
-0.01634170365
-0.01512772162
-0.01381873883
-0.01247897418
-0.01117620311
-0.009977024177
-0.008941218875
-0.008115799378
-0.007529713537
-0.007190388677
-0.007083194667
-0.007174355533
-0.007416960907
-0.007758737279
-0.008149631309
-0.008547240788
-0.008918461457
-0.009237887773
-0.009491516599
-0.00968477665
0.0009646370133
0.0003494150713
-3.66311749e-06
-0.0002841400494
-0.0005824473173
-0.0009346545762
-0.001371950068
-0.001920191962
-0.002599202262
-0.003424068343
-0.004405172832
-0.005547280587
-0.006848370361
-0.0082986192
-0.009879810367
-0.01156530462
-0.01332060365
-0.01510446374
-0.016870474
-0.01856898828
-0.02014928289
-0.02156179994
-0.02276032273
-0.02370398279
-0.02435932592
-0.02470226548
-0.02471344614
-0.02439285839
-0.02374683613
-0.02279475696
-0.02156896
-0.02011481286
-0.01849026271
-0.01676456801
-0.01501578169
-0.01332665268
-0.01177880598
-0.01044546722
-0.009383581548
-0.008626723419
-0.008180571764
-0.008022529377
-0.008106155146
-0.008369700798
-0.008746618739
-0.009175028207
-0.009602810502
-0.009988120908
-0.01030859737
-0.01057300352
0.0004795000155
-0.0001782262106
-0.0005573133067
-0.0008672650378
-0.001210021474
-0.001627361909
-0.002154709681
-0.0028211719
-0.003649025266
-0.004655097036
-0.005850661631
-0.007240328063
-0.008820714638
-0.01057936031
-0.01249414983
-0.01453338101
-0.01665649321
-0.018815407
-0.02095637945
-0.02302224219
-0.02495485437
-0.02669757305
-0.02819755282
-0.02940782821
-0.03028926572
-0.03081163778
-0.03095236953
-0.03070333255
-0.03006516725
-0.02905114991
-0.02768747866
-0.02601431166
-0.0240864661
-0.02197363723
-0.01975953677
-0.01753931138
-0.01541463105
-0.01348615471
-0.01184367046
-0.01055516918
-0.009657092323
-0.009148520037
-0.008991629851
-0.009119176151
-0.009447466467
-0.009890904126
-0.01037244238
-0.01082806122
-0.01122253216
-0.01156700121
-0.0002122692262
-0.0009018506827
-0.001304730344
-0.001647042342
-0.002040877558
-0.002533408823
-0.003164060648
-0.003965039743
-0.004960975342
-0.006170285616
-0.007604875276
-0.009268791831
-0.01115673497
-0.01325290317
-0.01553045976
-0.01795174151
-0.02046922488
-0.02302719275
-0.02556398459
-0.02801465267
-0.03031379098
-0.03239827438
-0.03420969495
-0.03569642076
-0.03681515301
-0.03753136856
-0.03781883827
-0.03766502101
-0.03706461873
-0.03602437109
-0.03456298723
-0.03271275352
-0.03052124717
-0.02805312008
-0.02539129281
-0.02263671617
-0.01990563116
-0.0173233007
-0.01501366
-0.01308540144
-0.01161652808
-0.0106410777
-0.01014244192
-0.01005656338
-0.01028544395
-0.01071703198
-0.01124311936
-0.01177032288
-0.01224513459
-0.01268116143
-0.00112470043
-0.001834244607
-0.002258395742
-0.002635819704
-0.003086986818
-0.003663970935
-0.004409842475
-0.005359657287
-0.006540194574
-0.007971203392
-0.009664832342
-0.01162402275
-0.01384084748
-0.01629531014
-0.01895489441
-0.02177498759
-0.02470019138
-0.02766644639
-0.03060380986
-0.03343963684
-0.03610184218
-0.03852190642
-0.04063739203
-0.04239388521
-0.04374609104
-0.04465746027
-0.04509948199
-0.04505746378
-0.04452174362
-0.04349311878
-0.04198242685
-0.04001242411
-0.03762012647
-0.0348598989
-0.03180672253
-0.02855876839
-0.02523792138
-0.0219865503
-0.01895886726
-0.01630604011
-0.01415607538
-0.0125921081
-0.01163528513
-0.0112391628
-0.01129971024
-0.01167902565
-0.01223227388
-0.01282869399
-0.01339033534
-0.01392993264
-0.002264272192
-0.002980959667
-0.003423473275
-0.003838311481
-0.004352218662
-0.00502151844
-0.005892446677
-0.007002539267
-0.008380399663
-0.01004671657
-0.01201335895
-0.01428147947
-0.01683968553
-0.0196628246
-0.02271168366
-0.02593373011
-0.02926489888
-0.03263231569
-0.03595772395
-0.03916126567
-0.04216519009
-0.04489707769
-0.04729233122
-0.04929588087
-0.05086274621
-0.05195658739
-0.05254855895
-0.05262557619
-0.05217438797
-0.05119128188
-0.04968019355
-0.04765420015
-0.04513801017
-0.04217186231
-0.03881645936
-0.03515826578
-0.03131383676
-0.02743108297
-0.02368479264
-0.02026386946
-0.01734926339
-0.01508483037
-0.01354778825
-0.01272917432
-0.01253419228
-0.0128053399
-0.01335822127
-0.01401626591
-0.01466899098
-0.01532590383
-0.003629060191
-0.004339490515
-0.004796968531
-0.005250734942
-0.005831468954
-0.006598959195
-0.007602003343
-0.008880120811
-0.01046328177
-0.01237259215
-0.01461899572
-0.01720107173
-0.02010305532
-0.02329366271
-0.02672603086
-0.03033889823
-0.03405900649
-0.03780454925
-0.04148933217
-0.04502717406
-0.04833601976
-0.05134129095
-0.05397820069
-0.05619301044
-0.05794305381
-0.05919452519
-0.0599197397
-0.06011464763
-0.05975775501
-0.05884479642
-0.05737521121
-0.05535363716
-0.05279259443
-0.04971657608
-0.04616786699
-0.04221387612
-0.03795501881
-0.0335311193
-0.02912306882
-0.02494560408
-0.0212275345
-0.01817865801
-0.01594837994
-0.01458827696
-0.01403525637
-0.01412628162
-0.01463943114
-0.01534497603
-0.0160905819
-0.0168788931
-0.005208366345
-0.005898927752
-0.006367385556
-0.00686047889
-0.007510363968
-0.008379409902
-0.009518261267
-0.01096780146
-0.0127587871
-0.01491211121
-0.01743706934
-0.02032885004
-0.02356643921
-0.02711155731
-0.03090894412
-0.03488810514
-0.03896645016
-0.04305355543
-0.04705608464
-0.05088276801
-0.05444882133
-0.05767930059
-0.06051108791
-0.06289345035
-0.06478763477
-0.06616687273
-0.06701505191
-0.06730331751
-0.06703677226
-0.06620667544
-0.06480845059
-0.06284024257
-0.06030423405
-0.05721001245
-0.0535803053
-0.04945923678
-0.0449227435
-0.04008967629
-0.03513042452
-0.03026797775
-0.02576520185
-0.02189348236
-0.01888356186
-0.0168695084
-0.01584757927
-0.0156721422
-0.01609342289
-0.01682443572
-0.01766116762
-0.01859436767
-0.006982888807
-0.007640142945
-0.008114935458
-0.008646357295
-0.009365588584
-0.01033663687
-0.01161119127
-0.01323077672
-0.01522626167
-0.01761763414
-0.02041180926
-0.02359982768
-0.0271546939
-0.03103050773
-0.0351631995
-0.0394729508
-0.04386815396
-0.04825051959
-0.05252072252
-0.0565838588
-0.06035402656
-0.06375752998
-0.06673444988
-0.06923860973
-0.07123653645
-0.07270641836
-0.0736352101
-0.07400970188
-0.07382678389
-0.07308209873
-0.07177131043
-0.06988931534
-0.06743112637
-0.06439431657
-0.06078388026
-0.05662019639
-0.05195046887
-0.04686310087
-0.0415026633
-0.03608043544
-0.03087264044
-0.02619737859
-0.02236492804
-0.01960710114
-0.0180080375
-0.0174701276
-0.01773511196
-0.0184606461
-0.0193821461
-0.02047223311
-0.008925431799
-0.00953650369
-0.01001229227
-0.01057943767
-0.01136581919
-0.0124361332
-0.0138422601
-0.01562557667
-0.01781633875
-0.02043293636
-0.02347924328
-0.02694155277
-0.03078640872
-0.03496001109
-0.03938948934
-0.0439860702
-0.04864988883
-0.05327591112
-0.05776021081
-0.06200576406
-0.06592703387
-0.06945288067
-0.07252765039
-0.07511060838
-0.07717426618
-0.07870221105
-0.0796859937
-0.08012097594
-0.08000591459
-0.07933960419
-0.07811932299
-0.07633947469
-0.07399146405
-0.07106492786
-0.06755115992
-0.06344974234
-0.05877941928
-0.05359373625
-0.0480004555
-0.04218085008
-0.03640080385
-0.03100171012
-0.02635912231
-0.02280607105
-0.02053808961
-0.01954000687
-0.01957445479
-0.0202544141
-0.0212488758
-0.02250543032
-0.01100210361
-0.01155506788
-0.01202584084
-0.01262438099
-0.0134731859
-0.01463673896
-0.01616625587
-0.0181021563
-0.02047336414
-0.02329604382
-0.02657051575
-0.0302779683
-0.03437833886
-0.03881005569
-0.04349190365
-0.048326962
-0.05320823868
-0.0580253198
-0.06267114161
-0.06704796479
-0.0710718156
-0.07467499578
-0.07780663761
-0.08043160751
-0.08252830186
-0.08408584096
-0.08510083381
-0.08557422114
-0.08550910627
-0.08490805969
-0.08377126437
-0.08209484599
-0.07986988485
-0.07708241394
-0.0737151611
-0.06975217885
-0.06518785317
-0.06004175303
-0.05437987856
-0.04834031761
-0.04215660907
-0.0361658265
-0.03078382939
-0.02643409304
-0.02343584479
-0.02188879677
-0.02161342961
-0.02219942389
-0.0232491299
-0.02467845709
-0.01317391239
-0.01365816648
-0.01411731877
-0.01474118531
-0.01564514228
-0.01689266309
-0.01853349653
-0.0206063334
-0.02313810913
-0.02614226175
-0.0296152569
-0.03353311912
-0.03784940595
-0.04249531842
-0.04738216806
-0.05240605249
-0.05745422943
-0.06241236291
-0.06717163428
-0.07163474552
-0.07572010292
-0.07936386886
-0.08251998071
-0.08515855643
-0.08726327228
-0.08882823956
-0.08985474088
-0.0903482531
-0.09031601303
-0.08976461882
-0.08869800955
-0.08711563479
-0.08501088958
-0.08237008028
-0.07917254874
-0.07539306505
-0.07100817557
-0.0660086298
-0.06041981033
-0.05433041535
-0.04792527625
-0.04151064425
-0.03551154733
-0.03041789093
-0.02666956543
-0.02450524356
-0.02384261558
-0.02428011854
-0.02536151885
-0.02696597775
-0.01539863319
-0.0158052539
-0.01624572262
-0.01688719392
-0.01783659046
-0.01915573719
-0.02089222919
-0.02308235365
-0.02575051817
-0.02890710875
-0.03254468323
-0.03663436325
-0.04112392087
-0.04593825114
-0.05098239937
-0.05614689021
-0.06131471489
-0.06636902093
-0.07120040887
-0.07571284229
-0.07982750541
-0.08348439088
-0.08664182948
-0.08927447475
-0.09137037508
-0.09292769829
-0.09395152053
-0.094450982
-0.09443686808
-0.09391954822
-0.09290698188
-0.09140286078
-0.08940471546
-0.08690213153
-0.08387552676
-0.08029643869
-0.0761309595
-0.07134874591
-0.06594053163
-0.05994640366
-0.05349393315
-0.04683773171
-0.0403804809
-0.03464544419
-0.03017444021
-0.0273551356
-0.02623778532
-0.02646960772
-0.02755403635
-0.02933164461
-0.01763279976
-0.01795488678
-0.01836933198
-0.01901921525
-0.02000209819
-0.02137772609
-0.02319103104
-0.02547537808
-0.02825227225
-0.03152892809
-0.03529420288
-0.03951488296
-0.04413387422
-0.04907098838
-0.05422644187
-0.05948671198
-0.06473198383
-0.06984412659
-0.07471404425
-0.07924741053
-0.08336818178
-0.08701976225
-0.09016412867
-0.09277949805
-0.09485720883
-0.09639839702
-0.09741088894
-0.09790653962
-0.09789897012
-0.0974018082
-0.09642687953
-0.09498244824
-0.09307120757
-0.09068803842
-0.08781779652
-0.08443385028
-0.08049879855
-0.07596975736
-0.0708116377
-0.06502224326
-0.05867128003
-0.0519492905
-0.04521000916
-0.03897394324
-0.03385356077
-0.03037845152
-0.02875703843
-0.02872785988
-0.02978290236
-0.03172729202
-0.0198337996
-0.02006663738
-0.02044770094
-0.0210956029
-0.02209805169
-0.02351253353
-0.0253810462
-0.02773372629
-0.03058900517
-0.03395102848
-0.03780540877
-0.04211543072
-0.04682030911
-0.0518362018
-0.05706005271
-0.06237581925
-0.06766221576
-0.07280083169
-0.07768343715
-0.08221750605
-0.08632941194
-0.0899652505
-0.0930896675
-0.09568332566
-0.09773969836
-0.09926177568
-0.1002590978
-0.1007453004
-0.100736054
-0.1002476394
-0.09929534392
-0.09789190886
-0.09604556985
-0.09375760982
-0.09101951807
-0.08781023027
-0.08409458591
-0.07982512638
-0.07495068373
-0.06943647518
-0.06330024166
-0.0566649447
-0.04981719208
-0.04324154917
-0.03758282648
-0.03348943489
-0.03133909755
-0.03100044159
-0.03199184996
-0.03409261979
-0.02196231677
-0.0221026123
-0.02244355512
-0.02307813318
-0.02408459917
-0.02551816774
-0.02741793066
-0.02981075816
-0.032712075
-0.03612328729
-0.0400274394
-0.04438535614
-0.0491339095
-0.05418714175
-0.05944029785
-0.06477625432
-0.07007339991
-0.07521377438
-0.08009026645
-0.08461192999
-0.08870692828
-0.09232311953
-0.09542671012
-0.09799963388
-0.1000363499
-0.1015406376
-0.1025227908
-0.1029973762
-0.1029813372
-0.102493007
-0.1015506043
-0.1001709859
-0.09836784602
-0.09614925677
-0.09351450754
-0.09045049309
-0.08692847459
-0.08290295286
-0.0783157949
-0.07311054083
-0.06726306959
-0.06083293407
-0.05403111345
-0.04728047136
-0.04121914222
-0.03657950014
-0.03390309519
-0.03321797164
-0.0341119293
-0.03635539821
-0.0239817421
-0.02402983556
-0.02432502634
-0.02493368412
-0.02592727079
-0.02735834808
-0.02926341732
-0.03166632629
-0.03457985059
-0.03800321517
-0.04191775801
-0.04628302958
-0.05103499692
-0.05608714289
-0.06133452095
-0.06666021504
-0.07194321325
-0.07706647374
-0.0819239875
-0.08642592625
-0.09050142593
-0.09409905535
-0.09718541834
-0.09974255235
-0.1017648086
-0.1032557765
-0.1042256306
-0.1046890611
-0.104663867
-0.1041695987
-0.1032269027
-0.1018562693
-0.1000764777
-0.09790226689
-0.09534109351
-0.09238904347
-0.08902645054
-0.08521453869
-0.08089574366
-0.07600234457
-0.07048026257
-0.06433523798
-0.05770308336
-0.05092898776
-0.0446102673
-0.03952260377
-0.03634986277
-0.03529633413
-0.03606181576
-0.03843213936
-0.02586181387
-0.02581958672
-0.02606475626
-0.02663660933
-0.02759844573
-0.02900370422
-0.03088644394
-0.03326776953
-0.03615852282
-0.03955653365
-0.04344245
-0.0477758161
-0.05249314392
-0.05750885338
-0.06271918534
-0.06800853375
-0.07325718881
-0.07834926394
-0.08317962406
-0.08765892751
-0.09171635379
-0.09530007876
-0.09837594376
-0.1009249698
-0.1029403838
-0.1044247018
-0.1053872386
-0.1058422062
-0.1058075276
-0.1053035949
-0.1043529145
-0.1029790595
-0.1012053646
-0.09905279015
-0.09653676062
-0.09366288997
-0.09042192917
-0.08678485699
-0.08270023825
-0.0780978883
-0.07290555919
-0.06708761057
-0.06071212904
-0.05404069979
-0.04760431018
-0.04218152456
-0.0385649552
-0.0371376814
-0.03774851529
-0.04022908805
-0.02757943744
-0.02745285102
-0.02764196949
-0.02816483614
-0.02907766288
-0.03043296398
-0.03226386956
-0.03459044146
-0.03742245986
-0.04075731324
-0.04457612063
-0.04883972085
-0.05348656717
-0.0584333901
-0.06357882262
-0.06880946708
-0.07400740811
-0.07905795859
-0.08385647558
-0.08831337313
-0.09235690374
-0.09593375556
-0.09900789293
-0.101558269
-0.1035760528
-0.1050618909
-0.1060235861
-0.1064743522
-0.106431655
-0.1059163075
-0.104952251
-0.1035655599
-0.1017835346
-0.09963273107
-0.09713597365
-0.0943081122
-0.09115064714
-0.08764585407
-0.08375202969
-0.07940318654
-0.07451924716
-0.06903621195
-0.0629663094
-0.05649028058
-0.05005753972
-0.0444144079
-0.04042251728
-0.03863188647
-0.03906821197
-0.04164327592
-0.02911798974
-0.02891500954
-0.02904483946
-0.02950730667
-0.03035208078
-0.03163198115
-0.03338051388
-0.03561790411
-0.03835424801
-0.04158788616
-0.04530166632
-0.04945901672
-0.05400161084
-0.05884967587
-0.0639052263
-0.0690577659
-0.07419149973
-0.07919287098
-0.08395728144
-0.08839413529
-0.09242977336
-0.09600831468
-0.099090781
-0.1016530831
-0.103683484
-0.1051800564
-0.1061485035
-0.106600553
-0.1065528429
-0.1060259911
-0.105045284
-0.1036385875
-0.1018365746
-0.0996706414
-0.09717033177
-0.09435898082
-0.09124843347
-0.0878326302
-0.08408149681
-0.07993771398
-0.07532151428
-0.07015256017
-0.0644009752
-0.0581758457
-0.05183985743
-0.04608080705
-0.04178945393
-0.03965797397
-0.03990681417
-0.04256331038
-0.03046800258
-0.03019861077
-0.03026790724
-0.0306595079
-0.03141726446
-0.03259535662
-0.03422934999
-0.03634149638
-0.03894407387
-0.0420379751
-0.04560920044
-0.04962502474
-0.05403147848
-0.05875327566
-0.06369658116
-0.06875426688
-0.0738127746
-0.0787594446
-0.08348918833
-0.08790964111
-0.09194433483
-0.09553386145
-0.09863534885
-0.1012207779
-0.1032747224
-0.1047920175
-0.1057757153
-0.1062355665
-0.1061870576
-0.1056506489
-0.1046518094
-0.1032201576
-0.1013891036
-0.09919387723
-0.096670287
-0.09384896574
-0.09075115075
-0.08738203567
-0.08372365819
-0.07972985729
-0.07532690784
-0.07042815075
-0.06497519506
-0.05901855011
-0.05283763755
-0.04704596737
-0.04252844071
-0.04008606174
-0.04013979782
-0.04286950345
-0.03162701827
-0.03130331394
-0.03131250221
-0.03162381984
-0.03227586412
-0.03332495869
-0.03481072415
-0.03675991991
-0.0391893547
-0.04210443422
-0.04549588415
-0.04933606389
-0.05357632514
-0.05814658736
-0.06295763822
-0.06790593113
-0.07288009144
-0.0777680473
-0.08246368768
-0.08687217554
-0.09091342015
-0.09452362484
-0.09765517106
-0.1002753136
-0.1023642312
-0.1039129173
-0.1049212723
-0.1053967299
-0.1053534432
-0.104810201
-0.1037936006
-0.1023341288
-0.1004672153
-0.09823176885
-0.09566790658
-0.09281292924
-0.08969609249
-0.08633304188
-0.08271718165
-0.0788143365
-0.07456029323
-0.0698695805
-0.06466737268
-0.05896017023
-0.05295401098
-0.04718287879
-0.04249948531
-0.03977761592
-0.03963163792
-0.04243285799
-0.03259906265
-0.03223522295
-0.03218639655
-0.03240913118
-0.03293694393
-0.03382900131
-0.03513128709
-0.03687808911
-0.03909364329
-0.04179023741
-0.04496505589
-0.04859671786
-0.05264263661
-0.05703835526
-0.06169945518
-0.06652593662
-0.07140839092
-0.07623495196
-0.08089796221
-0.08529947681
-0.08935507345
-0.09299582551
-0.09616863369
-0.09883533229
-0.1009710732
-0.1025624545
-0.1036057721
-0.1041059609
-0.1040764398
-0.103529909
-0.102497535
-0.1010094492
-0.09910233618
-0.09681768194
-0.09419923211
-0.09128944117
-0.08812451996
-0.08472827746
-0.08110475721
-0.0772311641
-0.07305422135
-0.06849457533
-0.06347074465
-0.05795936552
-0.05210695829
-0.04637205855
-0.04155982681
-0.03858365245
-0.03823353746
-0.04111223018
-0.03339395364
-0.03300620629
-0.03290308926
-0.03302991652
-0.03341493879
-0.03412085128
-0.03520267125
-0.03670580189
-0.03866537469
-0.04110333817
-0.04402523216
-0.04741703
-0.05124269331
-0.05544347
-0.05993956838
-0.06463422196
-0.06941958393
-0.07418352754
-0.07881633438
-0.08321639929
-0.08729438824
-0.09097565034
-0.09420101262
-0.09692631248
-0.09912112679
-0.1007671513
-0.1018565796
-0.1023905085
-0.1023774712
-0.1018403818
-0.1007976187
-0.0992823806
-0.09733302176
-0.09499266268
-0.09230762683
-0.08932410264
-0.086083414
-0.08261595859
-0.07893410839
-0.07502552311
-0.0708473441
-0.06632886265
-0.06138904486
-0.05598710212
-0.0502256037
-0.04449904801
-0.0395614562
-0.0363407579
-0.03577858072
-0.03874863911
-0.03402651356
-0.03363329773
-0.03348105511
-0.03350516389
-0.03372826157
-0.03421740941
-0.03503979882
-0.03625613882
-0.03791647719
-0.04005556507
-0.04268931642
-0.04581202934
-0.04939440697
-0.05338310447
-0.05770241263
-0.06225817325
-0.06694348926
-0.07164541301
-0.07625166138
-0.08065650804
-0.08476527047
-0.08849714473
-0.09178645482
-0.09458261179
-0.09684919571
-0.09856259107
-0.09971054784
-0.1002908665
-0.1003103242
-0.09978520856
-0.09873753725
-0.09719897855
-0.09520766246
-0.09280737374
-0.09004578906
-0.08697124669
-0.0836282343
-0.08005160977
-0.07625982055
-0.07224808073
-0.06798328322
-0.06340355291
-0.05843232571
-0.05302149507
-0.04724502615
-0.04144964279
-0.03634581465
-0.03286374089
-0.03207348676
-0.03515503429
-0.03451580984
-0.03413826494
-0.03394313434
-0.03385730601
-0.03389773304
-0.034137197
-0.03465887978
-0.03554361628
-0.03686085332
-0.03866152269
-0.04097392906
-0.04380145546
-0.04712138436
-0.05088506141
-0.05501991113
-0.05943342933
-0.06401883693
-0.06866170471
-0.07324668931
-0.07766357645
-0.08181204924
-0.08560490072
-0.08896970371
-0.09184917644
-0.0942006102
-0.09599475831
-0.09721454716
-0.0978538538
-0.0979164521
-0.09741551804
-0.09637188001
-0.0948162565
-0.09278570529
-0.09032351029
-0.08747725629
-0.08429562652
-0.08082409055
-0.07709942298
-0.07314329875
-0.06895574475
-0.06451006756
-0.05975258645
-0.05461278092
-0.04904212471
-0.04309976506
-0.03710291072
-0.0317353241
-0.02793406363
-0.02688536725
-0.03009898278
-0.0348846804
-0.03454756914
-0.03431623107
-0.0341112538
-0.03394492616
-0.03389825757
-0.03407522346
-0.0345822293
-0.0355128687
-0.03693761392
-0.03889895023
-0.04140974756
-0.0444532642
-0.04798436655
-0.05193225388
-0.05620479798
-0.06069429333
-0.06528407218
-0.06985524567
-0.07429284075
-0.07849077622
-0.08235538113
-0.08580742639
-0.0887828559
-0.09123253576
-0.09312138519
-0.09442722795
-0.09513962546
-0.09525892046
-0.09479579997
-0.09376710642
-0.09220289528
-0.09013809778
-0.08761408425
-0.08467658861
-0.08137252767
-0.07774583618
-0.07383225366
-0.06965329916
-0.06521015453
-0.06047895696
-0.05541052017
-0.04994063738
-0.04402390171
-0.03771581035
-0.03132206778
-0.02552224453
-0.0212841845
-0.01992179813
-0.02327493935
-0.03516000698
-0.03489306914
-0.03463155246
-0.03429364799
-0.03389051152
-0.03351600107
-0.03330105124
-0.03338361658
-0.03388609665
-0.03490142716
-0.03648749542
-0.03866647868
-0.04142646428
-0.0447241952
-0.04848890111
-0.05262726883
-0.05702944691
-0.06157570248
-0.06614314085
-0.07061186229
-0.07487005122
-0.07881770629
-0.08236895342
-0.08545308255
-0.08801457873
-0.09001247236
-0.09141932102
-0.09222006652
-0.09241086815
-0.091998016
-0.09099982008
-0.08943805885
-0.08734602118
-0.08476197014
-0.0817277441
-0.07828603746
-0.07447632989
-0.07032987441
-0.0658640184
-0.06107654842
-0.05594155978
-0.05040990569
-0.04442026095
-0.03793138591
-0.03100096692
-0.02394340478
-0.01745694245
-0.01258005973
-0.01080327891
-0.01426274133
-0.03537344178
-0.03521464986
-0.03492591971
-0.03443252618
-0.0337527357
-0.0330012298
-0.03234364541
-0.03195573404
-0.03199270616
-0.03257183489
-0.03376659711
-0.03560743747
-0.03808547131
-0.04115720347
-0.04474983233
-0.04876710348
-0.05309570411
-0.05761199751
-0.06218868206
-0.06670088131
-0.071031238
-0.07507374608
-0.07873624869
-0.08194170443
-0.08462844689
-0.08674972057
-0.08827277633
-0.08917776657
-0.08945660577
-0.08911186522
-0.08815635623
-0.08660866745
-0.08449769805
-0.08185628003
-0.07872011932
-0.07512491545
-0.07110231361
-0.06667502537
-0.06185141188
-0.05662024702
-0.05094728138
-0.04477693227
-0.03804534091
-0.03071448756
-0.02283809302
-0.01476535466
-0.007236881696
-0.001403822969
0.000971580884
-0.002471026257
-0.035560383
-0.0355684577
-0.03524520903
-0.03455812431
-0.03354629643
-0.03235877233
-0.03120438495
-0.03030266093
-0.02984406631
-0.02997026107
-0.0307689214
-0.03227656083
-0.03448477389
-0.03734728958
-0.0407870175
-0.0447029503
-0.04897702587
-0.05348094312
-0.05808270562
-0.06265255057
-0.0670679338
-0.0712173477
-0.07500289886
-0.07834171743
-0.08116637985
-0.08342458525
-0.08507833385
-0.08610282383
-0.08648522216
-0.08622332795
-0.08532431708
-0.08380383826
-0.08168228144
-0.0789857894
-0.07574169334
-0.07197562776
-0.06770757588
-0.06294698483
-0.05768745236
-0.05190178793
-0.04553932942
-0.03852922099
-0.03079570171
-0.02229483207
-0.013095862
-0.003547728016
0.005509891807
0.01276843333
0.01606833663
0.01293185753
-0.03579432128
-0.03602427365
-0.03564662941
-0.03470510657
-0.03328261878
-0.0315877606
-0.02987928118
-0.02842633449
-0.02745332299
-0.02712367725
-0.02753586601
-0.02872888112
-0.03069146393
-0.03337171849
-0.03668599116
-0.0405268398
-0.04477034944
-0.04928298493
-0.05392794515
-0.05857083416
-0.06308442759
-0.06735236534
-0.07127170547
-0.07475438845
-0.07772775368
-0.08013430524
-0.08193093763
-0.08308780953
-0.08358700932
-0.08342107949
-0.08259146001
-0.08110718447
-0.07898088071
-0.07622954762
-0.07286938613
-0.06891273395
-0.06436371684
-0.05921310981
-0.05343288923
-0.04697137888
-0.03975124301
-0.03167456836
-0.02264163242
-0.01259317213
-0.001604126119
0.009959800152
0.02125082795
0.03059794388
0.03536935221
0.03309628807
-0.03617741341
-0.03670373206
-0.03621600251
-0.03490856212
-0.03297718712
-0.03068873301
-0.02836358652
-0.02633117977
-0.0248407275
-0.02406987708
-0.02412230686
-0.02503451402
-0.02678835785
-0.02932334601
-0.03254719267
-0.03634467436
-0.04058526691
-0.04512993181
-0.04983718813
-0.05456843388
-0.05919239997
-0.06358862384
-0.06764989089
-0.07128367524
-0.07441268587
-0.07697467376
-0.07892167253
-0.08021883126
-0.08084296422
-0.08078088656
-0.08002753232
-0.07858384851
-0.07645471877
-0.07364507032
-0.07015753487
-0.06598794434
-0.06112012507
-0.0555201882
-0.04913060178
-0.0418650261
-0.03360669038
-0.02421516223
-0.01354960631
-0.001519784687
0.01180287227
0.02601084225
0.04050190159
0.05288186907
0.06003287775
0.05957305498
-0.03692220667
-0.03780831968
-0.03708349956
-0.03523583989
-0.03264028887
-0.02965475485
-0.02667065037
-0.02403459303
-0.02204267056
-0.02086540662
-0.02060304963
-0.02128343602
-0.02287713032
-0.02531222909
-0.02848618135
-0.03227515345
-0.03654173322
-0.04114148914
-0.04592865487
-0.05076102363
-0.05550402279
-0.06003390372
-0.0642400075
-0.06802612335
-0.07131101338
-0.07402822101
-0.07612529776
-0.07756257539
-0.07831158555
-0.0783531785
-0.07767534937
-0.07627073045
-0.07413364795
-0.07125730827
-0.06762791256
-0.06322150459
-0.05799709405
-0.05188986
-0.04480421869
-0.03660767988
-0.02712899887
-0.01616592563
-0.003513053594
0.01097887802
0.02728961044
0.04506443556
0.06342689281
0.08044001621
0.09150099034
0.09433526746
-0.03847559379
-0.03969551715
-0.03845792014
-0.0357878879
-0.0323244203
-0.02851903887
-0.0248163367
-0.02159261339
-0.019127696
-0.01759668371
-0.01708040993
-0.0175897221
-0.01907950896
-0.02146412969
-0.02462976392
-0.02844377574
-0.03276213551
-0.03743554891
-0.0423146488
-0.04725440913
-0.05211780654
-0.05677869563
-0.06112386459
-0.06505427505
-0.06848552918
-0.07134764734
-0.07358425677
-0.07515128706
-0.07601524462
-0.07615110022
-0.07553978215
-0.07416522356
-0.07201086915
-0.06905508427
-0.06526781609
-0.06060249188
-0.05498893567
-0.04832538331
-0.04046984865
-0.03123188562
-0.02036942493
-0.007595835755
0.007389052396
0.02483423189
0.0448100007
0.06702352819
0.09058697659
0.1139321649
0.1312601196
0.1396316391
-0.04181903383
-0.04302089511
-0.04067919426
-0.03674184671
-0.0321401511
-0.02737297493
-0.02290111918
-0.01909642469
-0.01620942
-0.014388751
-0.01368607428
-0.01408767625
-0.01552861152
-0.01790784009
-0.021100014
-0.02496417453
-0.02935049587
-0.03410577023
-0.03907801304
-0.04412036766
-0.04909434979
-0.05387240584
-0.05833974952
-0.06239546068
-0.06595287062
-0.06893928438
-0.0712951079
-0.07297244829
-0.07393323898
-0.07414691284
-0.07358756175
-0.07223035933
-0.07004721272
-0.06700219179
-0.06304489272
-0.05810690994
-0.0520859259
-0.04483867986
-0.03617030968
-0.0258222769
-0.01346599015
0.001294692367
0.01889285162
0.0397356276
0.0640585854
0.09173916712
0.1220670893
0.1535301532
0.1802898374
0.1981973361
-0.04925847786
-0.04899679709
-0.0442721839
-0.03838729175
-0.03228958109
-0.02638344558
-0.02108087182
-0.01670213659
-0.01344169948
-0.01139198942
-0.01056395037
-0.01091142192
-0.01234613513
-0.01475083382
-0.01798916888
-0.0219129971
-0.0263680396
-0.03119851753
-0.03625109401
-0.04137825688
-0.04644116029
-0.05131188393
-0.05587505725
-0.06002881777
-0.06368510266
-0.06676929913
-0.06921929588
-0.07098398124
-0.07202118058
-0.07229513217
-0.07177356626
-0.07042388422
-0.06820764001
-0.06507337362
-0.06094779536
-0.05574252838
-0.04932323912
-0.04150496406
-0.03203821656
-0.02059163268
-0.006740015637
0.01004519844
0.03037412429
0.05489795027
0.08415326772
0.1183952851
0.1572357341
0.1995169868
0.2393065072
0.2755259852
-0.06627180249
-0.05943913781
-0.04985244327
-0.04098534503
-0.03287038559
-0.02559765988
-0.01940537142
-0.01448128643
-0.01090814702
-0.008696757433
-0.00780238881
-0.008140799706
-0.009599403614
-0.01204592226
-0.0153350851
-0.01931381649
-0.02382547127
-0.02871350375
-0.03382473882
-0.03901227473
-0.0441379748
-0.04907447427
-0.05370662994
-0.05793236295
-0.06166287441
-0.06482223743
-0.06734637784
-0.06918144396
-0.07028159619
-0.07060604949
-0.070115789
-0.06877042998
-0.06652512217
-0.06331159581
-0.0590539536
-0.05362463204
-0.04686404555
-0.03855365402
-0.02839627366
-0.01599433097
-0.0008313532552
0.01775889286
0.04059306883
0.06866582503
0.1030258547
0.144743737
0.1942858412
0.2516692075
0.3125105224
0.384811534
-0.1036928252
-0.07353895502
-0.05538042825
-0.04237511482
-0.03190560399
-0.02340435372
-0.01665561259
-0.011525363
-0.00791746159
-0.005751510838
-0.00493803089
-0.005368985495
-0.006919336339
-0.009451379581
-0.01281850904
-0.0168684088
-0.02144614708
-0.02639724524
-0.03157060757
-0.03682120172
-0.04201239845
-0.04701787984
-0.05172303232
-0.05602576414
-0.05983671633
-0.06307886279
-0.06568651175
-0.0676037202
-0.06878206847
-0.06917744987
-0.06874508113
-0.06743251786
-0.06518307137
-0.06195373952
-0.05763206341
-0.05207659288
-0.04511048479
-0.03649189041
-0.02589293721
-0.01287314001
0.003144468764
0.02292687218
0.04745907501
0.07808498555
0.1165083522
0.1652339696
0.2271118513
0.3067863009
0.4061231536
0.5486612559
-0.2211263185
-0.08198991657
-0.04259929074
-0.02965765025
-0.0206540017
-0.01343744433
-0.008081050157
-0.004251599389
-0.001684928074
-0.000302219937
-7.600604155e-05
-0.0009537850986
-0.002850492549
-0.005657907493
-0.009251609316
-0.01349565389
-0.01824691511
-0.02335931288
-0.02868764195
-0.03409087702
-0.03943494277
-0.04459493203
-0.04945673391
-0.05391803671
-0.05788868627
-0.06129040037
-0.06405584469
-0.06612711546
-0.06745368948
-0.0679901944
-0.06769420662
-0.06652338708
-0.06441485225
-0.0612685038
-0.05700120268
-0.05148673547
-0.04453949144
-0.03590807273
-0.02525786438
-0.01214070904
0.004032043745
0.02405330337
0.04895897685
0.08025259131
0.1200056955
0.1720601858
0.2424758221
0.3468087219
0.5047889201
0.7689026706
)
;

boundaryField
{
    movingWall
    {
        type            zeroGradient;
    }
    fixedWalls
    {
        type            zeroGradient;
    }
    frontAndBack
    {
        type            empty;
    }
}


// ************************************************************************* //
