/*--------------------------------*- C++ -*----------------------------------*\
  =========                 |
  \\      /  F ield         | OpenFOAM: The Open Source CFD Toolbox
   \\    /   O peration     | Website:  https://openfoam.org
    \\  /    A nd           | Version:  11
     \\/     M anipulation  |
\*---------------------------------------------------------------------------*/
FoamFile
{
    format      ascii;
    class       surfaceScalarField;
    location    "30";
    object      phi;
}
// * * * * * * * * * * * * * * * * * * * * * * * * * * * * * * * * * * * * * //

dimensions      [0 3 -1 0 0 0 0];

internalField   nonuniform List<scalar> 
4900
(
2.763413157e-08
-2.763392953e-08
6.803505679e-08
-4.040092761e-08
9.511847362e-08
-2.708341617e-08
9.827422885e-08
-3.155758813e-09
7.486170129e-08
2.341252531e-08
2.615082387e-08
4.871087837e-08
-4.576225403e-08
7.191307714e-08
-1.390473287e-07
9.328507426e-08
-2.525207922e-07
1.134734629e-07
-3.856073629e-07
1.330865695e-07
-5.380832013e-07
1.524758376e-07
-7.097412899e-07
1.716580897e-07
-9.000601439e-07
1.903188552e-07
-1.107912398e-06
2.078522551e-07
-1.331327018e-06
2.23414621e-07
-1.567309528e-06
2.359825098e-07
-1.811723318e-06
2.444137903e-07
-2.059237747e-06
2.475144293e-07
-2.303352044e-06
2.441142977e-07
-2.536505761e-06
2.331537177e-07
-2.750285296e-06
2.137795351e-07
-2.935732076e-06
1.854467805e-07
-3.083755724e-06
1.480236482e-07
-3.185659676e-06
1.019039514e-07
-3.233758434e-06
4.809875859e-08
-3.221247501e-06
-1.251093333e-08
-3.144552559e-06
-7.669494192e-08
-3.001826081e-06
-1.427264784e-07
-2.794672676e-06
-2.071534053e-07
-2.527984087e-06
-2.666885889e-07
-2.20999202e-06
-3.179920672e-07
-1.852041258e-06
-3.579507624e-07
-1.468078229e-06
-3.839630299e-07
-1.073874401e-06
-3.94203827e-07
-6.86041741e-07
-3.878326604e-07
-3.209287096e-07
-3.651130313e-07
6.653742183e-09
-3.275824518e-07
2.852681961e-07
-2.786144535e-07
5.048671754e-07
-2.195989792e-07
6.604423071e-07
-1.555751319e-07
7.50703829e-07
-9.026152263e-08
7.779362318e-07
-2.72324035e-08
7.475670679e-07
3.036916314e-08
6.677181628e-07
7.984890379e-08
5.489570163e-07
1.18761146e-07
4.046258747e-07
1.443311411e-07
2.519208816e-07
1.527049926e-07
1.138637678e-07
1.380571145e-07
2.1058168e-08
9.280560182e-08
2.105817115e-08
4.165723728e-08
-6.929116587e-08
8.359367704e-08
-8.233736797e-08
8.630172945e-08
-2.979146814e-08
3.168094137e-08
5.146502751e-08
-8.643619366e-08
1.415296568e-07
-2.680364198e-07
2.303111037e-07
-5.104159251e-07
3.142925813e-07
-8.105560822e-07
3.934252316e-07
-1.166000354e-06
4.689177354e-07
-1.574857919e-06
5.419441337e-07
-2.035352569e-06
6.129704864e-07
-2.5451769e-06
6.814824207e-07
-3.100819366e-06
7.459613227e-07
-3.696965827e-06
8.039987179e-07
-4.326031558e-06
8.524803532e-07
-4.977854405e-06
8.878053575e-07
-5.639568501e-06
9.061278863e-07
-6.295673438e-06
9.036193665e-07
-6.928310125e-06
8.767509847e-07
-7.517747982e-06
8.22591576e-07
-8.043077596e-06
7.391091491e-07
-8.483089541e-06
6.25458726e-07
-8.817295991e-06
4.822300989e-07
-9.027078796e-06
3.116867553e-07
-9.09700658e-06
1.180265432e-07
-9.016216615e-06
-9.330089851e-08
-8.777166999e-06
-3.157445584e-07
-8.380423784e-06
-5.394696939e-07
-7.832439769e-06
-7.551374206e-07
-7.146536246e-06
-9.525921129e-07
-6.342734643e-06
-1.121793671e-06
-5.447157854e-06
-1.253527551e-06
-4.490980324e-06
-1.34014056e-06
-3.508941893e-06
-1.376242258e-06
-2.53748587e-06
-1.359288683e-06
-1.612626446e-06
-1.289972455e-06
-7.677944883e-07
-1.172414409e-06
-3.248316678e-08
-1.013925775e-06
5.722504473e-07
-8.243325934e-07
1.030718751e-06
-6.140434357e-07
1.336700831e-06
-3.962436043e-07
1.492150285e-06
-1.826818594e-07
1.507115164e-06
1.540428314e-08
1.39852675e-06
1.884373155e-07
1.190470308e-06
3.268175865e-07
9.137221968e-07
4.210792523e-07
6.06477493e-07
4.59949698e-07
3.150594494e-07
4.294751607e-07
9.324666133e-08
3.146183933e-07
1.143048333e-07
2.63524072e-08
-9.564357344e-08
2.153783693e-08
-7.752280312e-08
-5.297313202e-08
4.471949868e-08
-2.152687784e-07
2.137606744e-07
-4.715466821e-07
3.978075603e-07
-8.216285434e-07
5.803929641e-07
-1.262723901e-06
7.553879339e-07
-1.791458469e-06
9.221597981e-07
-2.40460686e-06
1.082066126e-06
-3.098945268e-06
1.236282543e-06
-3.870611093e-06
1.384636311e-06
-4.714264192e-06
1.525135519e-06
-5.622253319e-06
1.653950449e-06
-6.583919261e-06
1.76566466e-06
-7.585114681e-06
1.853675774e-06
-8.607987349e-06
1.910678026e-06
-9.631052081e-06
1.929192618e-06
-1.06295602e-05
1.902127484e-06
-1.157615898e-05
1.823349764e-06
-1.244181565e-05
1.688248254e-06
-1.319696224e-05
1.494255732e-06
-1.381280096e-05
1.241297452e-06
-1.426270811e-05
9.321372474e-07
-1.452364779e-05
5.726264352e-07
-1.457779519e-05
1.721739476e-07
-1.441214604e-05
-2.589500491e-07
-1.402211048e-05
-7.057801171e-07
-1.341046157e-05
-1.151118604e-06
-1.258829119e-05
-1.577307803e-06
-1.157504201e-05
-1.965841296e-06
-1.039823227e-05
-2.298603407e-06
-9.092739496e-06
-2.559020327e-06
-7.699626368e-06
-2.733253687e-06
-6.264508023e-06
-2.811360602e-06
-4.835491351e-06
-2.788305355e-06
-3.460771247e-06
-2.664692559e-06
-2.186079783e-06
-2.447105872e-06
-1.052106266e-06
-2.147899291e-06
-9.229257521e-08
-1.784146284e-06
6.704952831e-07
-1.376831294e-06
1.2228271e-06
-9.485754213e-07
1.563227751e-06
-5.230825111e-07
1.701410982e-06
-1.227789477e-07
1.658190479e-06
2.316578182e-07
1.464308182e-06
5.206998825e-07
1.160402777e-06
7.249846572e-07
7.967061508e-07
8.236463256e-07
4.331162172e-07
7.930650958e-07
1.393704508e-07
6.083641608e-07
2.53675283e-07
-6.900859414e-09
-8.874271389e-08
-9.171663344e-08
7.292967667e-09
-2.831756855e-07
2.361785478e-07
-5.931879887e-07
5.237729769e-07
-1.024028089e-06
8.286476613e-07
-1.573797047e-06
1.130161923e-06
-2.239002799e-06
1.420593682e-06
-3.015843023e-06
1.699000021e-06
-3.90034829e-06
1.966571394e-06
-4.88781322e-06
2.223747474e-06
-5.971883899e-06
2.46870699e-06
-7.143574724e-06
2.696826346e-06
-8.390405567e-06
2.900781292e-06
-9.695783852e-06
3.071042947e-06
-1.103870659e-05
3.19659851e-06
-1.239382038e-05
3.265791815e-06
-1.373184708e-05
3.267219318e-06
-1.502035443e-05
3.190634835e-06
-1.622482389e-05
3.027819229e-06
-1.730994458e-05
2.773368947e-06
-1.824104648e-05
2.425357625e-06
-1.898558031e-05
1.98583129e-06
-1.951455619e-05
1.461113125e-06
-1.980387672e-05
8.619469595e-07
-1.983579901e-05
2.040962452e-07
-1.959840412e-05
-4.963449408e-07
-1.908898682e-05
-1.215197419e-06
-1.831255693e-05
-1.927548496e-06
-1.728286057e-05
-2.607004167e-06
-1.602238791e-05
-3.22631396e-06
-1.45621492e-05
-3.758842113e-06
-1.294110346e-05
-4.180066067e-06
-1.12051774e-05
-4.469179747e-06
-9.405822659e-06
-4.610715343e-06
-7.598086087e-06
-4.596041927e-06
-5.838220779e-06
-4.424557866e-06
-4.180950767e-06
-4.104375883e-06
-2.676551143e-06
-3.652298914e-06
-1.367773045e-06
-3.092924382e-06
-2.874614966e-07
-2.457142842e-06
5.439635841e-07
-1.780000501e-06
1.119050924e-06
-1.09816985e-06
1.444259355e-06
-4.479873799e-07
1.53986431e-06
1.360528624e-07
1.438996279e-06
6.215679129e-07
1.187060363e-06
9.769205734e-07
8.411222961e-07
1.169584393e-06
4.699357902e-07
1.164251602e-06
1.552757471e-07
9.230242031e-07
4.089510285e-07
-5.099867394e-08
-3.774403994e-08
-2.398326504e-07
1.961269444e-07
-5.787357888e-07
5.750816845e-07
-1.06739684e-06
1.012434025e-06
-1.701596975e-06
1.462847795e-06
-2.475948354e-06
1.904513304e-06
-3.385394112e-06
2.330039438e-06
-4.425305241e-06
2.738911149e-06
-5.590717128e-06
3.131983281e-06
-6.875162562e-06
3.508192907e-06
-8.269436954e-06
3.862981382e-06
-9.760523949e-06
4.187913341e-06
-1.133082568e-05
4.471083023e-06
-1.29577801e-05
4.697997363e-06
-1.461390221e-05
4.852720618e-06
-1.626724803e-05
4.91913764e-06
-1.78822642e-05
4.882235484e-06
-1.942095212e-05
4.729322759e-06
-2.084424831e-05
4.451115417e-06
-2.211350736e-05
4.042628003e-06
-2.319197641e-05
3.503826672e-06
-2.404616742e-05
2.840022297e-06
-2.464706102e-05
2.062006721e-06
-2.497111819e-05
1.186004135e-06
-2.500139757e-05
2.34375627e-07
-2.47271089e-05
-7.706336087e-07
-2.414593853e-05
-1.796367794e-06
-2.326318297e-05
-2.810304053e-06
-2.20925297e-05
-3.777657444e-06
-2.065627237e-05
-4.662571284e-06
-1.898537864e-05
-5.429735847e-06
-1.711929537e-05
-6.046149327e-06
-1.510538126e-05
-6.483093855e-06
-1.299785183e-05
-6.718244777e-06
-1.085614322e-05
-6.73775053e-06
-8.742653752e-06
-6.538047339e-06
-6.719908943e-06
-6.12712069e-06
-4.847286429e-06
-5.524921427e-06
-3.17749042e-06
-4.76272039e-06
-1.753233643e-06
-3.881399619e-06
-6.044421822e-07
-2.928791962e-06
2.538830278e-07
-1.956495061e-06
8.226498092e-07
-1.016754162e-06
1.11884085e-06
-1.601381792e-07
1.175031023e-06
5.653777403e-07
1.038326695e-06
1.113624901e-06
7.695989269e-07
1.438312161e-06
4.433841642e-07
1.490466365e-06
1.494509237e-07
1.216957441e-06
5.584019507e-07
-1.024337928e-07
6.468975097e-08
-4.131169033e-07
5.068100544e-07
-9.209206773e-07
1.082885458e-06
-1.610746485e-06
1.702259829e-06
-2.469110598e-06
2.321211905e-06
-3.485669889e-06
2.921072594e-06
-4.652958854e-06
3.4973284e-06
-5.965011645e-06
4.050963938e-06
-7.415500456e-06
4.582472092e-06
-8.995878842e-06
5.088571292e-06
-1.069383107e-05
5.560933611e-06
-1.249218609e-05
5.986268351e-06
-1.436836037e-05
6.347257305e-06
-1.629433531e-05
6.623972309e-06
-1.823713476e-05
6.795520062e-06
-2.015973416e-05
6.841737035e-06
-2.202229993e-05
6.744801262e-06
-2.378363093e-05
6.49065376e-06
-2.540266187e-05
6.070146356e-06
-2.683989804e-05
5.479864171e-06
-2.805868116e-05
4.722609791e-06
-2.902623094e-05
3.807572079e-06
-2.971445372e-05
2.750229508e-06
-3.010055358e-05
1.57210399e-06
-3.016760206e-05
3.01424115e-07
-2.990476148e-05
-1.033474189e-06
-2.930804368e-05
-2.393085588e-06
-2.838055738e-05
-3.737790358e-06
-2.713314828e-05
-5.025066543e-06
-2.558496885e-05
-6.210750706e-06
-2.376399403e-05
-7.250710674e-06
-2.170735602e-05
-8.102787336e-06
-1.946133922e-05
-8.729110657e-06
-1.70808554e-05
-9.098728591e-06
-1.462822796e-05
-9.190377971e-06
-1.217116056e-05
-8.995114735e-06
-9.779859123e-06
-8.518422131e-06
-7.52340428e-06
-7.781376271e-06
-5.465622196e-06
-6.820502474e-06
-3.660882009e-06
-5.686139807e-06
-2.150291864e-06
-4.439382109e-06
-9.587404585e-07
-3.148046467e-06
-9.307387013e-08
-1.882420751e-06
4.585247238e-07
-7.117367735e-07
7.260057425e-07
2.978967216e-07
7.563012707e-07
1.083329372e-06
6.122322441e-07
1.582381187e-06
3.719083019e-07
1.730790306e-06
1.295615505e-07
1.45930419e-06
6.879634999e-07
-1.592215715e-07
2.239113214e-07
-6.035038322e-07
9.510923137e-07
-1.294888691e-06
1.774270319e-06
-2.200508118e-06
2.607879257e-06
-3.295904947e-06
3.416608734e-06
-4.564689739e-06
4.189857387e-06
-5.996305663e-06
4.928944322e-06
-7.582978923e-06
5.637637198e-06
-9.316658452e-06
6.316151624e-06
-1.118646089e-05
6.958373726e-06
-1.317686564e-05
7.551338361e-06
-1.526671727e-05
8.076119985e-06
-1.742898446e-05
8.509524496e-06
-1.963117159e-05
8.826159437e-06
-2.183625116e-05
9.000599639e-06
-2.400396463e-05
9.009450504e-06
-2.609232312e-05
8.833159751e-06
-2.80591368e-05
8.45746744e-06
-2.986342026e-05
7.874429818e-06
-3.146656358e-05
7.083007492e-06
-3.283321691e-05
6.089263115e-06
-3.393189742e-05
4.90625259e-06
-3.473537936e-05
3.553711452e-06
-3.522095404e-05
2.05767867e-06
-3.537041817e-05
4.508882446e-07
-3.517141654e-05
-1.232475824e-06
-3.461634e-05
-2.948162126e-06
-3.370398561e-05
-4.650144751e-06
-3.24400894e-05
-6.288962763e-06
-3.083829529e-05
-7.812544816e-06
-2.8921174e-05
-9.167831956e-06
-2.672116245e-05
-1.030279889e-05
-2.428123094e-05
-1.116904217e-05
-2.165503891e-05
-1.172492062e-05
-1.890632009e-05
-1.19390968e-05
-1.610726341e-05
-1.179417141e-05
-1.333574265e-05
-1.128994289e-05
-1.067140825e-05
-1.044571067e-05
-8.190870958e-06
-9.301039769e-06
-5.962448731e-06
-7.914562034e-06
-4.041106037e-06
-6.360724803e-06
-2.46425829e-06
-4.724894215e-06
-1.248966572e-06
-3.097712469e-06
-3.907831981e-07
-1.569920147e-06
1.359693965e-07
-2.288558723e-07
3.767521707e-07
8.425465989e-07
3.95099752e-07
1.564033605e-06
2.712357641e-07
1.854654291e-06
1.015585469e-07
1.628981405e-06
7.895220459e-07
-2.196325614e-07
4.435438821e-07
-8.04586371e-07
1.536046121e-06
-1.687638452e-06
2.6573224e-06
-2.816228987e-06
3.73646979e-06
-4.15380346e-06
4.754183207e-06
-5.677235669e-06
5.713289597e-06
-7.37240849e-06
6.624117139e-06
-9.229377685e-06
7.494606393e-06
-1.123809374e-05
8.324867675e-06
-1.338520522e-05
9.105485208e-06
-1.565209713e-05
9.818230277e-06
-1.80140809e-05
1.043810375e-05
-2.044053566e-05
1.093597925e-05
-2.289576211e-05
1.128138589e-05
-2.534030667e-05
1.14451442e-05
-2.773252166e-05
1.140166549e-05
-3.003014477e-05
1.113078286e-05
-3.21917157e-05
1.061903837e-05
-3.417770421e-05
9.860418322e-06
-3.595129469e-05
8.856597973e-06
-3.747884362e-05
7.616812053e-06
-3.873008332e-05
6.157492289e-06
-3.967818002e-05
4.501808146e-06
-4.029974368e-05
2.679242336e-06
-4.057450723e-05
7.256517935e-07
-4.048724903e-05
-1.319734027e-06
-4.00258179e-05
-3.40959326e-06
-3.918339438e-05
-5.49256827e-06
-3.795914862e-05
-7.513208521e-06
-3.635950884e-05
-9.412184596e-06
-3.439963588e-05
-1.112770492e-05
-3.21049765e-05
-1.259745827e-05
-2.951269242e-05
-1.376132625e-05
-2.667267892e-05
-1.456493412e-05
-2.364782076e-05
-1.496395496e-05
-2.051311089e-05
-1.492888127e-05
-1.73533125e-05
-1.444974128e-05
-1.42590104e-05
-1.354001278e-05
-1.132117554e-05
-1.223887463e-05
-8.624717134e-06
-1.061102044e-05
-6.241817941e-06
-8.743623996e-06
-4.226023498e-06
-6.740688658e-06
-2.607969387e-06
-4.71576658e-06
-1.393267204e-06
-2.78462233e-06
-5.625531559e-07
-1.05956992e-06
-7.317579252e-08
3.531692366e-07
1.382474084e-07
1.352610403e-06
1.533369191e-07
1.839564778e-06
6.974708363e-08
1.712571238e-06
8.592691293e-07
-2.818101793e-07
7.253540609e-07
-1.010100557e-06
2.264336497e-06
-2.086679399e-06
3.73390124e-06
-3.438316215e-06
5.088106603e-06
-5.01581516e-06
6.331682151e-06
-6.78898048e-06
7.486454917e-06
-8.739870219e-06
8.575006875e-06
-1.085613473e-05
9.610870901e-06
-1.312556841e-05
1.059430136e-05
-1.553237047e-05
1.151228726e-05
-1.805513285e-05
1.234099266e-05
-2.066629122e-05
1.304926212e-05
-2.333266094e-05
1.360234897e-05
-2.601667264e-05
1.396539759e-05
-2.867796089e-05
1.410643245e-05
-3.127501266e-05
1.399871726e-05
-3.376664646e-05
1.362241666e-05
-3.61131704e-05
1.296556232e-05
-3.827715434e-05
1.202440226e-05
-4.022383284e-05
1.080327647e-05
-4.192121669e-05
9.314195899e-06
-4.334002277e-05
7.576298374e-06
-4.445353459e-05
5.615319967e-06
-4.523746057e-05
3.463168318e-06
-4.566957222e-05
1.157763436e-06
-4.573131516e-05
-1.257991077e-06
-4.540624338e-05
-3.734665047e-06
-4.468166433e-05
-6.217147318e-06
-4.354962751e-05
-8.645245344e-06
-4.200828967e-05
-1.095352243e-05
-4.006371894e-05
-1.307227566e-05
-3.773200998e-05
-1.492916723e-05
-3.504152901e-05
-1.645180721e-05
-3.203498358e-05
-1.757147955e-05
-2.877088133e-05
-1.822805721e-05
-2.532384461e-05
-1.837591799e-05
-2.178323226e-05
-1.799035363e-05
-1.824964119e-05
-1.707360385e-05
-1.482917178e-05
-1.565934404e-05
-1.162581234e-05
-1.381437988e-05
-8.732841823e-06
-1.163659451e-05
-6.224573803e-06
-9.248956678e-06
-4.149849573e-06
-6.79049081e-06
-2.528315913e-06
-4.406155989e-06
-1.349791942e-06
-2.23809389e-06
-5.762324413e-07
-4.203902636e-07
-1.452560672e-07
9.216340272e-07
2.587447605e-08
1.668434234e-06
3.684402922e-08
1.701601684e-06
8.961131596e-07
-3.43810224e-07
1.069164285e-06
-1.213553987e-06
3.134080259e-06
-2.479460152e-06
4.999807404e-06
-4.047443165e-06
6.656089615e-06
-5.855625293e-06
8.139864278e-06
-7.866694193e-06
9.497523817e-06
-1.005877858e-05
1.076709126e-05
-1.24169992e-05
1.196909152e-05
-1.492694799e-05
1.310425015e-05
-1.757052148e-05
1.415586074e-05
-2.032394711e-05
1.509441829e-05
-2.31575241e-05
1.588283911e-05
-2.603650852e-05
1.648133338e-05
-2.892261741e-05
1.685150648e-05
-3.177572653e-05
1.695954157e-05
-3.45554486e-05
1.677843933e-05
-3.722239329e-05
1.628936135e-05
-3.97390219e-05
1.548219092e-05
-4.20701067e-05
1.435548706e-05
-4.418287207e-05
1.291604184e-05
-4.604692187e-05
1.11782457e-05
-4.763405308e-05
9.16342958e-06
-4.891803147e-05
6.899298355e-06
-4.987435086e-05
4.419487707e-06
-5.047985933e-05
1.763271909e-06
-5.071347083e-05
-1.024379577e-06
-5.055568008e-05
-3.892455801e-06
-4.998873017e-05
-6.784097226e-06
-4.899785035e-05
-9.636125161e-06
-4.757254087e-05
-1.237883192e-05
-4.570850512e-05
-1.493631141e-05
-4.341019296e-05
-1.722747939e-05
-4.069383521e-05
-1.916816496e-05
-3.759068819e-05
-2.067462657e-05
-3.415000745e-05
-2.166873795e-05
-3.044107638e-05
-2.208484906e-05
-2.655348173e-05
-2.187794828e-05
-2.259484353e-05
-2.103224205e-05
-1.868546289e-05
-1.956872469e-05
-1.494991563e-05
-1.754992715e-05
-1.150640748e-05
-1.508010266e-05
-8.455518714e-06
-1.229984544e-05
-5.870425742e-06
-9.375583781e-06
-3.790472938e-06
-6.486108792e-06
-2.21904696e-06
-3.809519867e-06
-1.125451913e-06
-1.51398531e-06
-4.494831391e-07
2.456652515e-07
-1.070297289e-07
1.325980823e-06
4.187477788e-09
1.590384478e-06
9.003006387e-07
-4.035108468e-07
1.472675132e-06
-1.408183104e-06
4.138752518e-06
-2.853305937e-06
6.444930237e-06
-4.624520653e-06
8.427304331e-06
-6.647644522e-06
1.016298815e-05
-8.878403996e-06
1.172828329e-05
-1.129099404e-05
1.31796813e-05
-1.386795363e-05
1.45460511e-05
-1.65927016e-05
1.582899813e-05
-1.944505061e-05
1.700820976e-05
-2.239932423e-05
1.80486919e-05
-2.542436584e-05
1.890788073e-05
-2.848468141e-05
1.954164895e-05
-3.15420763e-05
1.990890138e-05
-3.455732228e-05
1.997478755e-05
-3.749156596e-05
1.971268301e-05
-4.030734573e-05
1.910514112e-05
-4.296920859e-05
1.814405378e-05
-4.544399855e-05
1.683027702e-05
-4.770091675e-05
1.517296004e-05
-4.971143656e-05
1.31887655e-05
-5.144911775e-05
1.090111078e-05
-5.288933533e-05
8.339515929e-06
-5.40089339e-05
5.539086282e-06
-5.47856946e-05
2.540032604e-06
-5.519753848e-05
-6.125357007e-07
-5.522453134e-05
-3.865462943e-06
-5.484517527e-05
-7.163453294e-06
-5.403897586e-05
-1.044232457e-05
-5.278720771e-05
-1.363060006e-05
-5.107463085e-05
-1.664888827e-05
-4.889224321e-05
-1.940986703e-05
-4.62409517e-05
-2.181945647e-05
-4.313596255e-05
-2.377961572e-05
-3.961144267e-05
-2.519325784e-05
-3.572470836e-05
-2.597158337e-05
-3.155890832e-05
-2.604374832e-05
-2.72229921e-05
-2.536815828e-05
-2.284785045e-05
-2.394386634e-05
-1.85780257e-05
-2.18197519e-05
-1.455939291e-05
-1.909873546e-05
-1.09244928e-05
-1.593474554e-05
-7.778308218e-06
-1.252176837e-05
-5.187554519e-06
-9.076862489e-06
-3.175632174e-06
-5.821442211e-06
-1.723566086e-06
-2.966051398e-06
-7.754478277e-07
-7.024530075e-07
-2.460433213e-07
7.965763165e-07
-2.8356254e-08
1.372697412e-06
8.719443854e-07
-4.586588773e-07
1.931334008e-06
-1.587094927e-06
5.267188569e-06
-3.195648944e-06
8.053484255e-06
-5.151008749e-06
1.038266413e-05
-7.367402177e-06
1.237938158e-05
-9.793873176e-06
1.415475429e-05
-1.240071732e-05
1.578652544e-05
-1.516786387e-05
1.731319766e-05
-1.807661331e-05
1.873774756e-05
-2.110491578e-05
2.003651223e-05
-2.422558715e-05
2.116936326e-05
-2.740652148e-05
2.208881507e-05
-3.061197792e-05
2.274710539e-05
-3.380422735e-05
2.31011508e-05
-3.69451012e-05
2.311566141e-05
-3.999721473e-05
2.276479653e-05
-4.292481283e-05
2.203273923e-05
-4.569429543e-05
2.091353638e-05
-4.827451811e-05
1.94104997e-05
-5.063694225e-05
1.753538418e-05
-5.275565501e-05
1.530747826e-05
-5.46072247e-05
1.275268047e-05
-5.617033257e-05
9.902623802e-06
-5.742522091e-05
6.793974618e-06
-5.835332812e-05
3.46813981e-06
-5.893244874e-05
-3.341508227e-08
-5.914734925e-05
-3.650562427e-06
-5.897304796e-05
-7.337754593e-06
-5.838576224e-05
-1.102961029e-05
-5.735991052e-05
-1.465645178e-05
-5.58697419e-05
-1.81390569e-05
-5.389203594e-05
-2.138757299e-05
-5.141008243e-05
-2.430140998e-05
-4.841895604e-05
-2.677074211e-05
-4.493177666e-05
-2.868043722e-05
-4.098626803e-05
-2.9917092e-05
-3.6650473e-05
-3.037954335e-05
-3.202604662e-05
-2.999258466e-05
-2.724734961e-05
-2.872256336e-05
-2.247483187e-05
-2.659226963e-05
-1.788218958e-05
-2.369137774e-05
-1.363852293e-05
-2.01784122e-05
-9.888701385e-06
-1.627158991e-05
-6.736434422e-06
-1.222912945e-05
-4.234108381e-06
-8.323768251e-06
-2.3811504e-06
-4.819009379e-06
-1.129659011e-06
-1.953944397e-06
-3.941999007e-07
6.111720725e-08
-6.171663785e-08
1.040214152e-06
8.10227749e-07
-5.069785277e-07
2.438312535e-06
-1.743527583e-06
6.503737624e-06
-3.494425075e-06
9.804381748e-06
-5.609419721e-06
1.249765878e-05
-7.992134056e-06
1.476209591e-05
-1.058526585e-05
1.674788608e-05
-1.335523224e-05
1.855649184e-05
-1.627930439e-05
2.02372698e-05
-1.933669562e-05
2.179513879e-05
-2.250365724e-05
2.320347385e-05
-2.575176183e-05
2.441746786e-05
-2.904823e-05
2.538528323e-05
-3.235725363e-05
2.605612902e-05
-3.564157157e-05
2.638546875e-05
-3.886388332e-05
2.633797315e-05
-4.198795192e-05
2.588886514e-05
-4.497941474e-05
2.502420205e-05
-4.78063891e-05
2.374051074e-05
-5.043994305e-05
2.204405365e-05
-5.285443667e-05
1.99498778e-05
-5.502767047e-05
1.748071206e-05
-5.694074632e-05
1.466575632e-05
-5.857756966e-05
1.153944714e-05
-5.992392295e-05
8.140327909e-06
-6.096581032e-05
4.510027183e-06
-6.169064708e-05
6.914216746e-07
-6.207858793e-05
-3.26262158e-06
-6.211138872e-05
-7.3049538e-06
-6.176323969e-05
-1.137775933e-05
-6.100373134e-05
-1.541596013e-05
-5.979829927e-05
-1.934448897e-05
-5.811029508e-05
-2.307557718e-05
-5.590477057e-05
-2.65069345e-05
-5.315411877e-05
-2.952139391e-05
-4.984550859e-05
-3.19890474e-05
-4.598963794e-05
-3.377296265e-05
-4.162974416e-05
-3.473943714e-05
-3.684910581e-05
-3.477322301e-05
-3.177466954e-05
-3.379699963e-05
-2.657420679e-05
-3.179273238e-05
-2.1445075e-05
-2.882050953e-05
-1.659453857e-05
-2.502894863e-05
-1.221454509e-05
-2.065158339e-05
-8.456676438e-06
-1.59869981e-05
-5.41393465e-06
-1.136651004e-05
-3.113806778e-06
-7.119137251e-06
-1.522596306e-06
-3.54515487e-06
-5.569329425e-07
-9.045461544e-07
-9.76899675e-08
5.809711797e-07
7.125377824e-07
-5.463004777e-07
2.984613013e-06
-1.871163095e-06
7.828600242e-06
-3.738544072e-06
1.167176273e-05
-5.983903418e-06
1.474301812e-05
-8.501454345e-06
1.727964684e-05
-1.12278969e-05
1.947432864e-05
-1.41257422e-05
2.145433713e-05
-1.716950311e-05
2.328103071e-05
-2.033628081e-05
2.496191649e-05
-2.360070174e-05
2.646789478e-05
-2.693320976e-05
2.774997587e-05
-3.030041408e-05
2.875248755e-05
-3.366637013e-05
2.942208506e-05
-3.699405852e-05
2.971315714e-05
-4.024671245e-05
2.959062709e-05
-4.338891581e-05
2.903106849e-05
-4.638752951e-05
2.802281575e-05
-4.921251567e-05
2.65654969e-05
-5.183766335e-05
2.466920133e-05
-5.42411331e-05
2.235334755e-05
-5.640568363e-05
1.964526259e-05
-5.831845019e-05
1.657852288e-05
-5.997019593e-05
1.319119288e-05
-6.135401386e-05
9.524145843e-06
-6.246362529e-05
5.619638611e-06
-6.329209767e-05
1.519894056e-06
-6.382698088e-05
-2.727738374e-06
-6.405308687e-05
-7.078847811e-06
-6.394648462e-05
-1.148436158e-05
-6.347518536e-05
-1.588725939e-05
-6.259884682e-05
-2.02208275e-05
-6.126997453e-05
-2.440444948e-05
-5.943696533e-05
-2.83399437e-05
-5.70494157e-05
-3.190894354e-05
-5.406596771e-05
-3.497249539e-05
-5.046459691e-05
-3.737433345e-05
-4.625460883e-05
-3.894942522e-05
-4.148871999e-05
-3.953911185e-05
-3.627250701e-05
-3.901321261e-05
-3.0767636e-05
-3.729760338e-05
-2.518521691e-05
-3.440292862e-05
-1.976707692e-05
-3.044708861e-05
-1.475626051e-05
-2.56623998e-05
-1.036277039e-05
-2.038048822e-05
-6.734004843e-06
-1.499527559e-05
-3.93853719e-06
-9.914604904e-06
-1.966257829e-06
-5.51743423e-06
-7.40982366e-07
-2.129821615e-06
-1.384477932e-07
-2.156339103e-08
5.740899888e-07
-5.746941508e-07
3.559307164e-06
-1.964447282e-06
9.218353373e-06
-3.91836604e-06
1.362568148e-05
-6.26083561e-06
1.708548769e-05
-8.878028317e-06
1.989683955e-05
-1.170098598e-05
2.22972863e-05
-1.468822418e-05
2.444157534e-05
-1.78113345e-05
2.640414103e-05
-2.104521705e-05
2.819579905e-05
-2.436286295e-05
2.978554068e-05
-2.773358638e-05
3.11206993e-05
-3.112331545e-05
3.214221662e-05
-3.449579063e-05
3.279456024e-05
-3.78139723e-05
3.303133881e-05
-4.104137e-05
3.281802479e-05
-4.41432601e-05
3.213295859e-05
-4.708784324e-05
3.096739888e-05
-4.984735172e-05
2.932500539e-05
-5.239902187e-05
2.722087147e-05
-5.472576799e-05
2.468009367e-05
-5.681637977e-05
2.173587437e-05
-5.86651165e-05
1.842725961e-05
-6.027066109e-05
1.479673747e-05
-6.163449508e-05
1.088797983e-05
-6.275885355e-05
6.743997079e-06
-6.36446373e-05
2.405677807e-06
-6.42869677e-05
-2.085407967e-06
-6.467709177e-05
-6.688723745e-06
-6.479525676e-05
-1.136619659e-05
-6.461129587e-05
-1.607122028e-05
-6.408305205e-05
-2.074907132e-05
-6.315637739e-05
-2.533112415e-05
-6.176690807e-05
-2.972941301e-05
-5.984425521e-05
-3.38315964e-05
-5.731926045e-05
-3.749749016e-05
-5.413472309e-05
-4.05588708e-05
-5.025943981e-05
-4.282470851e-05
-4.570440746e-05
-4.409414419e-05
-4.053862054e-05
-4.417899953e-05
-3.490030745e-05
-4.293591647e-05
-2.89982284e-05
-4.030500767e-05
-2.309806536e-05
-3.634725165e-05
-1.749204659e-05
-3.126841857e-05
-1.245625021e-05
-2.541628459e-05
-8.20694062e-06
-1.924458518e-05
-4.870007769e-06
-1.325153776e-05
-2.472288803e-06
-7.915153194e-06
-9.531108389e-07
-3.648999576e-06
-1.86044737e-07
-7.886294908e-07
3.880452521e-07
-5.905908965e-07
4.149898061e-06
-2.018884736e-06
1.064664721e-05
-4.026136533e-06
1.563293328e-05
-6.429351298e-06
1.948870246e-05
-9.108181258e-06
2.257566951e-05
-1.198834478e-05
2.517744982e-05
-1.502422033e-05
2.747745089e-05
-1.818426312e-05
2.956418381e-05
-2.144103773e-05
3.145257366e-05
-2.476584406e-05
3.311034701e-05
-2.812682456e-05
3.448167981e-05
-3.148914279e-05
3.550453484e-05
-3.481609564e-05
3.612151309e-05
-3.80705052e-05
3.628574838e-05
-4.121614409e-05
3.596366367e-05
-4.421916503e-05
3.513597953e-05
-4.704953784e-05
3.379777169e-05
-4.968241857e-05
3.195788612e-05
-5.209927937e-05
2.963773227e-05
-5.428858433e-05
2.686939863e-05
-5.62458338e-05
2.369312384e-05
-5.797289495e-05
2.015432076e-05
-5.947664969e-05
1.630049221e-05
-6.07670949e-05
1.217842504e-05
-6.185506874e-05
7.831970915e-06
-6.274983893e-05
3.300447998e-06
-6.345439425e-05
-1.380852644e-06
-6.396793516e-05
-6.175182833e-06
-6.427712324e-05
-1.105700851e-05
-6.435676137e-05
-1.599158214e-05
-6.416712357e-05
-2.093870912e-05
-6.365261232e-05
-2.58456354e-05
-6.274186592e-05
-3.064015941e-05
-6.135012421e-05
-3.52233381e-05
-5.938483477e-05
-3.94627796e-05
-5.675544528e-05
-4.318826029e-05
-5.338795895e-05
-4.619219484e-05
-4.924393625e-05
-4.823816689e-05
-4.434207001e-05
-4.908086577e-05
-3.877826416e-05
-4.849972232e-05
-3.273778203e-05
-4.63454898e-05
-2.64916186e-05
-4.259341508e-05
-2.037083408e-05
-3.738920309e-05
-1.471905146e-05
-3.106806721e-05
-9.833935716e-06
-2.412970092e-05
-5.917023258e-06
-1.716845022e-05
-3.049560394e-06
-1.078261605e-05
-1.198567046e-06
-5.499992921e-06
-2.425951665e-07
-1.744601369e-06
1.454500853e-07
-5.928877416e-07
4.742785803e-06
-2.031284854e-06
1.208504432e-05
-4.056345372e-06
1.76579938e-05
-6.481779769e-06
2.191413685e-05
-9.182391451e-06
2.527628119e-05
-1.207893288e-05
2.807399126e-05
-1.512148193e-05
3.051999994e-05
-1.827511967e-05
3.271782155e-05
-2.150993233e-05
3.468738631e-05
-2.479548543e-05
3.639590011e-05
-2.809875506e-05
3.778494944e-05
-3.138416144e-05
3.878994123e-05
-3.461461255e-05
3.93519642e-05
-3.775293977e-05
3.942407559e-05
-4.076348742e-05
3.897421132e-05
-4.361378958e-05
3.798628169e-05
-4.627625922e-05
3.646024133e-05
-4.872972506e-05
3.441135197e-05
-5.096058081e-05
3.186858802e-05
-5.296331997e-05
2.88721378e-05
-5.474031983e-05
2.54701237e-05
-5.630086544e-05
2.171486637e-05
-5.765951613e-05
1.76591429e-05
-5.883400676e-05
1.335291567e-05
-5.984294403e-05
8.84090818e-06
-6.070334598e-05
4.160849955e-06
-6.142509977e-05
-6.590988595e-07
-6.201670524e-05
-5.583577358e-06
-6.247187963e-05
-1.060183412e-05
-6.277275517e-05
-1.56907066e-05
-6.288593155e-05
-2.082553274e-05
-6.275972606e-05
-2.59718409e-05
-6.232249628e-05
-3.107738919e-05
-6.148273439e-05
-3.606309999e-05
-6.013213012e-05
-4.081338387e-05
-5.815303619e-05
-4.516735422e-05
-5.543169618e-05
-4.891353485e-05
-5.187798338e-05
-5.17918797e-05
-4.745097252e-05
-5.350787663e-05
-4.218721145e-05
-5.376348338e-05
-3.622518502e-05
-5.230751623e-05
-2.981606918e-05
-4.900253092e-05
-2.330972438e-05
-4.389554788e-05
-1.710935808e-05
-3.726843351e-05
-1.160100053e-05
-2.963805848e-05
-7.079952617e-06
-2.168949812e-05
-3.702923733e-06
-1.415964493e-05
-1.481551663e-06
-7.721364991e-06
-3.095062003e-07
-2.91664683e-06
-1.640561133e-07
-5.810239005e-07
5.323809703e-06
-1.999941484e-06
1.350396191e-05
-4.005984561e-06
1.966403688e-05
-6.413950073e-06
2.432210237e-05
-9.095626573e-06
2.795795769e-05
-1.196722612e-05
3.09455908e-05
-1.497438545e-05
3.352715927e-05
-1.807859073e-05
3.582202682e-05
-2.124734242e-05
3.785613801e-05
-2.444849994e-05
3.959705762e-05
-2.764800209e-05
4.098445158e-05
-3.080973711e-05
4.195167625e-05
-3.389653674e-05
4.243876384e-05
-3.68716943e-05
4.239923315e-05
-3.970073973e-05
4.180325676e-05
-4.235333498e-05
4.063887695e-05
-4.480512495e-05
3.89120313e-05
-4.703930447e-05
3.664553149e-05
-4.904763647e-05
3.387692003e-05
-5.083072066e-05
3.065522198e-05
-5.239744533e-05
2.703684836e-05
-5.376370003e-05
2.308112107e-05
-5.49505227e-05
1.884596558e-05
-5.598187988e-05
1.438427284e-05
-5.688240859e-05
9.741436889e-06
-5.767610635e-05
4.954547718e-06
-5.837609999e-05
4.089478532e-08
-5.900326779e-05
-4.956409564e-06
-5.955522524e-05
-1.004987666e-05
-6.00237645e-05
-1.522216734e-05
-6.038463172e-05
-2.046466552e-05
-6.059458403e-05
-2.576188859e-05
-6.058819956e-05
-3.108377367e-05
-6.027558002e-05
-3.637571954e-05
-5.954231925e-05
-4.154664463e-05
-5.825351408e-05
-4.64561594e-05
-5.626386286e-05
-5.090318607e-05
-5.343571593e-05
-5.462002662e-05
-4.966592032e-05
-5.727767224e-05
-4.492000453e-05
-5.850939917e-05
-3.926837503e-05
-5.795914573e-05
-3.291406636e-05
-5.535683959e-05
-2.619707427e-05
-5.061253997e-05
-1.956076581e-05
-4.390474197e-05
-1.347694046e-05
-3.572188383e-05
-8.34898669e-06
-2.681745189e-05
-4.432077257e-06
-1.807655436e-05
-1.803914882e-06
-1.034952737e-05
-3.877591702e-07
-4.332802543e-06
-5.518152842e-07
-5.550226638e-07
5.878832367e-06
-1.924733222e-06
1.487367246e-05
-3.87468871e-06
2.161399236e-05
-6.225345931e-06
2.667275959e-05
-8.84749443e-06
3.058010619e-05
-1.165335474e-05
3.375145111e-05
-1.458405693e-05
3.645786147e-05
-1.759732948e-05
3.883529937e-05
-2.065805259e-05
4.091686112e-05
-2.373251985e-05
4.267152489e-05
-2.678592848e-05
4.403786022e-05
-2.978206899e-05
4.494781676e-05
-3.26842721e-05
4.534096695e-05
-3.545701018e-05
4.517197122e-05
-3.806782618e-05
4.441407276e-05
-4.048936485e-05
4.306041562e-05
-4.270125664e-05
4.112392309e-05
-4.469156689e-05
3.863584175e-05
-4.645755138e-05
3.564290452e-05
-4.800557282e-05
3.220324343e-05
-4.935019106e-05
2.83814666e-05
-5.051258462e-05
2.424351463e-05
-5.151855686e-05
1.985193782e-05
-5.239640236e-05
1.526211835e-05
-5.317467733e-05
1.051971185e-05
-5.38791421e-05
5.65901249e-06
-5.453985059e-05
7.016032775e-07
-5.516296787e-05
-4.33329228e-06
-5.576538837e-05
-9.447456162e-06
-5.634576276e-05
-1.464179296e-05
-5.688977972e-05
-1.992064856e-05
-5.736564347e-05
-2.528602485e-05
-5.771940338e-05
-3.073001375e-05
-5.787046465e-05
-3.622465827e-05
-5.770837695e-05
-4.170873233e-05
-5.709275774e-05
-4.70717786e-05
-5.585885829e-05
-5.213708552e-05
-5.383161271e-05
-5.664727221e-05
-5.085060361e-05
-6.025868134e-05
-4.680664454e-05
-6.255335825e-05
-4.168694754e-05
-6.307884272e-05
-3.561972919e-05
-6.142405795e-05
-2.890151287e-05
-5.733075628e-05
-2.198530486e-05
-5.082094998e-05
-1.541342352e-05
-4.229376518e-05
-9.703466922e-06
-3.252740848e-05
-5.231073537e-06
-2.254894775e-05
-2.165213876e-06
-1.341538703e-05
-4.778096668e-07
-6.020206749e-06
-1.02962495e-06
-5.154966494e-07
6.394329015e-06
-1.807139707e-06
1.616531552e-05
-3.664751779e-06
2.347160443e-05
-5.919102247e-06
2.892711005e-05
-8.442196742e-06
3.310320069e-05
-1.114299372e-05
3.645224809e-05
-1.395817774e-05
3.927304549e-05
-1.684164919e-05
4.171877081e-05
-1.975572717e-05
4.383093909e-05
-2.266540387e-05
4.558120159e-05
-2.553559699e-05
4.690805334e-05
-2.833063368e-05
4.774285344e-05
-3.101512389e-05
4.802545717e-05
-3.355560261e-05
4.771244994e-05
-3.592253486e-05
4.678100502e-05
-3.809236553e-05
4.523024629e-05
-4.004929772e-05
4.308085527e-05
-4.178649484e-05
4.037303887e-05
-4.330648386e-05
3.716289354e-05
-4.462068672e-05
3.351744629e-05
-4.574817536e-05
2.950895524e-05
-4.67138777e-05
2.520921698e-05
-4.754652577e-05
2.068458589e-05
-4.827660023e-05
1.599219281e-05
-4.893439932e-05
1.117751094e-05
-4.954857793e-05
6.273191101e-06
-5.014640969e-05
1.299435045e-06
-5.07456947e-05
-3.734007278e-06
-5.136283989e-05
-8.830310966e-06
-5.20050809e-05
-1.399955196e-05
-5.266842208e-05
-1.925730737e-05
-5.333386721e-05
-2.462057972e-05
-5.396223646e-05
-3.010164451e-05
-5.448810311e-05
-3.569879161e-05
-5.481379415e-05
-4.138304129e-05
-5.480519022e-05
-4.708038254e-05
-5.42920037e-05
-5.265027204e-05
-5.307605632e-05
-5.786321959e-05
-5.095139476e-05
-6.238334291e-05
-4.773921451e-05
-6.576553849e-05
-4.333758319e-05
-6.748047404e-05
-3.77798391e-05
-6.698180205e-05
-3.128594047e-05
-6.382465491e-05
-2.428039429e-05
-5.782649616e-05
-1.734731197e-05
-4.922684749e-05
-1.111226197e-05
-3.876245848e-05
-6.088259007e-06
-2.757295071e-05
-2.562672114e-06
-1.694097392e-05
-5.795568797e-07
-8.003321982e-06
-1.60918183e-06
-4.636172073e-07
6.857946223e-06
-1.650175684e-06
1.7351874e-05
-3.3810238e-06
2.520245255e-05
-5.501849213e-06
3.104793547e-05
-7.888294164e-06
3.548964564e-05
-1.044701568e-05
3.901096961e-05
-1.311048613e-05
4.193651593e-05
-1.582882287e-05
4.443710755e-05
-1.856193733e-05
4.656405355e-05
-2.127388966e-05
4.829315392e-05
-2.392990629e-05
4.956406997e-05
-2.649561858e-05
5.030856573e-05
-2.893780361e-05
5.04676422e-05
-3.122598536e-05
5.000063169e-05
-3.333440605e-05
4.88894257e-05
-3.524396549e-05
4.713980572e-05
-3.694376913e-05
4.478065891e-05
-3.843199088e-05
4.186126063e-05
-3.971588415e-05
3.844678681e-05
-4.081094489e-05
3.461250703e-05
-4.173939352e-05
3.043740386e-05
-4.252825056e-05
2.599807402e-05
-4.320731009e-05
2.136364541e-05
-4.380726478e-05
1.65921475e-05
-4.435817014e-05
1.172841631e-05
-4.488840428e-05
6.803425242e-06
-4.542386682e-05
1.83489758e-06
-4.598615245e-05
-3.171721644e-06
-4.659351168e-05
-8.222951743e-06
-4.725862087e-05
-1.333444276e-05
-4.798628489e-05
-1.852964335e-05
-4.87698603e-05
-2.38370043e-05
-4.958602883e-05
-2.928547598e-05
-5.038789812e-05
-3.489692233e-05
-5.109696215e-05
-4.067397725e-05
-5.159530316e-05
-4.658204153e-05
-5.17205638e-05
-5.25250114e-05
-5.126749728e-05
-5.831628611e-05
-5.000095377e-05
-6.364988641e-05
-4.768531492e-05
-6.808117734e-05
-4.41336099e-05
-7.103217907e-05
-3.927436935e-05
-7.184104259e-05
-3.322418231e-05
-6.987484196e-05
-2.633913743e-05
-6.471154104e-05
-1.920532579e-05
-5.636065913e-05
-1.25352714e-05
-4.543251287e-05
-6.986608922e-06
-3.312161318e-05
-2.991204219e-06
-2.093637862e-05
-6.923495294e-07
-1.030217667e-05
-2.301531359e-06
-4.010511265e-07
7.258997348e-06
-1.458250325e-06
1.84090732e-05
-3.03069985e-06
2.677490208e-05
-4.983422355e-06
3.300065797e-05
-7.19830903e-06
3.770453231e-05
-9.580944267e-06
4.139360484e-05
-1.206002959e-05
4.441560126e-05
-1.45820713e-05
4.695914927e-05
-1.710480343e-05
4.908678567e-05
-1.959178478e-05
5.078013527e-05
-2.200919668e-05
5.198148187e-05
-2.432478414e-05
5.26241532e-05
-2.650837663e-05
5.265123469e-05
-2.853333799e-05
5.202559305e-05
-3.037837959e-05
5.07344673e-05
-3.202926775e-05
4.879069388e-05
-3.348004647e-05
4.623143764e-05
-3.473351388e-05
4.311472803e-05
-3.580085047e-05
3.951412341e-05
-3.670047323e-05
3.551212979e-05
-3.745633478e-05
3.119326541e-05
-3.809596613e-05
2.663770537e-05
-3.864856308e-05
2.191624236e-05
-3.914335834e-05
1.708694276e-05
-3.960844435e-05
1.219350231e-05
-4.007008132e-05
7.265062212e-06
-4.05522537e-05
2.317069965e-06
-4.107636523e-05
-2.647610119e-06
-4.166156225e-05
-7.637754715e-06
-4.232383446e-05
-1.267217056e-05
-4.307454936e-05
-1.777892845e-05
-4.391757951e-05
-2.299397415e-05
-4.484455463e-05
-2.835850086e-05
-4.582788313e-05
-3.391359383e-05
-4.681161168e-05
-3.969024871e-05
-4.770097452e-05
-4.569267869e-05
-4.835270818e-05
-5.187327774e-05
-4.856980994e-05
-5.809918435e-05
-4.810610384e-05
-6.41135925e-05
-4.668718404e-05
-6.950009714e-05
-4.405396566e-05
-7.366539746e-05
-4.003153035e-05
-7.58634779e-05
-3.46168587e-05
-7.528951362e-05
-2.806238966e-05
-7.126601007e-05
-2.091075538e-05
-6.351229342e-05
-1.392615113e-05
-5.241711712e-05
-7.904561791e-06
-3.914320252e-05
-3.443602655e-06
-2.539733776e-05
-8.150016798e-07
-1.293077764e-05
-3.116533038e-06
-3.298708387e-07
7.588868186e-06
-1.236964719e-06
1.931616707e-05
-2.623020887e-06
2.816095824e-05
-4.376467085e-06
3.475410417e-05
-6.388207134e-06
3.971627236e-05
-8.564267335e-06
4.356966504e-05
-1.083025277e-05
4.66815867e-05
-1.312936079e-05
4.925825729e-05
-1.541742736e-05
5.137485223e-05
-1.765794508e-05
5.3020653e-05
-1.981867477e-05
5.414221157e-05
-2.187023173e-05
5.467571015e-05
-2.378628096e-05
5.456728392e-05
-2.554471104e-05
5.378402313e-05
-2.712916562e-05
5.231892188e-05
-2.853041813e-05
5.019194639e-05
-2.974721112e-05
4.744823062e-05
-3.078634299e-05
4.415385991e-05
-3.166196391e-05
4.038974432e-05
-3.239421068e-05
3.624437657e-05
-3.300743037e-05
3.18064851e-05
-3.352829133e-05
2.715856634e-05
-3.398406007e-05
2.23720111e-05
-3.440125517e-05
1.750413785e-05
-3.480480198e-05
1.259704913e-05
-3.521768649e-05
7.677946717e-06
-3.566096994e-05
2.760353417e-06
-3.615409802e-05
-2.15448204e-06
-3.671544511e-05
-7.076407629e-06
-3.736229934e-05
-1.202531632e-05
-3.811016984e-05
-1.703105795e-05
-3.897084305e-05
-2.213330093e-05
-3.994852972e-05
-2.738081419e-05
-4.103349066e-05
-3.282863289e-05
-4.219276319e-05
-3.853097617e-05
-4.335823022e-05
-4.452721166e-05
-4.441343025e-05
-5.081807771e-05
-4.518224813e-05
-5.733036647e-05
-4.542483011e-05
-6.387101051e-05
-4.484819566e-05
-7.007673159e-05
-4.314019233e-05
-7.537340079e-05
-4.003391939e-05
-7.896975084e-05
-3.540278707e-05
-7.992064594e-05
-2.937025979e-05
-7.729853735e-05
-2.239137882e-05
-7.049117439e-05
-1.523617734e-05
-5.957231859e-05
-8.817426074e-06
-4.556195379e-05
-3.910906933e-06
-3.03038569e-05
-9.458287127e-07
-1.589585586e-05
-4.062361752e-06
-2.524463271e-07
7.841314513e-06
-9.928641463e-07
2.005658489e-05
-2.168910464e-06
2.933700456e-05
-3.695972244e-06
3.628116595e-05
-5.476807871e-06
4.149710799e-05
-7.419680119e-06
4.551253729e-05
-9.448019425e-06
4.870992601e-05
-1.150214665e-05
5.131238452e-05
-1.353629975e-05
5.340900533e-05
-1.551428837e-05
5.499864161e-05
-1.740598104e-05
5.603390424e-05
-1.918548607e-05
5.645521519e-05
-2.083091193e-05
5.621270977e-05
-2.23251392e-05
5.52782504e-05
-2.365695957e-05
5.365074226e-05
-2.482204403e-05
5.135703085e-05
-2.582337672e-05
4.844956331e-05
-2.667098451e-05
4.50014677e-05
-2.738097875e-05
4.109973856e-05
-2.797407642e-05
3.683747425e-05
-2.847385845e-05
3.230626713e-05
-2.890504311e-05
2.7589751e-05
-2.929201514e-05
2.275898313e-05
-2.965777877e-05
1.786990148e-05
-3.002341603e-05
1.29626864e-05
-3.040803654e-05
8.062567225e-06
-3.082912805e-05
3.181444931e-06
-3.130323481e-05
-1.680375286e-06
-3.184674639e-05
-6.532896047e-06
-3.24765373e-05
-1.139552541e-05
-3.320997077e-05
-1.629762448e-05
-3.406390655e-05
-2.127936516e-05
-3.505196321e-05
-2.639275753e-05
-3.617924848e-05
-3.170134763e-05
-3.74338022e-05
-3.727642244e-05
-3.877438579e-05
-4.318662808e-05
-4.011520629e-05
-4.947725721e-05
-4.130987472e-05
-5.613569805e-05
-4.213937116e-05
-6.304151408e-05
-4.231172925e-05
-6.990437349e-05
-4.148368204e-05
-7.6201448e-05
-3.931518425e-05
-8.113824863e-05
-3.556359366e-05
-8.367223654e-05
-3.021069172e-05
-8.265143929e-05
-2.358721639e-05
-7.711464971e-05
-1.641883091e-05
-6.674070407e-05
-9.699331685e-06
-5.228145302e-05
-4.383007888e-06
-3.56201807e-05
-1.082735424e-06
-1.919612832e-05
-5.145097175e-06
-1.713371417e-07
8.012651655e-06
-7.331629264e-07
2.061841068e-05
-1.680571852e-06
3.028441348e-05
-2.958768374e-06
3.755936247e-05
-4.485172632e-06
4.302351224e-05
-6.172327809e-06
4.719969247e-05
-7.942662975e-06
5.048026117e-05
-9.734187937e-06
5.310390948e-05
-1.149984393e-05
5.517466132e-05
-1.320404554e-05
5.670284321e-05
-1.481914299e-05
5.764900169e-05
-1.632316971e-05
5.795924191e-05
-1.769906938e-05
5.758860944e-05
-1.893495155e-05
5.651413257e-05
-2.002474611e-05
5.474053681e-05
-2.096871839e-05
5.230100314e-05
-2.177350475e-05
4.925434967e-05
-2.245154141e-05
4.567950436e-05
-2.301994369e-05
4.166814084e-05
-2.349902027e-05
3.731655083e-05
-2.391066721e-05
3.271791408e-05
-2.427688231e-05
2.79559661e-05
-2.46185904e-05
2.310069122e-05
-2.495489746e-05
1.820620854e-05
-2.530281816e-05
1.331060709e-05
-2.567745145e-05
8.437200521e-06
-2.609253467e-05
3.596528152e-06
-2.656132223e-05
-1.211587729e-06
-2.70975458e-05
-5.996672476e-06
-2.771645652e-05
-1.07766147e-05
-2.843539256e-05
-1.557868844e-05
-2.92736382e-05
-2.044111952e-05
-3.025084338e-05
-2.541555235e-05
-3.138313797e-05
-3.056905304e-05
-3.267592105e-05
-3.598363936e-05
-3.411242585e-05
-4.175012328e-05
-3.563782417e-05
-4.795185888e-05
-3.714012866e-05
-5.463339356e-05
-3.843166146e-05
-6.174998128e-05
-3.9238317e-05
-6.909771795e-05
-3.920762242e-05
-7.623214258e-05
-3.794930433e-05
-8.239656673e-05
-3.51211408e-05
-8.650040007e-05
-3.056311477e-05
-8.720946532e-05
-2.445633547e-05
-8.322142901e-05
-1.743434444e-05
-7.37626951e-05
-1.052554558e-05
-5.919025188e-05
-4.849483898e-06
-4.129624238e-05
-1.223372162e-06
-2.282224006e-05
-6.368469337e-06
-8.93027087e-08
8.101954363e-06
-4.654343694e-07
2.099454234e-05
-1.171065702e-06
3.099004482e-05
-2.183020925e-06
3.85713177e-05
-3.436014648e-06
4.427650597e-05
-4.849106576e-06
4.861278439e-05
-6.345143594e-06
5.197629819e-05
-7.860531453e-06
5.461929734e-05
-9.347214004e-06
5.666134387e-05
-1.077038144e-05
5.812601065e-05
-1.210505252e-05
5.898367276e-05
-1.33333984e-05
5.91875878e-05
-1.444336374e-05
5.869857477e-05
-1.542831178e-05
5.749908061e-05
-1.628712408e-05
5.559934912e-05
-1.702423887e-05
5.303811792e-05
-1.76493146e-05
4.987942541e-05
-1.817642578e-05
4.620661554e-05
-1.862287087e-05
4.211458593e-05
-1.900777548e-05
3.770145544e-05
-1.93507052e-05
3.306084379e-05
-1.96704786e-05
2.82757395e-05
-1.998431355e-05
2.341452618e-05
-2.03073747e-05
1.852926969e-05
-2.065273065e-05
1.365596304e-05
-2.103168555e-05
8.816155418e-06
-2.145442952e-05
4.019272123e-06
-2.193098726e-05
-7.350299944e-07
-2.247221215e-05
-5.45544758e-06
-2.309106093e-05
-1.015776592e-05
-2.380351212e-05
-1.486623724e-05
-2.462910577e-05
-1.961552587e-05
-2.559041609e-05
-2.445424203e-05
-2.671061582e-05
-2.944885331e-05
-2.800797644e-05
-3.468627874e-05
-2.948601186e-05
-4.027208786e-05
-3.111828347e-05
-4.631958727e-05
-3.282801338e-05
-5.292366365e-05
-3.446497354e-05
-6.011302112e-05
-3.578576386e-05
-6.777692764e-05
-3.644831813e-05
-7.556958831e-05
-3.603606688e-05
-8.280881798e-05
-3.412941803e-05
-8.840704892e-05
-3.043709996e-05
-9.090178339e-05
-2.497802798e-05
-8.8680501e-05
-1.825345006e-05
-8.048727302e-05
-1.127483053e-05
-6.616887142e-05
-5.30059731e-06
-4.72704756e-05
-1.365356503e-06
-2.675748087e-05
-7.73382584e-06
-8.224241662e-09
8.110178605e-06
-1.970496828e-07
2.118336778e-05
-6.538948189e-07
3.144688995e-05
-1.38773218e-06
3.930515506e-05
-2.353160424e-06
4.524193421e-05
-3.478063689e-06
4.973768766e-05
-4.687363862e-06
5.318559837e-05
-5.916725765e-06
5.584865924e-05
-7.117410669e-06
5.786202877e-05
-8.255442996e-06
5.926404297e-05
-9.308504874e-06
6.003673464e-05
-1.026289668e-05
6.014197961e-05
-1.111151793e-05
5.954719602e-05
-1.185283592e-05
5.824039859e-05
-1.24903819e-05
5.623689509e-05
-1.303230493e-05
5.358004094e-05
-1.349069891e-05
5.033781939e-05
-1.388063138e-05
4.6596548e-05
-1.421896003e-05
4.245291458e-05
-1.452310094e-05
3.800559635e-05
-1.480991976e-05
3.334766261e-05
-1.509487819e-05
2.856069794e-05
-1.539151001e-05
2.371115799e-05
-1.571124495e-05
1.884900463e-05
-1.60635579e-05
1.4008276e-05
-1.645639904e-05
9.20899655e-06
-1.689685508e-05
4.459728169e-06
-1.739209368e-05
-2.397913965e-07
-1.795021881e-05
-4.897322447e-06
-1.858169457e-05
-9.526290162e-06
-1.930035715e-05
-1.414757467e-05
-2.012444694e-05
-1.879143608e-05
-2.107692592e-05
-2.350176305e-05
-2.218438029e-05
-2.834139894e-05
-2.347334121e-05
-3.339731782e-05
-2.49624993e-05
-3.878292978e-05
-2.664925313e-05
-4.463283344e-05
-2.848968684e-05
-5.108322994e-05
-3.037297568e-05
-5.822973227e-05
-3.209477115e-05
-6.605513217e-05
-3.333930865e-05
-7.432505081e-05
-3.36862666e-05
-8.246186003e-05
-3.266352923e-05
-8.94297863e-05
-2.986690328e-05
-9.369840933e-05
-2.515245763e-05
-9.339494665e-05
-1.885954596e-05
-8.678018469e-05
-1.193141698e-05
-7.30970004e-05
-5.72830853e-06
-5.347358405e-05
-1.50653548e-06
-3.097925392e-05
-9.24036132e-06
6.8681448e-08
8.041497157e-06
6.426028151e-08
2.118778895e-05
-1.421323409e-07
3.165328257e-05
-5.92287073e-07
3.975530979e-05
-1.261101076e-06
4.591074821e-05
-2.087917678e-06
5.056450426e-05
-3.001667998e-06
5.409934869e-05
-3.938288667e-06
5.678527991e-05
-4.848729521e-06
5.877246962e-05
-5.699828849e-06
6.01151423e-05
-6.471758433e-06
6.080866423e-05
-7.154739991e-06
6.082496117e-05
-7.746400897e-06
6.013885693e-05
-8.25003423e-06
5.874403193e-05
-8.673463239e-06
5.66603241e-05
-9.028112754e-06
5.393469046e-05
-9.328034121e-06
5.063774076e-05
-9.58882236e-06
4.685733624e-05
-9.826501555e-06
4.269059378e-05
-1.005650962e-05
3.823560441e-05
-1.029290163e-05
3.358405462e-05
-1.054784304e-05
2.881563935e-05
-1.083140912e-05
2.399472407e-05
-1.115166384e-05
1.916925934e-05
-1.151496875e-05
1.43715809e-05
-1.192647111e-05
9.620498915e-06
-1.239074153e-05
4.923998584e-06
-1.291249789e-05
2.819649604e-07
-1.349766717e-05
-4.312153165e-06
-1.415423731e-05
-8.869720017e-06
-1.489362942e-05
-1.340818256e-05
-1.573185025e-05
-1.795321525e-05
-1.669041632e-05
-2.254319698e-05
-1.779636139e-05
-2.723545386e-05
-1.908027335e-05
-3.211340586e-05
-2.057076369e-05
-3.729243944e-05
-2.228345258e-05
-4.292014454e-05
-2.42026852e-05
-4.916399733e-05
-2.62555102e-05
-5.617690727e-05
-2.828058492e-05
-6.403005745e-05
-2.999996971e-05
-7.260566603e-05
-3.100912086e-05
-8.145270887e-05
-3.080834402e-05
-8.963056314e-05
-2.890366135e-05
-9.560309201e-05
-2.499738785e-05
-9.730122014e-05
-1.92486918e-05
-9.252888074e-05
-1.248619539e-05
-7.985949681e-05
-6.127164565e-06
-5.983261488e-05
-1.645260082e-06
-3.54611584e-05
-1.08856214e-05
1.392474397e-07
7.902249717e-06
3.095227881e-07
2.10175136e-05
3.487206282e-07
3.161408473e-05
1.837121804e-07
3.992031824e-05
-1.844498294e-07
4.627891022e-05
-7.07721924e-07
5.108777635e-05
-1.320532195e-06
5.471215896e-05
-1.960417494e-06
5.742516521e-05
-2.578515763e-06
5.939056789e-05
-3.142430033e-06
6.067905657e-05
-3.634528625e-06
6.130076282e-05
-4.048588551e-06
6.123902109e-05
-4.386596761e-06
6.047686514e-05
-4.656308737e-06
5.90137439e-05
-4.869474326e-06
5.687348969e-05
-5.040434341e-06
5.410565047e-05
-5.184870551e-06
5.078217697e-05
-5.318648691e-06
4.699111438e-05
-5.456808127e-06
4.282875321e-05
-5.612787524e-06
3.839158381e-05
-5.797949536e-06
3.376921664e-05
-6.021414748e-06
2.903910456e-05
-6.290166808e-06
2.426347613e-05
-6.609362728e-06
1.948845526e-05
-6.982776953e-06
1.474499512e-05
-7.413322164e-06
1.005104412e-05
-7.903624429e-06
5.414300847e-06
-8.456601207e-06
8.349417379e-07
-9.076376616e-06
-3.692377756e-06
-9.768888152e-06
-8.17720848e-06
-1.054320723e-05
-1.263386348e-05
-1.141270728e-05
-1.70837152e-05
-1.239632465e-05
-2.155957961e-05
-1.351937342e-05
-2.611240509e-05
-1.481303461e-05
-3.081974467e-05
-1.631100551e-05
-3.579446854e-05
-1.804125133e-05
-4.118989872e-05
-2.001045844e-05
-4.719479022e-05
-2.217939801e-05
-5.400796769e-05
-2.442986621e-05
-6.177958925e-05
-2.65288056e-05
-7.050672664e-05
-2.810308079e-05
-7.987843369e-05
-2.864863307e-05
-8.908501086e-05
-2.760705331e-05
-9.664467177e-05
-2.45431937e-05
-0.0001003650798
-1.942828612e-05
-9.764378832e-05
-1.29370817e-05
-8.635070123e-05
-6.494956139e-06
-6.627474043e-05
-1.780650522e-06
-4.017546402e-05
-1.266627192e-05
2.020357459e-07
7.700213971e-06
5.348480956e-07
2.068470125e-05
8.078228534e-07
3.134110998e-05
9.203830472e-07
3.980775805e-05
8.513555922e-07
4.634793768e-05
6.332457076e-07
5.130588623e-05
3.235940131e-07
5.502181066e-05
-1.794509649e-08
5.776670432e-05
-3.432339847e-07
5.971585678e-05
-6.206600841e-07
6.095648267e-05
-8.3444561e-07
6.151454834e-05
-9.814542188e-07
6.13860297e-05
-1.067561617e-06
6.056297253e-05
-1.104562691e-06
5.905074497e-05
-1.107777068e-06
5.687670406e-05
-1.094187914e-06
5.409206132e-05
-1.080941073e-06
5.076893013e-05
-1.084136914e-06
4.699431022e-05
-1.117932677e-06
4.286254898e-05
-1.193996129e-06
3.846764726e-05
-1.321324299e-06
3.389654481e-05
-1.506390916e-06
2.922417117e-05
-1.753537778e-06
2.451062299e-05
-2.065501653e-06
1.980041914e-05
-2.44397982e-06
1.512347329e-05
-2.890176311e-06
1.049724061e-05
-3.405302794e-06
5.929427328e-06
-3.991060543e-06
1.420699485e-06
-4.650223462e-06
-3.033214838e-06
-5.387121738e-06
-7.440310204e-06
-6.208832394e-06
-1.181215282e-05
-7.126090804e-06
-1.616645679e-05
-8.154722108e-06
-2.05309483e-05
-9.316939969e-06
-2.495018723e-05
-1.0641943e-05
-2.949474164e-05
-1.216446124e-05
-3.427195031e-05
-1.391928775e-05
-3.943507221e-05
-1.592905034e-05
-4.518502763e-05
-1.818240002e-05
-5.175461802e-05
-2.060135823e-05
-5.936063104e-05
-2.300070808e-05
-6.810737679e-05
-2.505013836e-05
-7.782900341e-05
-2.626155657e-05
-8.787359264e-05
-2.603771647e-05
-9.686851187e-05
-2.382711051e-05
-0.0001025756857
-1.941419849e-05
-0.0001020567003
-1.328847056e-05
-9.247642915e-05
-6.833029984e-06
-7.2730181e-05
-1.912814688e-06
-4.509567931e-05
-1.457908661e-05
2.553317804e-07
7.444882191e-06
7.331210003e-07
2.020691203e-05
1.222789378e-06
3.08514416e-05
1.600376884e-06
3.943017054e-05
1.822720924e-06
4.612559363e-05
1.906092146e-06
5.122251501e-05
1.898380505e-06
5.50295223e-05
1.854747892e-06
5.781033693e-05
1.821677338e-06
5.974892733e-05
1.829846995e-06
6.094831301e-05
1.893457995e-06
6.145093734e-05
2.013035225e-06
6.126645247e-05
2.179295942e-06
6.039671182e-05
2.376789326e-06
5.885325159e-05
2.586874637e-06
5.666661875e-05
2.790041508e-06
5.388889444e-05
2.967676001e-06
5.059129564e-05
3.103332077e-06
4.685865415e-05
3.18351936e-06
4.278236169e-05
3.198017465e-06
3.845314916e-05
3.139766988e-06
3.395479528e-05
3.004435359e-06
2.93595028e-05
2.789784797e-06
2.472527355e-05
2.494970566e-06
2.009523336e-05
2.119874836e-06
1.549856901e-05
1.66454176e-06
1.095257369e-05
1.128728464e-06
6.465240622e-06
5.11548087e-07
2.03787986e-06
-1.889062543e-07
-2.332760499e-06
-9.76043414e-07
-6.653173044e-06
-1.855098771e-06
-1.093309747e-05
-2.834489419e-06
-1.518706614e-05
-3.926898557e-06
-1.943853916e-05
-5.150684952e-06
-2.372640083e-05
-6.531424493e-06
-2.81140021e-05
-8.101768123e-06
-3.270160668e-05
-9.898585069e-06
-3.763825526e-05
-1.195424569e-05
-4.312936701e-05
-1.427861391e-05
-4.94302498e-05
-1.6828848e-05
-5.681039694e-05
-1.946707151e-05
-6.546915329e-05
-2.191308759e-05
-7.538298732e-05
-2.371163278e-05
-8.607504745e-05
-2.425110243e-05
-9.632904221e-05
-2.28875729e-05
-0.0001039392153
-1.922688973e-05
-0.0001057173835
-1.354940486e-05
-9.815391402e-05
-7.146205412e-06
-7.913338046e-05
-2.043011788e-06
-5.019887293e-05
-1.66220984e-05
2.978145723e-07
7.147067619e-06
8.9904537e-07
1.960568123e-05
1.582141924e-06
3.016834504e-05
2.20523409e-06
3.880707837e-05
2.705305104e-06
4.562552262e-05
3.081867111e-06
5.0845953e-05
3.371503836e-06
5.473988558e-05
3.623228438e-06
5.755861233e-05
3.880788312e-06
5.949136745e-05
4.173509259e-06
6.065559206e-05
4.514151077e-06
6.111029553e-05
4.901033346e-06
6.087957021e-05
5.321929953e-06
5.997581521e-05
5.758127864e-06
5.841705368e-05
6.187922441e-06
5.623682417e-05
6.589360825e-06
5.348745606e-05
6.942255622e-06
5.023840084e-05
7.229523147e-06
4.657138662e-05
7.43789122e-06
4.257399362e-05
7.558035352e-06
3.833300502e-05
7.584241751e-06
3.392858889e-05
7.513737166e-06
2.943000739e-05
7.34584646e-06
2.489316426e-05
7.081130116e-06
2.035994971e-05
6.720619872e-06
1.585907926e-05
6.265222608e-06
1.140797095e-05
5.715303826e-06
7.015159401e-06
5.070401363e-06
2.68278232e-06
4.329067963e-06
-1.591427099e-06
3.488899787e-06
-5.813004868e-06
2.545612051e-06
-9.989809729e-06
1.492783148e-06
-1.413423723e-05
3.20724478e-07
-1.826648049e-05
-9.852336159e-07
-2.242044274e-05
-2.44579372e-06
-2.6653442e-05
-4.089418206e-06
-3.105798219e-05
-5.951283829e-06
-3.577638964e-05
-8.068054373e-06
-4.101259647e-05
-1.046403979e-05
-4.703426438e-05
-1.312513605e-05
-5.414930068e-05
-1.595759914e-05
-6.26366902e-05
-1.873489896e-05
-7.260568751e-05
-2.104782644e-05
-8.376211997e-05
-2.229295082e-05
-9.508391783e-05
-2.175927937e-05
-0.0001044728867
-1.888756298e-05
-0.0001085890999
-1.373182736e-05
-0.0001033096496
-7.442116544e-06
-8.542309128e-05
-2.173807237e-06
-5.546718224e-05
-1.879590563e-05
3.284766725e-07
6.818590946e-06
1.028022362e-06
1.890613554e-05
1.875497751e-06
2.932086965e-05
2.717808738e-06
3.796476739e-05
3.475445024e-06
4.486788633e-05
4.131633557e-06
5.018976447e-05
4.710429803e-06
5.416108933e-05
5.252991978e-06
5.701605015e-05
5.798931605e-06
5.894542782e-05
6.375467424e-06
6.007905625e-05
6.993770076e-06
6.049199287e-05
7.650205055e-06
6.022313523e-05
8.330004182e-06
5.929601608e-05
9.011547295e-06
5.773551056e-05
9.670259642e-06
5.557811183e-05
1.028173334e-05
5.287598236e-05
1.082398978e-05
4.96961444e-05
1.127891233e-05
4.611646407e-05
1.163291692e-05
4.221998903e-05
1.187696055e-05
3.80889614e-05
1.200602922e-05
3.379952021e-05
1.20182819e-05
2.94177547e-05
1.19140385e-05
2.499740766e-05
1.169478252e-05
2.057920568e-05
1.136230763e-05
1.619155415e-05
1.091808279e-05
1.185219579e-05
1.036285309e-05
7.570389098e-06
9.696380007e-06
3.349255404e-06
8.916979596e-06
-8.120266904e-07
8.023504306e-06
-4.919529577e-06
7.012068248e-06
-8.978373672e-06
5.877773759e-06
-1.299994274e-05
4.613474913e-06
-1.700218164e-05
3.208577366e-06
-2.101554519e-05
1.647077156e-06
-2.509194179e-05
-9.399260906e-08
-2.931691243e-05
-2.045598882e-06
-3.382478337e-05
-4.243887483e-06
-3.881430786e-05
-6.721439841e-06
-4.455671202e-05
-9.485973856e-06
-5.138476667e-05
-1.248275563e-05
-5.963990842e-05
-1.553930689e-05
-6.954913625e-05
-1.830213797e-05
-8.099928889e-05
-2.019615356e-05
-9.318990224e-05
-2.046913296e-05
-0.0001041999073
-1.841442836e-05
-0.0001106438045
-1.384834091e-05
-0.0001078757371
-7.730916662e-06
-9.154051552e-05
-2.309309723e-06
-6.088878918e-05
-2.110521536e-05
3.465283288e-07
6.472062617e-06
1.115997521e-06
1.813666635e-05
2.093210758e-06
2.834365641e-05
3.121610172e-06
3.693636797e-05
4.109867929e-06
4.387962858e-05
5.02648819e-06
4.927314421e-05
5.88235432e-06
5.33052232e-05
6.709123194e-06
5.618928128e-05
7.540598778e-06
5.811395224e-05
8.400731003e-06
5.921892402e-05
9.298570743e-06
5.959415313e-05
1.02284911e-05
5.929321487e-05
1.117339923e-05
5.835110796e-05
1.21090232e-05
5.679988659e-05
1.300806285e-05
5.467907218e-05
1.384361394e-05
5.204043127e-05
1.459166127e-05
4.894809707e-05
1.523262659e-05
4.547549875e-05
1.575204599e-05
4.170056963e-05
1.614050719e-05
3.770050021e-05
1.639302184e-05
3.354700556e-05
1.650803794e-05
2.93027386e-05
1.648630084e-05
2.501914476e-05
1.632974758e-05
2.073575895e-05
1.604057282e-05
1.648072891e-05
1.56205454e-05
1.227222321e-05
1.507062237e-05
8.120312123e-06
1.43911292e-05
4.028748572e-06
1.357816051e-05
9.419947204e-10
1.263427833e-05
-3.975647392e-06
1.155396693e-05
-7.898062272e-06
1.033402241e-05
-1.177999822e-05
8.969491983e-06
-1.563765122e-05
7.453148283e-06
-1.949920149e-05
5.773901679e-06
-2.341269518e-05
3.914752478e-06
-2.745776323e-05
1.850966736e-06
-3.176099763e-05
-4.501686773e-07
-3.651317245e-05
-3.023960141e-06
-4.198292056e-05
-5.893278802e-06
-4.851544801e-05
-9.036101083e-06
-5.649708614e-05
-1.233181837e-05
-6.625341896e-05
-1.548902246e-05
-7.784208481e-05
-1.79785869e-05
-9.070033779e-05
-1.90329052e-05
-0.000103145589
-1.78190949e-05
-0.0001118576148
-1.390942837e-05
-0.0001117854036
-8.024516607e-06
-9.742542729e-05
-2.455543779e-06
-6.6457762e-05
-2.356075914e-05
3.51254152e-07
6.120808464e-06
1.159100618e-06
1.732881988e-05
2.225919302e-06
2.727683773e-05
3.400390871e-06
3.576189641e-05
4.585348352e-06
4.269467109e-05
5.737290827e-06
4.812120173e-05
6.853979863e-06
5.218853417e-05
7.95608888e-06
5.508717226e-05
9.069695457e-06
5.700034566e-05
1.02138619e-05
5.807475758e-05
1.139450583e-05
5.84135092e-05
1.26035798e-05
5.808414089e-05
1.382162693e-05
5.713306083e-05
1.502184232e-05
5.55996712e-05
1.617429251e-05
5.352662199e-05
1.724953037e-05
5.09651934e-05
1.822127474e-05
4.797635269e-05
1.906807934e-05
4.462869416e-05
1.97740548e-05
4.099459416e-05
2.032878919e-05
3.714576583e-05
2.072666403e-05
3.314913072e-05
2.096579004e-05
2.90636126e-05
2.104678451e-05
2.49381503e-05
2.097158332e-05
2.081096014e-05
2.074243083e-05
1.67098814e-05
2.036113457e-05
1.265351948e-05
1.982858864e-05
8.652858046e-06
1.914426657e-05
4.713070646e-06
1.830981617e-05
8.353923933e-07
1.731897379e-05
-2.984805007e-06
1.617219582e-05
-6.751284307e-06
1.486632998e-05
-1.047413239e-05
1.339819411e-05
-1.416951534e-05
1.176357557e-05
-1.786458295e-05
9.955905697e-06
-2.160502531e-05
7.964209232e-06
-2.546606676e-05
5.77055812e-06
-2.956734652e-05
3.348153601e-06
-3.409076794e-05
6.627752662e-07
-3.929754222e-05
-2.317162095e-06
-4.553551065e-05
-5.595824257e-06
-5.321842398e-05
-9.100429418e-06
-6.27488138e-05
-1.260498428e-05
-7.433752995e-05
-1.564141217e-05
-8.76639099e-05
-1.745235808e-05
-0.0001013346431
-1.710312502e-05
-0.0001122068479
-1.392058683e-05
-0.0001149679418
-8.335420407e-06
-0.0001030105937
-2.621065148e-06
-7.217211726e-05
-2.618182428e-05
3.4179305e-07
5.779015413e-06
1.153068679e-06
1.651754425e-05
2.263733143e-06
2.616617326e-05
3.537338858e-06
3.448829069e-05
4.878062071e-06
4.135394788e-05
6.234226541e-06
4.676503726e-05
7.591248479e-06
5.083151223e-05
8.957562624e-06
5.372085811e-05
1.034939517e-05
5.560851311e-05
1.177883151e-05
5.664532124e-05
1.324709971e-05
5.694524101e-05
1.474282559e-05
5.658841501e-05
1.624381005e-05
5.563207636e-05
1.77206442e-05
5.412283706e-05
1.914078489e-05
5.21064813e-05
2.047220922e-05
4.963376907e-05
2.168620085e-05
4.676236106e-05
2.275911993e-05
4.355577508e-05
2.367319097e-05
4.008052312e-05
2.441645114e-05
3.640250566e-05
2.498206405e-05
3.258351781e-05
2.536723168e-05
2.867844497e-05
2.55719332e-05
2.473344878e-05
2.559768869e-05
2.078520465e-05
2.544649666e-05
1.686107342e-05
2.512003844e-05
1.297997771e-05
2.46191934e-05
9.153703082e-06
2.394391735e-05
5.388346698e-06
2.309368041e-05
1.685629337e-06
2.206576984e-05
-1.956894441e-06
2.085904646e-05
-5.544560928e-06
1.947168598e-05
-9.086771908e-06
1.790214377e-05
-1.259997313e-05
1.614890454e-05
-1.611134371e-05
1.420949055e-05
-1.966561133e-05
1.20785665e-05
-2.333514271e-05
9.745098899e-06
-2.723387891e-05
7.189214692e-06
-3.153488373e-05
4.380775228e-06
-3.648910276e-05
1.283832291e-06
-4.243856771e-05
-2.12503461e-06
-4.980955708e-05
-5.815470715e-06
-5.90583777e-05
-9.627742978e-06
-7.052525768e-05
-1.316730227e-05
-8.412435061e-05
-1.571243915e-05
-9.878950622e-05
-1.625452874e-05
-0.0001116647583
-1.387909156e-05
-0.000117343379
-8.675332842e-06
-0.0001082143524
-2.81789877e-06
-7.802955134e-05
-2.899972305e-05
3.167782694e-07
5.462237142e-06
1.092273484e-06
1.574204904e-05
2.194846639e-06
2.506360011e-05
3.513654194e-06
3.316948313e-05
4.962435765e-06
3.990516631e-05
6.486060338e-06
4.524141269e-05
8.058975096e-06
4.925859747e-05
9.6763257e-06
5.210350751e-05
1.134218377e-05
5.394265504e-05
1.305912176e-05
5.492838324e-05
1.482156437e-05
5.518279839e-05
1.66133795e-05
5.479659988e-05
1.840884883e-05
5.383660703e-05
2.017564857e-05
5.235603731e-05
2.187855728e-05
5.040357259e-05
2.348296339e-05
4.802936296e-05
2.495763835e-05
4.52876861e-05
2.627655292e-05
4.223686051e-05
2.741972604e-05
3.893735e-05
2.837322802e-05
3.544900369e-05
2.912853506e-05
3.182821077e-05
2.968146489e-05
2.812551513e-05
3.00309207e-05
2.438399298e-05
3.017764176e-05
2.063848359e-05
3.012311322e-05
1.691560197e-05
2.98687347e-05
1.323435622e-05
2.941529952e-05
9.60713827e-06
2.876279517e-05
6.040851044e-06
2.79104624e-05
2.53796211e-06
2.685652391e-05
-9.029559573e-07
2.560046939e-05
-4.2885064e-06
2.414122334e-05
-7.627525858e-06
2.247887258e-05
-1.093762237e-05
2.061435754e-05
-1.424682867e-05
1.85488004e-05
-1.760005418e-05
1.628184619e-05
-2.10681885e-05
1.38087758e-05
-2.476080852e-05
1.111662221e-05
-2.884273014e-05
8.18059678e-06
-3.355307733e-05
4.964207028e-06
-3.922217796e-05
1.429878613e-06
-4.627522866e-05
-2.428042008e-06
-5.520045708e-05
-6.514421245e-06
-6.643887845e-05
-1.051804511e-05
-8.012072675e-05
-1.377804917e-05
-9.552950217e-05
-1.524378293e-05
-0.0001101990245
-1.377005241e-05
-0.0001188171095
-9.053035959e-06
-0.0001129313689
-3.06271996e-06
-8.401986734e-05
-3.206244301e-05
2.737228396e-07
5.1885143e-06
9.681301521e-07
1.504764172e-05
2.003291955e-06
2.40284383e-05
3.306245409e-06
3.186652968e-05
4.809279501e-06
3.840213221e-05
6.458939138e-06
4.359175305e-05
8.220312809e-06
4.74972238e-05
1.007424324e-05
5.024957708e-05
1.201014806e-05
5.200675022e-05
1.401815427e-05
5.292037703e-05
1.60832613e-05
5.311769137e-05
1.818264397e-05
5.26972172e-05
2.028587657e-05
5.173337444e-05
2.235714349e-05
5.02847704e-05
2.435836255e-05
4.840235353e-05
2.625233599e-05
4.613538951e-05
2.800535375e-05
4.353466834e-05
2.958896364e-05
4.065325061e-05
3.098084465e-05
3.754546899e-05
3.216486825e-05
3.42649801e-05
3.313052106e-05
3.086255795e-05
3.387190271e-05
2.738413349e-05
3.43865156e-05
2.386938009e-05
3.467403944e-05
2.035095975e-05
3.473524188e-05
1.685439954e-05
3.457112886e-05
1.339846924e-05
3.41823925e-05
9.99587463e-06
3.356918685e-05
6.654056695e-06
3.273131415e-05
3.375834809e-06
3.166693649e-05
1.61421709e-07
3.037753192e-05
-2.999101837e-06
2.886259663e-05
-6.112590569e-06
2.712404983e-05
-9.199075564e-06
2.516510242e-05
-1.228788126e-05
2.29899469e-05
-1.542489866e-05
2.060230676e-05
-1.868054836e-05
1.800263227e-05
-2.216113403e-05
1.518386599e-05
-2.602396387e-05
1.21264673e-05
-3.049567864e-05
8.795117741e-06
-3.58908284e-05
5.142825613e-06
-4.262293653e-05
1.133542371e-06
-5.119117383e-05
-3.198129696e-06
-6.210720638e-05
-7.631034207e-06
-7.568782224e-05
-1.15897687e-05
-9.157076767e-05
-1.401870473e-05
-0.0001077700885
-1.356115501e-05
-0.0001192746592
-9.470918652e-06
-0.0001170216052
-3.377896567e-06
-9.011288942e-05
-3.544033958e-05
2.080100367e-07
4.980504264e-06
7.665245616e-07
1.44891272e-05
1.665417404e-06
2.312954546e-05
2.88421667e-06
3.064773041e-05
4.382984145e-06
3.690336474e-05
6.114618034e-06
4.186011916e-05
8.03600277e-06
4.557583906e-05
1.011232681e-05
4.817325304e-05
1.231556002e-05
4.980351702e-05
1.462012638e-05
5.061581067e-05
1.699859938e-05
5.073921837e-05
1.941913087e-05
5.027668571e-05
2.184505429e-05
4.930745102e-05
2.423624319e-05
4.789358149e-05
2.655145804e-05
4.608713869e-05
2.875092669e-05
4.393592086e-05
3.079859707e-05
4.148699796e-05
3.266373664e-05
3.878811104e-05
3.432176194e-05
3.588744368e-05
3.575433531e-05
3.283240673e-05
3.694886439e-05
2.966802887e-05
3.789758969e-05
2.643540819e-05
3.859645677e-05
2.3170513e-05
3.904395299e-05
1.990346353e-05
3.924005397e-05
1.665829855e-05
3.918538309e-05
1.345314012e-05
3.88806433e-05
1.030061442e-05
3.832633612e-05
7.208363879e-06
3.752267407e-05
4.179496859e-06
3.64711709e-05
1.212924883e-06
3.517081326e-05
-1.698744204e-06
3.362514307e-05
-4.566920379e-06
3.183740902e-05
-7.411341512e-06
2.981290466e-05
-1.02633769e-05
2.755826026e-05
-1.317025427e-05
2.508009522e-05
-1.620238332e-05
2.2382348e-05
-1.94633868e-05
1.946196427e-05
-2.310358013e-05
1.630316716e-05
-2.733688153e-05
1.287182667e-05
-3.245948791e-05
9.114225675e-06
-3.886533554e-05
4.970007194e-06
-4.704695535e-05
4.183383034e-07
-5.755553749e-05
-4.414050315e-06
-7.085543362e-05
-9.057967143e-06
-8.692685084e-05
-1.249732746e-05
-0.0001043307282
-1.319518973e-05
-0.000118576797
-9.919047538e-06
-0.0001202977474
-3.791395892e-06
-9.624054106e-05
-3.923173547e-05
1.125372945e-07
4.867966972e-06
4.635217127e-07
1.413814277e-05
1.144474654e-06
2.244859252e-05
2.20377541e-06
2.958842966e-05
3.637642653e-06
3.546949749e-05
5.408089563e-06
4.008967225e-05
7.463449215e-06
4.352047941e-05
9.7509533e-06
4.588574895e-05
1.222184244e-05
4.733262788e-05
1.483135145e-05
4.800630166e-05
1.753646488e-05
4.803410494e-05
2.029380935e-05
4.751934125e-05
2.30587689e-05
4.654249146e-05
2.57859473e-05
4.516640309e-05
2.843058232e-05
4.344250368e-05
3.095035959e-05
4.14161436e-05
3.330713159e-05
3.913022596e-05
3.546820534e-05
3.662703729e-05
3.740703732e-05
3.39486117e-05
3.910332079e-05
3.113612326e-05
4.054255277e-05
2.822879689e-05
4.171522642e-05
2.526273454e-05
4.261581515e-05
2.226992426e-05
4.324170747e-05
1.927757121e-05
4.359222541e-05
1.630778062e-05
4.366782423e-05
1.337754129e-05
4.346953349e-05
1.049890516e-05
4.29986697e-05
7.679227672e-06
4.225684591e-05
4.921320644e-06
4.124640451e-05
2.223366284e-06
3.996897687e-05
-4.213165659e-07
3.842970575e-05
-3.027649261e-06
3.663363236e-05
-5.61526812e-06
3.458785916e-05
-8.217603702e-06
3.230057163e-05
-1.088296673e-05
2.977976373e-05
-1.368157543e-05
2.703065838e-05
-1.671428145e-05
2.40514833e-05
-2.012440506e-05
2.082749814e-05
-2.411289638e-05
1.73240492e-05
-2.895603896e-05
1.348151399e-05
-3.502280033e-05
9.219748049e-06
-4.278518941e-05
4.469853003e-06
-5.280564244e-05
-7.322616727e-07
-6.565331895e-05
-6.0551366e-06
-8.160397591e-05
-1.055860611e-05
-9.982725864e-05
-1.257920782e-05
-0.0001165561953
-1.036470592e-05
-0.0001225122493
-4.333518989e-06
-0.000102271728
-4.356525446e-05
-3.612728099e-08
4.904094255e-06
1.662469941e-08
1.408539079e-05
3.829153374e-07
2.208230188e-05
1.201431119e-06
2.876991388e-05
2.512304342e-06
3.415862427e-05
4.284894305e-06
3.831708229e-05
6.455913199e-06
4.134946051e-05
8.950471898e-06
4.339119025e-05
1.16950885e-05
4.458801128e-05
1.462223676e-05
4.507915339e-05
1.767030568e-05
4.498603602e-05
2.078206921e-05
4.440757771e-05
2.390337163e-05
4.342118904e-05
2.698265333e-05
4.208712139e-05
2.997131501e-05
4.0453842e-05
3.282460916e-05
3.856284944e-05
3.550266773e-05
3.64521674e-05
3.797134463e-05
3.41583604e-05
4.02026802e-05
3.171727613e-05
4.217492178e-05
2.916388168e-05
4.387213417e-05
2.65315845e-05
4.528349745e-05
2.385137126e-05
4.640241945e-05
2.115100226e-05
4.722559243e-05
1.845439823e-05
4.775210714e-05
1.57812659e-05
4.798270988e-05
1.314693856e-05
4.791925639e-05
1.056235864e-05
4.756438561e-05
8.034098458e-06
4.69214053e-05
5.564300954e-06
4.599434055e-05
3.150431026e-06
4.478828489e-05
7.847390961e-07
4.330855361e-05
-1.547917978e-06
4.156283479e-05
-3.869549302e-06
3.955909606e-05
-6.213864974e-06
3.730580377e-05
-8.62967445e-06
3.481036989e-05
-1.118614154e-05
3.207659877e-05
-1.398051033e-05
2.910062725e-05
-1.714843354e-05
2.58650471e-05
-2.087731623e-05
2.233147196e-05
-2.542246382e-05
1.843321961e-05
-3.112454799e-05
1.407325368e-05
-3.842522347e-05
9.141170794e-06
-4.787355956e-05
3.583749681e-06
-6.009589784e-05
-2.403333905e-06
-7.561689232e-05
-8.032578763e-06
-9.419801377e-05
-1.156830645e-05
-0.0001130204676
-1.07347913e-05
-0.0001233457645
-5.027576973e-06
-0.0001079789423
-4.859283143e-05
-2.575608899e-07
5.161655146e-06
-6.388921174e-07
1.446672202e-05
-7.080854317e-07
2.215149519e-05
-2.103368067e-07
2.827216525e-05
9.27644827e-07
3.302064263e-05
2.679214519e-06
3.65655126e-05
4.962890924e-06
3.90657841e-05
7.673059688e-06
4.068102148e-05
1.070682361e-05
4.155424735e-05
1.397050231e-05
4.181547469e-05
1.738148567e-05
4.157505267e-05
2.08670216e-05
4.092204178e-05
2.436236726e-05
3.992584338e-05
2.780929692e-05
3.864019171e-05
3.115533308e-05
3.710780584e-05
3.435361869e-05
3.536456382e-05
3.736314863e-05
3.344263746e-05
4.014906839e-05
3.137244064e-05
4.268282713e-05
2.918351739e-05
4.494207342e-05
2.690463539e-05
4.691027319e-05
2.456338473e-05
4.857609494e-05
2.218554951e-05
4.993264428e-05
1.979445291e-05
5.097664166e-05
1.741040085e-05
5.170763035e-05
1.505027722e-05
5.21272829e-05
1.272728601e-05
5.223884924e-05
1.04507923e-05
5.204676253e-05
8.226185172e-06
5.155639616e-05
6.054667326e-06
5.077395672e-05
3.932870463e-06
4.970657256e-05
1.85212326e-06
4.83611442e-05
-2.024896189e-07
4.674623404e-05
-2.254639148e-06
4.486958353e-05
-4.33721446e-06
4.273823709e-05
-6.498328017e-06
4.035668055e-05
-8.804584997e-06
3.772428642e-05
-1.13481162e-05
3.483140688e-05
-1.4255554e-05
3.16537347e-05
-1.769964405e-05
2.814492916e-05
-2.191365828e-05
2.422834517e-05
-2.720796399e-05
1.979091164e-05
-3.398778995e-05
1.468821888e-05
-4.277086679e-05
8.789924135e-06
-5.419760309e-05
2.13765837e-06
-6.896462656e-05
-4.689744316e-06
-8.737061109e-05
-9.940707384e-06
-0.0001077695045
-1.089145456e-05
-0.0001223950173
-5.872091752e-06
-0.0001129983051
-5.446492319e-05
-6.146208984e-07
5.776276042e-06
-1.618952079e-06
1.54710532e-05
-2.26555663e-06
2.279809974e-05
-2.169061616e-06
2.817567023e-05
-1.22288089e-06
3.207446191e-05
5.203403005e-07
3.48222914e-05
2.935427598e-06
3.665069681e-05
5.889885656e-06
3.772656342e-05
9.242211301e-06
3.82019217e-05
1.287015438e-05
3.818753161e-05
1.666896286e-05
3.777624418e-05
2.054997962e-05
3.704102502e-05
2.44379225e-05
3.60379005e-05
2.826822322e-05
3.4809891e-05
3.198507818e-05
3.339095088e-05
3.554027567e-05
3.180936633e-05
3.88925976e-05
3.009031554e-05
4.200752999e-05
2.825750826e-05
4.485705409e-05
2.633399328e-05
4.741936718e-05
2.43423223e-05
4.967846241e-05
2.23042895e-05
5.162356206e-05
2.024044986e-05
5.324844041e-05
1.816957457e-05
5.455069276e-05
1.61081485e-05
5.553100982e-05
1.406996015e-05
5.619250664e-05
1.206578919e-05
5.654013826e-05
1.010316067e-05
5.658021414e-05
8.186109298e-06
5.632000214e-05
6.314879319e-06
5.576739807e-05
4.485474532e-06
5.493056585e-05
2.688955478e-06
5.381772001e-05
9.103562222e-07
5.243604211e-05
-8.729612433e-07
5.079172511e-05
-2.692897463e-06
4.888831592e-05
-4.594918825e-06
4.672493457e-05
-6.641203642e-06
4.429360385e-05
-8.916785488e-06
4.157540847e-05
-1.153735861e-05
3.853504574e-05
-1.465928132e-05
3.511369789e-05
-1.849231042e-05
3.122059114e-05
-2.331485724e-05
2.672497676e-05
-2.949217557e-05
2.145317863e-05
-3.749906867e-05
1.521094904e-05
-4.79553735e-05
7.904700151e-06
-6.165837767e-05
-7.830791179e-08
-7.938760302e-05
-7.371780745e-06
-0.0001004760317
-1.060486699e-05
-0.0001191619311
-6.811439116e-06
-0.000116791733
-6.12763623e-05
-1.204529566e-06
6.980805605e-06
-3.09787977e-06
1.73644034e-05
-4.473475933e-06
2.417369591e-05
-4.818234918e-06
2.852042922e-05
-4.044906705e-06
3.130113369e-05
-2.259677075e-06
3.303706177e-05
3.606053329e-07
3.40304144e-05
3.616005752e-06
3.447116301e-05
7.338113627e-06
3.447981383e-05
1.137326729e-05
3.415237795e-05
1.559521467e-05
3.35542968e-05
1.990110548e-05
3.273513422e-05
2.420685042e-05
3.173215556e-05
2.844311197e-05
3.057362945e-05
3.255218887e-05
2.928187398e-05
3.648585321e-05
2.7875702e-05
4.020397022e-05
2.637219853e-05
4.367364086e-05
2.478783762e-05
4.6868622e-05
2.313901214e-05
4.976884124e-05
2.144210305e-05
5.235989504e-05
1.97132357e-05
5.463248192e-05
1.796786297e-05
5.658176765e-05
1.622028883e-05
5.820670548e-05
1.448321066e-05
5.950934579e-05
1.276731983e-05
6.049416711e-05
1.108096787e-05
6.116745034e-05
9.429877437e-06
6.153670511e-05
7.816854524e-06
6.16101355e-05
6.241448928e-06
6.139612525e-05
4.699484783e-06
6.090269045e-05
3.182390281e-06
6.013684552e-05
1.676201148e-06
5.910405737e-05
1.598269087e-07
5.780630434e-05
-1.395144433e-06
5.624206944e-05
-3.030683926e-06
5.440311612e-05
-4.802250321e-06
5.227194841e-05
-6.78561778e-06
4.981786465e-05
-9.083274852e-06
4.699146583e-05
-1.183288249e-05
4.371764582e-05
-1.521849041e-05
3.988713609e-05
-1.948434751e-05
3.534788851e-05
-2.495292799e-05
2.989787537e-05
-3.204905552e-05
2.328917573e-05
-4.134667386e-05
1.528534305e-05
-5.365454499e-05
5.951389382e-06
-7.005364935e-05
-3.420665682e-06
-9.11039766e-05
-9.498133354e-06
-0.0001130844634
-7.687628396e-06
-0.000118602238
-6.896399069e-05
-2.199516581e-06
9.180322184e-06
-5.328867466e-06
2.049375429e-05
-7.542885396e-06
2.638771384e-05
-8.274586154e-06
2.925212998e-05
-7.543970174e-06
3.057051771e-05
-5.569515882e-06
3.106260748e-05
-2.616306738e-06
3.107720525e-05
1.065168442e-06
3.078968783e-05
5.254812075e-06
3.02901702e-05
9.775805571e-06
2.963138445e-05
1.448587764e-05
2.884422473e-05
1.927242644e-05
2.794858542e-05
2.404638012e-05
2.695820187e-05
2.873669511e-05
2.588331446e-05
3.328614184e-05
2.473242725e-05
3.764831037e-05
2.351353347e-05
4.178559321e-05
2.223491568e-05
4.566785986e-05
2.090557097e-05
4.927155894e-05
1.953531306e-05
5.257904181e-05
1.813462019e-05
5.557796937e-05
1.671430815e-05
5.826072451e-05
1.528510783e-05
6.062379939e-05
1.385721395e-05
6.26671539e-05
1.243985615e-05
6.439356077e-05
1.104091296e-05
6.580795466e-05
9.666573987e-06
6.691679784e-05
8.32103426e-06
6.772746398e-05
7.006188376e-06
6.824763053e-05
5.721282382e-06
6.848465221e-05
4.462463099e-06
6.844487241e-05
3.22217008e-06
6.813285283e-05
1.988220729e-06
6.755003588e-05
7.426438645e-07
6.669455999e-05
-5.396685425e-07
6.555832496e-05
-1.894448902e-06
6.412504321e-05
-3.368968569e-06
6.236701774e-05
-5.027592311e-06
6.024097947e-05
-6.957236575e-06
5.768219786e-05
-9.274100887e-06
5.45972495e-05
-1.213354205e-05
5.085520859e-05
-1.57423066e-05
4.627886755e-05
-2.037658695e-05
4.063569264e-05
-2.640588061e-05
3.363265668e-05
-3.43436379e-05
2.492816307e-05
-4.495005137e-05
1.433021166e-05
-5.945569793e-05
2.620105824e-06
-7.939387077e-05
-6.977565169e-06
-0.0001034867924
-8.212192825e-06
-0.0001173676103
-7.717618352e-05
-3.887195587e-06
1.306751777e-05
-8.605912772e-06
2.521247148e-05
-1.153947183e-05
2.932127289e-05
-1.232434373e-05
3.003700188e-05
-1.125362663e-05
2.949980061e-05
-8.731648399e-06
2.854062925e-05
-5.136422836e-06
2.748197969e-05
-7.842048065e-07
2.643746979e-05
4.072318171e-06
2.543364721e-05
9.2397348e-06
2.446396782e-05
1.456957367e-05
2.351438586e-05
1.994846554e-05
2.256969354e-05
2.528938269e-05
2.161728472e-05
3.052478076e-05
2.064791639e-05
3.560159703e-05
1.965561098e-05
4.047775146e-05
1.863737905e-05
4.511978327e-05
1.759288387e-05
4.950128556e-05
1.652406869e-05
5.360185313e-05
1.543474549e-05
5.740632525e-05
1.433014806e-05
6.090417438e-05
1.321645902e-05
6.408894972e-05
1.21003325e-05
6.695772634e-05
1.098843734e-05
6.951054392e-05
9.887038571e-06
7.174983248e-05
8.801624398e-06
7.367983083e-05
7.736575642e-06
7.530600138e-05
6.694863709e-06
7.663443699e-05
5.677752762e-06
7.767125889e-05
4.684460488e-06
7.842195702e-05
3.711764969e-06
7.889057655e-05
2.753550555e-06
7.907873912e-05
1.800058156e-06
7.898439979e-05
8.369831899e-07
7.860049021e-05
-1.557589602e-07
7.791517547e-05
-1.209134166e-06
7.690419826e-05
-2.357991353e-06
7.553110617e-05
-3.654500232e-06
7.37415909e-05
-5.167721303e-06
7.145689241e-05
-6.989402397e-06
6.856598993e-05
-9.24263957e-06
6.491560299e-05
-1.209191965e-05
6.030053039e-05
-1.576151435e-05
5.445241941e-05
-2.055776963e-05
4.703337e-05
-2.692458848e-05
3.762020017e-05
-3.553688154e-05
2.57692353e-05
-4.760473307e-05
1.159575638e-05
-6.522039185e-05
-2.003962086e-06
-8.988707392e-05
-7.828843664e-06
-0.0001115427287
-8.500502719e-05
-6.714005018e-06
1.978152279e-05
-1.296722784e-05
3.14656943e-05
-1.567441097e-05
3.202845602e-05
-1.54023736e-05
2.97649645e-05
-1.298973228e-05
2.708715928e-05
-9.100811807e-06
2.465170878e-05
-4.227099719e-06
2.26082676e-05
1.274877779e-06
2.09354923e-05
7.152231608e-06
1.955629339e-05
1.322455571e-05
1.839164372e-05
1.936241734e-05
1.737652424e-05
2.547112406e-05
1.646098682e-05
3.148003606e-05
1.560837272e-05
3.733538534e-05
1.479256711e-05
4.299542536e-05
1.399557096e-05
4.842721717e-05
1.320558725e-05
5.360455593e-05
1.24155451e-05
5.850665747e-05
1.162196715e-05
6.311731909e-05
1.082408387e-05
6.742435346e-05
1.002311369e-05
7.141915873e-05
9.22165374e-06
7.509633871e-05
8.423152516e-06
7.84533254e-05
7.631450649e-06
8.148998114e-05
6.850382823e-06
8.420817177e-05
6.083433764e-06
8.661130955e-05
5.333437862e-06
8.870386499e-05
4.60230826e-06
9.049081598e-05
3.890801767e-06
9.197708803e-05
3.198188445e-06
9.316695401e-05
2.521898986e-06
9.406330558e-05
1.857198984e-06
9.466629573e-05
1.197068005e-06
9.497125176e-05
5.320271618e-07
9.496742088e-05
-1.519280804e-07
9.464276141e-05
-8.844746884e-07
9.396688958e-05
-1.682119525e-06
9.289830804e-05
-2.585918691e-06
9.137548779e-05
-3.644901051e-06
8.931000329e-05
-4.923917892e-06
8.657791135e-05
-6.51054763e-06
8.300762457e-05
-8.521632868e-06
7.836776303e-05
-1.11216528e-05
7.235023102e-05
-1.454023762e-05
6.456244562e-05
-1.913680308e-05
5.449893186e-05
-2.547336779e-05
4.153004214e-05
-3.463584334e-05
2.509910848e-05
-4.878945819e-05
6.94602023e-06
-7.173398567e-05
-4.996322975e-06
-9.960038551e-05
-9.000135016e-05
-1.119828765e-05
3.097981043e-05
-1.648330314e-05
3.675070981e-05
-1.557450857e-05
3.111966144e-05
-1.144222297e-05
2.563267889e-05
-5.667375345e-06
2.131231166e-05
9.562295957e-07
1.802810384e-05
7.986394391e-06
1.55781028e-05
1.516550843e-05
1.375637825e-05
2.234048938e-05
1.238131244e-05
2.941970541e-05
1.131242768e-05
3.634540779e-05
1.045082186e-05
4.30782015e-05
9.728193101e-06
4.958928893e-05
9.097285294e-06
5.585629954e-05
8.5255565e-06
6.186094519e-05
7.990925302e-06
6.758777018e-05
7.478762259e-06
7.302356698e-05
6.979748309e-06
7.815716789e-05
6.488366239e-06
8.297942458e-05
6.001827191e-06
8.748325765e-05
5.519280616e-06
9.166370258e-05
5.041208816e-06
9.5517908e-05
4.568947105e-06
9.904506388e-05
4.10429477e-06
0.0001022462512
3.649195509e-06
0.0001051242125
3.205472471e-06
0.0001076830435
2.774606853e-06
0.000109927801
2.357550791e-06
0.0001118640338
1.954568971e-06
0.0001134971587
1.565063532e-06
0.00011483175
1.187307673e-06
0.0001158712279
8.177211172e-07
0.0001166175554
4.507404616e-07
0.0001170638319
8.575064907e-08
0.000117207655
-2.957511475e-07
0.000117024472
-7.012917284e-07
0.0001164897661
-1.147413647e-06
0.0001155605409
-1.65669348e-06
0.0001141737775
-2.258137628e-06
0.0001122392217
-2.989362037e-06
0.000109630077
-3.901402964e-06
0.0001061692799
-5.060835752e-06
0.0001016133388
-6.565711738e-06
9.562524722e-05
-8.552146038e-06
8.775174624e-05
-1.12633021e-05
7.737213421e-05
-1.509375576e-05
6.367153507e-05
-2.09352442e-05
4.549785874e-05
-3.061578185e-05
2.296095028e-05
-4.919707721e-05
3.090412052e-06
-7.972984729e-05
-8.691093811e-05
-1.25402465e-05
4.352005693e-05
-6.171226308e-06
3.038168962e-05
5.71452787e-06
1.923390727e-05
1.736509367e-05
1.39821131e-05
2.808003192e-05
1.05973734e-05
3.789327896e-05
8.214856794e-06
4.689364581e-05
6.57773596e-06
5.518633626e-05
5.463687802e-06
6.288050227e-05
4.687146428e-06
7.006855086e-05
4.124379092e-06
7.682006703e-05
3.699305691e-06
8.318441451e-05
3.363845612e-06
8.919524927e-05
3.086450537e-06
9.48744967e-05
2.846309071e-06
0.0001002355623
2.62985967e-06
0.0001052859183
2.428406323e-06
0.0001100291584
2.23650813e-06
0.0001144666011
2.050923616e-06
0.0001185985166
1.869911675e-06
0.0001224250471
1.692750091e-06
0.0001259468666
1.519389323e-06
0.0001291656191
1.350194583e-06
0.0001320841654
1.18574847e-06
0.0001347066638
1.026697109e-06
0.0001370385077
8.736285525e-07
0.0001390861396
7.269750222e-07
0.0001408567565
5.869338152e-07
0.0001423579217
4.534037701e-07
0.000143597011
3.259742348e-07
0.0001445802714
2.040473073e-07
0.0001453103293
8.766325852e-08
0.0001457892167
-2.814695725e-08
0.000146027937
-1.529696854e-07
0.0001460053379
-2.73151999e-07
0.0001457087471
-4.047009333e-07
0.000145115201
-5.538675286e-07
0.0001441861305
-7.276230603e-07
0.000142864998
-9.370051051e-07
0.0001410713549
-1.195718863e-06
0.0001386923773
-1.522425451e-06
0.0001355715222
-1.939980589e-06
0.0001314902252
-2.484414777e-06
0.000126138717
-3.200637833e-06
0.0001190615402
-4.186125312e-06
0.0001095596428
-5.59185828e-06
9.652325703e-05
-7.898858471e-06
7.82001152e-05
-1.229264001e-05
5.213849416e-05
-2.313545618e-05
1.97212595e-05
-4.731261262e-05
-6.71896786e-05
4.352005692e-05
7.390174654e-05
9.313565381e-05
0.0001071177669
0.0001177151403
0.0001259299971
0.0001325077331
0.0001379714209
0.0001426585673
0.0001467829464
0.0001504822521
0.0001538460977
0.0001569325482
0.0001597788573
0.000162408717
0.0001648371233
0.0001670736314
0.000169124555
0.0001709944667
0.0001726872168
0.0001742066061
0.0001755568007
0.0001767425492
0.0001777692463
0.0001786428748
0.0001793698499
0.0001799567837
0.0001804101875
0.0001807361617
0.000180940209
0.0001810278723
0.0001809997253
0.0001808467556
0.0001805736036
0.0001801689027
0.0001796150351
0.0001788874121
0.000177950407
0.0001767546881
0.0001752322627
0.0001732922821
0.0001708078673
0.0001676072295
0.0001634211042
0.0001578292459
0.0001499303874
0.0001376377474
0.0001145022912
6.718967861e-05
)
;

boundaryField
{
    movingWall
    {
        type            calculated;
        value           uniform 0;
    }
    fixedWalls
    {
        type            calculated;
        value           uniform 0;
    }
    frontAndBack
    {
        type            empty;
    }
}


// ************************************************************************* //
