/*--------------------------------*- C++ -*----------------------------------*\
  =========                 |
  \\      /  F ield         | OpenFOAM: The Open Source CFD Toolbox
   \\    /   O peration     | Website:  https://openfoam.org
    \\  /    A nd           | Version:  11
     \\/     M anipulation  |
\*---------------------------------------------------------------------------*/
FoamFile
{
    format      ascii;
    class       volVectorField;
    location    "5";
    object      U;
}
// * * * * * * * * * * * * * * * * * * * * * * * * * * * * * * * * * * * * * //

dimensions      [0 1 -1 0 0 0 0];

internalField   nonuniform List<vector> 
2500
(
(2.297668101e-05 -2.297666255e-05 0)
(-1.278230309e-05 1.449420556e-05 0)
(-0.0001765230687 5.225067382e-05 0)
(-0.0004193088077 7.577243507e-05 0)
(-0.000715003416 8.812180737e-05 0)
(-0.001040914228 9.338347311e-05 0)
(-0.001381243546 9.473035527e-05 0)
(-0.001726585113 9.418875233e-05 0)
(-0.002071740438 9.28696318e-05 0)
(-0.002413921522 9.130430833e-05 0)
(-0.002751592056 8.96909178e-05 0)
(-0.003083741399 8.804564914e-05 0)
(-0.003409442608 8.629173883e-05 0)
(-0.003727599009 8.430962544e-05 0)
(-0.004036808859 8.196320648e-05 0)
(-0.004335299311 7.911224058e-05 0)
(-0.004620899304 7.561754434e-05 0)
(-0.00489103475 7.134328602e-05 0)
(-0.005142739082 6.61590597e-05 0)
(-0.0053726785 5.994326895e-05 0)
(-0.005577194916 5.2588566e-05 0)
(-0.00575237127 4.400956534e-05 0)
(-0.005894123678 3.415256449e-05 0)
(-0.005998326016 2.300919333e-05 0)
(-0.006060973169 1.064886352e-05 0)
(-0.00607829316 -2.767917349e-06 0)
(-0.006047106209 -1.732064424e-05 0)
(-0.005964970219 -3.252662459e-05 0)
(-0.005830333968 -4.80602866e-05 0)
(-0.005642882748 -6.352046544e-05 0)
(-0.005403659206 -7.843899878e-05 0)
(-0.005115189765 -9.231275183e-05 0)
(-0.00478152988 -0.000104635 0)
(-0.0044082195 -0.0001149302376 0)
(-0.004002145725 -0.0001227887466 0)
(-0.003571320381 -0.0001278960785 0)
(-0.003124593158 -0.0001300526772 0)
(-0.002671336599 -0.0001291798474 0)
(-0.002221143397 -0.0001253080267 0)
(-0.001783577655 -0.000118547567 0)
(-0.001368021875 -0.000109044008 0)
(-0.0009836471801 -9.692183742e-05 0)
(-0.0006395112759 -8.222326584e-05 0)
(-0.0003446756717 -6.485939017e-05 0)
(-0.0001079568946 -4.469265489e-05 0)
(6.088031903e-05 -2.211672649e-05 0)
(0.0001539520897 2.840179561e-06 0)
(0.0001674643194 2.787095359e-05 0)
(0.0001105632502 4.444848109e-05 0)
(3.357300022e-05 3.414578593e-05 0)
(-1.544064428e-05 1.266231737e-05 0)
(-0.0002113530798 0.0002068958344 0)
(-0.0006677899413 0.0003837011267 0)
(-0.001287990022 0.0005067516645 0)
(-0.002023087289 0.0005826416061 0)
(-0.002832338831 0.0006242931058 0)
(-0.003683348594 0.0006436238608 0)
(-0.004554045469 0.0006494732672 0)
(-0.005430328074 0.000647562159 0)
(-0.00630329341 0.0006412235205 0)
(-0.007167148762 0.000632152754 0)
(-0.008017712572 0.0006209877004 0)
(-0.008851386192 0.0006077194753 0)
(-0.009664495156 0.0005919662977 0)
(-0.01045289422 0.0005731456879 0)
(-0.01121174736 0.0005505775075 0)
(-0.01193541989 0.0005235445479 0)
(-0.01261744358 0.0004913309711 0)
(-0.01325053477 0.0004532528593 0)
(-0.01382665865 0.0004086898929 0)
(-0.01433714139 0.0003571230072 0)
(-0.01477283585 0.0002981797683 0)
(-0.01512434446 0.0002316870272 0)
(-0.01538229176 0.0001577291432 0)
(-0.01553769614 7.670773694e-05 0)
(-0.01558264283 -1.062140224e-05 0)
(-0.01551009191 -0.0001031795901 0)
(-0.01531464832 -0.0001993123908 0)
(-0.01499357806 -0.0002970647723 0)
(-0.01454657227 -0.0003941211874 0)
(-0.0139762947 -0.0004878939975 0)
(-0.01328862391 -0.0005756476089 0)
(-0.01249271463 -0.0006546471097 0)
(-0.01160089101 -0.0007223206774 0)
(-0.0106283646 -0.0007764168633 0)
(-0.009592796339 -0.0008151347978 0)
(-0.008513746217 -0.0008372056402 0)
(-0.007412077974 -0.0008419085406 0)
(-0.006309395503 -0.0008290095926 0)
(-0.005227587474 -0.0007986277761 0)
(-0.004188544596 -0.000751046754 0)
(-0.003214073742 -0.0006865104977 0)
(-0.002325965622 -0.0006050677616 0)
(-0.001546046405 -0.0005065809118 0)
(-0.0008958661919 -0.0003912023071 0)
(-0.0003957185504 -0.0002609963464 0)
(-6.056327426e-05 -0.0001208680119 0)
(0.0001031914427 1.43811295e-05 0)
(0.0001134128995 0.0001126626639 0)
(4.244056644e-05 0.0001090089212 0)
(-5.789890599e-05 0.0001828668531 0)
(-0.0004107995799 0.0006701962028 0)
(-0.001127120421 0.001081150669 0)
(-0.002058212913 0.00137705702 0)
(-0.003140135735 0.001570201921 0)
(-0.004323265709 0.001684654224 0)
(-0.005566549182 0.001744224878 0)
(-0.006840567557 0.001767888713 0)
(-0.008125372664 0.001768899806 0)
(-0.009407467546 0.001755607668 0)
(-0.01067743429 0.001732673525 0)
(-0.01192812806 0.001702188839 0)
(-0.01315336195 0.001664562025 0)
(-0.01434701762 0.001619162586 0)
(-0.01550248348 0.001564758901 0)
(-0.01661232491 0.001499801698 0)
(-0.0176681132 0.001422605104 0)
(-0.01866036473 0.001331469227 0)
(-0.01957856317 0.001224777302 0)
(-0.02041125378 0.001101089275 0)
(-0.02114620926 0.0009592440305 0)
(-0.02177067137 0.0007984747975 0)
(-0.02227167242 0.0006185364889 0)
(-0.02263644324 0.0004198346142 0)
(-0.02285293032 0.0002035289695 0)
(-0.02291032183 -2.832685859e-05 0)
(-0.02279956866 -0.0002723870318 0)
(-0.02251407571 -0.0005248726041 0)
(-0.02205048188 -0.0007808067616 0)
(-0.02140897013 -0.001034391501 0)
(-0.02059376304 -0.001279244983 0)
(-0.01961339659 -0.001508678336 0)
(-0.0184807778 -0.001716037857 0)
(-0.01721302045 -0.001895073751 0)
(-0.01583105795 -0.002040291305 0)
(-0.01435906126 -0.002147235668 0)
(-0.01282371961 -0.002212662631 0)
(-0.01125346965 -0.002234559132 0)
(-0.009677769664 -0.002211996005 0)
(-0.008126513765 -0.002144827687 0)
(-0.006629658234 -0.002033293955 0)
(-0.005217073979 -0.001877631169 0)
(-0.003918543357 -0.001677872945 0)
(-0.00276367362 -0.001434127951 0)
(-0.001781319756 -0.001147809824 0)
(-0.0009978707495 -0.0008245579634 0)
(-0.0004330560934 -0.0004795204121 0)
(-9.351005334e-05 -0.0001474526059 0)
(3.945974298e-05 0.0001071169198 0)
(2.937793764e-05 0.0001664784383 0)
(-8.971444487e-05 0.000450751745 0)
(-0.0005732316781 0.001331158842 0)
(-0.001510532025 0.002031571862 0)
(-0.002698675493 0.002534331314 0)
(-0.004059446152 0.00286778635 0)
(-0.005536940433 0.003071125601 0)
(-0.007085056295 0.003181624621 0)
(-0.008670301364 0.003229225047 0)
(-0.01026932364 0.003235380819 0)
(-0.011865666 0.003214050169 0)
(-0.0134473089 0.003173339639 0)
(-0.01500478144 0.003117128844 0)
(-0.0165297459 0.003046431409 0)
(-0.01801401108 0.002960430135 0)
(-0.01944888932 0.002857210955 0)
(-0.02082480681 0.002734258773 0)
(-0.02213109479 0.002588788281 0)
(-0.02335591187 0.002417976473 0)
(-0.02448626907 0.002219149146 0)
(-0.02550814524 0.001989956982 0)
(-0.02640669119 0.001728561448 0)
(-0.027166526 0.00143383803 0)
(-0.0277721309 0.001105594168 0)
(-0.02820834716 0.0007447892392 0)
(-0.02846094433 0.0003537398634 0)
(-0.02851718445 -6.366600892e-05 0)
(-0.02836680032 -0.0005018354808 0)
(-0.02800253659 -0.0009537108321 0)
(-0.02742079915 -0.001410558046 0)
(-0.02662242399 -0.001862301655 0)
(-0.02561312107 -0.002297906901 0)
(-0.02440376124 -0.002705863959 0)
(-0.02301043254 -0.00307476632 0)
(-0.02145422546 -0.003393926963 0)
(-0.01976074748 -0.003653960457 0)
(-0.01795939925 -0.003847250465 0)
(-0.01608248057 -0.00396822503 0)
(-0.01416422751 -0.004013381013 0)
(-0.01223989794 -0.003981033955 0)
(-0.01034502076 -0.003870823968 0)
(-0.008514895281 -0.003683079632 0)
(-0.006784356466 -0.003418232481 0)
(-0.005187709084 -0.003076592556 0)
(-0.003758574912 -0.002658953445 0)
(-0.00252922719 -0.002168710273 0)
(-0.001528784085 -0.001616436404 0)
(-0.0007791167233 -0.001028044621 0)
(-0.000287588426 -0.0004575082361 0)
(-3.850860179e-05 -2.09653062e-06 0)
(1.453157726e-05 0.0001759971377 0)
(-0.0001123655242 0.00079757203 0)
(-0.0006988424239 0.002156530348 0)
(-0.001816261985 0.00319175518 0)
(-0.003213364798 0.003925741964 0)
(-0.004798116648 0.004413625864 0)
(-0.006508738957 0.004714709394 0)
(-0.008295377074 0.004881723945 0)
(-0.0101220754 0.004956289786 0)
(-0.01196357674 0.004968335274 0)
(-0.01380169107 0.004937585613 0)
(-0.01562273642 0.00487571894 0)
(-0.01741562289 0.004788501239 0)
(-0.01917041525 0.004677610755 0)
(-0.02087732087 0.004542059174 0)
(-0.0225260198 0.004379225122 0)
(-0.02410525026 0.004185571576 0)
(-0.02560258087 0.003957138751 0)
(-0.02700432213 0.003689900142 0)
(-0.02829555051 0.003380052373 0)
(-0.02946023363 0.003024287775 0)
(-0.03048145596 0.002620077797 0)
(-0.03134174896 0.002165977532 0)
(-0.03202353126 0.001661947397 0)
(-0.03250966366 0.001109678118 0)
(-0.03278409091 0.0005128965474 0)
(-0.03283253489 -0.0001224076853 0)
(-0.03264349017 -0.0007878988375 0)
(-0.0322089225 -0.001472679663 0)
(-0.03152504592 -0.002163629649 0)
(-0.03059317796 -0.002845699212 0)
(-0.02942028328 -0.003502444979 0)
(-0.02801932937 -0.004116757513 0)
(-0.0264093659 -0.004671719655 0)
(-0.02461527583 -0.00515151974 0)
(-0.02266718788 -0.005542316606 0)
(-0.02059958043 -0.005832937074 0)
(-0.01845015412 -0.006015290088 0)
(-0.0162585948 -0.006084409816 0)
(-0.01406537414 -0.006038093239 0)
(-0.0119107389 -0.005876180126 0)
(-0.009834007808 -0.005599631464 0)
(-0.007873213379 -0.005209695456 0)
(-0.006064997536 -0.00470761209 0)
(-0.004444498216 -0.004095504743 0)
(-0.003044801292 -0.003379340738 0)
(-0.001895365959 -0.002575071918 0)
(-0.001018282537 -0.001719115994 0)
(-0.0004211133555 -0.000883676778 0)
(-9.06325785e-05 -0.000195081595 0)
(5.491960801e-06 0.0001469014737 0)
(-0.0001283398245 0.001204247778 0)
(-0.0007939071086 0.00311411356 0)
(-0.002054144523 0.004524025098 0)
(-0.003618353141 0.00550983462 0)
(-0.005381995885 0.006162558368 0)
(-0.007277560402 0.006566710764 0)
(-0.009251885862 0.006792906827 0)
(-0.01126726197 0.006895438178 0)
(-0.0132973452 0.006913038175 0)
(-0.01532302561 0.00687127082 0)
(-0.01732969414 0.006785375865 0)
(-0.01930527893 0.00666297594 0)
(-0.02123879816 0.006506378209 0)
(-0.02311934685 0.006314379842 0)
(-0.02493542342 0.006083597257 0)
(-0.02667450694 0.005809403613 0)
(-0.02832281798 0.00548658539 0)
(-0.02986521829 0.005109826343 0)
(-0.03128522531 0.004674107292 0)
(-0.03256513258 0.004175083584 0)
(-0.0336862382 0.003609475928 0)
(-0.03462918774 0.002975487614 0)
(-0.03537443907 0.002273242778 0)
(-0.03590285636 0.00150522787 0)
(-0.0361964325 0.0006767036327 0)
(-0.03623910279 -0.000203993691 0)
(-0.03601769083 -0.001125291809 0)
(-0.03552287599 -0.002072124448 0)
(-0.03475020447 -0.003026379729 0)
(-0.03370097025 -0.003967289164 0)
(-0.03238296843 -0.004872158618 0)
(-0.03081099461 -0.005717369033 0)
(-0.02900700265 -0.006479570501 0)
(-0.02699985376 -0.007136967803 0)
(-0.02482462232 -0.007670554076 0)
(-0.02252147792 -0.008065123018 0)
(-0.02013422983 -0.008309890227 0)
(-0.01770868524 -0.008398592282 0)
(-0.01529101654 -0.008329007278 0)
(-0.01292634936 -0.008101959046 0)
(-0.01065775 -0.007720021668 0)
(-0.008525695375 -0.007186324275 0)
(-0.006567955772 -0.00650406491 0)
(-0.004819622594 -0.005677573676 0)
(-0.00331283475 -0.004716005237 0)
(-0.002075589355 -0.003640912925 0)
(-0.001128432413 -0.002498839917 0)
(-0.0004775948323 -0.001379180607 0)
(-0.000109619214 -0.0004351507411 0)
(3.310448835e-06 9.832665752e-05 0)
(-0.0001397442484 0.001655339919 0)
(-0.0008654417718 0.00417405395 0)
(-0.002237088589 0.005992065415 0)
(-0.003933342391 0.007247091182 0)
(-0.005839084315 0.008072903832 0)
(-0.007881501474 0.008583640042 0)
(-0.01000442072 0.008870222477 0)
(-0.01216871961 0.009000762185 0)
(-0.01434741097 0.009023237192 0)
(-0.01652098293 0.008969149493 0)
(-0.01867444017 0.008857261894 0)
(-0.02079525493 0.008696972353 0)
(-0.02287189361 0.008491128771 0)
(-0.02489279902 0.008238226605 0)
(-0.02684571498 0.007934030638 0)
(-0.02871725599 0.00757272673 0)
(-0.03049265341 0.00714773735 0)
(-0.03215563452 0.006652331185 0)
(-0.03368841332 0.006080133604 0)
(-0.03507178732 0.005425612918 0)
(-0.03628534671 0.00468458609 0)
(-0.03730780714 0.003854760214 0)
(-0.03811747843 0.002936303711 0)
(-0.03869288327 0.001932425752 0)
(-0.03901355017 0.0008499222137 0)
(-0.03906093781 -0.0003004100225 0)
(-0.03881941265 -0.001503510057 0)
(-0.03827748875 -0.002739739783 0)
(-0.03742913189 -0.003985375506 0)
(-0.03627479432 -0.005213101919 0)
(-0.03482246794 -0.006392953417 0)
(-0.03308842661 -0.007493631957 0)
(-0.03109755153 -0.008484116693 0)
(-0.02888313067 -0.009335435142 0)
(-0.02648605687 -0.01002240093 0)
(-0.02395342248 -0.01052507922 0)
(-0.02133660571 -0.01082973194 0)
(-0.01868904272 -0.01092904176 0)
(-0.01606395537 -0.01082151618 0)
(-0.01351234252 -0.01051014055 0)
(-0.01108151099 -0.01000056565 0)
(-0.00881430451 -0.009299364454 0)
(-0.006748994623 -0.008413158992 0)
(-0.004919547935 -0.007349684324 0)
(-0.0033557539 -0.00612209579 0)
(-0.002082486984 -0.004757929173 0)
(-0.001116793156 -0.003313838572 0)
(-0.000461289138 -0.001896198282 0)
(-9.837497899e-05 -0.0006850290165 0)
(6.750349657e-06 4.849174107e-05 0)
(-0.0001480796759 0.002139585895 0)
(-0.0009194753125 0.005312537409 0)
(-0.00237740305 0.00756599929 0)
(-0.004177352076 0.00910501685 0)
(-0.006195718218 0.01011103453 0)
(-0.00835511869 0.01073130011 0)
(-0.01059674083 0.0110791942 0)
(-0.01288030099 0.01123780217 0)
(-0.01517844463 0.01126486506 0)
(-0.01747160427 0.01119798604 0)
(-0.01974479824 0.01105944156 0)
(-0.0219854681 0.01086032419 0)
(-0.02418195659 0.01060391788 0)
(-0.02632247017 0.01028830359 0)
(-0.02839439062 0.00990827353 0)
(-0.03038382732 0.009456690394 0)
(-0.03227533671 0.008925453729 0)
(-0.03405176548 0.008306228519 0)
(-0.03569419773 0.007591062595 0)
(-0.03718200459 0.006772982129 0)
(-0.0384930075 0.005846618014 0)
(-0.03960377401 0.004808884219 0)
(-0.04049006491 0.00365970283 0)
(-0.04112745914 0.002402752352 0)
(-0.04149222224 0.001046192353 0)
(-0.04156235593 -0.0003967701515 0)
(-0.04131858353 -0.00190750146 0)
(-0.04074597171 -0.00346137037 0)
(-0.03983567115 -0.005028375083 0)
(-0.03858615428 -0.006573669216 0)
(-0.0370047311 -0.008058711974 0)
(-0.03510868359 -0.009442958494 0)
(-0.03292588302 -0.01068599607 0)
(-0.03049471812 -0.01174996552 0)
(-0.02786319142 -0.0126020073 0)
(-0.02508714376 -0.01321639447 0)
(-0.02222771008 -0.01357598674 0)
(-0.01934826059 -0.01367269337 0)
(-0.01651120699 -0.01350677013 0)
(-0.01377512753 -0.01308501135 0)
(-0.0111926354 -0.01241820464 0)
(-0.008809265107 -0.01151855772 0)
(-0.006663389217 -0.01039815084 0)
(-0.004786840415 -0.009069776854 0)
(-0.003205586931 -0.007551761511 0)
(-0.001939516018 -0.0058783757 0)
(-0.0009998666433 -0.004116980058 0)
(-0.0003828462487 -0.002391816492 0)
(-6.242143763e-05 -0.0009114843813 0)
(1.425222e-05 1.27076277e-05 0)
(-0.0001543204382 0.002648875073 0)
(-0.0009606462631 0.00651138896 0)
(-0.002485418818 0.009222485449 0)
(-0.004366825668 0.01105813918 0)
(-0.006474732118 0.01225090033 0)
(-0.008728059375 0.01298375924 0)
(-0.01106582541 0.01339433534 0)
(-0.01344685014 0.01358175148 0)
(-0.01584363711 0.01361405729 0)
(-0.01823682741 0.01353517666 0)
(-0.02061176784 0.01337093648 0)
(-0.02295622246 0.01313406855 0)
(-0.02525878371 0.01282819358 0)
(-0.02750779789 0.01245085435 0)
(-0.02969064806 0.01199572433 0)
(-0.0317932731 0.01145416751 0)
(-0.03379984338 0.01081634512 0)
(-0.03569254735 0.010072053 0)
(-0.03745147056 0.009211438347 0)
(-0.03905456912 0.00822570143 0)
(-0.04047775496 0.00710784664 0)
(-0.04169512096 0.005853511237 0)
(-0.04267933493 0.004461870149 0)
(-0.04340224312 0.002936592259 0)
(-0.04383580984 0.001286804098 0)
(-0.04395333173 -0.000472109891 0)
(-0.04373036754 -0.002318009125 0)
(-0.04314686659 -0.004220907312 0)
(-0.0421895578 -0.006143796162 0)
(-0.04085343605 -0.008043095749 0)
(-0.03914395981 -0.009870002947 0)
(-0.03707877839 -0.01157261615 0)
(-0.03468881447 -0.01309874678 0)
(-0.03201843257 -0.01439922407 0)
(-0.02912445036 -0.01543134684 0)
(-0.02607389249 -0.01616200196 0)
(-0.02294059662 -0.01656990735 0)
(-0.0198010057 -0.01664649266 0)
(-0.01672967861 -0.01639511439 0)
(-0.01379518087 -0.01582863521 0)
(-0.01105699854 -0.0149658328 0)
(-0.008563926195 -0.01382758498 0)
(-0.006354019979 -0.0124342339 0)
(-0.004455730553 -0.01080589902 0)
(-0.002889348182 -0.008967717735 0)
(-0.001667467626 -0.006961891933 0)
(-0.00079279055 -0.004867704236 0)
(-0.000251957764 -0.002829126914 0)
(-6.267238195e-06 -0.001086425985 0)
(2.479724665e-05 3.290435397e-06 0)
(-0.000159095333 0.003177328018 0)
(-0.0009923899567 0.007756916849 0)
(-0.002569294737 0.01094360055 0)
(-0.004515119812 0.0130867723 0)
(-0.006694863743 0.01447248982 0)
(-0.009024627587 0.01532142811 0)
(-0.01144177755 0.0157968631 0)
(-0.01390453476 0.01601487945 0)
(-0.0163854846 0.01605436487 0)
(-0.01886571047 0.0159658172 0)
(-0.02133115945 0.01577869301 0)
(-0.02377022832 0.01550734074 0)
(-0.02617209755 0.01515563573 0)
(-0.02852560511 0.01472045916 0)
(-0.03081848458 0.01419420296 0)
(-0.03303683378 0.01356652195 0)
(-0.03516472652 0.01282556801 0)
(-0.03718391893 0.011958922 0)
(-0.0390736315 0.01095439778 0)
(-0.0408104121 0.009800843006 0)
(-0.04236810367 0.008489015461 0)
(-0.04371795532 0.007012574993 0)
(-0.04482892063 0.005369197785 0)
(-0.04566819772 0.003561788684 0)
(-0.04620221717 0.001599758232 0)
(-0.04639810962 -0.0004997910152 0)
(-0.04622440127 -0.002711478454 0)
(-0.04565383055 -0.004999703832 0)
(-0.04466671013 -0.007319680208 0)
(-0.04325263727 -0.009617633711 0)
(-0.04141368764 -0.01183233187 0)
(-0.03916699705 -0.01389771454 0)
(-0.03654653136 -0.01574657625 0)
(-0.03360363815 -0.01731507594 0)
(-0.03040599971 -0.0185476114 0)
(-0.02703480598 -0.01940137497 0)
(-0.02358026323 -0.01984978949 0)
(-0.0201358678 -0.01988407636 0)
(-0.0167921647 -0.01951244803 0)
(-0.01363092215 -0.01875688203 0)
(-0.01072067066 -0.01764805346 0)
(-0.008114329452 -0.0162196914 0)
(-0.005849159184 -0.01450425454 0)
(-0.003948600928 -0.01253227851 0)
(-0.002424833739 -0.01033791614 0)
(-0.001280250137 -0.007972894502 0)
(-0.0005057836052 -0.005530055393 0)
(-7.497128613e-05 -0.003175567425 0)
(6.737708485e-05 -0.001186063784 0)
(3.783668539e-05 3.002132727e-05 0)
(-0.0001628138349 0.003720656397 0)
(-0.001017185158 0.009038906948 0)
(-0.002635191865 0.01271579517 0)
(-0.004632556171 0.01517595259 0)
(-0.006870752796 0.01676065606 0)
(-0.009263855566 0.01772969615 0)
(-0.01174809028 0.01827311495 0)
(-0.01428139489 0.01852473899 0)
(-0.01683667043 0.01857478442 0)
(-0.01939567025 0.0184805912 0)
(-0.0219451963 0.01827535899 0)
(-0.0244745689 0.01797506427 0)
(-0.02697388016 0.01758377916 0)
(-0.02943280626 0.01709761037 0)
(-0.03183978745 0.01650749967 0)
(-0.03418142973 0.01580115756 0)
(-0.03644203262 0.01496440798 0)
(-0.03860318968 0.01398219581 0)
(-0.04064344178 0.01283946006 0)
(-0.0425379901 0.01152202006 0)
(-0.04425849819 0.01001757207 0)
(-0.04577303337 0.008316852905 0)
(-0.04704621201 0.006414992343 0)
(-0.04803961728 0.004313034014 0)
(-0.0487127456 0.002019597608 0)
(-0.04902489963 -0.0004472499221 0)
(-0.0489354298 -0.003059219369 0)
(-0.0484073815 -0.005775251124 0)
(-0.04741221351 -0.008541970019 0)
(-0.04593174639 -0.01129363011 0)
(-0.04396275164 -0.01395382938 0)
(-0.04152067411 -0.01643871549 0)
(-0.03864232685 -0.01866179205 0)
(-0.03538696701 -0.02054006011 0)
(-0.03183521887 -0.02200086692 0)
(-0.02808558538 -0.0229884936 0)
(-0.02424867438 -0.02346932602 0)
(-0.0204396471 -0.02343449928 0)
(-0.01676977384 -0.022899205 0)
(-0.01333831191 -0.02189847111 0)
(-0.0102260471 -0.02048008424 0)
(-0.007491650544 -0.01869631763 0)
(-0.005171407642 -0.01659704558 0)
(-0.003281913966 -0.01422744589 0)
(-0.001824203693 -0.01163359869 0)
(-0.0007867971808 -0.008878622033 0)
(-0.0001449298018 -0.006070769331 0)
(0.0001441910756 -0.003401762715 0)
(0.0001568111416 -0.001188791596 0)
(5.325383291e-05 0.0001015552485 0)
(-0.0001657342999 0.004275682259 0)
(-0.001036741616 0.01034973017 0)
(-0.002687521952 0.01452888677 0)
(-0.004726677698 0.01731441016 0)
(-0.007013213845 0.01910404649 0)
(-0.009459850432 0.02019776952 0)
(-0.0120021403 0.02081325825 0)
(-0.01459804948 0.02110273534 0)
(-0.01722103358 0.02116819249 0)
(-0.01985374473 0.02107408586 0)
(-0.0224840911 0.0208575008 0)
(-0.02510260429 0.02053608845 0)
(-0.02770061445 0.02011409145 0)
(-0.03026899643 0.01958675124 0)
(-0.03279728252 0.01894339951 0)
(-0.03527298368 0.01816955841 0)
(-0.03768101497 0.0172483739 0)
(-0.04000316533 0.01616167305 0)
(-0.04221758822 0.01489088003 0)
(-0.04429832027 0.01341796478 0)
(-0.04621486153 0.01172654572 0)
(-0.04793187865 0.009803225506 0)
(-0.04940912411 0.007639204403 0)
(-0.05060166828 0.005232172168 0)
(-0.05146056602 0.002588399432 0)
(-0.05193529189 -0.0002747865779 0)
(-0.05197392006 -0.003325204929 0)
(-0.05152723261 -0.006518385268 0)
(-0.05055482053 -0.009791067924 0)
(-0.04902804488 -0.01306340083 0)
(-0.04693621326 -0.01624045172 0)
(-0.04429161917 -0.01921605868 0)
(-0.04113330219 -0.02187909275 0)
(-0.03752868684 -0.02412176181 0)
(-0.03357249534 -0.02584907403 0)
(-0.02938268123 -0.02698812501 0)
(-0.0250935198 -0.02749563765 0)
(-0.02084630981 -0.02736222122 0)
(-0.01677853465 -0.02661212771 0)
(-0.01301284239 -0.02529801679 0)
(-0.009647621006 -0.02349136341 0)
(-0.006751019359 -0.02127056604 0)
(-0.004359680989 -0.01871023955 0)
(-0.002482127957 -0.01587614806 0)
(-0.001104878335 -0.01283029103 0)
(-0.0001981294956 -0.009649336494 0)
(0.0002827777176 -0.006459580812 0)
(0.000402033518 -0.003480343471 0)
(0.0002613450237 -0.001074293815 0)
(7.10509264e-05 0.0002261565317 0)
(-0.0001680029906 0.004839955483 0)
(-0.001052144454 0.0116835532 0)
(-0.002729205159 0.01637510759 0)
(-0.004802587873 0.01949356659 0)
(-0.007129649472 0.02149407136 0)
(-0.009622304294 0.02271758984 0)
(-0.01221583532 0.02341013319 0)
(-0.01486852427 0.02374287694 0)
(-0.01755461466 0.02383000021 0)
(-0.02025788607 0.0237433558 0)
(-0.02296760642 0.02352408707 0)
(-0.02567581302 0.02319160641 0)
(-0.02837541628 0.02275034211 0)
(-0.03105888049 0.02219461659 0)
(-0.03371726524 0.02151201945 0)
(-0.03633945775 0.02068565427 0)
(-0.03891148148 0.01969563222 0)
(-0.04141581266 0.0185201448 0)
(-0.04383067511 0.01713638517 0)
(-0.04612931673 0.01552152311 0)
(-0.04827930405 0.01365388518 0)
(-0.05024190788 0.01151445247 0)
(-0.05197170178 0.009088756384 0)
(-0.0534165721 0.006369228621 0)
(-0.05451823435 0.00335800464 0)
(-0.05521269107 7.013828109e-05 0)
(-0.05543587756 -0.003461816564 0)
(-0.05512507015 -0.007188147469 0)
(-0.05422344183 -0.01103519132 0)
(-0.05268994311 -0.01490676115 0)
(-0.05050452398 -0.01868553029 0)
(-0.04767468564 -0.0222378716 0)
(-0.0442400625 -0.02542204124 0)
(-0.04027436174 -0.02809919253 0)
(-0.03588433167 -0.0301459587 0)
(-0.03120573892 -0.03146690523 0)
(-0.02639641767 -0.03200499047 0)
(-0.02162635764 -0.03174817266 0)
(-0.01706504427 -0.0307304404 0)
(-0.01286708669 -0.0290261552 0)
(-0.009158265361 -0.02673787776 0)
(-0.006024984957 -0.02397985851 0)
(-0.003509931067 -0.02086171832 0)
(-0.001615003872 -0.01747860768 0)
(-0.0003094711737 -0.01391448557 0)
(0.0004592055831 -0.01026381029 0)
(0.0007623911071 -0.006671475308 0)
(0.0006917013966 -0.003387289505 0)
(0.0003787147075 -0.0008246395606 0)
(9.10446616e-05 0.0004114876265 0)
(-0.0001696802099 0.005411446833 0)
(-0.001063974964 0.01303566917 0)
(-0.002761923749 0.01824826364 0)
(-0.004863325132 0.0217066279 0)
(-0.007224536876 0.02392396766 0)
(-0.009757100315 0.02528286759 0)
(-0.01239635947 0.02605824042 0)
(-0.01510116192 0.02644070307 0)
(-0.01784675563 0.026557013 0)
(-0.02061827026 0.02648671365 0)
(-0.02340658873 0.0262752146 0)
(-0.02620555896 0.025943825 0)
(-0.02901003722 0.0254972289 0)
(-0.03181450967 0.02492883222 0)
(-0.03461206479 0.02422440333 0)
(-0.03739353497 0.02336444122 0)
(-0.04014668046 0.02232569373 0)
(-0.04285533622 0.02108220089 0)
(-0.04549848131 0.01960617036 0)
(-0.04804922656 0.01786892451 0)
(-0.05047375434 0.01584210875 0)
(-0.05273029471 0.01349932125 0)
(-0.05476828475 0.01081830434 0)
(-0.05652792706 0.00778383137 0)
(-0.05794044058 0.004391458303 0)
(-0.0589294159 0.000652001968 0)
(-0.05941541151 -0.003404712184 0)
(-0.05931894265 -0.007722990562 0)
(-0.05856775037 -0.01221785093 0)
(-0.05710728845 -0.01677412732 0)
(-0.05490726079 -0.02124810348 0)
(-0.05196850496 -0.02547389903 0)
(-0.04832704773 -0.02927407787 0)
(-0.0440555676 -0.03247356931 0)
(-0.03926287984 -0.03491510226 0)
(-0.03409196989 -0.03647444641 0)
(-0.02871612854 -0.03707391902 0)
(-0.02333162226 -0.03669241307 0)
(-0.01814525603 -0.03536964476 0)
(-0.01335660186 -0.03320221317 0)
(-0.009137070581 -0.03033013113 0)
(-0.00561051486 -0.02691522679 0)
(-0.002841093872 -0.02311680182 0)
(-0.000832455873 -0.01907354971 0)
(0.0004618944476 -0.01490213573 0)
(0.001123905721 -0.01072067701 0)
(0.001259980536 -0.006694982862 0)
(0.0009965520429 -0.003108012082 0)
(0.0005035030461 -0.0004271004865 0)
(0.0001126018723 0.0006637534174 0)
(-0.0001707606229 0.005988304604 0)
(-0.001072417979 0.01440195091 0)
(-0.002786367466 0.02014302891 0)
(-0.004910247401 0.0239478082 0)
(-0.007299946129 0.02638799188 0)
(-0.009866965236 0.0278882518 0)
(-0.01254696792 0.02875288037 0)
(-0.01529957141 0.02919238144 0)
(-0.01810121729 0.02934647736 0)
(-0.02093859377 0.02930272094 0)
(-0.0238044506 0.0291110424 0)
(-0.02669475997 0.02879484458 0)
(-0.02960671406 0.02835920991 0)
(-0.0325372995 0.02779671011 0)
(-0.03548221085 0.02709129707 0)
(-0.0384349083 0.02622076223 0)
(-0.04138567925 0.02515823645 0)
(-0.04432060909 0.02387314832 0)
(-0.04722040619 0.02233198638 0)
(-0.05005906305 0.0204991432 0)
(-0.05280238036 0.01833807835 0)
(-0.05540645039 0.01581302708 0)
(-0.0578162916 0.01289149245 0)
(-0.05996491595 0.009547767785 0)
(-0.06177334421 0.005767754774 0)
(-0.06315271823 0.001555146451 0)
(-0.06400948405 -0.003062081201 0)
(-0.06424901994 -0.00802488471 0)
(-0.06378562975 -0.01323476345 0)
(-0.06255476033 -0.01855469124 0)
(-0.06051749939 -0.02381179027 0)
(-0.0576649529 -0.02880627626 0)
(-0.05401899505 -0.03332455417 0)
(-0.04963231142 -0.03715491688 0)
(-0.04459039841 -0.04010349095 0)
(-0.03901655218 -0.04201003488 0)
(-0.03307752089 -0.04276385083 0)
(-0.02698481771 -0.04231906839 0)
(-0.02098648365 -0.04070620688 0)
(-0.01534657814 -0.03803509897 0)
(-0.01031397544 -0.03448434113 0)
(-0.006087184448 -0.03027584761 0)
(-0.00278567008 -0.02563970241 0)
(-0.0004378209402 -0.02078197802 0)
(0.001010450945 -0.01587220086 0)
(0.00167428893 -0.01106369867 0)
(0.001706740567 -0.006549989008 0)
(0.001283385673 -0.002647864826 0)
(0.0006246085648 0.0001195754876 0)
(0.0001342747849 0.0009851714947 0)
(-0.0001711908536 0.006568667747 0)
(-0.001077360384 0.01577842195 0)
(-0.002802467692 0.02205437959 0)
(-0.004943410575 0.02621169573 0)
(-0.007356060839 0.028880753 0)
(-0.009952130224 0.03052864091 0)
(-0.01266778911 0.0314894391 0)
(-0.01546357556 0.03199396049 0)
(-0.01831727692 0.03219528988 0)
(-0.02121732429 0.03218934578 0)
(-0.02415857381 0.03203089206 0)
(-0.02713943653 0.03174569875 0)
(-0.03015984893 0.03133948166 0)
(-0.03321981891 0.0308041678 0)
(-0.03631829916 0.03012201745 0)
(-0.03945217952 0.02926814191 0)
(-0.0426152421 0.02821193613 0)
(-0.04579696648 0.02691788641 0)
(-0.04898111023 0.02534613671 0)
(-0.05214402864 0.02345313485 0)
(-0.0552527514 0.02119265593 0)
(-0.05826293203 0.01851752766 0)
(-0.06111694641 0.01538245299 0)
(-0.06374258959 0.01174836976 0)
(-0.06605312825 0.007588739451 0)
(-0.06795048123 0.002898188363 0)
(-0.06933297712 -0.002297047032 0)
(-0.07009904751 -0.007932426713 0)
(-0.07015903558 -0.01389444203 0)
(-0.06944811936 -0.0200225119 0)
(-0.06792251448 -0.02611663328 0)
(-0.06555520554 -0.031950588 0)
(-0.06232934803 -0.03728549558 0)
(-0.05823772212 -0.04188288761 0)
(-0.05329316776 -0.0455148979 0)
(-0.04754995448 -0.04797578382 0)
(-0.0411288504 -0.04909913679 0)
(-0.0342351468 -0.04878189111 0)
(-0.02715977456 -0.04701050991 0)
(-0.02025771372 -0.04388025463 0)
(-0.01390365815 -0.03959657259 0)
(-0.008432668997 -0.03445097291 0)
(-0.004081755871 -0.0287733788 0)
(-0.0009523381516 -0.02287687208 0)
(0.0009925795242 -0.01702161981 0)
(0.001900232534 -0.01142321773 0)
(0.001985728994 -0.006314781652 0)
(0.001496205123 -0.002049482782 0)
(0.000723264348 0.0007954505859 0)
(0.000153471923 0.001370279625 0)
(-0.0001708855664 0.007150530763 0)
(-0.001078482394 0.01716093897 0)
(-0.002809617621 0.02397716539 0)
(-0.004961929883 0.02849276224 0)
(-0.007391680993 0.03139668747 0)
(-0.01001097258 0.03319863369 0)
(-0.01275660303 0.03426281399 0)
(-0.01559012495 0.03484076235 0)
(-0.01849077706 0.03509934758 0)
(-0.02144888188 0.03514325963 0)
(-0.02446161636 0.03503248031 0)
(-0.0275301324 0.03479551228 0)
(-0.03065752319 0.03443905311 0)
(-0.0338473665 0.03395471073 0)
(-0.03710258686 0.03332333917 0)
(-0.04042441514 0.0325175819 0)
(-0.04381127186 0.0315031865 0)
(-0.04725744138 0.03023959014 0)
(-0.05075143962 0.02868019802 0)
(-0.05427402112 0.02677272619 0)
(-0.05779584262 0.02445999149 0)
(-0.06127494563 0.02168162419 0)
(-0.06465450234 0.01837734917 0)
(-0.06786163489 0.01449260728 0)
(-0.07080826458 0.00998710694 0)
(-0.07339574577 0.004846495438 0)
(-0.0755282197 -0.0009029241638 0)
(-0.07711728887 -0.00717955692 0)
(-0.07808997558 -0.01385925999 0)
(-0.07839588884 -0.02075944487 0)
(-0.07798720921 -0.02766751056 0)
(-0.07679511432 -0.03435753046 0)
(-0.07471368556 -0.04059638428 0)
(-0.07160631337 -0.04614367509 0)
(-0.06733743747 -0.0507448274 0)
(-0.06182393621 -0.05413222146 0)
(-0.05508945903 -0.05604416731 0)
(-0.04730480845 -0.05626397059 0)
(-0.03880188254 -0.05467102946 0)
(-0.03005404997 -0.05128958941 0)
(-0.02162002115 -0.04631649148 0)
(-0.01405582405 -0.04011035193 0)
(-0.007812385605 -0.03313509795 0)
(-0.003150202217 -0.02587201705 0)
(-0.0001043567219 -0.01873962601 0)
(0.001489404419 -0.01206939214 0)
(0.001925250247 -0.00616274178 0)
(0.001554596292 -0.001415590137 0)
(0.0007731521424 0.001546629835 0)
(0.0001665981128 0.001801466317 0)
(-0.0001697423984 0.007731656538 0)
(-0.001075341906 0.01854497793 0)
(-0.002806876517 0.02590581093 0)
(-0.004964317556 0.03078501071 0)
(-0.007404695966 0.03392967206 0)
(-0.01004062181 0.03589211495 0)
(-0.01280957704 0.03706697128 0)
(-0.01567416011 0.03772690516 0)
(-0.01861511063 0.03805302386 0)
(-0.02162474179 0.03815925341 0)
(-0.02470272411 0.03811125957 0)
(-0.02785322006 0.03794074857 0)
(-0.03108287309 0.03765588076 0)
(-0.03439938085 0.03724843496 0)
(-0.03781038648 0.03669834585 0)
(-0.04132245385 0.03597624548 0)
(-0.04493993704 0.03504461356 0)
(-0.04866359083 0.03385807249 0)
(-0.05248880487 0.0323632897 0)
(-0.05640339785 0.03049892527 0)
(-0.06038501915 0.02819613986 0)
(-0.06439844014 0.02538038847 0)
(-0.06839347906 0.02197555021 0)
(-0.0723049715 0.01791167907 0)
(-0.07605646919 0.01313726044 0)
(-0.07956839354 0.007635331197 0)
(-0.08277009038 0.001441201557 0)
(-0.08562445756 -0.005343558339 0)
(-0.08811014202 -0.01257622964 0)
(-0.09019721737 -0.02007403282 0)
(-0.09181892013 -0.02765211718 0)
(-0.09280950858 -0.03514358393 0)
(-0.09288760612 -0.04237750312 0)
(-0.09169109742 -0.04914791071 0)
(-0.08885021233 -0.05517601735 0)
(-0.08408035996 -0.0600995839 0)
(-0.07726580885 -0.06350003922 0)
(-0.06851764224 -0.0649663668 0)
(-0.05819854081 -0.06418074067 0)
(-0.04691087695 -0.06100821947 0)
(-0.03544034918 -0.05556725218 0)
(-0.02464874356 -0.0482528801 0)
(-0.01532291243 -0.03968805007 0)
(-0.008015240297 -0.03060211957 0)
(-0.002937328017 -0.02168088415 0)
(4.410450083e-05 -0.0134701775 0)
(0.001311186423 -0.00640142526 0)
(0.001362111751 -0.0009322397183 0)
(0.0007449435116 0.00227405121 0)
(0.0001704609344 0.002245840896 0)
(-0.0001676559149 0.008309533588 0)
(-0.001067452359 0.01992551604 0)
(-0.002793157889 0.02783413782 0)
(-0.004948794743 0.03308175263 0)
(-0.007392523122 0.03647276695 0)
(-0.01003752363 0.03860196875 0)
(-0.01282195223 0.03989462753 0)
(-0.01570941714 0.04064494535 0)
(-0.01868214201 0.04104875969 0)
(-0.02173446595 0.04122976128 0)
(-0.02486866446 0.04125985392 0)
(-0.02809212258 0.04117453298 0)
(-0.03141537693 0.04098404949 0)
(-0.03485075775 0.04068103088 0)
(-0.03841136006 0.0402452183 0)
(-0.04211010059 0.03964599141 0)
(-0.045958658 0.03884332233 0)
(-0.04996612873 0.03778773064 0)
(-0.05413727236 0.03641975096 0)
(-0.05847030078 0.03466945283 0)
(-0.06295435292 0.03245674721 0)
(-0.06756719048 0.02969362282 0)
(-0.07227436882 0.0262899965 0)
(-0.07703207925 0.02216511719 0)
(-0.08179591564 0.01726538857 0)
(-0.08653518542 0.01158573711 0)
(-0.09125001318 0.005185847138 0)
(-0.09598980643 -0.001811142434 0)
(-0.1008106775 -0.009237644569 0)
(-0.1057011765 -0.01697415207 0)
(-0.1105140985 -0.02494588817 0)
(-0.1148866562 -0.03314806557 0)
(-0.1182460862 -0.04153710233 0)
(-0.1199139587 -0.04996749584 0)
(-0.1192365034 -0.05811208183 0)
(-0.1157117759 -0.06545448883 0)
(-0.1090795208 -0.07134088864 0)
(-0.0993763267 -0.07507827679 0)
(-0.08696406654 -0.07605432441 0)
(-0.07253708812 -0.07386719168 0)
(-0.05709212534 -0.06844857616 0)
(-0.04183464018 -0.06014817808 0)
(-0.02800070818 -0.04973151753 0)
(-0.01660937417 -0.03825080936 0)
(-0.008227015064 -0.02680908553 0)
(-0.002865754629 -0.01633268124 0)
(-7.76697143e-05 -0.007501578733 0)
(0.0008279099735 -0.000883972027 0)
(0.0006164570587 0.002829214064 0)
(0.0001645621625 0.002656462083 0)
(-0.0001645307096 0.008881374353 0)
(-0.001054354749 0.0212970014 0)
(-0.002767402768 0.02975529791 0)
(-0.004913578949 0.0353755056 0)
(-0.007352513131 0.03901808063 0)
(-0.009997963075 0.04131991173 0)
(-0.01278868273 0.04273704843 0)
(-0.01568918156 0.04358563443 0)
(-0.0186830741 0.04407676564 0)
(-0.02176668105 0.04434448981 0)
(-0.0249449108 0.04446759095 0)
(-0.0282284955 0.04448605535 0)
(-0.03163211755 0.04441300534 0)
(-0.03517316368 0.04424279594 0)
(-0.03887083548 0.04395596683 0)
(-0.04274537002 0.0435217567 0)
(-0.04681716308 0.04289885774 0)
(-0.05110562694 0.0420350226 0)
(-0.05562767303 0.04086610942 0)
(-0.06039584665 0.03931527472 0)
(-0.06541646191 0.03729342005 0)
(-0.07068872894 0.03470270836 0)
(-0.07620690252 0.03144573584 0)
(-0.08196856654 0.0274428585 0)
(-0.08799161187 0.0226573224 0)
(-0.09433678696 0.01711993891 0)
(-0.1011212261 0.01093403922 0)
(-0.1085015338 0.004242979802 0)
(-0.1166208799 -0.002830437003 0)
(-0.1254392533 -0.01028888737 0)
(-0.1346036593 -0.01832154338 0)
(-0.1434154723 -0.02722483595 0)
(-0.1509038897 -0.03710832067 0)
(-0.1560657962 -0.04786188889 0)
(-0.158013458 -0.05903461813 0)
(-0.1560971964 -0.06987604743 0)
(-0.1499535233 -0.07943221265 0)
(-0.1395317575 -0.08667423811 0)
(-0.1251211009 -0.09062959513 0)
(-0.1073943359 -0.09052979322 0)
(-0.08744012826 -0.08597976683 0)
(-0.06673782038 -0.07712790069 0)
(-0.04701267698 -0.06477208922 0)
(-0.0299293689 -0.05029935833 0)
(-0.0166778385 -0.03539415754 0)
(-0.007649501672 -0.02161449759 0)
(-0.002430596901 -0.01010526451 0)
(-0.0001078673429 -0.001651806835 0)
(0.0003850010517 0.003021459755 0)
(0.0001542613015 0.002980612612 0)
(-0.0001602937274 0.009444151582 0)
(-0.00103568456 0.02265340357 0)
(-0.002728740133 0.03166180868 0)
(-0.004857150129 0.03765800204 0)
(-0.007282326104 0.04155674855 0)
(-0.009918552013 0.04403644009 0)
(-0.01270503528 0.04558396083 0)
(-0.01560700092 0.04653778872 0)
(-0.01860927614 0.04712483685 0)
(-0.0217100246 0.04749015916 0)
(-0.02491670953 0.04772014211 0)
(-0.0282434147 0.0478600725 0)
(-0.03170908531 0.04792687012 0)
(-0.03533643772 0.04791769574 0)
(-0.03915127337 0.04781515465 0)
(-0.043181956 0.04758983824 0)
(-0.04745885419 0.04720092131 0)
(-0.05201360329 0.04659548548 0)
(-0.05687813785 0.04570727848 0)
(-0.06208367895 0.04445591033 0)
(-0.06766038675 0.04274819703 0)
(-0.07363936764 0.04048446968 0)
(-0.08006005227 0.0375735132 0)
(-0.0869866647 0.03395846892 0)
(-0.09453491171 0.02964935908 0)
(-0.102899596 0.02474375407 0)
(-0.1123531602 0.01940164826 0)
(-0.1231703597 0.01374775149 0)
(-0.1354720095 0.007728592983 0)
(-0.1490638107 0.001022348803 0)
(-0.1632985064 -0.006957251309 0)
(-0.1769895796 -0.0167372537 0)
(-0.1887471495 -0.02869520556 0)
(-0.1974031758 -0.04261172979 0)
(-0.2020075823 -0.0577830754 0)
(-0.2019014138 -0.07316908496 0)
(-0.1966786921 -0.08751609688 0)
(-0.1861776086 -0.09948333136 0)
(-0.1705045019 -0.107741282 0)
(-0.1501258356 -0.1110973291 0)
(-0.1259882955 -0.1086836696 0)
(-0.09961909832 -0.1002146238 0)
(-0.07310945674 -0.08626231443 0)
(-0.04885573023 -0.068397983 0)
(-0.0289959533 -0.04898004562 0)
(-0.01471795143 -0.0305278038 0)
(-0.005910959387 -0.01502690933 0)
(-0.001472153175 -0.003704762146 0)
(6.942958319e-05 0.002637669124 0)
(0.0001522940483 0.003174426074 0)
(-0.0001549058282 0.009994670279 0)
(-0.001011234292 0.02398833897 0)
(-0.0026766365 0.03354568358 0)
(-0.004778498992 0.03992030178 0)
(-0.007180283482 0.04407901914 0)
(-0.009796687437 0.04674088586 0)
(-0.01256715664 0.04842357623 0)
(-0.01545736608 0.04948827422 0)
(-0.01845308602 0.05017828832 0)
(-0.02155407796 0.05065037088 0)
(-0.02477015561 0.0509992957 0)
(-0.0281186073 0.0512765465 0)
(-0.03162257555 0.05150388893 0)
(-0.03531016089 0.0516825431 0)
(-0.03921400001 0.05179870276 0)
(-0.04337109477 0.05182618245 0)
(-0.04782272189 0.05172696309 0)
(-0.05261433266 0.0514504005 0)
(-0.05779551349 0.05093201734 0)
(-0.06342045438 0.05009335167 0)
(-0.06955016069 0.04884547711 0)
(-0.07625896425 0.04710031512 0)
(-0.0836492644 0.04479425706 0)
(-0.0918777855 0.04192431975 0)
(-0.1011896948 0.03858339589 0)
(-0.1119390811 0.03495869232 0)
(-0.1245482317 0.03124350488 0)
(-0.1393528037 0.02744359959 0)
(-0.1563497221 0.02315703706 0)
(-0.1749622716 0.01751403078 0)
(-0.1939597377 0.009440185208 0)
(-0.2118723413 -0.001861071248 0)
(-0.2271917518 -0.01670752349 0)
(-0.2386657688 -0.03460583759 0)
(-0.2455450356 -0.05452126282 0)
(-0.2473114833 -0.07516084101 0)
(-0.243575016 -0.09506344608 0)
(-0.2340519748 -0.1126880869 0)
(-0.2185684012 -0.1264389327 0)
(-0.197188462 -0.1347231048 0)
(-0.1704139932 -0.1361054686 0)
(-0.1394388889 -0.1296087624 0)
(-0.106353691 -0.1151693003 0)
(-0.07411137984 -0.09411813538 0)
(-0.04601169677 -0.06932462392 0)
(-0.02463227633 -0.04457387225 0)
(-0.01075724802 -0.02328967422 0)
(-0.003306841087 -0.007609057172 0)
(-0.0003063394214 0.001445134529 0)
(0.0001732130063 0.003212006431 0)
(-0.0001483725303 0.01052967292 0)
(-0.0009810119297 0.0252952666 0)
(-0.002611036186 0.03539865126 0)
(-0.004677360261 0.04215300246 0)
(-0.007045699524 0.04657444217 0)
(-0.009630985087 0.04942157895 0)
(-0.0123726144 0.05124272509 0)
(-0.01523636719 0.05242211033 0)
(-0.01820859392 0.0532200209 0)
(-0.02129029532 0.05380562179 0)
(-0.02449329002 0.05428289437 0)
(-0.02783774586 0.05471046779 0)
(-0.03135071184 0.05511608133 0)
(-0.03506544246 0.05550639306 0)
(-0.03902128764 0.0558729078 0)
(-0.04326395552 0.05619485425 0)
(-0.04784602756 0.05643985984 0)
(-0.05282772746 0.05656333968 0)
(-0.05827819794 0.05650785523 0)
(-0.06427808958 0.05620461363 0)
(-0.07092531594 0.05558091965 0)
(-0.0783473379 0.05457905121 0)
(-0.08672416351 0.05319083462 0)
(-0.09632282598 0.0515022578 0)
(-0.107530528 0.0497183641 0)
(-0.1208474846 0.04810839696 0)
(-0.1367766053 0.04681226619 0)
(-0.1555703777 0.04553408819 0)
(-0.1769088658 0.04330754116 0)
(-0.1997133307 0.03860661491 0)
(-0.2223009704 0.02987911239 0)
(-0.2429276994 0.01619067171 0)
(-0.2602089962 -0.002316898373 0)
(-0.2732489398 -0.02473255049 0)
(-0.2816297289 -0.04965604749 0)
(-0.2850817016 -0.07568923068 0)
(-0.283301392 -0.1013150385 0)
(-0.2759374851 -0.1249654036 0)
(-0.2625258271 -0.1449568791 0)
(-0.2426159909 -0.1594359473 0)
(-0.215999629 -0.166433546 0)
(-0.1830917058 -0.1641126258 0)
(-0.1453888079 -0.1513199358 0)
(-0.1058218026 -0.1284353572 0)
(-0.06863018502 -0.09818287846 0)
(-0.03827812033 -0.06557192251 0)
(-0.01745650055 -0.03622300433 0)
(-0.005778034051 -0.01408636115 0)
(-0.0007600713913 -0.0008185978676 0)
(0.0002280661736 0.003082813107 0)
(-0.0001407538014 0.01104597563 0)
(-0.0009452953878 0.02656774956 0)
(-0.002532492968 0.03721245886 0)
(-0.004554432372 0.04434654266 0)
(-0.006879194274 0.0490321547 0)
(-0.00942169014 0.05206611197 0)
(-0.01212091188 0.05402710174 0)
(-0.01494232385 0.05532269648 0)
(-0.01787240495 0.05623072807 0)
(-0.02091292414 0.05693348381 0)
(-0.02407721265 0.05754497142 0)
(-0.02738779914 0.05813191748 0)
(-0.03087509209 0.05872917901 0)
(-0.03457693087 0.05935027554 0)
(-0.03853880973 0.0599938454 0)
(-0.04281462431 0.06064692176 0)
(-0.04746788976 0.06128599231 0)
(-0.05257355473 0.06187698789 0)
(-0.05822089104 0.0623759358 0)
(-0.06451865214 0.06273336122 0)
(-0.07160490178 0.06290758206 0)
(-0.07966523242 0.06289321858 0)
(-0.08896244571 0.06276657538 0)
(-0.09987306467 0.06273070515 0)
(-0.1129050515 0.06310649952 0)
(-0.1286404864 0.06418521908 0)
(-0.1475379138 0.06589733107 0)
(-0.1695964767 0.06741745652 0)
(-0.1940391617 0.06702936589 0)
(-0.2192870011 0.06255513865 0)
(-0.2433796251 0.05223431645 0)
(-0.2646291405 0.03546554749 0)
(-0.2819871587 0.01292250751 0)
(-0.2949907969 -0.01399922122 0)
(-0.3037110438 -0.04364145517 0)
(-0.3082519317 -0.07456698384 0)
(-0.308462681 -0.1053683851 0)
(-0.3040520412 -0.1346495162 0)
(-0.2943883071 -0.1608889559 0)
(-0.278567005 -0.1822316613 0)
(-0.2555846155 -0.1963825417 0)
(-0.2247555 -0.2006895763 0)
(-0.1863544226 -0.1926221296 0)
(-0.1423867042 -0.1708205343 0)
(-0.09713144702 -0.13665823 0)
(-0.05672869991 -0.09548040879 0)
(-0.02684947216 -0.05556266083 0)
(-0.009257347411 -0.02415027255 0)
(-0.001396634482 -0.004544267679 0)
(0.0003003159306 0.002752112501 0)
(-0.0001321727469 0.011540633 0)
(-0.0009046827746 0.02779977884 0)
(-0.002442293305 0.03897925485 0)
(-0.004411583901 0.04649159299 0)
(-0.006682987772 0.05144125997 0)
(-0.009171063295 0.05466170351 0)
(-0.01181397294 0.05676161709 0)
(-0.01457638112 0.05817216214 0)
(-0.01744436735 0.05918925045 0)
(-0.02041989697 0.06000896572 0)
(-0.02351718265 0.06075611557 0)
(-0.02676040266 0.06150641946 0)
(-0.03018251133 0.06230293187 0)
(-0.03382499609 0.06316739366 0)
(-0.03773842024 0.0641073541 0)
(-0.04198365063 0.06512004626 0)
(-0.04663379902 0.06619414008 0)
(-0.05177713485 0.06731082946 0)
(-0.05752166791 0.06844659471 0)
(-0.06400289842 0.06958174379 0)
(-0.07139736637 0.07072100953 0)
(-0.07994521783 0.0719320922 0)
(-0.08998198313 0.0733975759 0)
(-0.1019671568 0.07544526202 0)
(-0.1164709163 0.07847526219 0)
(-0.1340540011 0.08268612238 0)
(-0.1549940198 0.08760722413 0)
(-0.1789205785 0.09169513444 0)
(-0.2045863185 0.09244063293 0)
(-0.2300537595 0.08721049039 0)
(-0.2533305503 0.07439656563 0)
(-0.2730452837 0.0540386479 0)
(-0.2886421986 0.02749526417 0)
(-0.3001002757 -0.003427979802 0)
(-0.3079423895 -0.0371110562 0)
(-0.3126242556 -0.07187685739 0)
(-0.3142686762 -0.1066204949 0)
(-0.3127884532 -0.1403017639 0)
(-0.3076120858 -0.1718253387 0)
(-0.2976322018 -0.1996852604 0)
(-0.2812488932 -0.2216536046 0)
(-0.2566868462 -0.2345938208 0)
(-0.2226520396 -0.2346602544 0)
(-0.1793706962 -0.2182501303 0)
(-0.1298096304 -0.1840147906 0)
(-0.08043372809 -0.1356750566 0)
(-0.03995358849 -0.08333871414 0)
(-0.01433865774 -0.03922646763 0)
(-0.002413254703 -0.01037161102 0)
(0.0003605712872 0.002098609061 0)
(-0.000122823109 0.01201112882 0)
(-0.000860138465 0.02898615514 0)
(-0.002342571305 0.04069204689 0)
(-0.004252046559 0.0485795298 0)
(-0.006461174047 0.05379129273 0)
(-0.00888373808 0.05719565271 0)
(-0.01145658812 0.05943085219 0)
(-0.01414305679 0.06095183509 0)
(-0.01692824289 0.06207307615 0)
(-0.01981366005 0.06300506216 0)
(-0.02281365701 0.06388408163 0)
(-0.02595318069 0.06479561916 0)
(-0.02926666964 0.06579184915 0)
(-0.03279796439 0.06690390124 0)
(-0.03660110762 0.06814978695 0)
(-0.04074198125 0.06953908082 0)
(-0.04530088248 0.07107568225 0)
(-0.05037640737 0.07276048681 0)
(-0.05609148124 0.07459696583 0)
(-0.06260311799 0.07660467773 0)
(-0.07011823885 0.07884746566 0)
(-0.0789172387 0.08147981011 0)
(-0.08938124736 0.0847965597 0)
(-0.102002707 0.0892290628 0)
(-0.1173327107 0.09518133379 0)
(-0.1358061017 0.1026183836 0)
(-0.1574328738 0.1105054332 0)
(-0.1814708074 0.1165043589 0)
(-0.2063303538 0.1174271674 0)
(-0.2299496972 0.1104731393 0)
(-0.2505330319 0.09448175824 0)
(-0.2671328627 0.07026697606 0)
(-0.2796993701 0.03986946394 0)
(-0.2887701961 0.005486439014 0)
(-0.2949357181 -0.03112697272 0)
(-0.2987901189 -0.06839499615 0)
(-0.3009272804 -0.1054654806 0)
(-0.30150802 -0.1417370114 0)
(-0.3002549895 -0.1766907656 0)
(-0.2962324672 -0.2094998141 0)
(-0.2876875961 -0.2385087675 0)
(-0.2721409876 -0.2607116073 0)
(-0.2468815552 -0.271485513 0)
(-0.2100229001 -0.26509182 0)
(-0.1621012767 -0.2365730238 0)
(-0.1079065711 -0.1856120997 0)
(-0.05733389731 -0.1212677747 0)
(-0.02166922091 -0.06109597486 0)
(-0.00404116897 -0.01923032928 0)
(0.0003693540502 0.0008654548156 0)
(-0.0001129756575 0.01245559047 0)
(-0.0008130355606 0.03012292566 0)
(-0.002236416519 0.04234523038 0)
(-0.004080595414 0.05060298507 0)
(-0.006219973648 0.05607276217 0)
(-0.008567044492 0.05965587393 0)
(-0.01105681154 0.06201959981 0)
(-0.01365072094 0.06364281416 0)
(-0.0163322892 0.06485897416 0)
(-0.0191018928 0.06589348023 0)
(-0.02197320035 0.06689464421 0)
(-0.02497092469 0.06795829848 0)
(-0.02812973205 0.06914640829 0)
(-0.0314942212 0.07050033179 0)
(-0.0351198719 0.07204967099 0)
(-0.03907494465 0.07381793501 0)
(-0.04344348123 0.07582656788 0)
(-0.04832982513 0.0780995551 0)
(-0.05386549953 0.0806721941 0)
(-0.0602197964 0.08360962144 0)
(-0.06761552795 0.08704129686 0)
(-0.07634935531 0.09121033417 0)
(-0.0868083336 0.0965098938 0)
(-0.0994573472 0.1034278422 0)
(-0.1147523776 0.1122796823 0)
(-0.1329401709 0.1226773664 0)
(-0.15376845 0.1329437319 0)
(-0.1762405856 0.139998164 0)
(-0.1986441336 0.1401827566 0)
(-0.2190386875 0.1307949173 0)
(-0.2359880015 0.1112903797 0)
(-0.2489880523 0.08326167594 0)
(-0.2583570608 0.04934137912 0)
(-0.2648359848 0.01208201789 0)
(-0.269141084 -0.02649955408 0)
(-0.2719100219 -0.06516988093 0)
(-0.2737714312 -0.1031999162 0)
(-0.2751864491 -0.1403367119 0)
(-0.2762969184 -0.1765950581 0)
(-0.2766910907 -0.2119654948 0)
(-0.2750090741 -0.2457938573 0)
(-0.268720364 -0.2759392284 0)
(-0.2542935527 -0.2979401021 0)
(-0.2280417194 -0.3047645688 0)
(-0.1877559914 -0.287994479 0)
(-0.1350883344 -0.2416565119 0)
(-0.078154054 -0.1695662282 0)
(-0.03169211264 -0.0915379592 0)
(-0.006470522308 -0.03228553183 0)
(0.000287223103 -0.001280504395 0)
(-0.0001029838717 0.01287302486 0)
(-0.000765196511 0.03120787295 0)
(-0.002127977722 0.04393518322 0)
(-0.003903719374 0.05255646499 0)
(-0.005967965671 0.0582777607 0)
(-0.008231295554 0.06203149527 0)
(-0.01062629825 0.06451347301 0)
(-0.01311198785 0.06622662165 0)
(-0.01566972092 0.06752373309 0)
(-0.01829806716 0.06864551351 0)
(-0.02100918994 0.06975266347 0)
(-0.02382651675 0.07095169858 0)
(-0.02678357863 0.07231471102 0)
(-0.02992394808 0.07389367799 0)
(-0.03330218684 0.07573031542 0)
(-0.03698579768 0.07786283185 0)
(-0.04105833444 0.08033135576 0)
(-0.04562405375 0.08318458106 0)
(-0.05081477355 0.08649160075 0)
(-0.05679976059 0.09036454802 0)
(-0.06379882959 0.09499658167 0)
(-0.07209575097 0.1007080226 0)
(-0.08204089363 0.1079596031 0)
(-0.09401821646 0.1172374087 0)
(-0.1083425633 0.1286903976 0)
(-0.1250728431 0.1415198815 0)
(-0.1437843471 0.1534333706 0)
(-0.1634121577 0.1607569932 0)
(-0.1823542462 0.1595885686 0)
(-0.1989841936 0.1475001283 0)
(-0.2122926555 0.124600145 0)
(-0.2221434398 0.09317579559 0)
(-0.2290439411 0.05633648484 0)
(-0.2337277065 0.01685442524 0)
(-0.2368144278 -0.02324745761 0)
(-0.2387962074 -0.06278296447 0)
(-0.2401720099 -0.101119717 0)
(-0.2415058963 -0.1381113753 0)
(-0.2433141994 -0.1740756971 0)
(-0.2458432851 -0.2096901445 0)
(-0.2485323151 -0.2454619856 0)
(-0.2494592188 -0.2806880189 0)
(-0.2450821974 -0.3120747054 0)
(-0.2306933606 -0.3326037986 0)
(-0.201823271 -0.3316007789 0)
(-0.1566897169 -0.2975054261 0)
(-0.09956703865 -0.2256970442 0)
(-0.04430461038 -0.1316456969 0)
(-0.009766264184 -0.05081156097 0)
(0.0001471276513 -0.004766389152 0)
(-9.328979457e-05 0.01326357566 0)
(-0.0007189356086 0.0322410556 0)
(-0.002022569419 0.04546092369 0)
(-0.003729789487 0.05443702857 0)
(-0.005716304908 0.06040062327 0)
(-0.007890037838 0.06431349827 0)
(-0.0101805759 0.06689955152 0)
(-0.0125440042 0.0686858992 0)
(-0.01495902017 0.07004496092 0)
(-0.01742179871 0.07123301098 0)
(-0.01994224201 0.07242330048 0)
(-0.02254148673 0.07373307599 0)
(-0.02525057829 0.07524449926 0)
(-0.02811024394 0.0770200218 0)
(-0.03117166951 0.07911326196 0)
(-0.03449825716 0.08157686184 0)
(-0.03816847355 0.08446927999 0)
(-0.04228004776 0.08786327759 0)
(-0.04695586654 0.09186016168 0)
(-0.05235167441 0.09661485194 0)
(-0.05866445739 0.1023738503 0)
(-0.06613701239 0.1095126426 0)
(-0.07504759395 0.1185208916 0)
(-0.08566567213 0.1298316624 0)
(-0.09815643742 0.1433882843 0)
(-0.1124411971 0.1580006262 0)
(-0.1280533663 0.1708764877 0)
(-0.1440490225 0.1779431879 0)
(-0.1591262373 0.1752378888 0)
(-0.1720867754 0.1606711982 0)
(-0.1823327851 0.1349215078 0)
(-0.1899681572 0.1008057029 0)
(-0.1955126164 0.0617432842 0)
(-0.1995211398 0.02057721635 0)
(-0.2023566864 -0.02075086001 0)
(-0.2042461867 -0.06108387574 0)
(-0.2054530069 -0.09973308221 0)
(-0.2064636634 -0.1364084025 0)
(-0.2079910727 -0.1714016077 0)
(-0.2108228236 -0.2057451061 0)
(-0.215290067 -0.2409471763 0)
(-0.2204855003 -0.2779676221 0)
(-0.2235591749 -0.3154294107 0)
(-0.2196637327 -0.3476047663 0)
(-0.2029691432 -0.3632259749 0)
(-0.1688947953 -0.3466712683 0)
(-0.1175608537 -0.2843755696 0)
(-0.05843595185 -0.1808875394 0)
(-0.01401279788 -0.07590936321 0)
(-1.701335615e-05 -0.01004684926 0)
(-8.443164454e-05 0.0136288041 0)
(-0.00067710994 0.03322540475 0)
(-0.001926793158 0.0469248311 0)
(-0.003569239428 0.05624501786 0)
(-0.005478937121 0.06243861892 0)
(-0.007560274316 0.06649537092 0)
(-0.00973925188 0.06916702784 0)
(-0.01196862507 0.07100509878 0)
(-0.01422407547 0.07240188668 0)
(-0.01649895298 0.07362936708 0)
(-0.01880030068 0.07487328919 0)
(-0.02114611228 0.07626137272 0)
(-0.02356374612 0.07788537438 0)
(-0.02608941309 0.07981750763 0)
(-0.02876861609 0.08212229929 0)
(-0.03165747273 0.08486545729 0)
(-0.03482494235 0.08812182235 0)
(-0.03835602785 0.09198522143 0)
(-0.04235590773 0.09658407629 0)
(-0.04695438591 0.1021068399 0)
(-0.05230854192 0.1088366691 0)
(-0.05859864896 0.1171768122 0)
(-0.06600885039 0.1276091503 0)
(-0.07468301324 0.1404822926 0)
(-0.08465577182 0.1555411294 0)
(-0.09577986295 0.1712889803 0)
(-0.107668422 0.184603463 0)
(-0.1196430297 0.1912095217 0)
(-0.130821531 0.1872014248 0)
(-0.1404737346 0.1707924726 0)
(-0.1483452962 0.1430619665 0)
(-0.1546399176 0.1071451654 0)
(-0.1597459471 0.06659803142 0)
(-0.1639445077 0.02422230677 0)
(-0.1672927668 -0.01816171888 0)
(-0.1697461245 -0.05941202985 0)
(-0.1713235651 -0.09868599054 0)
(-0.1723443245 -0.1353874173 0)
(-0.1735137588 -0.1695035956 0)
(-0.1758872646 -0.2020317681 0)
(-0.1804843105 -0.2350930033 0)
(-0.1874742614 -0.2711726539 0)
(-0.1951204213 -0.3111696671 0)
(-0.1991461432 -0.3516089673 0)
(-0.1932481302 -0.3821581944 0)
(-0.1710044655 -0.3851196407 0)
(-0.1291012508 -0.3396002038 0)
(-0.07188065811 -0.2363993104 0)
(-0.01916460427 -0.1081157206 0)
(-0.0001429777171 -0.0174691796 0)
(-7.705578235e-05 0.0139720007 0)
(-0.0006431894983 0.03416738767 0)
(-0.001848693357 0.04833343373 0)
(-0.003434782121 0.05798483199 0)
(-0.005272835597 0.0643926532 0)
(-0.007262678005 0.06857373938 0)
(-0.00932616716 0.07130780684 0)
(-0.01141248047 0.07317111107 0)
(-0.01349414287 0.07457609192 0)
(-0.01556148971 0.0758104428 0)
(-0.01761835844 0.07707214863 0)
(-0.01967901059 0.07849884537 0)
(-0.0217662025 0.0801910079 0)
(-0.02391028881 0.08222936085 0)
(-0.02614918983 0.08468761373 0)
(-0.02852908647 0.0876421566 0)
(-0.03110574792 0.09118082948 0)
(-0.03394634898 0.09541349192 0)
(-0.03713135312 0.1004877964 0)
(-0.04075528183 0.1066130479 0)
(-0.04492374781 0.114089267 0)
(-0.04974247193 0.1233200731 0)
(-0.05529404109 0.1347512481 0)
(-0.06160281872 0.1486380763 0)
(-0.06860245733 0.1645713623 0)
(-0.07613494163 0.1808729153 0)
(-0.08397195851 0.1942789607 0)
(-0.09177856373 0.2004867747 0)
(-0.09914197542 0.1957074005 0)
(-0.1057897605 0.1783506586 0)
(-0.1117324666 0.1496738598 0)
(-0.1171645693 0.112907346 0)
(-0.1222604196 0.07159773672 0)
(-0.1270098448 0.02845188715 0)
(-0.1312030529 -0.01481302774 0)
(-0.1346074979 -0.05704958453 0)
(-0.1370642784 -0.09722553047 0)
(-0.1387207387 -0.1343959962 0)
(-0.140124108 -0.1681023082 0)
(-0.1423010317 -0.1989930237 0)
(-0.1465881001 -0.2293323223 0)
(-0.1539902908 -0.2627092263 0)
(-0.1639979784 -0.3022689021 0)
(-0.1733897752 -0.3473785371 0)
(-0.1761068986 -0.3898681531 0)
(-0.1647538844 -0.4117488208 0)
(-0.1335032409 -0.3870396495 0)
(-0.08228788767 -0.293543007 0)
(-0.02486580732 -0.1471720406 0)
(-0.0002625483988 -0.02727710353 0)
(-7.193714118e-05 0.01429854282 0)
(-0.0006213631188 0.03507776134 0)
(-0.001797978106 0.04969827699 0)
(-0.00334169955 0.05966573985 0)
(-0.005118295358 0.06626795736 0)
(-0.007021827262 0.07054893815 0)
(-0.008969520149 0.07331700518 0)
(-0.01090694854 0.07517376493 0)
(-0.01280363901 0.07655209241 0)
(-0.01464705097 0.07775531909 0)
(-0.01643781166 0.07899320862 0)
(-0.01818622403 0.0804124832 0)
(-0.01990993358 0.08212110645 0)
(-0.02163258539 0.08420661121 0)
(-0.02338323993 0.08674957369 0)
(-0.0251963302 0.08983389688 0)
(-0.02711194326 0.09355598681 0)
(-0.02917608708 0.09803534023 0)
(-0.03144022353 0.103429367 0)
(-0.03395856504 0.1099541888 0)
(-0.0367804902 0.1179070127 0)
(-0.03993503694 0.1276682281 0)
(-0.0434079699 0.1396293993 0)
(-0.0471200488 0.1539607509 0)
(-0.05093023506 0.1701620455 0)
(-0.05469974455 0.1865108991 0)
(-0.05838258181 0.1997854181 0)
(-0.06199413375 0.2058009734 0)
(-0.06558288909 0.2009099229 0)
(-0.06930892082 0.1835770267 0)
(-0.07339425302 0.1550054233 0)
(-0.07797135812 0.1183144244 0)
(-0.08299129114 0.07693250796 0)
(-0.0881978967 0.03345969677 0)
(-0.0931998823 -0.01041888704 0)
(-0.09766981964 -0.05352367672 0)
(-0.1013588264 -0.09463789187 0)
(-0.1042906067 -0.1325183306 0)
(-0.1067942824 -0.16627229 0)
(-0.1096584507 -0.196038546 0)
(-0.114159947 -0.223827203 0)
(-0.1217148047 -0.2537573674 0)
(-0.1328465204 -0.2908383548 0)
(-0.1456270454 -0.3374607473 0)
(-0.154799621 -0.388526546 0)
(-0.1527292453 -0.4272809822 0)
(-0.1319031429 -0.424754038 0)
(-0.088612592 -0.3478524137 0)
(-0.03056182322 -0.1919502117 0)
(-0.0005824933617 -0.03961388682 0)
(-7.001457619e-05 0.01461632463 0)
(-0.0006167057683 0.03597245657 0)
(-0.001786350727 0.05103689676 0)
(-0.003308260463 0.06130272926 0)
(-0.005039338011 0.06807473619 0)
(-0.006866507743 0.07242547061 0)
(-0.008701996147 0.07519328865 0)
(-0.0104880635 0.07700612634 0)
(-0.01219179214 0.07831768779 0)
(-0.01379832234 0.07944678557 0)
(-0.01530549076 0.08061432726 0)
(-0.01671985719 0.08197505364 0)
(-0.01805393853 0.08364290626 0)
(-0.01932440641 0.08571019675 0)
(-0.0205509424 0.08826166778 0)
(-0.02175544917 0.09138510897 0)
(-0.02296129112 0.09518053177 0)
(-0.02419207866 0.09977015241 0)
(-0.02546910368 0.1053114083 0)
(-0.02680585172 0.112013816 0)
(-0.02819732179 0.1201546509 0)
(-0.02960218971 0.1300729704 0)
(-0.03092270749 0.1420963015 0)
(-0.03199685665 0.1563267072 0)
(-0.03262613394 0.1722341269 0)
(-0.03269038634 0.1881784477 0)
(-0.03230171404 0.2011353968 0)
(-0.03177105498 0.207155403 0)
(-0.03156028109 0.2027887384 0)
(-0.03223702045 0.1864050866 0)
(-0.0342081537 0.1589096405 0)
(-0.03756175576 0.1231545273 0)
(-0.04210080026 0.08238193177 0)
(-0.04739281153 0.03905752677 0)
(-0.05295011776 -0.005044775581 0)
(-0.05840832761 -0.04865913258 0)
(-0.06349993686 -0.09044057083 0)
(-0.06818362966 -0.128937006 0)
(-0.07257366727 -0.1629428629 0)
(-0.07713986393 -0.1920686178 0)
(-0.08285514002 -0.2178587457 0)
(-0.09111218154 -0.2444163956 0)
(-0.1030585837 -0.2779938128 0)
(-0.1180070077 -0.3237845379 0)
(-0.1318671428 -0.3802597261 0)
(-0.137356361 -0.4331759977 0)
(-0.1260075198 -0.4524862903 0)
(-0.09132224203 -0.3966442266 0)
(-0.03596867427 -0.2404207623 0)
(-0.00134278157 -0.05457316543 0)
(-7.245142848e-05 0.01493630373 0)
(-0.0006354464463 0.03687365895 0)
(-0.001828020366 0.05237393918 0)
(-0.003356344878 0.06291739402 0)
(-0.005064300828 0.06982873967 0)
(-0.006830141064 0.07421230122 0)
(-0.008560948363 0.07693897643 0)
(-0.01019639556 0.07866452044 0)
(-0.01170218735 0.07986399967 0)
(-0.01306221328 0.08087147867 0)
(-0.0142724325 0.0819182007 0)
(-0.01533636916 0.08316564925 0)
(-0.0162619232 0.08473202602 0)
(-0.01705915207 0.08671220466 0)
(-0.01773863211 0.08919224049 0)
(-0.0183100194 0.09226008831 0)
(-0.01878039711 0.09601442894 0)
(-0.01915183841 0.1005735764 0)
(-0.01941726044 0.1060861917 0)
(-0.01955309852 0.1127439158 0)
(-0.01950730542 0.1207910539 0)
(-0.01918093165 0.1305136838 0)
(-0.01841050004 0.1421710121 0)
(-0.01697602512 0.1558176602 0)
(-0.01463087496 0.1709258973 0)
(-0.01125499698 0.1860537847 0)
(-0.0070761101 0.1985023809 0)
(-0.002565416172 0.2046782863 0)
(0.001486856707 0.201230485 0)
(0.004084813464 0.1864332753 0)
(0.004649927907 0.1608344914 0)
(0.003106394393 0.1268253009 0)
(-0.000396542405 0.08733099408 0)
(-0.005314627656 0.04481333279 0)
(-0.01105796113 0.001062829791 0)
(-0.01731257058 -0.0424967518 0)
(-0.02383060144 -0.08442283508 0)
(-0.03053845965 -0.12313245 0)
(-0.03733413131 -0.1572468234 0)
(-0.04438644431 -0.1859825326 0)
(-0.05230175039 -0.2103651733 0)
(-0.06213462225 -0.2341027184 0)
(-0.07520804388 -0.2639989258 0)
(-0.09178247155 -0.3075281112 0)
(-0.1090811167 -0.3668115219 0)
(-0.1206098032 -0.4310355568 0)
(-0.1175476977 -0.4707883065 0)
(-0.09138652584 -0.4385537822 0)
(-0.04098108527 -0.289997896 0)
(-0.002732814181 -0.07227923042 0)
(-8.073820059e-05 0.01527323757 0)
(-0.0006853980947 0.03781119413 0)
(-0.001940493839 0.05374249212 0)
(-0.00351238803 0.06453886066 0)
(-0.005226709092 0.07155171029 0)
(-0.006951414975 0.07592290265 0)
(-0.008588682453 0.07855982676 0)
(-0.01007694097 0.08014819476 0)
(-0.01138224349 0.08118512452 0)
(-0.01248890783 0.0820196026 0)
(-0.01339247538 0.08289220012 0)
(-0.01409465012 0.08396966493 0)
(-0.01459974198 0.08537259047 0)
(-0.01491213551 0.08719613227 0)
(-0.01503429724 0.08952486385 0)
(-0.01496487555 0.0924434215 0)
(-0.01469641944 0.09604473128 0)
(-0.01421208662 0.1004375272 0)
(-0.01348054645 0.1057546526 0)
(-0.01244784997 0.1121620023 0)
(-0.01102541581 0.1198618895 0)
(-0.009073700629 0.1290804501 0)
(-0.006379848327 0.140000021 0)
(-0.002706751858 0.1526485421 0)
(0.002247219503 0.1665692501 0)
(0.008643819053 0.1805039556 0)
(0.01620494262 0.192166122 0)
(0.02428922404 0.1984325816 0)
(0.03194102678 0.1961227087 0)
(0.03799297098 0.1833790941 0)
(0.04156527909 0.1603475625 0)
(0.04236637976 0.1288221248 0)
(0.0405397821 0.09131883962 0)
(0.03658215342 0.05030283376 0)
(0.03101406458 0.007590158089 0)
(0.0241853189 -0.03523794161 0)
(0.01634497256 -0.0766398805 0)
(0.007571185084 -0.1149640313 0)
(-0.00185595693 -0.14869967 0)
(-0.01182810524 -0.1770214456 0)
(-0.02261052751 -0.2004254346 0)
(-0.03478723613 -0.2220447054 0)
(-0.04950974135 -0.2486405263 0)
(-0.06760277728 -0.2892693339 0)
(-0.08753227287 -0.349444763 0)
(-0.103881785 -0.4223083096 0)
(-0.1079740094 -0.4805523483 0)
(-0.08992723894 -0.4730639847 0)
(-0.04575640871 -0.3387032417 0)
(-0.004811936957 -0.09300293588 0)
(-9.686599468e-05 0.01564673106 0)
(-0.0007766493849 0.03882438396 0)
(-0.002145807714 0.05518572131 0)
(-0.003808807352 0.06620475113 0)
(-0.005566563117 0.07327163016 0)
(-0.007275202615 0.07757495009 0)
(-0.008832894615 0.08006439559 0)
(-0.01017905058 0.08145853253 0)
(-0.01128264721 0.08227733439 0)
(-0.01213082626 0.08288418965 0)
(-0.01272075188 0.08352771244 0)
(-0.01305400916 0.08437819792 0)
(-0.01313279243 0.08555663141 0)
(-0.01295722448 0.08715619083 0)
(-0.0125232135 0.08925739238 0)
(-0.01182035655 0.09193856103 0)
(-0.01082940055 0.09528334178 0)
(-0.009518460804 0.09938662775 0)
(-0.007837227428 0.1043598409 0)
(-0.005710433024 0.1103391168 0)
(-0.00302618998 0.1174765691 0)
(0.0003707648081 0.1259469779 0)
(0.00473071162 0.1358684246 0)
(0.01033297794 0.147219545 0)
(0.01744472176 0.1596358937 0)
(0.02624493515 0.1720513884 0)
(0.0365362734 0.1825885076 0)
(0.0476452909 0.1886358628 0)
(0.05851944773 0.1874008397 0)
(0.06788485889 0.1769211484 0)
(0.07464223428 0.156875092 0)
(0.07821652129 0.1284651003 0)
(0.07856923637 0.09377801851 0)
(0.07603741003 0.05504180384 0)
(0.07105632908 0.014160832 0)
(0.06395322866 -0.02715732607 0)
(0.05501313643 -0.06728072399 0)
(0.04443368143 -0.1045452451 0)
(0.03249026394 -0.1373901642 0)
(0.01948342014 -0.165003742 0)
(0.005592031613 -0.1875692794 0)
(-0.009340595649 -0.207644588 0)
(-0.02611234185 -0.2315843934 0)
(-0.04577161027 -0.2692573647 0)
(-0.06779868066 -0.3290333821 0)
(-0.08800092812 -0.4081843763 0)
(-0.09826381002 -0.4827131022 0)
(-0.0878663432 -0.5001715669 0)
(-0.05060966539 -0.3853133026 0)
(-0.007576766167 -0.1171730626 0)
(-0.00012362676 0.0160827924 0)
(-0.0009226897398 0.03996462769 0)
(-0.002472448821 0.05675893499 0)
(-0.004286149794 0.06796215179 0)
(-0.006132212082 0.07502264064 0)
(-0.007853865721 0.07918950263 0)
(-0.009347297713 0.08146282301 0)
(-0.01055639815 0.08259771004 0)
(-0.01145673919 0.08313776467 0)
(-0.01204150938 0.08345988233 0)
(-0.0123121242 0.08381900594 0)
(-0.01227217134 0.08438692856 0)
(-0.0119235314 0.08528286555 0)
(-0.01126377537 0.08659580625 0)
(-0.01028412265 0.08839993413 0)
(-0.008967439362 0.09076490814 0)
(-0.007285926128 0.09376277665 0)
(-0.005197989222 0.09747202487 0)
(-0.002639609523 0.1019746452 0)
(0.0004737339829 0.1073870366 0)
(0.004273715169 0.113812058 0)
(0.008928209943 0.1213649678 0)
(0.01466871006 0.1301201926 0)
(0.02178295236 0.1400007496 0)
(0.03053797598 0.1506823195 0)
(0.04110777025 0.1613389781 0)
(0.05336784673 0.1704745453 0)
(0.06673664715 0.1759825958 0)
(0.08019185662 0.1755035376 0)
(0.09242510387 0.1671495883 0)
(0.1021817998 0.1502226282 0)
(0.108616294 0.1253583254 0)
(0.1114076434 0.09413710818 0)
(0.1106540427 0.05849708492 0)
(0.1066631729 0.02032761309 0)
(0.09967707483 -0.01861120178 0)
(0.09002218476 -0.05661369642 0)
(0.07797816344 -0.09204876043 0)
(0.06390248896 -0.1235006173 0)
(0.04824978353 -0.1500658949 0)
(0.03146586753 -0.1717703143 0)
(0.01376153795 -0.1906990772 0)
(-0.005194332285 -0.2126370558 0)
(-0.02639270407 -0.2476561048 0)
(-0.05008272671 -0.3062235617 0)
(-0.07332703539 -0.3896325516 0)
(-0.08890855848 -0.4781118501 0)
(-0.0857105271 -0.5200374878 0)
(-0.05574232348 -0.4290402392 0)
(-0.0110548305 -0.1453531949 0)
(-0.0001651448752 0.01661623476 0)
(-0.00114226407 0.04129910395 0)
(-0.002958362655 0.05853223124 0)
(-0.004996306703 0.06986849695 0)
(-0.006983033359 0.07684440875 0)
(-0.008749030373 0.08078942378 0)
(-0.01019243116 0.08276484587 0)
(-0.01126693814 0.08356666884 0)
(-0.01195979457 0.08376253349 0)
(-0.01227438573 0.08374124605 0)
(-0.01221955784 0.08376168483 0)
(-0.01180332342 0.08399459919 0)
(-0.01102920778 0.0845550276 0)
(-0.009894025453 0.08552557923 0)
(-0.008386209703 0.08697212675 0)
(-0.006484091555 0.0889539243 0)
(-0.004154596765 0.09152966893 0)
(-0.001356544853 0.09475543084 0)
(0.001993635466 0.09870606387 0)
(0.005986622517 0.103450805 0)
(0.01073838179 0.1090646916 0)
(0.01642412553 0.1155995234 0)
(0.02325592381 0.1230824989 0)
(0.03149201399 0.1314170484 0)
(0.0413844724 0.1403080821 0)
(0.05310043445 0.1491047644 0)
(0.06657257717 0.1566608182 0)
(0.081344084 0.161336242 0)
(0.09651864361 0.1612184848 0)
(0.110857196 0.1546155908 0)
(0.1230469507 0.1406346475 0)
(0.1320335367 0.1194477848 0)
(0.1372077803 0.09213416417 0)
(0.1383865569 0.06028071917 0)
(0.1356935563 0.02563008553 0)
(0.129247342 -0.01011823751 0)
(0.1193864883 -0.04521094106 0)
(0.106435676 -0.07811992526 0)
(0.09084006784 -0.1075537839 0)
(0.0731770184 -0.1326406611 0)
(0.054071504 -0.1533441754 0)
(0.03401960962 -0.1713729982 0)
(0.01309831667 -0.1918659514 0)
(-0.009421230774 -0.2246943901 0)
(-0.03429705962 -0.2815802621 0)
(-0.05983274232 -0.3674837946 0)
(-0.07995772128 -0.4675026892 0)
(-0.0835237959 -0.5328826959 0)
(-0.06109060095 -0.4693438583 0)
(-0.01528174107 -0.1781837998 0)
(-0.0002278531469 0.01729452133 0)
(-0.001462497491 0.04291620777 0)
(-0.003655707526 0.06059389171 0)
(-0.006007309734 0.07199213775 0)
(-0.008193184851 0.07878054064 0)
(-0.01003388622 0.08239665513 0)
(-0.011436571 0.08397675467 0)
(-0.01237271293 0.08436224546 0)
(-0.012848054 0.08414424418 0)
(-0.0128813017 0.08372064788 0)
(-0.01249234579 0.08335083264 0)
(-0.01169615125 0.08320124705 0)
(-0.01049977784 0.08337998015 0)
(-0.008900926904 0.08396103613 0)
(-0.006886940037 0.0850002725 0)
(-0.004433962141 0.08654503948 0)
(-0.001511454595 0.08863844898 0)
(0.001939317192 0.09132531225 0)
(0.00599328387 0.09466150634 0)
(0.01073276005 0.09867554352 0)
(0.01627753636 0.103414275 0)
(0.02278136542 0.1088921825 0)
(0.03043262727 0.1150900094 0)
(0.03944886606 0.1218976284 0)
(0.05004417331 0.1290495296 0)
(0.06236539042 0.1360270083 0)
(0.07638010795 0.1419616331 0)
(0.09174542564 0.1456135054 0)
(0.1077287765 0.145496465 0)
(0.1232414933 0.1401931012 0)
(0.1370230433 0.1287827125 0)
(0.147917988 0.1111298147 0)
(0.1550917242 0.08788552909 0)
(0.1580937134 0.06025785276 0)
(0.1568111136 0.02974034236 0)
(0.1512903015 -0.002116510572 0)
(0.1417923594 -0.03361907297 0)
(0.1286022314 -0.06340874436 0)
(0.1122443173 -0.09029492149 0)
(0.09339168833 -0.1134957827 0)
(0.07278130648 -0.1329730938 0)
(0.05111080793 -0.1501819056 0)
(0.0287388666 -0.1696538223 0)
(0.00533879628 -0.2007045404 0)
(-0.02012870644 -0.2557020084 0)
(-0.04717914882 -0.3425245575 0)
(-0.07107767752 -0.4515626674 0)
(-0.08092430074 -0.5388768825 0)
(-0.06624854202 -0.5057387335 0)
(-0.02014078363 -0.2162372569 0)
(-0.000322355393 0.01818414317 0)
(-0.001924296799 0.0449336728 0)
(-0.004638453115 0.06305461806 0)
(-0.007410457434 0.07441207432 0)
(-0.009856722748 0.0808753371 0)
(-0.01179595544 0.08402774475 0)
(-0.01315650443 0.08509690863 0)
(-0.01393921727 0.08497327546 0)
(-0.01417722295 0.08426883867 0)
(-0.013910561 0.08338576738 0)
(-0.01317394782 0.08257897093 0)
(-0.01199162513 0.08200635899 0)
(-0.01037570202 0.08176580317 0)
(-0.008325970294 0.08192040143 0)
(-0.005830217013 0.08251468067 0)
(-0.002865421906 0.08358394552 0)
(0.0006054620784 0.0851536261 0)
(0.00463824382 0.08726685445 0)
(0.009299625476 0.08993988917 0)
(0.01467074037 0.09319401649 0)
(0.02085846411 0.09704120722 0)
(0.0279942206 0.1014702986 0)
(0.036233613 0.1064317891 0)
(0.04574919052 0.1118045598 0)
(0.05670676204 0.1173506637 0)
(0.06921789412 0.122653575 0)
(0.08325921783 0.1270558151 0)
(0.09857110931 0.1296375253 0)
(0.1145764214 0.1292838925 0)
(0.1303713717 0.1248771878 0)
(0.1448320745 0.1155887976 0)
(0.156818639 0.1011305633 0)
(0.1653786787 0.08183779687 0)
(0.1698645768 0.05857034324 0)
(0.1699368214 0.03252790453 0)
(0.1655748491 0.005062364255 0)
(0.1568822344 -0.0224149626 0)
(0.1440962758 -0.04863817734 0)
(0.12778351 -0.07254638147 0)
(0.1086317059 -0.0934941788 0)
(0.08743788937 -0.1115019352 0)
(0.06502969221 -0.1278835631 0)
(0.04200182258 -0.146645753 0)
(0.01831563909 -0.1762809974 0)
(-0.007093850225 -0.2292588733 0)
(-0.03477700953 -0.3155771738 0)
(-0.06163688163 -0.43096686 0)
(-0.07717220302 -0.5381303121 0)
(-0.07050190873 -0.5376418588 0)
(-0.02519496778 -0.2597883795 0)
(-0.0004671168502 0.01938161401 0)
(-0.00259194703 0.04751083569 0)
(-0.006014672874 0.06605243437 0)
(-0.009330833321 0.07721573236 0)
(-0.01209431202 0.08316766426 0)
(-0.01414002603 0.08568672558 0)
(-0.01543764002 0.08610930277 0)
(-0.01603374964 0.08537547606 0)
(-0.01599988482 0.08411179546 0)
(-0.0154039123 0.08271682447 0)
(-0.01429881603 0.08143394986 0)
(-0.01271976518 0.08040706782 0)
(-0.01068466307 0.07971996136 0)
(-0.008195716061 0.07942232177 0)
(-0.005241175736 0.07954588039 0)
(-0.001802348627 0.08011325502 0)
(0.002165686108 0.08114078897 0)
(0.006714821202 0.08264962799 0)
(0.01189866706 0.0846459948 0)
(0.01779565272 0.08713369921 0)
(0.02449695285 0.09010450608 0)
(0.03210954759 0.09352796603 0)
(0.04075401366 0.09733794452 0)
(0.05055737324 0.1014105762 0)
(0.06163481439 0.1055345201 0)
(0.0740549757 0.1093732647 0)
(0.0877836019 0.1124279667 0)
(0.1026104682 0.1140232833 0)
(0.1180810301 0.1133448381 0)
(0.1334687507 0.1095538536 0)
(0.1478257666 0.1019747915 0)
(0.1601167338 0.09028586567 0)
(0.1693841604 0.07462397531 0)
(0.1748816315 0.05556664457 0)
(0.1761259214 0.03402080234 0)
(0.172933272 0.01109403299 0)
(0.1653193573 -0.0121174121 0)
(0.1534997431 -0.0344750685 0)
(0.1379526878 -0.0551058567 0)
(0.1193463406 -0.07352455955 0)
(0.0984971335 -0.08985188912 0)
(0.0762999653 -0.1053441538 0)
(0.05349918432 -0.12357199 0)
(0.03024435783 -0.1521401276 0)
(0.005601403481 -0.2029669643 0)
(-0.0218030841 -0.2875240713 0)
(-0.05074929777 -0.406418326 0)
(-0.07124723598 -0.5306694987 0)
(-0.07295467563 -0.5642034817 0)
(-0.02971133781 -0.3085683999 0)
(-0.0006960387679 0.02103327175 0)
(-0.003570647364 0.05086727045 0)
(-0.007946645691 0.06975729742 0)
(-0.01194260142 0.08049247715 0)
(-0.01506142623 0.08567985038 0)
(-0.01719036987 0.08735402675 0)
(-0.01837232446 0.08697456396 0)
(-0.01872156486 0.08552490706 0)
(-0.01836053386 0.08363364427 0)
(-0.01739090123 0.08168350198 0)
(-0.01588610391 0.07989667093 0)
(-0.01389255514 0.07839620781 0)
(-0.01143357934 0.07724739999 0)
(-0.008513486299 0.07648398757 0)
(-0.005121396076 0.07612373921 0)
(-0.001236566955 0.07617653699 0)
(0.003182573406 0.07665153945 0)
(0.008183995317 0.07754923572 0)
(0.01381782635 0.07886995916 0)
(0.02015139775 0.08060518276 0)
(0.02726025208 0.08273429513 0)
(0.03522757183 0.08521616859 0)
(0.04414105205 0.08797866457 0)
(0.05408572893 0.09090356639 0)
(0.06512948294 0.09380738549 0)
(0.07729779352 0.0964191566 0)
(0.0905350279 0.09836020105 0)
(0.1046541607 0.09913769472 0)
(0.1192859991 0.09816802248 0)
(0.133849882 0.09484589094 0)
(0.1475725861 0.08866060367 0)
(0.1595681009 0.07932728092 0)
(0.1689571853 0.06687995665 0)
(0.1749869397 0.05169035954 0)
(0.1771071291 0.03441008084 0)
(0.1750174722 0.01587918778 0)
(0.1686578134 -0.003024862705 0)
(0.158188228 -0.02143393789 0)
(0.1439970611 -0.03866886344 0)
(0.1266970468 -0.05441802056 0)
(0.1070756055 -0.06893561799 0)
(0.08602826044 -0.08348326056 0)
(0.06435069202 -0.101280439 0)
(0.04231790087 -0.1290227269 0)
(0.01907986502 -0.1775974743 0)
(-0.007155650176 -0.2592435657 0)
(-0.03726320222 -0.3787187451 0)
(-0.06186617275 -0.516466203 0)
(-0.07267671583 -0.5842437518 0)
(-0.03291539619 -0.3615500756 0)
(-0.001074452707 0.02337210255 0)
(-0.005039471782 0.05531096829 0)
(-0.01068402066 0.07437248156 0)
(-0.01549055448 0.08431829966 0)
(-0.01895688274 0.08839817149 0)
(-0.02108999758 0.08896956995 0)
(-0.02205373457 0.08761757512 0)
(-0.022056714 0.08534960682 0)
(-0.02128407274 0.08277432651 0)
(-0.01987464389 0.08024076153 0)
(-0.01792174903 0.07793740393 0)
(-0.01548115533 0.07595853306 0)
(-0.01257968945 0.07434635513 0)
(-0.009222298554 0.0731164078 0)
(-0.005397826116 0.072271916 0)
(-0.001085184359 0.07181122618 0)
(0.003755419853 0.07173214795 0)
(0.00916808697 0.07202685751 0)
(0.01519725623 0.07268709813 0)
(0.02190043599 0.07369764018 0)
(0.02933808542 0.07503205455 0)
(0.03757199104 0.07664638428 0)
(0.04666133439 0.0784710236 0)
(0.05665561784 0.08040036835 0)
(0.06758280278 0.08228064876 0)
(0.07943076339 0.08389726486 0)
(0.09212082115 0.08496488979 0)
(0.1054742727 0.08512659439 0)
(0.1191778852 0.08397065327 0)
(0.1327609201 0.0810736754 0)
(0.145600329 0.07607182946 0)
(0.1569662048 0.06874553758 0)
(0.1661019389 0.05908892793 0)
(0.1723181249 0.0473371978 0)
(0.1750704144 0.03394119363 0)
(0.1740163081 0.01950473616 0)
(0.169030326 0.004683013225 0)
(0.1602249376 -0.009914159248 0)
(0.1479236408 -0.0238320919 0)
(0.132650256 -0.03693707181 0)
(0.1151119061 -0.04962698342 0)
(0.09613393828 -0.06320164205 0)
(0.07645575964 -0.08058938708 0)
(0.05639337651 -0.1076161921 0)
(0.03508071292 -0.1538855917 0)
(0.01073256575 -0.2315507746 0)
(-0.01969231234 -0.3488016025 0)
(-0.04738705643 -0.4954366492 0)
(-0.06871504722 -0.5964240637 0)
(-0.0341347757 -0.4166981494 0)
(-0.001732958233 0.0267858641 0)
(-0.007314195805 0.06127820526 0)
(-0.01461861816 0.08012397453 0)
(-0.02031837446 0.08872266438 0)
(-0.02402751118 0.09123951372 0)
(-0.0259908217 0.09040749005 0)
(-0.02655731254 0.08791030369 0)
(-0.02605581291 0.08473773311 0)
(-0.02473976672 0.08144364978 0)
(-0.02278226429 0.07831932597 0)
(-0.02029134752 0.07550494235 0)
(-0.01732760748 0.0730579829 0)
(-0.01391841169 0.07099371413 0)
(-0.01006804906 0.0693081108 0)
(-0.005764965308 0.0679899281 0)
(-0.0009878034323 0.06702657277 0)
(0.004298671838 0.06640804887 0)
(0.01013354355 0.06611848908 0)
(0.01655619196 0.06614539413 0)
(0.02361332173 0.0664704111 0)
(0.03135151688 0.06706632725 0)
(0.0398144428 0.06789216621 0)
(0.04903836814 0.06888702294 0)
(0.05904542334 0.069962886 0)
(0.06983369746 0.07099696524 0)
(0.08136336799 0.0718246485 0)
(0.09353847984 0.07223536873 0)
(0.1061851883 0.0719746536 0)
(0.119029896 0.07075719077 0)
(0.1316844898 0.06829469002 0)
(0.14364813 0.06433990802 0)
(0.1543344245 0.05873886368 0)
(0.1631237874 0.05147753228 0)
(0.1694322013 0.04270382447 0)
(0.1727771307 0.03271775228 0)
(0.1728327367 0.02192705559 0)
(0.1694547757 0.01077611363 0)
(0.1627135964 -0.0003381281557 0)
(0.1528763549 -0.01120054473 0)
(0.1403799046 -0.02184668521 0)
(0.1257813028 -0.03279183154 0)
(0.1097603565 -0.04537532323 0)
(0.09287291365 -0.06227112103 0)
(0.07539817176 -0.08853937858 0)
(0.05639911434 -0.1324166041 0)
(0.0341848086 -0.2051942699 0)
(0.004046606528 -0.3173825114 0)
(-0.02573112541 -0.4674202035 0)
(-0.05981145955 -0.5988556526 0)
(-0.03234575692 -0.4706891382 0)
(-0.002937356261 0.03195727294 0)
(-0.01096430029 0.06938507316 0)
(-0.02037164301 0.08721040162 0)
(-0.0268973714 0.09361350112 0)
(-0.03055394768 0.09399207791 0)
(-0.03201211274 0.09143664662 0)
(-0.03187303591 0.08764362189 0)
(-0.0305947598 0.08351152634 0)
(-0.02848917204 0.07949118226 0)
(-0.02575136977 0.07578826557 0)
(-0.02249524072 0.07248115317 0)
(-0.01878201268 0.06958498614 0)
(-0.01463921899 0.06708670222 0)
(-0.0100726741 0.06496321487 0)
(-0.005074177607 0.06319040074 0)
(0.0003735167383 0.06174648796 0)
(0.006296873623 0.06061438438 0)
(0.01272609573 0.05977450023 0)
(0.01969252442 0.05921111635 0)
(0.02723072453 0.05890534138 0)
(0.03537393989 0.05883234311 0)
(0.04415069321 0.05895751782 0)
(0.0535802643 0.05923198596 0)
(0.06366651887 0.05958758716 0)
(0.07438960345 0.05993204935 0)
(0.08569545198 0.06014501695 0)
(0.09748302016 0.06007680201 0)
(0.1095904065 0.05955112894 0)
(0.1217816296 0.05837530933 0)
(0.1337390879 0.05635806852 0)
(0.1450656207 0.05333742479 0)
(0.1553036458 0.0492108593 0)
(0.1639688912 0.04396562625 0)
(0.1706007734 0.03769007034 0)
(0.1748091476 0.03057205433 0)
(0.1763246369 0.02286207946 0)
(0.175016545 0.01483148291 0)
(0.1709112894 0.006690926317 0)
(0.1642058489 -0.001493437309 0)
(0.1552571013 -0.009963812854 0)
(0.1443948873 -0.01928494173 0)
(0.1321010326 -0.03080366824 0)
(0.1185934052 -0.04694168242 0)
(0.1040820405 -0.07212620253 0)
(0.08728499577 -0.1133011161 0)
(0.0669705068 -0.1806192638 0)
(0.03721779197 -0.285087955 0)
(0.005798892043 -0.4325233737 0)
(-0.04439029801 -0.589518657 0)
(-0.02624529403 -0.5192079188 0)
(-0.005247707209 0.04029532729 0)
(-0.01703989445 0.08059005705 0)
(-0.02892335787 0.09580636693 0)
(-0.03581311413 0.09871695512 0)
(-0.03874043737 0.09623932729 0)
(-0.03903491078 0.09163974082 0)
(-0.03756237784 0.08643229142 0)
(-0.03488059921 0.08130858176 0)
(-0.03133959439 0.07656214757 0)
(-0.02714976862 0.07228851061 0)
(-0.02243413551 0.0684985343 0)
(-0.01726420448 0.06516479751 0)
(-0.0116796562 0.06224784917 0)
(-0.005699734371 0.05970767148 0)
(0.0006695118913 0.05750954943 0)
(0.00743115187 0.05562415428 0)
(0.01459595268 0.0540279065 0)
(0.02217945115 0.05269886108 0)
(0.03020027341 0.05161865388 0)
(0.03867951345 0.05076842906 0)
(0.0476377224 0.05012631509 0)
(0.05709174542 0.04966451883 0)
(0.06705048801 0.04934619382 0)
(0.0775096785 0.04912188544 0)
(0.08844490326 0.04892662218 0)
(0.0998039745 0.04867731254 0)
(0.1114973828 0.0482729299 0)
(0.1233901413 0.04759617147 0)
(0.135292769 0.04652160314 0)
(0.1469601036 0.04492523653 0)
(0.1580910764 0.0427038781 0)
(0.1683476681 0.03978860378 0)
(0.1773696153 0.03616779242 0)
(0.184820763 0.03188442474 0)
(0.1904018873 0.02704614716 0)
(0.1939160175 0.02178236531 0)
(0.1952342507 0.01623881248 0)
(0.1943855467 0.01047983343 0)
(0.1913895047 0.004491727848 0)
(0.1865438992 -0.002048826882 0)
(0.1798869203 -0.009792224429 0)
(0.1717485096 -0.02001757301 0)
(0.1617578781 -0.03482769503 0)
(0.1501779711 -0.05812753925 0)
(0.1347984568 -0.0956860335 0)
(0.1155343362 -0.1564248675 0)
(0.08466461027 -0.2505502593 0)
(0.05101268227 -0.3893775356 0)
(-0.01936512798 -0.5649928808 0)
(-0.01330299053 -0.5551022289 0)
(-0.01002403799 0.05450918769 0)
(-0.02762513463 0.09518437925 0)
(-0.0418352903 0.1045138771 0)
(-0.04763523877 0.1026421892 0)
(-0.0480639189 0.0968866737 0)
(-0.04534626425 0.09007295678 0)
(-0.04060084643 0.08335153411 0)
(-0.03450014994 0.07716508037 0)
(-0.02748155809 0.07164513152 0)
(-0.01981828825 0.06676979921 0)
(-0.01168027896 0.06248811647 0)
(-0.003178448991 0.05873034897 0)
(0.005616507769 0.05543003649 0)
(0.0146606482 0.05253024438 0)
(0.02392830146 0.04998404954 0)
(0.03340596212 0.04775303656 0)
(0.04309049334 0.04580591764 0)
(0.05298632175 0.04411623091 0)
(0.06310338731 0.0426617131 0)
(0.07345557511 0.04142179122 0)
(0.08405812209 0.04037568157 0)
(0.09492519015 0.03950006381 0)
(0.1060657965 0.0387671449 0)
(0.1174804337 0.03814184412 0)
(0.1291544052 0.03758052436 0)
(0.1410542362 0.03702837449 0)
(0.153117686 0.03642101946 0)
(0.165253327 0.0356833616 0)
(0.1773271382 0.03473785691 0)
(0.1891741672 0.03350508935 0)
(0.2005808289 0.03192214947 0)
(0.2113247738 0.0299391117 0)
(0.2211428211 0.02754722944 0)
(0.2298216633 0.0247542723 0)
(0.237113417 0.02162097248 0)
(0.2429119862 0.01818983786 0)
(0.2470302195 0.01453900429 0)
(0.2495462148 0.0106337688 0)
(0.2502770653 0.006416262566 0)
(0.2494897423 0.00155829292 0)
(0.2466887786 -0.0044864414 0)
(0.2424503748 -0.01292231721 0)
(0.2352835066 -0.02543793979 0)
(0.2260293546 -0.04541322378 0)
(0.210354117 -0.0774713048 0)
(0.1904747069 -0.1293332634 0)
(0.1545397994 -0.2101588113 0)
(0.1158448386 -0.333778778 0)
(0.02100730411 -0.5179779401 0)
(0.01145722659 -0.5667728477 0)
(-0.02179506111 0.07132319964 0)
(-0.05038192517 0.1175462484 0)
(-0.06172487946 0.1180756992 0)
(-0.05848548084 0.1066599975 0)
(-0.0490986577 0.09496973953 0)
(-0.03653956587 0.08461297664 0)
(-0.02222977689 0.07571973453 0)
(-0.007069886166 0.06817489713 0)
(0.008381960845 0.0617891965 0)
(0.02382248742 0.05636174921 0)
(0.039106586 0.05172130004 0)
(0.0541472935 0.04772817228 0)
(0.0689059887 0.04427151247 0)
(0.08337097329 0.0412650394 0)
(0.09754723849 0.03864065628 0)
(0.1114500428 0.03634478716 0)
(0.1251020589 0.03433490135 0)
(0.1385312112 0.03257653228 0)
(0.1517683858 0.03104143692 0)
(0.1648468362 0.02970527351 0)
(0.1777993366 0.02854618827 0)
(0.1906582954 0.02754250287 0)
(0.2034502744 0.02667195042 0)
(0.2161979173 0.02590870893 0)
(0.2289089346 0.0252240826 0)
(0.2415835432 0.02458244195 0)
(0.2541926859 0.02394556246 0)
(0.2667003746 0.02326659707 0)
(0.2790206935 0.02250223876 0)
(0.2910760187 0.02160165776 0)
(0.3027097919 0.02053247759 0)
(0.3138226159 0.01925539176 0)
(0.3241877332 0.01777197888 0)
(0.3337450326 0.01606458209 0)
(0.342201275 0.01418050087 0)
(0.3496362053 0.01210201091 0)
(0.3556455487 0.009899574428 0)
(0.3605676789 0.007469708699 0)
(0.3637145296 0.004821139269 0)
(0.3658312727 0.001536367291 0)
(0.365384215 -0.00261410447 0)
(0.3638911155 -0.008675378587 0)
(0.3576623051 -0.01778123552 0)
(0.3495938051 -0.03260501758 0)
(0.3309666403 -0.05651929664 0)
(0.3084691403 -0.09569258294 0)
(0.2614556124 -0.1587543469 0)
(0.2124555847 -0.2589414717 0)
(0.08766255383 -0.4353562417 0)
(0.05657770915 -0.5350552716 0)
(-0.07096895186 0.1595291329 0)
(-0.07593387627 0.1232536087 0)
(-0.04272967672 0.09357032547 0)
(-0.005365146296 0.07810754546 0)
(0.03174826952 0.06618422561 0)
(0.06685023754 0.0563417965 0)
(0.09956947827 0.04848482458 0)
(0.1298322189 0.04230712853 0)
(0.1577796105 0.03736612041 0)
(0.1836328913 0.0333202155 0)
(0.2076318849 0.02994058286 0)
(0.2299887865 0.02708287467 0)
(0.2508897225 0.02464634981 0)
(0.2704987152 0.02255491886 0)
(0.2889612218 0.02074955009 0)
(0.3064066565 0.01918453698 0)
(0.3229500144 0.0178243826 0)
(0.3386953633 0.01664075874 0)
(0.3537355519 0.01561084443 0)
(0.3681567229 0.01471522237 0)
(0.3820342042 0.01393740254 0)
(0.3954400103 0.0132615331 0)
(0.4084311094 0.01267313557 0)
(0.4210652281 0.01215560789 0)
(0.4333737099 0.01169324315 0)
(0.4453972267 0.01126517182 0)
(0.4571269202 0.01085321998 0)
(0.4685852264 0.01043066664 0)
(0.4797014454 0.009979876033 0)
(0.4904902709 0.009470216421 0)
(0.5007912923 0.008893898583 0)
(0.5106513032 0.008220909524 0)
(0.5197811559 0.007467046759 0)
(0.5283521814 0.006602409279 0)
(0.5358692793 0.005676047436 0)
(0.5427992015 0.004638487849 0)
(0.5482480769 0.003566460007 0)
(0.553260765 0.002340726819 0)
(0.5560582657 0.001036584889 0)
(0.5587483389 -0.0006205598856 0)
(0.5578083734 -0.002685118728 0)
(0.5571524032 -0.005894371467 0)
(0.5491767649 -0.01076974317 0)
(0.5413340388 -0.01885641136 0)
(0.5172672635 -0.03214487713 0)
(0.4920439761 -0.05409524845 0)
(0.429731575 -0.09262794439 0)
(0.3695807711 -0.1577199269 0)
(0.2078432236 -0.2992077336 0)
(0.1408236323 -0.4223772288 0)
(0.1849218665 0.1419236297 0)
(0.2224231457 0.1041158815 0)
(0.3200617323 0.07191888706 0)
(0.3948868541 0.05290223592 0)
(0.4500342664 0.04052271326 0)
(0.4935839792 0.03164317952 0)
(0.5297287898 0.02506800634 0)
(0.5603861153 0.0201754212 0)
(0.5867066303 0.0164982567 0)
(0.6095630742 0.0136859251 0)
(0.6296369727 0.01149455493 0)
(0.6474427601 0.009760524096 0)
(0.663368959 0.00837137963 0)
(0.6777180822 0.007246702757 0)
(0.6907325116 0.006327597554 0)
(0.7026111659 0.005570377994 0)
(0.71351797 0.004942506339 0)
(0.7235917667 0.004419186953 0)
(0.7329481931 0.003981547394 0)
(0.7416893199 0.003614466055 0)
(0.7498982637 0.003306247926 0)
(0.7576532014 0.003046541684 0)
(0.7650103895 0.00282736474 0)
(0.772030823 0.002640121948 0)
(0.7787414188 0.00247859606 0)
(0.7851904292 0.002333843398 0)
(0.7913650227 0.002200709418 0)
(0.797308311 0.002068580186 0)
(0.8029487641 0.001934307523 0)
(0.8083452851 0.001785230111 0)
(0.8133372657 0.001623289193 0)
(0.8180505133 0.001433980717 0)
(0.8221814255 0.001228943612 0)
(0.826028675 0.0009905494803 0)
(0.8290316759 0.0007432717988 0)
(0.8318606992 0.0004599972355 0)
(0.8334388436 0.0001748415141 0)
(0.835173255 -0.0001599469097 0)
(0.834887015 -0.0005100359398 0)
(0.8353878713 -0.0009389158054 0)
(0.832109302 -0.001442613611 0)
(0.8304942227 -0.002268707335 0)
(0.820942453 -0.003544679368 0)
(0.8142963739 -0.005671349075 0)
(0.7896350116 -0.009233989801 0)
(0.7691574364 -0.01508135561 0)
(0.7049624539 -0.02591411069 0)
(0.6469004469 -0.04522277529 0)
(0.4643576819 -0.08852440935 0)
(0.3324342637 -0.1536813071 0)
)
;

boundaryField
{
    movingWall
    {
        type            fixedValue;
        value           uniform (1 0 0);
    }
    fixedWalls
    {
        type            noSlip;
    }
    frontAndBack
    {
        type            empty;
    }
}


// ************************************************************************* //
