/*--------------------------------*- C++ -*----------------------------------*\
  =========                 |
  \\      /  F ield         | OpenFOAM: The Open Source CFD Toolbox
   \\    /   O peration     | Website:  https://openfoam.org
    \\  /    A nd           | Version:  11
     \\/     M anipulation  |
\*---------------------------------------------------------------------------*/
FoamFile
{
    format      ascii;
    class       surfaceScalarField;
    location    "0.0005";
    object      phi;
}
// * * * * * * * * * * * * * * * * * * * * * * * * * * * * * * * * * * * * * //

dimensions      [1 0 -1 0 0 0 0];

internalField   nonuniform List<scalar> 
999
(
5.412337245e-16
4.857225733e-16
4.649058916e-16
4.30211422e-16
3.677613769e-16
3.122502257e-16
2.498001805e-16
1.665334537e-16
7.632783294e-17
1.387778781e-17
-7.632783294e-17
-1.45716772e-16
-1.942890293e-16
-2.428612866e-16
-2.844946501e-16
-3.538835891e-16
-3.747002708e-16
-4.093947403e-16
-4.649058916e-16
-5.06539255e-16
-5.481726184e-16
-5.481726184e-16
-5.551115123e-16
-5.620504062e-16
-5.828670879e-16
-6.314393453e-16
-6.800116026e-16
-7.077671782e-16
-7.147060721e-16
-7.285838599e-16
-7.355227538e-16
-7.494005416e-16
-7.424616477e-16
-7.008282843e-16
-6.730727087e-16
-6.383782392e-16
-6.175615574e-16
-6.106226635e-16
-5.898059818e-16
-5.75928194e-16
-5.898059818e-16
-5.828670879e-16
-5.967448757e-16
-5.898059818e-16
-5.967448757e-16
-6.383782392e-16
-6.383782392e-16
-6.52256027e-16
-6.383782392e-16
-6.52256027e-16
-6.383782392e-16
-6.314393453e-16
-6.52256027e-16
-6.453171331e-16
-6.106226635e-16
-6.036837696e-16
-6.175615574e-16
-6.106226635e-16
-6.036837696e-16
-5.481726184e-16
-5.06539255e-16
-5.06539255e-16
-4.996003611e-16
-4.996003611e-16
-5.06539255e-16
-4.649058916e-16
-4.510281038e-16
-4.371503159e-16
-4.510281038e-16
-4.579669977e-16
-4.30211422e-16
-4.163336342e-16
-3.955169525e-16
-3.885780586e-16
-3.60822483e-16
-3.747002708e-16
-3.885780586e-16
-3.747002708e-16
-3.885780586e-16
-3.677613769e-16
-3.747002708e-16
-4.093947403e-16
-4.093947403e-16
-4.232725281e-16
-4.163336342e-16
-4.024558464e-16
-4.232725281e-16
-4.371503159e-16
-4.30211422e-16
-4.440892099e-16
-4.371503159e-16
-4.30211422e-16
-4.232725281e-16
-4.093947403e-16
-4.024558464e-16
-4.371503159e-16
-4.024558464e-16
-4.232725281e-16
-3.955169525e-16
-3.469446952e-16
-3.677613769e-16
-3.261280135e-16
-3.122502257e-16
-2.983724379e-16
-2.844946501e-16
-2.706168623e-16
-2.775557562e-16
-2.567390744e-16
-2.498001805e-16
-2.359223927e-16
-2.081668171e-16
-1.942890293e-16
-1.942890293e-16
-2.012279232e-16
-2.081668171e-16
-1.942890293e-16
-1.873501354e-16
-1.804112415e-16
-1.734723476e-16
-1.873501354e-16
-1.734723476e-16
-1.665334537e-16
-1.734723476e-16
-1.873501354e-16
-2.081668171e-16
-1.804112415e-16
-1.595945598e-16
-1.873501354e-16
-1.804112415e-16
-1.526556659e-16
-1.45716772e-16
-1.040834086e-16
-8.326672685e-17
-6.245004514e-17
-4.857225733e-17
-4.857225733e-17
-2.081668171e-17
-1.387778781e-17
-2.775557562e-17
0
6.938893904e-18
0
-2.775557562e-17
-2.081668171e-17
-2.081668171e-17
-4.857225733e-17
-7.632783294e-17
-7.632783294e-17
-8.326672685e-17
-9.714451465e-17
-9.020562075e-17
-1.179611964e-16
-9.714451465e-17
-8.326672685e-17
-7.632783294e-17
-4.163336342e-17
-3.469446952e-17
-5.551115123e-17
-2.775557562e-17
-1.387778781e-17
-3.469446952e-17
0
6.938893904e-18
-3.469446952e-17
-6.938893904e-18
1.387778781e-17
3.469446952e-17
4.163336342e-17
4.163336342e-17
7.632783294e-17
5.551115123e-17
5.551115123e-17
4.163336342e-17
2.775557562e-17
3.469446952e-17
1.387778781e-17
2.775557562e-17
1.387778781e-17
0
3.469446952e-17
6.938893904e-18
4.163336342e-17
4.163336342e-17
2.775557562e-17
2.775557562e-17
6.938893904e-18
2.775557562e-17
-6.938893904e-18
0
6.938893904e-18
2.081668171e-17
2.081668171e-17
0
-6.938893904e-18
-6.938893904e-18
-6.938893904e-18
-2.081668171e-17
-6.938893904e-18
-2.775557562e-17
6.938893904e-18
-2.775557562e-17
-6.938893904e-18
-2.081668171e-17
-1.387778781e-17
-6.938893904e-18
-4.163336342e-17
-5.551115123e-17
-4.163336342e-17
-6.938893904e-18
-4.857225733e-17
-6.245004514e-17
-4.163336342e-17
-4.163336342e-17
-1.387778781e-17
-1.387778781e-17
-3.469446952e-17
-4.163336342e-17
-5.551115123e-17
-5.551115123e-17
-5.551115123e-17
-6.245004514e-17
-7.632783294e-17
-4.857225733e-17
-4.857225733e-17
-1.387778781e-17
-6.938893904e-18
-2.081668171e-17
-2.775557562e-17
-2.081668171e-17
-4.163336342e-17
-5.551115123e-17
-2.081668171e-17
-3.469446952e-17
0
1.387778781e-17
-6.938893904e-18
-2.081668171e-17
-1.387778781e-17
2.081668171e-17
6.938893904e-18
2.081668171e-17
-1.387778781e-17
6.245004514e-17
5.551115123e-17
3.330669074e-16
3.191891196e-16
1.353084311e-15
1.29757316e-15
5.141720383e-15
4.891920202e-15
1.856848009e-14
1.76456072e-14
6.523254159e-14
6.204065039e-14
2.235087115e-13
2.125730147e-13
7.469094787e-13
7.102998745e-13
2.434073776e-12
2.31491562e-12
7.731724982e-12
7.353853637e-12
2.392521944e-11
2.275937078e-11
7.208252398e-11
6.858476634e-11
2.113189138e-10
2.011226567e-10
6.02430314e-10
5.735726165e-10
1.668950863e-09
1.5897226e-09
4.489910509e-09
4.279099786e-09
1.172079902e-08
1.117772758e-08
2.966515472e-08
2.83121976e-08
7.273174258e-08
6.947619862e-08
1.725750012e-07
1.650199194e-07
3.958800044e-07
3.790004008e-07
8.769986178e-07
8.407738557e-07
1.873958391e-06
1.799519432e-06
3.857238468e-06
3.711461105e-06
7.637102926e-06
7.36711254e-06
1.452264334e-05
1.405597691e-05
2.647951952e-05
2.574538887e-05
4.62138465e-05
4.521886412e-05
7.706968125e-05
7.608573356e-05
0.0001226219139
0.0001225569338
0.0001859320696
0.0001889090717
0.0002686613292
0.0002786574569
0.0003705588047
0.0003936323107
0.0004899982739
0.0005333310107
0.0006257548889
0.0006949351665
0.0007789404743
0.0008741343892
0.0009529683456
0.001066616249
0.001150453891
0.001269922516
0.001369159914
0.001484707138
0.00160112753
0.001713484599
0.001836841732
0.001956619312
0.002071301724
0.002209576009
0.00230616129
0.002465352273
0.002545561202
0.002719458516
0.002790708812
0.00297138934
0.0030395889
0.003221739039
0.003290259896
0.003469862651
0.003541904356
0.003714733617
0.003793457307
0.003956148085
0.004043434318
0.004194198143
0.004290820986
0.004428757846
0.004535030222
0.004659808634
0.004775554892
0.004887459074
0.0050120939
0.005111755249
0.00524450293
0.005332795115
0.005472622547
0.005550746116
0.005696310841
0.00576576771
0.005915431761
0.005978020894
0.006129838566
0.006187615838
0.006339424194
0.006394566269
0.006544131751
0.006598785703
0.006743972227
0.006800082906
0.00693903111
0.006998197922
0.007129448001
0.007192846004
0.007315396358
0.007383761728
0.007497052592
0.007570734803
0.007674576673
0.007753621046
0.007848104086
0.007932339831
0.008017746325
0.008106859967
0.008183597669
0.008277183088
0.008345743783
0.008443326461
0.008504270372
0.00860531085
0.008659266651
0.008763154153
0.008810825039
0.008916869892
0.008959036694
0.009066469118
0.00910398584
0.009211963407
0.009245743471
0.009353369329
0.009384360603
0.009490714012
0.009519862372
0.009624039708
0.009652245788
0.009753406089
0.009781479751
0.009878893932
0.00990749972
0.01000061938
0.01003017956
0.01011877491
0.01014925972
0.01023369274
0.01026429362
0.01034577518
0.01037499068
0.01045486219
0.01048257123
0.01055905633
0.01059117453
0.01065533769
0.01070436077
0.0107448729
0.01081540556
0.01083693349
0.01091058381
0.01093687914
0.01099431142
0.01103118213
0.01108489283
0.01111236761
0.01117490245
0.01119736216
0.01125171948
0.01128152194
0.01133303709
0.01135252535
0.01141467732
0.01142764899
0.01148668469
0.01149917924
0.01156238598
0.01156536519
0.01163043865
0.01163342376
0.011697835
0.01169330292
0.01176264823
0.0117552994
0.0118225569
0.01181205282
0.01188073832
0.01186977716
0.01193352034
0.01192322106
0.01198508994
0.01197645026
0.01203197351
0.01202582175
0.0120772526
0.01207467765
0.01211878309
0.01211976481
0.01215809366
0.01216404286
0.0121949373
0.01220447169
0.01222917566
0.0122432914
0.01226208645
0.01227873719
0.01229211305
0.01231164164
0.012321006
0.01234221815
0.0123471515
0.01236984082
0.01237116101
0.01239599293
0.01239291216
0.01241955719
0.01241181904
0.01244096725
0.01242916375
0.01245995271
0.0124444696
0.01247581055
0.01245789911
0.01248939296
0.01246985329
0.01250079064
0.012479843
0.01251026627
0.01248879138
0.01251878229
0.01249647442
0.01252422219
0.01249631714
0.012511351
0.0124734245
0.01250690561
0.01249978356
0.01253021998
0.01248815342
0.01248300005
0.01248510566
0.0125315233
0.01243064822
0.01236240094
0.01251617969
0.01250126167
0.01250015932
0.01250456724
0.01251020653
0.01250503687
0.01251369465
0.01250494875
0.01250954551
0.01250116245
0.01250007745
0.01249210006
0.01248718198
0.01247929666
0.01247285176
0.01246550437
0.01245928889
0.01245341265
0.01244905032
0.01244609352
0.0124452868
0.01244665681
0.01245055342
0.01245686922
0.01246555065
0.01247617673
0.01248825119
0.01250106241
0.01251393867
0.01252621809
0.01253737435
0.01254697265
0.01255471654
0.01256042636
0.01256406998
0.01256573824
0.01256562343
0.01256396402
0.01256101931
0.01255704877
0.01255233448
0.01254718351
0.01254190687
0.01253677971
0.01253201727
0.01252778766
0.01252423391
0.01252146487
0.0125195185
0.01251833206
0.01251775051
0.01251757472
0.01251759531
0.01251759763
0.01251734142
0.01251657272
0.01251506542
0.01251266501
0.01250930491
0.01250497425
0.01249969045
0.01249349767
0.01248650406
0.01247890047
0.01247095514
0.01246296752
0.01245525476
0.01244814986
0.01244202168
0.01243725864
0.01243420902
0.0124331215
0.01243409102
0.01243708816
0.01244198015
0.01244856448
0.0124565416
0.01246549995
0.0124749423
0.01248435173
0.01249329325
0.01250143744
0.01250855669
0.01251445428
0.01251895038
0.01252190654
0.01252330218
0.01252328394
0.01252212888
0.01252014906
0.01251757414
0.01251452964
0.0125110988
0.01250745
0.01250389785
0.01250085119
0.01249864564
0.01249737651
0.01249683498
0.01249662372
0.0124963902
0.0124960413
0.01249579704
0.01249602407
0.01249693059
0.01249829012
0.0124993831
0.01249923061
0.01249703871
0.01249265479
0.01248678554
0.01248082867
0.01247633679
0.01247430814
0.01247462848
0.01247589372
0.0124758011
0.01247197445
0.01246301661
0.01244938589
0.01243374403
0.0124206151
0.01241533291
0.01242260289
0.01244495045
0.01248150842
0.01252733486
0.01257348298
0.01260778569
0.01261630744
0.01258524371
0.01250294711
0.01236176132
0.01215924999
0.01189863773
0.01158832775
0.01124069104
0.01087035905
0.01049242727
0.01012086486
0.009767370182
0.009440758039
0.009146800218
0.008888457376
0.00866631397
0.008479119813
0.008324345945
0.008198666865
0.008098375986
0.008019687576
0.007958969477
0.007912887468
0.007878489628
0.007853248058
0.007835046793
0.007822161827
0.007813210671
0.007807117908
0.007803061422
0.007800418621
0.007798731358
0.007797663426
0.007796969548
0.007796485392
0.007796087915
0.007795704976
0.007795279146
0.007794774347
0.007794181805
0.007793492039
0.007792716337
0.00779185438
0.007790929088
0.007789951799
0.007788934511
0.007787894879
0.007786837252
0.007785778708
0.007784727174
0.00778369153
0.007782685508
0.00778172001
0.007780806198
0.007779956997
0.00777918052
0.007778478501
0.007777862967
0.00777732379
0.007776862342
0.007776470682
0.007776125607
0.007775824669
0.007775551652
0.007775296916
0.007775054201
0.007774832284
0.00777463572
0.007774469287
0.00777436042
0.007774306453
0.007774317448
0.007774402628
0.007774564685
0.007774801192
0.007775095466
0.007775443658
0.007775839271
0.007776283516
0.007776784062
0.007777320508
0.007777883543
0.00777847731
0.007779070293
0.007779657229
0.007780228103
0.0077807594
0.007781258376
0.007781720186
0.007782150749
0.007782541052
0.007782892682
0.007783238517
0.007783568032
0.007783888631
0.007784204921
0.007784504628
0.007784783961
0.007785045901
0.00778528878
0.007785501149
0.00778567105
0.00778579941
0.007785925637
0.007786067706
0.007786187732
0.007786323866
0.007786537747
0.007786741761
0.007786792131
0.007786728691
0.007786842388
0.007787162313
0.007787083874
0.007786320582
0.00778589565
0.007786715106
0.0077872696
0.007785354151
0.007782945786
0.007784985158
0.007789841246
0.007787715664
0.00777774331
0.007777819659
0.007796661243
0.007804327838
0.007772704516
0.007746455804
0.007795789952
0.007864952541
0.007800581977
0.007645829239
0.007703327664
0.008013260093
0.008020551377
0.007431852423
0.007139452061
0.008058610313
0.008824577941
0.007083094439
0.003641648316
0.001188230467
0.0002824560946
5.940886679e-05
1.210741731e-05
2.451208084e-06
4.955983976e-07
1.001746242e-07
2.024714382e-08
4.092308826e-09
8.271312801e-10
1.671791603e-10
3.379019503e-11
6.829653162e-12
1.380400134e-12
2.790025155e-13
5.638892131e-14
1.139453115e-14
2.304580138e-15
4.657732533e-16
9.714451465e-17
2.255140519e-17
5.204170428e-18
1.734723476e-18
-8.67361738e-19
-8.67361738e-19
-1.734723476e-18
0
2.602085214e-18
2.602085214e-18
2.602085214e-18
5.204170428e-18
2.602085214e-18
-2.602085214e-18
-2.602085214e-18
-3.469446952e-18
-8.67361738e-19
0
0
-8.67361738e-19
-1.734723476e-18
8.67361738e-19
3.469446952e-18
3.469446952e-18
7.806255642e-18
3.469446952e-18
-8.67361738e-19
-8.67361738e-19
-4.33680869e-18
0
2.602085214e-18
4.33680869e-18
1.301042607e-17
7.806255642e-18
2.602085214e-18
1.734723476e-18
8.67361738e-19
6.071532166e-18
6.938893904e-18
6.938893904e-18
6.938893904e-18
3.469446952e-18
1.734723476e-18
2.602085214e-18
0
1.734723476e-18
6.071532166e-18
8.67361738e-19
2.602085214e-18
4.33680869e-18
1.734723476e-18
8.67361738e-19
3.469446952e-18
5.204170428e-18
4.33680869e-18
8.67361738e-18
1.127570259e-17
6.938893904e-18
2.602085214e-18
5.204170428e-18
5.204170428e-18
7.806255642e-18
1.040834086e-17
1.301042607e-17
1.734723476e-17
1.387778781e-17
1.127570259e-17
1.040834086e-17
1.214306433e-17
1.474514955e-17
1.474514955e-17
1.214306433e-17
1.387778781e-17
1.214306433e-17
1.214306433e-17
1.734723476e-17
2.081668171e-17
2.428612866e-17
2.775557562e-17
3.209238431e-17
3.122502257e-17
2.602085214e-17
2.255140519e-17
2.168404345e-17
1.561251128e-17
1.82145965e-17
2.081668171e-17
1.474514955e-17
1.387778781e-17
8.67361738e-18
4.33680869e-18
4.33680869e-18
2.602085214e-18
4.33680869e-18
1.734723476e-18
4.33680869e-18
1.127570259e-17
7.806255642e-18
7.806255642e-18
6.938893904e-18
8.67361738e-19
-8.67361738e-19
-6.938893904e-18
-1.040834086e-17
-1.214306433e-17
-2.081668171e-17
-2.602085214e-17
-3.295974604e-17
-3.6429193e-17
-3.729655473e-17
-4.250072516e-17
-4.33680869e-17
-4.943961907e-17
-5.464378949e-17
-5.637851297e-17
-6.418476861e-17
-6.765421556e-17
-6.591949209e-17
-6.938893904e-17
-7.285838599e-17
-7.54604712e-17
-8.326672685e-17
-8.760353554e-17
-9.540979118e-17
-1.006139616e-16
-1.014813233e-16
-1.084202172e-16
-1.118896642e-16
-1.075528555e-16
-1.084202172e-16
-1.144917494e-16
-1.196959198e-16
-1.266348137e-16
-1.25767452e-16
-1.275021755e-16
-1.318389842e-16
-1.309716224e-16
-1.344410694e-16
-1.405126016e-16
-1.474514955e-16
-1.517883041e-16
-1.543903894e-16
-1.587271981e-16
-1.526556659e-16
-1.509209424e-16
-1.578598363e-16
-1.526556659e-16
-1.578598363e-16
-1.552577511e-16
-1.569924746e-16
-1.62196645e-16
-1.587271981e-16
-1.595945598e-16
-1.569924746e-16
-1.517883041e-16
-1.587271981e-16
-1.630640067e-16
-1.595945598e-16
-1.691355389e-16
-1.726049859e-16
-1.743397093e-16
-1.804112415e-16
-1.795438798e-16
-1.82145965e-16
-1.838806885e-16
-1.838806885e-16
-1.908195824e-16
-1.934216676e-16
-1.977584763e-16
-2.029626467e-16
-1.968911145e-16
-1.942890293e-16
-1.934216676e-16
-1.916869441e-16
-1.994931997e-16
-2.055647319e-16
-2.072994554e-16
-2.142383493e-16
-2.194425197e-16
-2.229119667e-16
-2.237793284e-16
-2.263814136e-16
-2.307182223e-16
-2.367897545e-16
-2.428612866e-16
-2.480654571e-16
-2.489328188e-16
-2.489328188e-16
-2.541369892e-16
-2.524022658e-16
-2.558717127e-16
-2.55004351e-16
-2.576064362e-16
-2.558717127e-16
-2.498001805e-16
-2.558717127e-16
-2.532696275e-16
-2.489328188e-16
-2.55004351e-16
-2.584737979e-16
-2.55004351e-16
-2.567390744e-16
-2.558717127e-16
)
;

boundaryField
{
    leftRight
    {
        type            calculated;
        value           nonuniform List<scalar> 2(-5.967448757e-16 -2.532696275e-16);
    }
    empty
    {
        type            empty;
    }
}


// ************************************************************************* //
