/*--------------------------------*- C++ -*----------------------------------*\
  =========                 |
  \\      /  F ield         | OpenFOAM: The Open Source CFD Toolbox
   \\    /   O peration     | Website:  https://openfoam.org
    \\  /    A nd           | Version:  11
     \\/     M anipulation  |
\*---------------------------------------------------------------------------*/
FoamFile
{
    format      ascii;
    class       volVectorField;
    location    "0.0005";
    object      U;
}
// * * * * * * * * * * * * * * * * * * * * * * * * * * * * * * * * * * * * * //

dimensions      [0 1 -1 0 0 0 0];

internalField   nonuniform List<vector> 
1000
(
(6.014552489e-12 0 0)
(4.905755112e-12 0 0)
(4.756051598e-12 0 0)
(4.474841372e-12 0 0)
(4.088877981e-12 0 0)
(3.290474744e-12 0 0)
(2.942179463e-12 0 0)
(2.086791443e-12 0 0)
(1.22124344e-12 0 0)
(3.744506628e-13 0 0)
(-6.385503379e-14 0 0)
(-1.442604735e-12 0 0)
(-1.517184028e-12 0 0)
(-2.408941556e-12 0 0)
(-2.485368703e-12 0 0)
(-3.253032941e-12 0 0)
(-3.806655598e-12 0 0)
(-3.688951397e-12 0 0)
(-4.567634877e-12 0 0)
(-4.783187616e-12 0 0)
(-5.364392826e-12 0 0)
(-5.536099799e-12 0 0)
(-5.433531054e-12 0 0)
(-5.698390049e-12 0 0)
(-5.565545825e-12 0 0)
(-6.163582963e-12 0 0)
(-6.493381461e-12 0 0)
(-7.015831837e-12 0 0)
(-7.139493904e-12 0 0)
(-7.107560217e-12 0 0)
(-7.451378824e-12 0 0)
(-7.242653261e-12 0 0)
(-7.744833878e-12 0 0)
(-7.094254814e-12 0 0)
(-6.904180882e-12 0 0)
(-6.604212396e-12 0 0)
(-6.130373775e-12 0 0)
(-6.30353176e-12 0 0)
(-5.872995061e-12 0 0)
(-5.977378938e-12 0 0)
(-5.520707891e-12 0 0)
(-6.238073155e-12 0 0)
(-5.452432921e-12 0 0)
(-6.418230251e-12 0 0)
(-5.414356201e-12 0 0)
(-6.573384461e-12 0 0)
(-6.142891696e-12 0 0)
(-6.558633921e-12 0 0)
(-6.424662649e-12 0 0)
(-6.401093709e-12 0 0)
(-6.68280097e-12 0 0)
(-6.156478579e-12 0 0)
(-6.485911975e-12 0 0)
(-6.529375015e-12 0 0)
(-6.381233667e-12 0 0)
(-5.783323408e-12 0 0)
(-6.270236415e-12 0 0)
(-6.077810068e-12 0 0)
(-6.142643467e-12 0 0)
(-5.948468353e-12 0 0)
(-4.993150156e-12 0 0)
(-5.117846581e-12 0 0)
(-5.027414802e-12 0 0)
(-5.032783976e-12 0 0)
(-4.987822593e-12 0 0)
(-5.11292403e-12 0 0)
(-4.251646249e-12 0 0)
(-4.798164021e-12 0 0)
(-3.906608279e-12 0 0)
(-5.04857208e-12 0 0)
(-4.142394673e-12 0 0)
(-4.539961517e-12 0 0)
(-3.743479686e-12 0 0)
(-4.126999719e-12 0 0)
(-3.672546123e-12 0 0)
(-3.61683019e-12 0 0)
(-3.865685842e-12 0 0)
(-3.921346682e-12 0 0)
(-3.581741146e-12 0 0)
(-4.144418189e-12 0 0)
(-3.269757874e-12 0 0)
(-4.247753621e-12 0 0)
(-3.98262315e-12 0 0)
(-4.265593227e-12 0 0)
(-4.206757926e-12 0 0)
(-4.06328655e-12 0 0)
(-4.034457524e-12 0 0)
(-4.440225982e-12 0 0)
(-4.318068147e-12 0 0)
(-4.282114315e-12 0 0)
(-4.666070028e-12 0 0)
(-4.14551995e-12 0 0)
(-4.434295158e-12 0 0)
(-4.083671458e-12 0 0)
(-4.065214827e-12 0 0)
(-3.971111768e-12 0 0)
(-4.837857622e-12 0 0)
(-3.167303471e-12 0 0)
(-5.30249193e-12 0 0)
(-2.64326799e-12 0 0)
(-4.325445609e-12 0 0)
(-3.048010762e-12 0 0)
(-3.476068839e-12 0 0)
(-2.83024556e-12 0 0)
(-3.154985831e-12 0 0)
(-2.599501969e-12 0 0)
(-2.850292285e-12 0 0)
(-2.635766903e-12 0 0)
(-2.533997911e-12 0 0)
(-2.467322806e-12 0 0)
(-2.23782933e-12 0 0)
(-1.992154625e-12 0 0)
(-1.937972575e-12 0 0)
(-1.957106647e-12 0 0)
(-2.133286567e-12 0 0)
(-2.051410572e-12 0 0)
(-1.848008e-12 0 0)
(-1.857883536e-12 0 0)
(-1.72754552e-12 0 0)
(-1.738203103e-12 0 0)
(-2.029858567e-12 0 0)
(-1.48699325e-12 0 0)
(-1.899256723e-12 0 0)
(-1.533369549e-12 0 0)
(-2.224813853e-12 0 0)
(-2.001378154e-12 0 0)
(-1.636033459e-12 0 0)
(-1.615479784e-12 0 0)
(-2.131831224e-12 0 0)
(-1.471102919e-12 0 0)
(-1.569383008e-12 0 0)
(-1.34503346e-12 0 0)
(-7.324200096e-13 0 0)
(-9.890164118e-13 0 0)
(-2.797225927e-13 0 0)
(-6.682406576e-13 0 0)
(-3.064579057e-13 0 0)
(-4.8062034e-14 0 0)
(-2.88831153e-13 0 0)
(-2.525769298e-13 0 0)
(2.593199405e-13 0 0)
(-1.43040726e-13 0 0)
(1.480578336e-13 0 0)
(-6.671890632e-13 0 0)
(2.286308002e-13 0 0)
(-6.720093546e-13 0 0)
(-3.09910542e-13 0 0)
(-1.266100964e-12 0 0)
(-2.557672709e-13 0 0)
(-1.37912805e-12 0 0)
(-5.217316707e-13 0 0)
(-1.292588913e-12 0 0)
(-1.009809909e-12 0 0)
(-8.700369493e-13 0 0)
(-7.291574641e-13 0 0)
(-7.310547771e-13 0 0)
(-1.629962959e-13 0 0)
(-5.230642415e-13 0 0)
(-5.751242076e-13 0 0)
(-2.693171338e-14 0 0)
(-3.030597524e-13 0 0)
(-3.557656796e-13 0 0)
(3.174655898e-13 0 0)
(-2.268477834e-13 0 0)
(-4.472152863e-13 0 0)
(3.761054074e-13 0 0)
(-1.626005151e-13 0 0)
(8.234752684e-13 0 0)
(-3.669883508e-14 0 0)
(8.108724419e-13 0 0)
(7.073250401e-13 0 0)
(4.110735804e-13 0 0)
(7.506773634e-13 0 0)
(7.705336895e-14 0 0)
(4.832541888e-13 0 0)
(2.225733206e-13 0 0)
(2.121740458e-14 0 0)
(5.332211944e-13 0 0)
(-2.87648032e-13 0 0)
(2.367589124e-13 0 0)
(4.117150857e-13 0 0)
(-2.078388966e-13 0 0)
(1.067803522e-12 0 0)
(-2.909934287e-13 0 0)
(8.58970625e-13 0 0)
(-2.358313877e-13 0 0)
(3.275343169e-13 0 0)
(2.095522173e-13 0 0)
(-2.946354739e-13 0 0)
(3.046366912e-13 0 0)
(-1.453046725e-13 0 0)
(6.005275398e-13 0 0)
(-1.599357449e-13 0 0)
(8.820159925e-14 0 0)
(-2.105818771e-13 0 0)
(1.325175637e-13 0 0)
(-2.233027575e-13 0 0)
(-2.506185893e-13 0 0)
(8.822019806e-14 0 0)
(-5.841933304e-13 0 0)
(6.884953778e-13 0 0)
(-1.256898147e-12 0 0)
(1.098748665e-12 0 0)
(-1.496012804e-12 0 0)
(1.22203576e-12 0 0)
(-1.324743718e-12 0 0)
(4.822194595e-13 0 0)
(-1.634266797e-12 0 0)
(8.199768957e-13 0 0)
(-9.01410557e-13 0 0)
(-8.939452032e-14 0 0)
(-1.216085484e-12 0 0)
(4.434855384e-13 0 0)
(-1.252014579e-12 0 0)
(1.003412847e-12 0 0)
(-1.273838441e-12 0 0)
(5.370180895e-13 0 0)
(-1.357771792e-12 0 0)
(2.187742098e-13 0 0)
(-1.311430709e-12 0 0)
(2.414454996e-13 0 0)
(-1.465980327e-12 0 0)
(-1.232966875e-13 0 0)
(-8.035005014e-13 0 0)
(-1.573570119e-13 0 0)
(-1.559286344e-13 0 0)
(7.793381832e-14 0 0)
(-4.985499277e-13 0 0)
(-8.320952729e-14 0 0)
(-3.211271208e-13 0 0)
(-5.478129385e-13 0 0)
(-5.33162853e-13 0 0)
(8.267297197e-14 0 0)
(-8.164983786e-13 0 0)
(8.450111957e-13 0 0)
(-6.307338855e-13 0 0)
(5.152247619e-13 0 0)
(-9.168979698e-13 0 0)
(6.844257281e-13 0 0)
(-2.843173065e-13 0 0)
(4.312851566e-13 0 0)
(2.795241711e-14 0 0)
(-2.347261758e-13 0 0)
(1.461797189e-12 0 0)
(-2.690101752e-13 0 0)
(7.014475257e-12 0 0)
(-5.015087613e-13 0 0)
(2.81412287e-11 0 0)
(-1.695255899e-12 0 0)
(1.063586498e-10 0 0)
(-6.795237607e-12 0 0)
(3.845915857e-10 0 0)
(-2.556170605e-11 0 0)
(1.3517257e-09 0 0)
(-9.041890862e-11 0 0)
(4.631260941e-09 0 0)
(-3.126361885e-10 0 0)
(1.547686153e-08 0 0)
(-1.055895025e-09 0 0)
(5.04405055e-08 0 0)
(-3.473284925e-09 0 0)
(1.602362283e-07 0 0)
(-1.11341068e-08 0 0)
(4.959019224e-07 0 0)
(-3.475395362e-08 0 0)
(1.494307756e-06 0 0)
(-1.055682433e-07 0 0)
(4.381617677e-06 0 0)
(-3.118552206e-07 0 0)
(1.249409865e-05 0 0)
(-8.952918055e-07 0 0)
(3.462263133e-05 0 0)
(-2.496007483e-06 0 0)
(9.317284129e-05 0 0)
(-6.752286296e-06 0 0)
(0.0002433105661 0 0)
(-1.770946724e-05 0 0)
(0.0006160550236 0 0)
(-4.498867624e-05 0 0)
(0.001511064106 0 0)
(-0.0001105849096 0 0)
(0.003587063262 0 0)
(-0.0002627113176 0 0)
(0.008232687986 0 0)
(-0.0006023693951 0 0)
(0.01824757521 0 0)
(-0.001330831581 0 0)
(0.03901200283 0 0)
(-0.00282685176 0 0)
(0.08034070582 0 0)
(-0.005754969156 0 0)
(0.1591356232 0 0)
(-0.01117563677 0 0)
(0.302667029 0 0)
(-0.02054240966 0 0)
(0.5517023493 0 0)
(-0.03527697793 0 0)
(0.961720403 0 0)
(-0.05524989266 0 0)
(1.599309468 0 0)
(-0.07498847617 0 0)
(2.530304816 0 0)
(-0.07611652733 0 0)
(3.797784423 0 0)
(-0.01534782191 0 0)
(5.39357664 0 0)
(0.1891747467 0 0)
(7.236664358 0 0)
(0.6635264768 0 0)
(9.180580677 0 0)
(1.559068738 0 0)
(11.06725853 0 0)
(2.996085482 0 0)
(12.81629259 0 0)
(4.983850752 0 0)
(14.4967859 0 0)
(7.373645087 0 0)
(16.31163993 0 0)
(9.914703241 0 0)
(18.46767697 0 0)
(12.4158235 0 0)
(21.00272594 0 0)
(14.89623733 0 0)
(23.71857664 0 0)
(17.57296043 0 0)
(26.31203683 0 0)
(20.67153439 0 0)
(28.59940458 0 0)
(24.241201 0 0)
(30.61202207 0 0)
(28.15571633 0 0)
(32.49254001 0 0)
(32.25427147 0 0)
(34.35642801 0 0)
(36.4289135 0 0)
(36.27120536 0 0)
(40.59880209 0 0)
(38.30191653 0 0)
(44.68067413 0 0)
(40.5137992 0 0)
(48.60929726 0 0)
(42.94732841 0 0)
(52.35057993 0 0)
(45.62071524 0 0)
(55.88772835 0 0)
(48.54216687 0 0)
(59.21469443 0 0)
(51.70921784 0 0)
(62.33680408 0 0)
(55.11028113 0 0)
(65.26558595 0 0)
(58.72907053 0 0)
(68.0168544 0 0)
(62.5434242 0 0)
(70.61249609 0 0)
(66.52446952 0 0)
(73.0802636 0 0)
(70.63713716 0 0)
(75.45400689 0 0)
(74.84023108 0 0)
(77.77319597 0 0)
(79.08853485 0 0)
(80.08050593 0 0)
(83.33595911 0 0)
(82.41894682 0 0)
(87.53899191 0 0)
(84.82836121 0 0)
(91.66020262 0 0)
(87.34232402 0 0)
(95.67050815 0 0)
(89.98621438 0 0)
(99.55010684 0 0)
(92.77657494 0 0)
(103.2879405 0 0)
(95.72188515 0 0)
(106.8801265 0 0)
(98.82406153 0 0)
(110.3280824 0 0)
(102.0801743 0 0)
(113.6367702 0 0)
(105.4839418 0 0)
(116.8133942 0 0)
(109.0267885 0 0)
(119.8666228 0 0)
(112.6983913 0 0)
(122.8063391 0 0)
(116.4868052 0 0)
(125.6437162 0 0)
(120.3783888 0 0)
(128.3914269 0 0)
(124.35771 0 0)
(131.0638074 0 0)
(128.4075863 0 0)
(133.6768748 0 0)
(132.5093009 0 0)
(136.2481555 0 0)
(136.6430308 0 0)
(138.7962732 0 0)
(140.7885026 0 0)
(141.3402838 0 0)
(144.9258196 0 0)
(143.898858 0 0)
(149.0362987 0 0)
(146.489462 0 0)
(153.1031661 0 0)
(149.1276159 0 0)
(157.1119725 0 0)
(151.8262144 0 0)
(161.0504878 0 0)
(154.5948517 0 0)
(164.9078439 0 0)
(157.4394167 0 0)
(168.6737744 0 0)
(160.36403 0 0)
(172.3423584 0 0)
(163.3806276 0 0)
(175.9264497 0 0)
(166.5236511 0 0)
(179.4656283 0 0)
(169.8279144 0 0)
(182.9747691 0 0)
(173.2516361 0 0)
(186.3924603 0 0)
(176.7116831 0 0)
(189.6773474 0 0)
(180.2165303 0 0)
(192.8599402 0 0)
(183.8163567 0 0)
(195.9653113 0 0)
(187.5078089 0 0)
(198.9713176 0 0)
(191.2579379 0 0)
(201.8695125 0 0)
(195.0915098 0 0)
(204.7055094 0 0)
(199.0330036 0 0)
(207.4909193 0 0)
(203.0526507 0 0)
(210.2151344 0 0)
(207.1350245 0 0)
(212.8894644 0 0)
(211.2582465 0 0)
(215.5187762 0 0)
(215.4049526 0 0)
(218.1232919 0 0)
(219.5608218 0 0)
(220.7206333 0 0)
(223.7057226 0 0)
(223.3270129 0 0)
(227.8220329 0 0)
(225.9598504 0 0)
(231.8949932 0 0)
(228.6332792 0 0)
(235.9102066 0 0)
(231.3616452 0 0)
(239.8602568 0 0)
(234.1557583 0 0)
(243.7359452 0 0)
(237.0249136 0 0)
(247.5350723 0 0)
(239.9739229 0 0)
(251.2530906 0 0)
(243.007548 0 0)
(254.890499 0 0)
(246.1249842 0 0)
(258.4451627 0 0)
(249.32691 0 0)
(261.9162124 0 0)
(252.6089039 0 0)
(265.3019763 0 0)
(255.9684472 0 0)
(268.5992115 0 0)
(259.4001 0 0)
(271.8055091 0 0)
(262.8979293 0 0)
(274.9153819 0 0)
(266.4544556 0 0)
(277.9224509 0 0)
(270.0570574 0 0)
(280.8156784 0 0)
(273.6883314 0 0)
(283.577577 0 0)
(277.3220695 0 0)
(286.1840226 0 0)
(280.9252438 0 0)
(288.6076491 0 0)
(284.4686317 0 0)
(290.8391657 0 0)
(287.9597049 0 0)
(292.9345085 0 0)
(291.4930984 0 0)
(295.0294833 0 0)
(295.1406275 0 0)
(296.9099578 0 0)
(297.5987765 0 0)
(294.4755835 0 0)
(290.8996417 0 0)
(286.5328557 0 0)
(296.3393116 0 0)
(298.3487128 0 0)
(302.5089243 0 0)
(283.8281018 0 0)
(287.0253773 0 0)
(296.8412067 0 0)
(306.9530975 0 0)
(405.2739966 0 0)
(327.7503883 0 0)
(280.5904341 0 0)
(309.0573726 0 0)
(278.1183401 0 0)
(310.241278 0 0)
(280.0546915 0 0)
(305.2757326 0 0)
(285.1066278 0 0)
(299.5515667 0 0)
(289.321607 0 0)
(296.0661017 0 0)
(291.573317 0 0)
(294.4746877 0 0)
(292.5467687 0 0)
(293.8148252 0 0)
(292.9471885 0 0)
(293.5357113 0 0)
(293.1199828 0 0)
(293.412167 0 0)
(293.2043735 0 0)
(293.3585845 0 0)
(293.2524908 0 0)
(293.3395224 0 0)
(293.2876262 0 0)
(293.341117 0 0)
(293.3181298 0 0)
(293.3547013 0 0)
(293.3484434 0 0)
(293.3755121 0 0)
(293.378791 0 0)
(293.4016845 0 0)
(293.4106601 0 0)
(293.4308256 0 0)
(293.4425473 0 0)
(293.4602452 0 0)
(293.4731525 0 0)
(293.4898031 0 0)
(293.5020284 0 0)
(293.5153402 0 0)
(293.5260092 0 0)
(293.5367146 0 0)
(293.5449429 0 0)
(293.5520763 0 0)
(293.5565378 0 0)
(293.5598307 0 0)
(293.5606077 0 0)
(293.5594744 0 0)
(293.5561672 0 0)
(293.5503291 0 0)
(293.5416664 0 0)
(293.5304461 0 0)
(293.5162309 0 0)
(293.4995592 0 0)
(293.480701 0 0)
(293.4597238 0 0)
(293.436267 0 0)
(293.4110744 0 0)
(293.3842122 0 0)
(293.3558686 0 0)
(293.3265329 0 0)
(293.2966745 0 0)
(293.2666026 0 0)
(293.2364932 0 0)
(293.2068383 0 0)
(293.1781677 0 0)
(293.1510463 0 0)
(293.125275 0 0)
(293.1014925 0 0)
(293.0798203 0 0)
(293.0603804 0 0)
(293.0428216 0 0)
(293.0275886 0 0)
(293.0153755 0 0)
(293.0056649 0 0)
(292.9978596 0 0)
(292.9920656 0 0)
(292.9888704 0 0)
(292.9883806 0 0)
(292.9900002 0 0)
(292.9928313 0 0)
(292.997392 0 0)
(293.0039105 0 0)
(293.012068 0 0)
(293.0213516 0 0)
(293.0309529 0 0)
(293.0414676 0 0)
(293.052697 0 0)
(293.0646466 0 0)
(293.0769549 0 0)
(293.0895723 0 0)
(293.1025832 0 0)
(293.1160536 0 0)
(293.1298456 0 0)
(293.1434497 0 0)
(293.1568212 0 0)
(293.1701396 0 0)
(293.1827534 0 0)
(293.1950267 0 0)
(293.2068394 0 0)
(293.2178897 0 0)
(293.2280923 0 0)
(293.2373111 0 0)
(293.2457658 0 0)
(293.253193 0 0)
(293.2597045 0 0)
(293.2655036 0 0)
(293.2698963 0 0)
(293.2732243 0 0)
(293.2757607 0 0)
(293.2775084 0 0)
(293.2782193 0 0)
(293.2778789 0 0)
(293.2767056 0 0)
(293.2749655 0 0)
(293.2726337 0 0)
(293.2697483 0 0)
(293.2669536 0 0)
(293.2643936 0 0)
(293.2621274 0 0)
(293.2603667 0 0)
(293.2588798 0 0)
(293.2584107 0 0)
(293.2584813 0 0)
(293.2590965 0 0)
(293.2608721 0 0)
(293.2634701 0 0)
(293.2669409 0 0)
(293.2715826 0 0)
(293.2777417 0 0)
(293.28498 0 0)
(293.2931761 0 0)
(293.3000496 0 0)
(293.3050149 0 0)
(293.3072023 0 0)
(293.307717 0 0)
(293.3071197 0 0)
(293.3070579 0 0)
(293.3090223 0 0)
(293.3153026 0 0)
(293.3263276 0 0)
(293.3419785 0 0)
(293.36161 0 0)
(293.3835703 0 0)
(293.4070602 0 0)
(293.4304839 0 0)
(293.452644 0 0)
(293.4724429 0 0)
(293.489996 0 0)
(293.5051587 0 0)
(293.5183373 0 0)
(293.5298583 0 0)
(293.5391635 0 0)
(293.5465315 0 0)
(293.552171 0 0)
(293.5563821 0 0)
(293.5598555 0 0)
(293.5617576 0 0)
(293.5616747 0 0)
(293.5601759 0 0)
(293.5567863 0 0)
(293.5521841 0 0)
(293.5459156 0 0)
(293.5379486 0 0)
(293.5280979 0 0)
(293.5167753 0 0)
(293.5039654 0 0)
(293.4907035 0 0)
(293.4751207 0 0)
(293.4583098 0 0)
(293.4401921 0 0)
(293.421621 0 0)
(293.4016957 0 0)
(293.3809522 0 0)
(293.3597073 0 0)
(293.3378546 0 0)
(293.3156604 0 0)
(293.2930896 0 0)
(293.27039 0 0)
(293.2481938 0 0)
(293.2259675 0 0)
(293.2041926 0 0)
(293.1829765 0 0)
(293.1625585 0 0)
(293.143009 0 0)
(293.1244131 0 0)
(293.106821 0 0)
(293.090068 0 0)
(293.0746025 0 0)
(293.0602666 0 0)
(293.0474981 0 0)
(293.0354083 0 0)
(293.025248 0 0)
(293.016262 0 0)
(293.009013 0 0)
(293.0032375 0 0)
(292.9979248 0 0)
(292.9949365 0 0)
(292.9930471 0 0)
(292.9927879 0 0)
(292.9945009 0 0)
(292.9967142 0 0)
(292.999859 0 0)
(293.0045528 0 0)
(293.0111633 0 0)
(293.0193093 0 0)
(293.0282704 0 0)
(293.0360538 0 0)
(293.0447467 0 0)
(293.0551595 0 0)
(293.0659343 0 0)
(293.0761136 0 0)
(293.0869268 0 0)
(293.0982475 0 0)
(293.1095926 0 0)
(293.1209312 0 0)
(293.132757 0 0)
(293.1447585 0 0)
(293.157168 0 0)
(293.1689584 0 0)
(293.1802544 0 0)
(293.1894812 0 0)
(293.1974064 0 0)
(293.2052141 0 0)
(293.2137283 0 0)
(293.2223812 0 0)
(293.2296602 0 0)
(293.235393 0 0)
(293.2411007 0 0)
(293.24585 0 0)
(293.2490265 0 0)
(293.252342 0 0)
(293.2546924 0 0)
(293.2564378 0 0)
(293.2589318 0 0)
(293.2602499 0 0)
(293.2594285 0 0)
(293.2596153 0 0)
(293.261658 0 0)
(293.2610943 0 0)
(293.2564606 0 0)
(293.2525499 0 0)
(293.2558401 0 0)
(293.260851 0 0)
(293.2510073 0 0)
(293.2317042 0 0)
(293.2364954 0 0)
(293.2681738 0 0)
(293.2681857 0 0)
(293.2078039 0 0)
(293.1820309 0 0)
(293.2819163 0 0)
(293.3689439 0 0)
(293.21788 0 0)
(292.996252 0 0)
(293.1928837 0 0)
(293.6873658 0 0)
(293.5212706 0 0)
(292.5365768 0 0)
(292.4617523 0 0)
(294.275469 0 0)
(295.1319515 0 0)
(292.0859687 0 0)
(289.2254349 0 0)
(293.7703087 0 0)
(300.6742901 0 0)
(294.7971139 0 0)
(278.4942742 0 0)
(281.8484016 0 0)
(310.3933901 0 0)
(309.9557495 0 0)
(237.2509266 0 0)
(119.9109424 0 0)
(37.62524884 0 0)
(8.724803481 0 0)
(1.820195244 0 0)
(0.3703182697 0 0)
(0.0749467527 0 0)
(0.01515178417 0 0)
(0.003062568483 0 0)
(0.0006190029916 0 0)
(0.0001251118381 0 0)
(2.528747828e-05 0 0)
(5.111094994e-06 0 0)
(1.033050968e-06 0 0)
(2.088000591e-07 0 0)
(4.220128831e-08 0 0)
(8.530452801e-09 0 0)
(1.722921967e-09 0 0)
(3.491170487e-10 0 0)
(6.997142484e-11 0 0)
(1.464998808e-11 0 0)
(2.938361395e-12 0 0)
(1.016276365e-12 0 0)
(-8.396457439e-14 0 0)
(3.32157145e-13 0 0)
(-4.863915868e-13 0 0)
(3.758195446e-13 0 0)
(-6.721515693e-13 0 0)
(6.944414434e-13 0 0)
(-3.239454148e-13 0 0)
(6.920361252e-13 0 0)
(-2.080176991e-13 0 0)
(1.070646918e-12 0 0)
(-6.42695404e-13 0 0)
(1.708551971e-13 0 0)
(-6.094824889e-13 0 0)
(1.840040749e-14 0 0)
(-2.239467061e-13 0 0)
(2.083447055e-13 0 0)
(-1.71493717e-13 0 0)
(3.702184295e-14 0 0)
(-2.491234899e-13 0 0)
(4.444497148e-13 0 0)
(5.250758442e-14 0 0)
(5.076915531e-13 0 0)
(7.501590951e-13 0 0)
(-2.636779344e-13 0 0)
(1.388001066e-13 0 0)
(-2.230450623e-13 0 0)
(-4.159954986e-13 0 0)
(4.46627248e-13 0 0)
(8.37941538e-15 0 0)
(7.081116763e-13 0 0)
(1.300053123e-12 0 0)
(-1.303097088e-13 0 0)
(4.982303573e-13 0 0)
(-1.816969543e-13 0 0)
(3.72334181e-13 0 0)
(6.130475749e-13 0 0)
(5.192395713e-13 0 0)
(5.306639378e-13 0 0)
(5.103290746e-13 0 0)
(5.02586879e-14 0 0)
(2.586446299e-13 0 0)
(1.475823616e-13 0 0)
(-1.600882148e-13 0 0)
(4.757549935e-13 0 0)
(4.480923692e-13 0 0)
(-2.798502522e-13 0 0)
(6.9372021e-13 0 0)
(-6.786747594e-14 0 0)
(3.211122346e-13 0 0)
(-1.553656522e-13 0 0)
(6.497547237e-13 0 0)
(1.509670129e-13 0 0)
(5.18070815e-13 0 0)
(8.725064571e-13 0 0)
(9.602306662e-13 0 0)
(2.046046564e-13 0 0)
(1.60432496e-13 0 0)
(6.11335596e-13 0 0)
(2.516480374e-13 0 0)
(9.614709997e-13 0 0)
(6.942542399e-13 0 0)
(1.382119037e-12 0 0)
(1.42847632e-12 0 0)
(7.094542914e-13 0 0)
(1.081102569e-12 0 0)
(5.693932826e-13 0 0)
(1.352185151e-12 0 0)
(1.005602937e-12 0 0)
(1.289843304e-12 0 0)
(6.112376203e-13 0 0)
(1.563733552e-12 0 0)
(3.202443447e-13 0 0)
(1.573721841e-12 0 0)
(1.234385858e-12 0 0)
(2.017620268e-12 0 0)
(1.84862095e-12 0 0)
(2.61727583e-12 0 0)
(2.569350973e-12 0 0)
(2.474732325e-12 0 0)
(1.693304614e-12 0 0)
(1.923575807e-12 0 0)
(1.531483393e-12 0 0)
(9.746859843e-13 0 0)
(1.969817493e-12 0 0)
(1.360067587e-12 0 0)
(1.008272961e-12 0 0)
(1.260684685e-12 0 0)
(1.780499792e-13 0 0)
(4.650112169e-13 0 0)
(2.004230773e-13 0 0)
(2.134767994e-13 0 0)
(4.234414785e-13 0 0)
(-9.045417706e-14 0 0)
(8.536915487e-13 0 0)
(8.954272799e-13 0 0)
(3.2660146e-13 0 0)
(8.705874707e-13 0 0)
(2.596398395e-13 0 0)
(-1.474098013e-13 0 0)
(-3.983431312e-14 0 0)
(-1.064991593e-12 0 0)
(-5.865790207e-13 0 0)
(-1.313292224e-12 0 0)
(-2.039682279e-12 0 0)
(-2.139016083e-12 0 0)
(-3.12147464e-12 0 0)
(-2.689966202e-12 0 0)
(-3.218457889e-12 0 0)
(-3.617339446e-12 0 0)
(-3.306879222e-12 0 0)
(-4.611356898e-12 0 0)
(-4.083681493e-12 0 0)
(-4.985364849e-12 0 0)
(-5.324385445e-12 0 0)
(-5.459346833e-12 0 0)
(-5.150585919e-12 0 0)
(-6.010769059e-12 0 0)
(-5.644664842e-12 0 0)
(-6.452607494e-12 0 0)
(-6.839002484e-12 0 0)
(-7.187657029e-12 0 0)
(-8.064530898e-12 0 0)
(-8.075504917e-12 0 0)
(-8.219244313e-12 0 0)
(-9.188587756e-12 0 0)
(-8.672212056e-12 0 0)
(-8.581576457e-12 0 0)
(-8.806718758e-12 0 0)
(-9.48579255e-12 0 0)
(-9.61248183e-12 0 0)
(-1.066844476e-11 0 0)
(-9.474869452e-12 0 0)
(-1.097045337e-11 0 0)
(-1.01332979e-11 0 0)
(-1.077691976e-11 0 0)
(-1.08057249e-11 0 0)
(-1.165511963e-11 0 0)
(-1.185024153e-11 0 0)
(-1.241340833e-11 0 0)
(-1.229173592e-11 0 0)
(-1.308311289e-11 0 0)
(-1.142066889e-11 0 0)
(-1.27568951e-11 0 0)
(-1.242694851e-11 0 0)
(-1.204699972e-11 0 0)
(-1.315324062e-11 0 0)
(-1.173290873e-11 0 0)
(-1.342920906e-11 0 0)
(-1.249427339e-11 0 0)
(-1.294271893e-11 0 0)
(-1.26091027e-11 0 0)
(-1.250444062e-11 0 0)
(-1.178585545e-11 0 0)
(-1.36226471e-11 0 0)
(-1.245494463e-11 0 0)
(-1.314250336e-11 0 0)
(-1.397842222e-11 0 0)
(-1.356874282e-11 0 0)
(-1.436591128e-11 0 0)
(-1.445211758e-11 0 0)
(-1.423588125e-11 0 0)
(-1.487967326e-11 0 0)
(-1.456745268e-11 0 0)
(-1.492648062e-11 0 0)
(-1.557136474e-11 0 0)
(-1.536661475e-11 0 0)
(-1.62288255e-11 0 0)
(-1.618211586e-11 0 0)
(-1.532344427e-11 0 0)
(-1.574721818e-11 0 0)
(-1.519082248e-11 0 0)
(-1.550230861e-11 0 0)
(-1.639025101e-11 0 0)
(-1.648818395e-11 0 0)
(-1.666503719e-11 0 0)
(-1.763059712e-11 0 0)
(-1.746052555e-11 0 0)
(-1.822637947e-11 0 0)
(-1.758728392e-11 0 0)
(-1.865822448e-11 0 0)
(-1.832318234e-11 0 0)
(-1.961816441e-11 0 0)
(-1.924410568e-11 0 0)
(-2.036463032e-11 0 0)
(-1.942386836e-11 0 0)
(-2.046938679e-11 0 0)
(-2.015373634e-11 0 0)
(-2.018266731e-11 0 0)
(-2.07341623e-11 0 0)
(-2.0105942e-11 0 0)
(-2.108141255e-11 0 0)
(-1.979543118e-11 0 0)
(-2.022750376e-11 0 0)
(-2.066522978e-11 0 0)
(-1.989278103e-11 0 0)
(-1.992688894e-11 0 0)
(-2.085381029e-11 0 0)
(-2.046157108e-11 0 0)
(-2.037046249e-11 0 0)
(-2.066639356e-11 0 0)
(-2.022570727e-11 0 0)
)
;

boundaryField
{
    leftRight
    {
        type            zeroGradient;
    }
    empty
    {
        type            empty;
    }
}


// ************************************************************************* //
