/*--------------------------------*- C++ -*----------------------------------*\
  =========                 |
  \\      /  F ield         | OpenFOAM: The Open Source CFD Toolbox
   \\    /   O peration     | Website:  https://openfoam.org
    \\  /    A nd           | Version:  11
     \\/     M anipulation  |
\*---------------------------------------------------------------------------*/
FoamFile
{
    format      ascii;
    class       vectorField;
    location    "constant/polyMesh";
    object      points;
}
// * * * * * * * * * * * * * * * * * * * * * * * * * * * * * * * * * * * * * //


2501
(
(0 0 0)
(0.0125 0 0)
(0.025 0 0)
(0.0375 0 0)
(0.05 0 0)
(0.0625 0 0)
(0.075 0 0)
(0.0875 0 0)
(0.1 0 0)
(0.1125 0 0)
(0.125 0 0)
(0.1375 0 0)
(0.15 0 0)
(0.1625 0 0)
(0.175 0 0)
(0.1875 0 0)
(0.2 0 0)
(0.2125 0 0)
(0.225 0 0)
(0.2375 0 0)
(0.25 0 0)
(0.2625 0 0)
(0.275 0 0)
(0.2875 0 0)
(0.3 0 0)
(0.3125 0 0)
(0.325 0 0)
(0.3375 0 0)
(0.35 0 0)
(0.3625 0 0)
(0.375 0 0)
(0.3875 0 0)
(0.4 0 0)
(0.4125 0 0)
(0.425 0 0)
(0.4375 0 0)
(0.45 0 0)
(0.4625 0 0)
(0.475 0 0)
(0.4875 0 0)
(0.5 0 0)
(0.5125 0 0)
(0.525 0 0)
(0.5375 0 0)
(0.55 0 0)
(0.5625 0 0)
(0.575 0 0)
(0.5875 0 0)
(0.6 0 0)
(0.6125 0 0)
(0.625 0 0)
(0.6375 0 0)
(0.65 0 0)
(0.6625 0 0)
(0.675 0 0)
(0.6875 0 0)
(0.7 0 0)
(0.7125 0 0)
(0.725 0 0)
(0.7375 0 0)
(0.75 0 0)
(0 0.002497620555 -0.0001090484685)
(0.0125 0.002497620555 -0.0001090484685)
(0.025 0.002497620555 -0.0001090484685)
(0.0375 0.002497620555 -0.0001090484685)
(0.05 0.002497620555 -0.0001090484685)
(0.0625 0.002497620555 -0.0001090484685)
(0.075 0.002497620555 -0.0001090484685)
(0.0875 0.002497620555 -0.0001090484685)
(0.1 0.002497620555 -0.0001090484685)
(0.1125 0.002497620555 -0.0001090484685)
(0.125 0.002497620555 -0.0001090484685)
(0.1375 0.002497620555 -0.0001090484685)
(0.15 0.002497620555 -0.0001090484685)
(0.1625 0.002497620555 -0.0001090484685)
(0.175 0.002497620555 -0.0001090484685)
(0.1875 0.002497620555 -0.0001090484685)
(0.2 0.002497620555 -0.0001090484685)
(0.2125 0.002497620555 -0.0001090484685)
(0.225 0.002497620555 -0.0001090484685)
(0.2375 0.002497620555 -0.0001090484685)
(0.25 0.002497620555 -0.0001090484685)
(0.2625 0.002497620555 -0.0001090484685)
(0.275 0.002497620555 -0.0001090484685)
(0.2875 0.002497620555 -0.0001090484685)
(0.3 0.002497620555 -0.0001090484685)
(0.3125 0.002497620555 -0.0001090484685)
(0.325 0.002497620555 -0.0001090484685)
(0.3375 0.002497620555 -0.0001090484685)
(0.35 0.002497620555 -0.0001090484685)
(0.3625 0.002497620555 -0.0001090484685)
(0.375 0.002497620555 -0.0001090484685)
(0.3875 0.002497620555 -0.0001090484685)
(0.4 0.002497620555 -0.0001090484685)
(0.4125 0.002497620555 -0.0001090484685)
(0.425 0.002497620555 -0.0001090484685)
(0.4375 0.002497620555 -0.0001090484685)
(0.45 0.002497620555 -0.0001090484685)
(0.4625 0.002497620555 -0.0001090484685)
(0.475 0.002497620555 -0.0001090484685)
(0.4875 0.002497620555 -0.0001090484685)
(0.5 0.002497620555 -0.0001090484685)
(0.5125 0.002497620555 -0.0001090484685)
(0.525 0.002497620555 -0.0001090484685)
(0.5375 0.002497620555 -0.0001090484685)
(0.55 0.002497620555 -0.0001090484685)
(0.5625 0.002497620555 -0.0001090484685)
(0.575 0.002497620555 -0.0001090484685)
(0.5875 0.002497620555 -0.0001090484685)
(0.6 0.002497620555 -0.0001090484685)
(0.6125 0.002497620555 -0.0001090484685)
(0.625 0.002497620555 -0.0001090484685)
(0.6375 0.002497620555 -0.0001090484685)
(0.65 0.002497620555 -0.0001090484685)
(0.6625 0.002497620555 -0.0001090484685)
(0.675 0.002497620555 -0.0001090484685)
(0.6875 0.002497620555 -0.0001090484685)
(0.7 0.002497620555 -0.0001090484685)
(0.7125 0.002497620555 -0.0001090484685)
(0.725 0.002497620555 -0.0001090484685)
(0.7375 0.002497620555 -0.0001090484685)
(0.75 0.002497620555 -0.0001090484685)
(0 0.00499524111 -0.000218096937)
(0.0125 0.00499524111 -0.000218096937)
(0.025 0.00499524111 -0.000218096937)
(0.0375 0.00499524111 -0.000218096937)
(0.05 0.00499524111 -0.000218096937)
(0.0625 0.00499524111 -0.000218096937)
(0.075 0.00499524111 -0.000218096937)
(0.0875 0.00499524111 -0.000218096937)
(0.1 0.00499524111 -0.000218096937)
(0.1125 0.00499524111 -0.000218096937)
(0.125 0.00499524111 -0.000218096937)
(0.1375 0.00499524111 -0.000218096937)
(0.15 0.00499524111 -0.000218096937)
(0.1625 0.00499524111 -0.000218096937)
(0.175 0.00499524111 -0.000218096937)
(0.1875 0.00499524111 -0.000218096937)
(0.2 0.00499524111 -0.000218096937)
(0.2125 0.00499524111 -0.000218096937)
(0.225 0.00499524111 -0.000218096937)
(0.2375 0.00499524111 -0.000218096937)
(0.25 0.00499524111 -0.000218096937)
(0.2625 0.00499524111 -0.000218096937)
(0.275 0.00499524111 -0.000218096937)
(0.2875 0.00499524111 -0.000218096937)
(0.3 0.00499524111 -0.000218096937)
(0.3125 0.00499524111 -0.000218096937)
(0.325 0.00499524111 -0.000218096937)
(0.3375 0.00499524111 -0.000218096937)
(0.35 0.00499524111 -0.000218096937)
(0.3625 0.00499524111 -0.000218096937)
(0.375 0.00499524111 -0.000218096937)
(0.3875 0.00499524111 -0.000218096937)
(0.4 0.00499524111 -0.000218096937)
(0.4125 0.00499524111 -0.000218096937)
(0.425 0.00499524111 -0.000218096937)
(0.4375 0.00499524111 -0.000218096937)
(0.45 0.00499524111 -0.000218096937)
(0.4625 0.00499524111 -0.000218096937)
(0.475 0.00499524111 -0.000218096937)
(0.4875 0.00499524111 -0.000218096937)
(0.5 0.00499524111 -0.000218096937)
(0.5125 0.00499524111 -0.000218096937)
(0.525 0.00499524111 -0.000218096937)
(0.5375 0.00499524111 -0.000218096937)
(0.55 0.00499524111 -0.000218096937)
(0.5625 0.00499524111 -0.000218096937)
(0.575 0.00499524111 -0.000218096937)
(0.5875 0.00499524111 -0.000218096937)
(0.6 0.00499524111 -0.000218096937)
(0.6125 0.00499524111 -0.000218096937)
(0.625 0.00499524111 -0.000218096937)
(0.6375 0.00499524111 -0.000218096937)
(0.65 0.00499524111 -0.000218096937)
(0.6625 0.00499524111 -0.000218096937)
(0.675 0.00499524111 -0.000218096937)
(0.6875 0.00499524111 -0.000218096937)
(0.7 0.00499524111 -0.000218096937)
(0.7125 0.00499524111 -0.000218096937)
(0.725 0.00499524111 -0.000218096937)
(0.7375 0.00499524111 -0.000218096937)
(0.75 0.00499524111 -0.000218096937)
(0 0.007492861665 -0.0003271454055)
(0.0125 0.007492861665 -0.0003271454055)
(0.025 0.007492861665 -0.0003271454055)
(0.0375 0.007492861665 -0.0003271454055)
(0.05 0.007492861665 -0.0003271454055)
(0.0625 0.007492861665 -0.0003271454055)
(0.075 0.007492861665 -0.0003271454055)
(0.0875 0.007492861665 -0.0003271454055)
(0.1 0.007492861665 -0.0003271454055)
(0.1125 0.007492861665 -0.0003271454055)
(0.125 0.007492861665 -0.0003271454055)
(0.1375 0.007492861665 -0.0003271454055)
(0.15 0.007492861665 -0.0003271454055)
(0.1625 0.007492861665 -0.0003271454055)
(0.175 0.007492861665 -0.0003271454055)
(0.1875 0.007492861665 -0.0003271454055)
(0.2 0.007492861665 -0.0003271454055)
(0.2125 0.007492861665 -0.0003271454055)
(0.225 0.007492861665 -0.0003271454055)
(0.2375 0.007492861665 -0.0003271454055)
(0.25 0.007492861665 -0.0003271454055)
(0.2625 0.007492861665 -0.0003271454055)
(0.275 0.007492861665 -0.0003271454055)
(0.2875 0.007492861665 -0.0003271454055)
(0.3 0.007492861665 -0.0003271454055)
(0.3125 0.007492861665 -0.0003271454055)
(0.325 0.007492861665 -0.0003271454055)
(0.3375 0.007492861665 -0.0003271454055)
(0.35 0.007492861665 -0.0003271454055)
(0.3625 0.007492861665 -0.0003271454055)
(0.375 0.007492861665 -0.0003271454055)
(0.3875 0.007492861665 -0.0003271454055)
(0.4 0.007492861665 -0.0003271454055)
(0.4125 0.007492861665 -0.0003271454055)
(0.425 0.007492861665 -0.0003271454055)
(0.4375 0.007492861665 -0.0003271454055)
(0.45 0.007492861665 -0.0003271454055)
(0.4625 0.007492861665 -0.0003271454055)
(0.475 0.007492861665 -0.0003271454055)
(0.4875 0.007492861665 -0.0003271454055)
(0.5 0.007492861665 -0.0003271454055)
(0.5125 0.007492861665 -0.0003271454055)
(0.525 0.007492861665 -0.0003271454055)
(0.5375 0.007492861665 -0.0003271454055)
(0.55 0.007492861665 -0.0003271454055)
(0.5625 0.007492861665 -0.0003271454055)
(0.575 0.007492861665 -0.0003271454055)
(0.5875 0.007492861665 -0.0003271454055)
(0.6 0.007492861665 -0.0003271454055)
(0.6125 0.007492861665 -0.0003271454055)
(0.625 0.007492861665 -0.0003271454055)
(0.6375 0.007492861665 -0.0003271454055)
(0.65 0.007492861665 -0.0003271454055)
(0.6625 0.007492861665 -0.0003271454055)
(0.675 0.007492861665 -0.0003271454055)
(0.6875 0.007492861665 -0.0003271454055)
(0.7 0.007492861665 -0.0003271454055)
(0.7125 0.007492861665 -0.0003271454055)
(0.725 0.007492861665 -0.0003271454055)
(0.7375 0.007492861665 -0.0003271454055)
(0.75 0.007492861665 -0.0003271454055)
(0 0.00999048222 -0.000436193874)
(0.0125 0.00999048222 -0.000436193874)
(0.025 0.00999048222 -0.000436193874)
(0.0375 0.00999048222 -0.000436193874)
(0.05 0.00999048222 -0.000436193874)
(0.0625 0.00999048222 -0.000436193874)
(0.075 0.00999048222 -0.000436193874)
(0.0875 0.00999048222 -0.000436193874)
(0.1 0.00999048222 -0.000436193874)
(0.1125 0.00999048222 -0.000436193874)
(0.125 0.00999048222 -0.000436193874)
(0.1375 0.00999048222 -0.000436193874)
(0.15 0.00999048222 -0.000436193874)
(0.1625 0.00999048222 -0.000436193874)
(0.175 0.00999048222 -0.000436193874)
(0.1875 0.00999048222 -0.000436193874)
(0.2 0.00999048222 -0.000436193874)
(0.2125 0.00999048222 -0.000436193874)
(0.225 0.00999048222 -0.000436193874)
(0.2375 0.00999048222 -0.000436193874)
(0.25 0.00999048222 -0.000436193874)
(0.2625 0.00999048222 -0.000436193874)
(0.275 0.00999048222 -0.000436193874)
(0.2875 0.00999048222 -0.000436193874)
(0.3 0.00999048222 -0.000436193874)
(0.3125 0.00999048222 -0.000436193874)
(0.325 0.00999048222 -0.000436193874)
(0.3375 0.00999048222 -0.000436193874)
(0.35 0.00999048222 -0.000436193874)
(0.3625 0.00999048222 -0.000436193874)
(0.375 0.00999048222 -0.000436193874)
(0.3875 0.00999048222 -0.000436193874)
(0.4 0.00999048222 -0.000436193874)
(0.4125 0.00999048222 -0.000436193874)
(0.425 0.00999048222 -0.000436193874)
(0.4375 0.00999048222 -0.000436193874)
(0.45 0.00999048222 -0.000436193874)
(0.4625 0.00999048222 -0.000436193874)
(0.475 0.00999048222 -0.000436193874)
(0.4875 0.00999048222 -0.000436193874)
(0.5 0.00999048222 -0.000436193874)
(0.5125 0.00999048222 -0.000436193874)
(0.525 0.00999048222 -0.000436193874)
(0.5375 0.00999048222 -0.000436193874)
(0.55 0.00999048222 -0.000436193874)
(0.5625 0.00999048222 -0.000436193874)
(0.575 0.00999048222 -0.000436193874)
(0.5875 0.00999048222 -0.000436193874)
(0.6 0.00999048222 -0.000436193874)
(0.6125 0.00999048222 -0.000436193874)
(0.625 0.00999048222 -0.000436193874)
(0.6375 0.00999048222 -0.000436193874)
(0.65 0.00999048222 -0.000436193874)
(0.6625 0.00999048222 -0.000436193874)
(0.675 0.00999048222 -0.000436193874)
(0.6875 0.00999048222 -0.000436193874)
(0.7 0.00999048222 -0.000436193874)
(0.7125 0.00999048222 -0.000436193874)
(0.725 0.00999048222 -0.000436193874)
(0.7375 0.00999048222 -0.000436193874)
(0.75 0.00999048222 -0.000436193874)
(0 0.01248810278 -0.0005452423425)
(0.0125 0.01248810278 -0.0005452423425)
(0.025 0.01248810278 -0.0005452423425)
(0.0375 0.01248810278 -0.0005452423425)
(0.05 0.01248810278 -0.0005452423425)
(0.0625 0.01248810278 -0.0005452423425)
(0.075 0.01248810278 -0.0005452423425)
(0.0875 0.01248810278 -0.0005452423425)
(0.1 0.01248810278 -0.0005452423425)
(0.1125 0.01248810278 -0.0005452423425)
(0.125 0.01248810278 -0.0005452423425)
(0.1375 0.01248810278 -0.0005452423425)
(0.15 0.01248810278 -0.0005452423425)
(0.1625 0.01248810278 -0.0005452423425)
(0.175 0.01248810278 -0.0005452423425)
(0.1875 0.01248810278 -0.0005452423425)
(0.2 0.01248810278 -0.0005452423425)
(0.2125 0.01248810278 -0.0005452423425)
(0.225 0.01248810278 -0.0005452423425)
(0.2375 0.01248810278 -0.0005452423425)
(0.25 0.01248810278 -0.0005452423425)
(0.2625 0.01248810278 -0.0005452423425)
(0.275 0.01248810278 -0.0005452423425)
(0.2875 0.01248810278 -0.0005452423425)
(0.3 0.01248810278 -0.0005452423425)
(0.3125 0.01248810278 -0.0005452423425)
(0.325 0.01248810278 -0.0005452423425)
(0.3375 0.01248810278 -0.0005452423425)
(0.35 0.01248810278 -0.0005452423425)
(0.3625 0.01248810278 -0.0005452423425)
(0.375 0.01248810278 -0.0005452423425)
(0.3875 0.01248810278 -0.0005452423425)
(0.4 0.01248810278 -0.0005452423425)
(0.4125 0.01248810278 -0.0005452423425)
(0.425 0.01248810278 -0.0005452423425)
(0.4375 0.01248810278 -0.0005452423425)
(0.45 0.01248810278 -0.0005452423425)
(0.4625 0.01248810278 -0.0005452423425)
(0.475 0.01248810278 -0.0005452423425)
(0.4875 0.01248810278 -0.0005452423425)
(0.5 0.01248810278 -0.0005452423425)
(0.5125 0.01248810278 -0.0005452423425)
(0.525 0.01248810278 -0.0005452423425)
(0.5375 0.01248810278 -0.0005452423425)
(0.55 0.01248810278 -0.0005452423425)
(0.5625 0.01248810278 -0.0005452423425)
(0.575 0.01248810278 -0.0005452423425)
(0.5875 0.01248810278 -0.0005452423425)
(0.6 0.01248810278 -0.0005452423425)
(0.6125 0.01248810278 -0.0005452423425)
(0.625 0.01248810278 -0.0005452423425)
(0.6375 0.01248810278 -0.0005452423425)
(0.65 0.01248810278 -0.0005452423425)
(0.6625 0.01248810278 -0.0005452423425)
(0.675 0.01248810278 -0.0005452423425)
(0.6875 0.01248810278 -0.0005452423425)
(0.7 0.01248810278 -0.0005452423425)
(0.7125 0.01248810278 -0.0005452423425)
(0.725 0.01248810278 -0.0005452423425)
(0.7375 0.01248810278 -0.0005452423425)
(0.75 0.01248810278 -0.0005452423425)
(0 0.01498572333 -0.000654290811)
(0.0125 0.01498572333 -0.000654290811)
(0.025 0.01498572333 -0.000654290811)
(0.0375 0.01498572333 -0.000654290811)
(0.05 0.01498572333 -0.000654290811)
(0.0625 0.01498572333 -0.000654290811)
(0.075 0.01498572333 -0.000654290811)
(0.0875 0.01498572333 -0.000654290811)
(0.1 0.01498572333 -0.000654290811)
(0.1125 0.01498572333 -0.000654290811)
(0.125 0.01498572333 -0.000654290811)
(0.1375 0.01498572333 -0.000654290811)
(0.15 0.01498572333 -0.000654290811)
(0.1625 0.01498572333 -0.000654290811)
(0.175 0.01498572333 -0.000654290811)
(0.1875 0.01498572333 -0.000654290811)
(0.2 0.01498572333 -0.000654290811)
(0.2125 0.01498572333 -0.000654290811)
(0.225 0.01498572333 -0.000654290811)
(0.2375 0.01498572333 -0.000654290811)
(0.25 0.01498572333 -0.000654290811)
(0.2625 0.01498572333 -0.000654290811)
(0.275 0.01498572333 -0.000654290811)
(0.2875 0.01498572333 -0.000654290811)
(0.3 0.01498572333 -0.000654290811)
(0.3125 0.01498572333 -0.000654290811)
(0.325 0.01498572333 -0.000654290811)
(0.3375 0.01498572333 -0.000654290811)
(0.35 0.01498572333 -0.000654290811)
(0.3625 0.01498572333 -0.000654290811)
(0.375 0.01498572333 -0.000654290811)
(0.3875 0.01498572333 -0.000654290811)
(0.4 0.01498572333 -0.000654290811)
(0.4125 0.01498572333 -0.000654290811)
(0.425 0.01498572333 -0.000654290811)
(0.4375 0.01498572333 -0.000654290811)
(0.45 0.01498572333 -0.000654290811)
(0.4625 0.01498572333 -0.000654290811)
(0.475 0.01498572333 -0.000654290811)
(0.4875 0.01498572333 -0.000654290811)
(0.5 0.01498572333 -0.000654290811)
(0.5125 0.01498572333 -0.000654290811)
(0.525 0.01498572333 -0.000654290811)
(0.5375 0.01498572333 -0.000654290811)
(0.55 0.01498572333 -0.000654290811)
(0.5625 0.01498572333 -0.000654290811)
(0.575 0.01498572333 -0.000654290811)
(0.5875 0.01498572333 -0.000654290811)
(0.6 0.01498572333 -0.000654290811)
(0.6125 0.01498572333 -0.000654290811)
(0.625 0.01498572333 -0.000654290811)
(0.6375 0.01498572333 -0.000654290811)
(0.65 0.01498572333 -0.000654290811)
(0.6625 0.01498572333 -0.000654290811)
(0.675 0.01498572333 -0.000654290811)
(0.6875 0.01498572333 -0.000654290811)
(0.7 0.01498572333 -0.000654290811)
(0.7125 0.01498572333 -0.000654290811)
(0.725 0.01498572333 -0.000654290811)
(0.7375 0.01498572333 -0.000654290811)
(0.75 0.01498572333 -0.000654290811)
(0 0.01748334388 -0.0007633392795)
(0.0125 0.01748334388 -0.0007633392795)
(0.025 0.01748334388 -0.0007633392795)
(0.0375 0.01748334388 -0.0007633392795)
(0.05 0.01748334388 -0.0007633392795)
(0.0625 0.01748334388 -0.0007633392795)
(0.075 0.01748334388 -0.0007633392795)
(0.0875 0.01748334389 -0.0007633392795)
(0.1 0.01748334388 -0.0007633392795)
(0.1125 0.01748334388 -0.0007633392795)
(0.125 0.01748334388 -0.0007633392795)
(0.1375 0.01748334388 -0.0007633392795)
(0.15 0.01748334389 -0.0007633392795)
(0.1625 0.01748334389 -0.0007633392795)
(0.175 0.01748334388 -0.0007633392795)
(0.1875 0.01748334388 -0.0007633392795)
(0.2 0.01748334388 -0.0007633392795)
(0.2125 0.01748334388 -0.0007633392795)
(0.225 0.01748334388 -0.0007633392795)
(0.2375 0.01748334388 -0.0007633392795)
(0.25 0.01748334388 -0.0007633392795)
(0.2625 0.01748334388 -0.0007633392795)
(0.275 0.01748334388 -0.0007633392795)
(0.2875 0.01748334388 -0.0007633392795)
(0.3 0.01748334388 -0.0007633392795)
(0.3125 0.01748334388 -0.0007633392795)
(0.325 0.01748334388 -0.0007633392795)
(0.3375 0.01748334388 -0.0007633392795)
(0.35 0.01748334388 -0.0007633392795)
(0.3625 0.01748334389 -0.0007633392795)
(0.375 0.01748334388 -0.0007633392795)
(0.3875 0.01748334388 -0.0007633392795)
(0.4 0.01748334388 -0.0007633392795)
(0.4125 0.01748334388 -0.0007633392795)
(0.425 0.01748334388 -0.0007633392795)
(0.4375 0.01748334388 -0.0007633392795)
(0.45 0.01748334388 -0.0007633392795)
(0.4625 0.01748334388 -0.0007633392795)
(0.475 0.01748334388 -0.0007633392795)
(0.4875 0.01748334388 -0.0007633392795)
(0.5 0.01748334388 -0.0007633392795)
(0.5125 0.01748334388 -0.0007633392795)
(0.525 0.01748334388 -0.0007633392795)
(0.5375 0.01748334388 -0.0007633392795)
(0.55 0.01748334388 -0.0007633392795)
(0.5625 0.01748334388 -0.0007633392795)
(0.575 0.01748334388 -0.0007633392795)
(0.5875 0.01748334388 -0.0007633392795)
(0.6 0.01748334388 -0.0007633392795)
(0.6125 0.01748334388 -0.0007633392795)
(0.625 0.01748334388 -0.0007633392795)
(0.6375 0.01748334389 -0.0007633392795)
(0.65 0.01748334388 -0.0007633392795)
(0.6625 0.01748334388 -0.0007633392795)
(0.675 0.01748334388 -0.0007633392795)
(0.6875 0.01748334388 -0.0007633392795)
(0.7 0.01748334388 -0.0007633392795)
(0.7125 0.01748334388 -0.0007633392795)
(0.725 0.01748334388 -0.0007633392795)
(0.7375 0.01748334388 -0.0007633392795)
(0.75 0.01748334388 -0.0007633392795)
(0 0.01998096444 -0.000872387748)
(0.0125 0.01998096444 -0.000872387748)
(0.025 0.01998096444 -0.000872387748)
(0.0375 0.01998096444 -0.000872387748)
(0.05 0.01998096444 -0.000872387748)
(0.0625 0.01998096444 -0.000872387748)
(0.075 0.01998096444 -0.000872387748)
(0.0875 0.01998096444 -0.000872387748)
(0.1 0.01998096444 -0.000872387748)
(0.1125 0.01998096444 -0.000872387748)
(0.125 0.01998096444 -0.000872387748)
(0.1375 0.01998096444 -0.000872387748)
(0.15 0.01998096444 -0.000872387748)
(0.1625 0.01998096444 -0.000872387748)
(0.175 0.01998096444 -0.000872387748)
(0.1875 0.01998096444 -0.000872387748)
(0.2 0.01998096444 -0.000872387748)
(0.2125 0.01998096444 -0.000872387748)
(0.225 0.01998096444 -0.000872387748)
(0.2375 0.01998096444 -0.000872387748)
(0.25 0.01998096444 -0.000872387748)
(0.2625 0.01998096444 -0.000872387748)
(0.275 0.01998096444 -0.000872387748)
(0.2875 0.01998096444 -0.000872387748)
(0.3 0.01998096444 -0.000872387748)
(0.3125 0.01998096444 -0.000872387748)
(0.325 0.01998096444 -0.000872387748)
(0.3375 0.01998096444 -0.000872387748)
(0.35 0.01998096444 -0.000872387748)
(0.3625 0.01998096444 -0.000872387748)
(0.375 0.01998096444 -0.000872387748)
(0.3875 0.01998096444 -0.000872387748)
(0.4 0.01998096444 -0.000872387748)
(0.4125 0.01998096444 -0.000872387748)
(0.425 0.01998096444 -0.000872387748)
(0.4375 0.01998096444 -0.000872387748)
(0.45 0.01998096444 -0.000872387748)
(0.4625 0.01998096444 -0.000872387748)
(0.475 0.01998096444 -0.000872387748)
(0.4875 0.01998096444 -0.000872387748)
(0.5 0.01998096444 -0.000872387748)
(0.5125 0.01998096444 -0.000872387748)
(0.525 0.01998096444 -0.000872387748)
(0.5375 0.01998096444 -0.000872387748)
(0.55 0.01998096444 -0.000872387748)
(0.5625 0.01998096444 -0.000872387748)
(0.575 0.01998096444 -0.000872387748)
(0.5875 0.01998096444 -0.000872387748)
(0.6 0.01998096444 -0.000872387748)
(0.6125 0.01998096444 -0.000872387748)
(0.625 0.01998096444 -0.000872387748)
(0.6375 0.01998096444 -0.000872387748)
(0.65 0.01998096444 -0.000872387748)
(0.6625 0.01998096444 -0.000872387748)
(0.675 0.01998096444 -0.000872387748)
(0.6875 0.01998096444 -0.000872387748)
(0.7 0.01998096444 -0.000872387748)
(0.7125 0.01998096444 -0.000872387748)
(0.725 0.01998096444 -0.000872387748)
(0.7375 0.01998096444 -0.000872387748)
(0.75 0.01998096444 -0.000872387748)
(0 0.022478585 -0.0009814362165)
(0.0125 0.022478585 -0.0009814362165)
(0.025 0.02247858499 -0.0009814362165)
(0.0375 0.022478585 -0.0009814362165)
(0.05 0.02247858499 -0.0009814362165)
(0.0625 0.02247858499 -0.0009814362165)
(0.075 0.02247858499 -0.0009814362165)
(0.0875 0.022478585 -0.0009814362165)
(0.1 0.022478585 -0.0009814362165)
(0.1125 0.022478585 -0.0009814362165)
(0.125 0.022478585 -0.0009814362165)
(0.1375 0.022478585 -0.0009814362165)
(0.15 0.022478585 -0.0009814362165)
(0.1625 0.022478585 -0.0009814362165)
(0.175 0.022478585 -0.0009814362165)
(0.1875 0.022478585 -0.0009814362165)
(0.2 0.022478585 -0.0009814362165)
(0.2125 0.022478585 -0.0009814362165)
(0.225 0.02247858499 -0.0009814362165)
(0.2375 0.02247858499 -0.0009814362165)
(0.25 0.02247858499 -0.0009814362165)
(0.2625 0.02247858499 -0.0009814362165)
(0.275 0.022478585 -0.0009814362165)
(0.2875 0.022478585 -0.0009814362165)
(0.3 0.022478585 -0.0009814362165)
(0.3125 0.022478585 -0.0009814362165)
(0.325 0.022478585 -0.0009814362165)
(0.3375 0.02247858499 -0.0009814362165)
(0.35 0.022478585 -0.0009814362165)
(0.3625 0.022478585 -0.0009814362165)
(0.375 0.022478585 -0.0009814362165)
(0.3875 0.022478585 -0.0009814362165)
(0.4 0.022478585 -0.0009814362165)
(0.4125 0.022478585 -0.0009814362165)
(0.425 0.022478585 -0.0009814362165)
(0.4375 0.022478585 -0.0009814362165)
(0.45 0.022478585 -0.0009814362165)
(0.4625 0.022478585 -0.0009814362165)
(0.475 0.022478585 -0.0009814362165)
(0.4875 0.022478585 -0.0009814362165)
(0.5 0.022478585 -0.0009814362165)
(0.5125 0.022478585 -0.0009814362165)
(0.525 0.02247858499 -0.0009814362165)
(0.5375 0.022478585 -0.0009814362165)
(0.55 0.02247858499 -0.0009814362165)
(0.5625 0.022478585 -0.0009814362165)
(0.575 0.022478585 -0.0009814362165)
(0.5875 0.02247858499 -0.0009814362165)
(0.6 0.022478585 -0.0009814362165)
(0.6125 0.02247858499 -0.0009814362165)
(0.625 0.022478585 -0.0009814362165)
(0.6375 0.022478585 -0.0009814362165)
(0.65 0.022478585 -0.0009814362165)
(0.6625 0.022478585 -0.0009814362165)
(0.675 0.022478585 -0.0009814362165)
(0.6875 0.022478585 -0.0009814362165)
(0.7 0.022478585 -0.0009814362165)
(0.7125 0.022478585 -0.0009814362165)
(0.725 0.022478585 -0.0009814362165)
(0.7375 0.02247858499 -0.0009814362165)
(0.75 0.022478585 -0.0009814362165)
(0 0.02497620555 -0.001090484685)
(0.0125 0.02497620555 -0.001090484685)
(0.025 0.02497620555 -0.001090484685)
(0.0375 0.02497620555 -0.001090484685)
(0.05 0.02497620555 -0.001090484685)
(0.0625 0.02497620555 -0.001090484685)
(0.075 0.02497620555 -0.001090484685)
(0.0875 0.02497620555 -0.001090484685)
(0.1 0.02497620555 -0.001090484685)
(0.1125 0.02497620555 -0.001090484685)
(0.125 0.02497620555 -0.001090484685)
(0.1375 0.02497620555 -0.001090484685)
(0.15 0.02497620555 -0.001090484685)
(0.1625 0.02497620555 -0.001090484685)
(0.175 0.02497620555 -0.001090484685)
(0.1875 0.02497620555 -0.001090484685)
(0.2 0.02497620555 -0.001090484685)
(0.2125 0.02497620555 -0.001090484685)
(0.225 0.02497620555 -0.001090484685)
(0.2375 0.02497620555 -0.001090484685)
(0.25 0.02497620555 -0.001090484685)
(0.2625 0.02497620555 -0.001090484685)
(0.275 0.02497620555 -0.001090484685)
(0.2875 0.02497620555 -0.001090484685)
(0.3 0.02497620555 -0.001090484685)
(0.3125 0.02497620555 -0.001090484685)
(0.325 0.02497620555 -0.001090484685)
(0.3375 0.02497620555 -0.001090484685)
(0.35 0.02497620555 -0.001090484685)
(0.3625 0.02497620555 -0.001090484685)
(0.375 0.02497620555 -0.001090484685)
(0.3875 0.02497620555 -0.001090484685)
(0.4 0.02497620555 -0.001090484685)
(0.4125 0.02497620555 -0.001090484685)
(0.425 0.02497620555 -0.001090484685)
(0.4375 0.02497620555 -0.001090484685)
(0.45 0.02497620555 -0.001090484685)
(0.4625 0.02497620555 -0.001090484685)
(0.475 0.02497620555 -0.001090484685)
(0.4875 0.02497620555 -0.001090484685)
(0.5 0.02497620555 -0.001090484685)
(0.5125 0.02497620555 -0.001090484685)
(0.525 0.02497620555 -0.001090484685)
(0.5375 0.02497620555 -0.001090484685)
(0.55 0.02497620555 -0.001090484685)
(0.5625 0.02497620555 -0.001090484685)
(0.575 0.02497620555 -0.001090484685)
(0.5875 0.02497620555 -0.001090484685)
(0.6 0.02497620555 -0.001090484685)
(0.6125 0.02497620555 -0.001090484685)
(0.625 0.02497620555 -0.001090484685)
(0.6375 0.02497620555 -0.001090484685)
(0.65 0.02497620555 -0.001090484685)
(0.6625 0.02497620555 -0.001090484685)
(0.675 0.02497620555 -0.001090484685)
(0.6875 0.02497620555 -0.001090484685)
(0.7 0.02497620555 -0.001090484685)
(0.7125 0.02497620555 -0.001090484685)
(0.725 0.02497620555 -0.001090484685)
(0.7375 0.02497620555 -0.001090484685)
(0.75 0.02497620555 -0.001090484685)
(0 0.02747382611 -0.001199533154)
(0.0125 0.02747382611 -0.001199533154)
(0.025 0.02747382611 -0.001199533154)
(0.0375 0.02747382611 -0.001199533153)
(0.05 0.02747382611 -0.001199533154)
(0.0625 0.02747382611 -0.001199533154)
(0.075 0.02747382611 -0.001199533154)
(0.0875 0.02747382611 -0.001199533154)
(0.1 0.02747382611 -0.001199533154)
(0.1125 0.02747382611 -0.001199533154)
(0.125 0.02747382611 -0.001199533154)
(0.1375 0.02747382611 -0.001199533153)
(0.15 0.02747382611 -0.001199533154)
(0.1625 0.02747382611 -0.001199533154)
(0.175 0.02747382611 -0.001199533154)
(0.1875 0.02747382611 -0.001199533154)
(0.2 0.02747382611 -0.001199533153)
(0.2125 0.02747382611 -0.001199533154)
(0.225 0.02747382611 -0.001199533154)
(0.2375 0.02747382611 -0.001199533154)
(0.25 0.02747382611 -0.001199533153)
(0.2625 0.02747382611 -0.001199533154)
(0.275 0.02747382611 -0.001199533154)
(0.2875 0.02747382611 -0.001199533154)
(0.3 0.02747382611 -0.001199533154)
(0.3125 0.02747382611 -0.001199533154)
(0.325 0.02747382611 -0.001199533154)
(0.3375 0.02747382611 -0.001199533154)
(0.35 0.02747382611 -0.001199533154)
(0.3625 0.02747382611 -0.001199533154)
(0.375 0.02747382611 -0.001199533154)
(0.3875 0.02747382611 -0.001199533154)
(0.4 0.02747382611 -0.001199533154)
(0.4125 0.02747382611 -0.001199533153)
(0.425 0.02747382611 -0.001199533154)
(0.4375 0.02747382611 -0.001199533154)
(0.45 0.02747382611 -0.001199533154)
(0.4625 0.02747382611 -0.001199533153)
(0.475 0.02747382611 -0.001199533154)
(0.4875 0.02747382611 -0.001199533154)
(0.5 0.02747382611 -0.001199533154)
(0.5125 0.02747382611 -0.001199533153)
(0.525 0.02747382611 -0.001199533154)
(0.5375 0.02747382611 -0.001199533154)
(0.55 0.02747382611 -0.001199533154)
(0.5625 0.02747382611 -0.001199533154)
(0.575 0.02747382611 -0.001199533154)
(0.5875 0.02747382611 -0.001199533154)
(0.6 0.02747382611 -0.001199533154)
(0.6125 0.02747382611 -0.001199533154)
(0.625 0.02747382611 -0.001199533153)
(0.6375 0.02747382611 -0.001199533154)
(0.65 0.02747382611 -0.001199533154)
(0.6625 0.02747382611 -0.001199533154)
(0.675 0.02747382611 -0.001199533154)
(0.6875 0.02747382611 -0.001199533154)
(0.7 0.02747382611 -0.001199533154)
(0.7125 0.02747382611 -0.001199533153)
(0.725 0.02747382611 -0.001199533154)
(0.7375 0.02747382611 -0.001199533154)
(0.75 0.02747382611 -0.001199533154)
(0 0.02997144666 -0.001308581622)
(0.0125 0.02997144666 -0.001308581622)
(0.025 0.02997144666 -0.001308581622)
(0.0375 0.02997144666 -0.001308581622)
(0.05 0.02997144666 -0.001308581622)
(0.0625 0.02997144666 -0.001308581622)
(0.075 0.02997144666 -0.001308581622)
(0.0875 0.02997144666 -0.001308581622)
(0.1 0.02997144666 -0.001308581622)
(0.1125 0.02997144666 -0.001308581622)
(0.125 0.02997144666 -0.001308581622)
(0.1375 0.02997144666 -0.001308581622)
(0.15 0.02997144666 -0.001308581622)
(0.1625 0.02997144666 -0.001308581622)
(0.175 0.02997144666 -0.001308581622)
(0.1875 0.02997144666 -0.001308581622)
(0.2 0.02997144666 -0.001308581622)
(0.2125 0.02997144666 -0.001308581622)
(0.225 0.02997144666 -0.001308581622)
(0.2375 0.02997144666 -0.001308581622)
(0.25 0.02997144666 -0.001308581622)
(0.2625 0.02997144666 -0.001308581622)
(0.275 0.02997144666 -0.001308581622)
(0.2875 0.02997144666 -0.001308581622)
(0.3 0.02997144666 -0.001308581622)
(0.3125 0.02997144666 -0.001308581622)
(0.325 0.02997144666 -0.001308581622)
(0.3375 0.02997144666 -0.001308581622)
(0.35 0.02997144666 -0.001308581622)
(0.3625 0.02997144666 -0.001308581622)
(0.375 0.02997144666 -0.001308581622)
(0.3875 0.02997144666 -0.001308581622)
(0.4 0.02997144666 -0.001308581622)
(0.4125 0.02997144666 -0.001308581622)
(0.425 0.02997144666 -0.001308581622)
(0.4375 0.02997144666 -0.001308581622)
(0.45 0.02997144666 -0.001308581622)
(0.4625 0.02997144666 -0.001308581622)
(0.475 0.02997144666 -0.001308581622)
(0.4875 0.02997144666 -0.001308581622)
(0.5 0.02997144666 -0.001308581622)
(0.5125 0.02997144666 -0.001308581622)
(0.525 0.02997144666 -0.001308581622)
(0.5375 0.02997144666 -0.001308581622)
(0.55 0.02997144666 -0.001308581622)
(0.5625 0.02997144666 -0.001308581622)
(0.575 0.02997144666 -0.001308581622)
(0.5875 0.02997144666 -0.001308581622)
(0.6 0.02997144666 -0.001308581622)
(0.6125 0.02997144666 -0.001308581622)
(0.625 0.02997144666 -0.001308581622)
(0.6375 0.02997144666 -0.001308581622)
(0.65 0.02997144666 -0.001308581622)
(0.6625 0.02997144666 -0.001308581622)
(0.675 0.02997144666 -0.001308581622)
(0.6875 0.02997144666 -0.001308581622)
(0.7 0.02997144666 -0.001308581622)
(0.7125 0.02997144666 -0.001308581622)
(0.725 0.02997144666 -0.001308581622)
(0.7375 0.02997144666 -0.001308581622)
(0.75 0.02997144666 -0.001308581622)
(0 0.03246906722 -0.001417630091)
(0.0125 0.03246906722 -0.001417630091)
(0.025 0.03246906722 -0.001417630091)
(0.0375 0.03246906722 -0.001417630091)
(0.05 0.03246906721 -0.001417630091)
(0.0625 0.03246906722 -0.001417630091)
(0.075 0.03246906722 -0.001417630091)
(0.0875 0.03246906722 -0.001417630091)
(0.1 0.03246906722 -0.001417630091)
(0.1125 0.03246906722 -0.001417630091)
(0.125 0.03246906722 -0.001417630091)
(0.1375 0.03246906722 -0.001417630091)
(0.15 0.03246906722 -0.001417630091)
(0.1625 0.03246906722 -0.001417630091)
(0.175 0.03246906722 -0.001417630091)
(0.1875 0.03246906722 -0.001417630091)
(0.2 0.03246906722 -0.001417630091)
(0.2125 0.03246906722 -0.001417630091)
(0.225 0.03246906722 -0.001417630091)
(0.2375 0.03246906722 -0.001417630091)
(0.25 0.03246906722 -0.001417630091)
(0.2625 0.03246906722 -0.001417630091)
(0.275 0.03246906722 -0.001417630091)
(0.2875 0.03246906721 -0.001417630091)
(0.3 0.03246906722 -0.001417630091)
(0.3125 0.03246906722 -0.001417630091)
(0.325 0.03246906722 -0.001417630091)
(0.3375 0.03246906722 -0.001417630091)
(0.35 0.03246906722 -0.001417630091)
(0.3625 0.03246906722 -0.001417630091)
(0.375 0.03246906722 -0.001417630091)
(0.3875 0.03246906722 -0.001417630091)
(0.4 0.03246906722 -0.001417630091)
(0.4125 0.03246906722 -0.001417630091)
(0.425 0.03246906722 -0.001417630091)
(0.4375 0.03246906722 -0.001417630091)
(0.45 0.03246906722 -0.001417630091)
(0.4625 0.03246906722 -0.001417630091)
(0.475 0.03246906722 -0.001417630091)
(0.4875 0.03246906722 -0.001417630091)
(0.5 0.03246906722 -0.001417630091)
(0.5125 0.03246906722 -0.001417630091)
(0.525 0.03246906722 -0.001417630091)
(0.5375 0.03246906722 -0.001417630091)
(0.55 0.03246906722 -0.001417630091)
(0.5625 0.03246906722 -0.001417630091)
(0.575 0.03246906722 -0.001417630091)
(0.5875 0.03246906722 -0.001417630091)
(0.6 0.03246906722 -0.001417630091)
(0.6125 0.03246906722 -0.001417630091)
(0.625 0.03246906722 -0.00141763009)
(0.6375 0.03246906722 -0.00141763009)
(0.65 0.03246906722 -0.001417630091)
(0.6625 0.03246906722 -0.001417630091)
(0.675 0.03246906722 -0.001417630091)
(0.6875 0.03246906722 -0.001417630091)
(0.7 0.03246906722 -0.00141763009)
(0.7125 0.03246906722 -0.00141763009)
(0.725 0.03246906722 -0.001417630091)
(0.7375 0.03246906722 -0.001417630091)
(0.75 0.03246906722 -0.001417630091)
(0 0.03496668777 -0.001526678559)
(0.0125 0.03496668777 -0.001526678559)
(0.025 0.03496668777 -0.001526678559)
(0.0375 0.03496668777 -0.001526678559)
(0.05 0.03496668777 -0.001526678559)
(0.0625 0.03496668777 -0.001526678559)
(0.075 0.03496668777 -0.001526678559)
(0.0875 0.03496668777 -0.001526678559)
(0.1 0.03496668777 -0.001526678559)
(0.1125 0.03496668777 -0.001526678559)
(0.125 0.03496668777 -0.001526678559)
(0.1375 0.03496668777 -0.001526678559)
(0.15 0.03496668777 -0.001526678559)
(0.1625 0.03496668777 -0.001526678559)
(0.175 0.03496668777 -0.001526678559)
(0.1875 0.03496668777 -0.001526678559)
(0.2 0.03496668777 -0.001526678559)
(0.2125 0.03496668777 -0.001526678559)
(0.225 0.03496668777 -0.001526678559)
(0.2375 0.03496668777 -0.001526678559)
(0.25 0.03496668777 -0.001526678559)
(0.2625 0.03496668777 -0.001526678559)
(0.275 0.03496668777 -0.001526678559)
(0.2875 0.03496668777 -0.001526678559)
(0.3 0.03496668777 -0.001526678559)
(0.3125 0.03496668777 -0.001526678559)
(0.325 0.03496668777 -0.001526678559)
(0.3375 0.03496668777 -0.001526678559)
(0.35 0.03496668777 -0.001526678559)
(0.3625 0.03496668777 -0.001526678559)
(0.375 0.03496668777 -0.001526678559)
(0.3875 0.03496668777 -0.001526678559)
(0.4 0.03496668777 -0.001526678559)
(0.4125 0.03496668777 -0.001526678559)
(0.425 0.03496668777 -0.001526678559)
(0.4375 0.03496668777 -0.001526678559)
(0.45 0.03496668777 -0.001526678559)
(0.4625 0.03496668777 -0.001526678559)
(0.475 0.03496668777 -0.001526678559)
(0.4875 0.03496668777 -0.001526678559)
(0.5 0.03496668777 -0.001526678559)
(0.5125 0.03496668777 -0.001526678559)
(0.525 0.03496668777 -0.001526678559)
(0.5375 0.03496668777 -0.001526678559)
(0.55 0.03496668777 -0.001526678559)
(0.5625 0.03496668777 -0.001526678559)
(0.575 0.03496668777 -0.001526678559)
(0.5875 0.03496668777 -0.001526678559)
(0.6 0.03496668777 -0.001526678559)
(0.6125 0.03496668777 -0.001526678559)
(0.625 0.03496668777 -0.001526678559)
(0.6375 0.03496668777 -0.001526678559)
(0.65 0.03496668777 -0.001526678559)
(0.6625 0.03496668777 -0.001526678559)
(0.675 0.03496668777 -0.001526678559)
(0.6875 0.03496668777 -0.001526678559)
(0.7 0.03496668777 -0.001526678559)
(0.7125 0.03496668777 -0.001526678559)
(0.725 0.03496668777 -0.001526678559)
(0.7375 0.03496668777 -0.001526678559)
(0.75 0.03496668777 -0.001526678559)
(0 0.03746430833 -0.001635727027)
(0.0125 0.03746430833 -0.001635727027)
(0.025 0.03746430833 -0.001635727027)
(0.0375 0.03746430833 -0.001635727028)
(0.05 0.03746430833 -0.001635727027)
(0.0625 0.03746430833 -0.001635727027)
(0.075 0.03746430832 -0.001635727027)
(0.0875 0.03746430833 -0.001635727027)
(0.1 0.03746430833 -0.001635727027)
(0.1125 0.03746430833 -0.001635727027)
(0.125 0.03746430833 -0.001635727027)
(0.1375 0.03746430833 -0.001635727027)
(0.15 0.03746430833 -0.001635727027)
(0.1625 0.03746430833 -0.001635727027)
(0.175 0.03746430833 -0.001635727027)
(0.1875 0.03746430832 -0.001635727027)
(0.2 0.03746430833 -0.001635727027)
(0.2125 0.03746430833 -0.001635727027)
(0.225 0.03746430833 -0.001635727027)
(0.2375 0.03746430833 -0.001635727027)
(0.25 0.03746430833 -0.001635727027)
(0.2625 0.03746430833 -0.001635727027)
(0.275 0.03746430833 -0.001635727027)
(0.2875 0.03746430833 -0.001635727027)
(0.3 0.03746430832 -0.001635727027)
(0.3125 0.03746430833 -0.001635727027)
(0.325 0.03746430832 -0.001635727027)
(0.3375 0.03746430833 -0.001635727027)
(0.35 0.03746430833 -0.001635727027)
(0.3625 0.03746430833 -0.001635727027)
(0.375 0.03746430833 -0.001635727027)
(0.3875 0.03746430833 -0.001635727027)
(0.4 0.03746430833 -0.001635727027)
(0.4125 0.03746430833 -0.001635727027)
(0.425 0.03746430833 -0.001635727027)
(0.4375 0.03746430832 -0.001635727027)
(0.45 0.03746430833 -0.001635727027)
(0.4625 0.03746430833 -0.001635727027)
(0.475 0.03746430833 -0.001635727027)
(0.4875 0.03746430833 -0.001635727027)
(0.5 0.03746430833 -0.001635727027)
(0.5125 0.03746430833 -0.001635727027)
(0.525 0.03746430832 -0.001635727027)
(0.5375 0.03746430833 -0.001635727027)
(0.55 0.03746430833 -0.001635727027)
(0.5625 0.03746430833 -0.001635727027)
(0.575 0.03746430833 -0.001635727027)
(0.5875 0.03746430833 -0.001635727027)
(0.6 0.03746430833 -0.001635727027)
(0.6125 0.03746430833 -0.001635727027)
(0.625 0.03746430833 -0.001635727027)
(0.6375 0.03746430833 -0.001635727027)
(0.65 0.03746430833 -0.001635727027)
(0.6625 0.03746430833 -0.001635727027)
(0.675 0.03746430833 -0.001635727027)
(0.6875 0.03746430833 -0.001635727027)
(0.7 0.03746430833 -0.001635727027)
(0.7125 0.03746430833 -0.001635727027)
(0.725 0.03746430833 -0.001635727027)
(0.7375 0.03746430833 -0.001635727027)
(0.75 0.03746430833 -0.001635727027)
(0 0.03996192888 -0.001744775496)
(0.0125 0.03996192888 -0.001744775496)
(0.025 0.03996192888 -0.001744775496)
(0.0375 0.03996192888 -0.001744775496)
(0.05 0.03996192888 -0.001744775496)
(0.0625 0.03996192888 -0.001744775496)
(0.075 0.03996192888 -0.001744775496)
(0.0875 0.03996192888 -0.001744775496)
(0.1 0.03996192888 -0.001744775496)
(0.1125 0.03996192888 -0.001744775496)
(0.125 0.03996192888 -0.001744775496)
(0.1375 0.03996192888 -0.001744775496)
(0.15 0.03996192888 -0.001744775496)
(0.1625 0.03996192888 -0.001744775496)
(0.175 0.03996192888 -0.001744775496)
(0.1875 0.03996192888 -0.001744775496)
(0.2 0.03996192888 -0.001744775496)
(0.2125 0.03996192888 -0.001744775496)
(0.225 0.03996192888 -0.001744775496)
(0.2375 0.03996192888 -0.001744775496)
(0.25 0.03996192888 -0.001744775496)
(0.2625 0.03996192888 -0.001744775496)
(0.275 0.03996192888 -0.001744775496)
(0.2875 0.03996192888 -0.001744775496)
(0.3 0.03996192888 -0.001744775496)
(0.3125 0.03996192888 -0.001744775496)
(0.325 0.03996192888 -0.001744775496)
(0.3375 0.03996192888 -0.001744775496)
(0.35 0.03996192888 -0.001744775496)
(0.3625 0.03996192888 -0.001744775496)
(0.375 0.03996192888 -0.001744775496)
(0.3875 0.03996192888 -0.001744775496)
(0.4 0.03996192888 -0.001744775496)
(0.4125 0.03996192888 -0.001744775496)
(0.425 0.03996192888 -0.001744775496)
(0.4375 0.03996192888 -0.001744775496)
(0.45 0.03996192888 -0.001744775496)
(0.4625 0.03996192888 -0.001744775496)
(0.475 0.03996192888 -0.001744775496)
(0.4875 0.03996192888 -0.001744775496)
(0.5 0.03996192888 -0.001744775496)
(0.5125 0.03996192888 -0.001744775496)
(0.525 0.03996192888 -0.001744775496)
(0.5375 0.03996192888 -0.001744775496)
(0.55 0.03996192888 -0.001744775496)
(0.5625 0.03996192888 -0.001744775496)
(0.575 0.03996192888 -0.001744775496)
(0.5875 0.03996192888 -0.001744775496)
(0.6 0.03996192888 -0.001744775496)
(0.6125 0.03996192888 -0.001744775496)
(0.625 0.03996192888 -0.001744775496)
(0.6375 0.03996192888 -0.001744775496)
(0.65 0.03996192888 -0.001744775496)
(0.6625 0.03996192888 -0.001744775496)
(0.675 0.03996192888 -0.001744775496)
(0.6875 0.03996192888 -0.001744775496)
(0.7 0.03996192888 -0.001744775496)
(0.7125 0.03996192888 -0.001744775496)
(0.725 0.03996192888 -0.001744775496)
(0.7375 0.03996192888 -0.001744775496)
(0.75 0.03996192888 -0.001744775496)
(0 0.04245954944 -0.001853823964)
(0.0125 0.04245954944 -0.001853823964)
(0.025 0.04245954944 -0.001853823964)
(0.0375 0.04245954944 -0.001853823964)
(0.05 0.04245954944 -0.001853823964)
(0.0625 0.04245954943 -0.001853823964)
(0.075 0.04245954944 -0.001853823964)
(0.0875 0.04245954944 -0.001853823964)
(0.1 0.04245954944 -0.001853823964)
(0.1125 0.04245954944 -0.001853823964)
(0.125 0.04245954944 -0.001853823964)
(0.1375 0.04245954943 -0.001853823964)
(0.15 0.04245954943 -0.001853823964)
(0.1625 0.04245954944 -0.001853823964)
(0.175 0.04245954944 -0.001853823964)
(0.1875 0.04245954944 -0.001853823964)
(0.2 0.04245954944 -0.001853823964)
(0.2125 0.04245954943 -0.001853823964)
(0.225 0.04245954944 -0.001853823964)
(0.2375 0.04245954944 -0.001853823965)
(0.25 0.04245954944 -0.001853823964)
(0.2625 0.04245954944 -0.001853823964)
(0.275 0.04245954944 -0.001853823964)
(0.2875 0.04245954944 -0.001853823964)
(0.3 0.04245954944 -0.001853823964)
(0.3125 0.04245954944 -0.001853823964)
(0.325 0.04245954944 -0.001853823964)
(0.3375 0.04245954944 -0.001853823964)
(0.35 0.04245954944 -0.001853823964)
(0.3625 0.04245954944 -0.001853823964)
(0.375 0.04245954943 -0.001853823964)
(0.3875 0.04245954944 -0.001853823964)
(0.4 0.04245954944 -0.001853823965)
(0.4125 0.04245954944 -0.001853823964)
(0.425 0.04245954944 -0.001853823964)
(0.4375 0.04245954944 -0.001853823964)
(0.45 0.04245954943 -0.001853823964)
(0.4625 0.04245954944 -0.001853823964)
(0.475 0.04245954944 -0.001853823964)
(0.4875 0.04245954944 -0.001853823964)
(0.5 0.04245954944 -0.001853823964)
(0.5125 0.04245954944 -0.001853823964)
(0.525 0.04245954943 -0.001853823964)
(0.5375 0.04245954944 -0.001853823964)
(0.55 0.04245954944 -0.001853823964)
(0.5625 0.04245954944 -0.001853823964)
(0.575 0.04245954944 -0.001853823964)
(0.5875 0.04245954944 -0.001853823964)
(0.6 0.04245954944 -0.001853823964)
(0.6125 0.04245954944 -0.001853823964)
(0.625 0.04245954944 -0.001853823964)
(0.6375 0.04245954944 -0.001853823964)
(0.65 0.04245954944 -0.001853823964)
(0.6625 0.04245954944 -0.001853823964)
(0.675 0.04245954944 -0.001853823964)
(0.6875 0.04245954944 -0.001853823964)
(0.7 0.04245954944 -0.001853823964)
(0.7125 0.04245954944 -0.001853823964)
(0.725 0.04245954944 -0.001853823964)
(0.7375 0.04245954944 -0.001853823964)
(0.75 0.04245954944 -0.001853823964)
(0 0.04495716999 -0.001962872433)
(0.0125 0.04495716999 -0.001962872433)
(0.025 0.04495716999 -0.001962872433)
(0.0375 0.04495716999 -0.001962872433)
(0.05 0.04495716999 -0.001962872433)
(0.0625 0.04495716999 -0.001962872433)
(0.075 0.04495716999 -0.001962872433)
(0.0875 0.04495716999 -0.001962872433)
(0.1 0.04495716999 -0.001962872433)
(0.1125 0.04495716999 -0.001962872433)
(0.125 0.04495716999 -0.001962872433)
(0.1375 0.04495716999 -0.001962872433)
(0.15 0.04495716999 -0.001962872433)
(0.1625 0.04495716999 -0.001962872433)
(0.175 0.04495716999 -0.001962872433)
(0.1875 0.04495716999 -0.001962872433)
(0.2 0.04495716999 -0.001962872433)
(0.2125 0.04495716999 -0.001962872433)
(0.225 0.04495716999 -0.001962872433)
(0.2375 0.04495716999 -0.001962872433)
(0.25 0.04495716999 -0.001962872433)
(0.2625 0.04495716999 -0.001962872433)
(0.275 0.04495716999 -0.001962872433)
(0.2875 0.04495716999 -0.001962872433)
(0.3 0.04495716999 -0.001962872433)
(0.3125 0.04495716999 -0.001962872433)
(0.325 0.04495716999 -0.001962872433)
(0.3375 0.04495716999 -0.001962872433)
(0.35 0.04495716999 -0.001962872433)
(0.3625 0.04495716999 -0.001962872433)
(0.375 0.04495716999 -0.001962872433)
(0.3875 0.04495716999 -0.001962872433)
(0.4 0.04495716999 -0.001962872433)
(0.4125 0.04495716999 -0.001962872433)
(0.425 0.04495716999 -0.001962872433)
(0.4375 0.04495716999 -0.001962872433)
(0.45 0.04495716999 -0.001962872433)
(0.4625 0.04495716999 -0.001962872433)
(0.475 0.04495716999 -0.001962872433)
(0.4875 0.04495716999 -0.001962872433)
(0.5 0.04495716999 -0.001962872433)
(0.5125 0.04495716999 -0.001962872433)
(0.525 0.04495716999 -0.001962872433)
(0.5375 0.04495716999 -0.001962872433)
(0.55 0.04495716999 -0.001962872433)
(0.5625 0.04495716999 -0.001962872433)
(0.575 0.04495716999 -0.001962872433)
(0.5875 0.04495716999 -0.001962872433)
(0.6 0.04495716999 -0.001962872433)
(0.6125 0.04495716999 -0.001962872433)
(0.625 0.04495716999 -0.001962872433)
(0.6375 0.04495716999 -0.001962872433)
(0.65 0.04495716999 -0.001962872433)
(0.6625 0.04495716999 -0.001962872433)
(0.675 0.04495716999 -0.001962872433)
(0.6875 0.04495716999 -0.001962872433)
(0.7 0.04495716999 -0.001962872433)
(0.7125 0.04495716999 -0.001962872433)
(0.725 0.04495716999 -0.001962872433)
(0.7375 0.04495716999 -0.001962872433)
(0.75 0.04495716999 -0.001962872433)
(0 0.04745479054 -0.002071920901)
(0.0125 0.04745479054 -0.002071920901)
(0.025 0.04745479054 -0.002071920901)
(0.0375 0.04745479054 -0.002071920901)
(0.05 0.04745479054 -0.002071920901)
(0.0625 0.04745479054 -0.002071920902)
(0.075 0.04745479054 -0.002071920901)
(0.0875 0.04745479054 -0.002071920901)
(0.1 0.04745479055 -0.002071920901)
(0.1125 0.04745479054 -0.002071920901)
(0.125 0.04745479055 -0.002071920901)
(0.1375 0.04745479054 -0.002071920901)
(0.15 0.04745479055 -0.002071920901)
(0.1625 0.04745479054 -0.002071920901)
(0.175 0.04745479054 -0.002071920901)
(0.1875 0.04745479055 -0.002071920901)
(0.2 0.04745479054 -0.002071920901)
(0.2125 0.04745479055 -0.002071920901)
(0.225 0.04745479054 -0.002071920902)
(0.2375 0.04745479055 -0.002071920901)
(0.25 0.04745479054 -0.002071920901)
(0.2625 0.04745479055 -0.002071920901)
(0.275 0.04745479054 -0.002071920901)
(0.2875 0.04745479055 -0.002071920901)
(0.3 0.04745479054 -0.002071920901)
(0.3125 0.04745479055 -0.002071920902)
(0.325 0.04745479054 -0.002071920901)
(0.3375 0.04745479054 -0.002071920901)
(0.35 0.04745479054 -0.002071920901)
(0.3625 0.04745479054 -0.002071920901)
(0.375 0.04745479054 -0.002071920901)
(0.3875 0.04745479054 -0.002071920901)
(0.4 0.04745479055 -0.002071920901)
(0.4125 0.04745479054 -0.002071920901)
(0.425 0.04745479055 -0.002071920901)
(0.4375 0.04745479054 -0.002071920901)
(0.45 0.04745479055 -0.002071920901)
(0.4625 0.04745479054 -0.002071920901)
(0.475 0.04745479055 -0.002071920901)
(0.4875 0.04745479054 -0.002071920901)
(0.5 0.04745479054 -0.002071920901)
(0.5125 0.04745479054 -0.002071920901)
(0.525 0.04745479054 -0.002071920901)
(0.5375 0.04745479055 -0.002071920901)
(0.55 0.04745479054 -0.002071920901)
(0.5625 0.04745479055 -0.002071920901)
(0.575 0.04745479055 -0.002071920901)
(0.5875 0.04745479055 -0.002071920901)
(0.6 0.04745479054 -0.002071920901)
(0.6125 0.04745479055 -0.002071920901)
(0.625 0.04745479054 -0.002071920901)
(0.6375 0.04745479055 -0.002071920901)
(0.65 0.04745479054 -0.002071920901)
(0.6625 0.04745479054 -0.002071920901)
(0.675 0.04745479054 -0.002071920901)
(0.6875 0.04745479054 -0.002071920901)
(0.7 0.04745479054 -0.002071920901)
(0.7125 0.04745479054 -0.002071920901)
(0.725 0.04745479054 -0.002071920901)
(0.7375 0.04745479054 -0.002071920901)
(0.75 0.04745479054 -0.002071920901)
(0 0.0499524111 -0.00218096937)
(0.0125 0.0499524111 -0.00218096937)
(0.025 0.0499524111 -0.00218096937)
(0.0375 0.0499524111 -0.00218096937)
(0.05 0.0499524111 -0.00218096937)
(0.0625 0.0499524111 -0.00218096937)
(0.075 0.0499524111 -0.00218096937)
(0.0875 0.0499524111 -0.00218096937)
(0.1 0.0499524111 -0.00218096937)
(0.1125 0.0499524111 -0.00218096937)
(0.125 0.0499524111 -0.00218096937)
(0.1375 0.0499524111 -0.00218096937)
(0.15 0.0499524111 -0.00218096937)
(0.1625 0.0499524111 -0.00218096937)
(0.175 0.0499524111 -0.00218096937)
(0.1875 0.0499524111 -0.00218096937)
(0.2 0.0499524111 -0.00218096937)
(0.2125 0.0499524111 -0.00218096937)
(0.225 0.0499524111 -0.00218096937)
(0.2375 0.0499524111 -0.00218096937)
(0.25 0.0499524111 -0.00218096937)
(0.2625 0.0499524111 -0.00218096937)
(0.275 0.0499524111 -0.00218096937)
(0.2875 0.0499524111 -0.00218096937)
(0.3 0.0499524111 -0.00218096937)
(0.3125 0.0499524111 -0.00218096937)
(0.325 0.0499524111 -0.00218096937)
(0.3375 0.0499524111 -0.00218096937)
(0.35 0.0499524111 -0.00218096937)
(0.3625 0.0499524111 -0.00218096937)
(0.375 0.0499524111 -0.00218096937)
(0.3875 0.0499524111 -0.00218096937)
(0.4 0.0499524111 -0.00218096937)
(0.4125 0.0499524111 -0.00218096937)
(0.425 0.0499524111 -0.00218096937)
(0.4375 0.0499524111 -0.00218096937)
(0.45 0.0499524111 -0.00218096937)
(0.4625 0.0499524111 -0.00218096937)
(0.475 0.0499524111 -0.00218096937)
(0.4875 0.0499524111 -0.00218096937)
(0.5 0.0499524111 -0.00218096937)
(0.5125 0.0499524111 -0.00218096937)
(0.525 0.0499524111 -0.00218096937)
(0.5375 0.0499524111 -0.00218096937)
(0.55 0.0499524111 -0.00218096937)
(0.5625 0.0499524111 -0.00218096937)
(0.575 0.0499524111 -0.00218096937)
(0.5875 0.0499524111 -0.00218096937)
(0.6 0.0499524111 -0.00218096937)
(0.6125 0.0499524111 -0.00218096937)
(0.625 0.0499524111 -0.00218096937)
(0.6375 0.0499524111 -0.00218096937)
(0.65 0.0499524111 -0.00218096937)
(0.6625 0.0499524111 -0.00218096937)
(0.675 0.0499524111 -0.00218096937)
(0.6875 0.0499524111 -0.00218096937)
(0.7 0.0499524111 -0.00218096937)
(0.7125 0.0499524111 -0.00218096937)
(0.725 0.0499524111 -0.00218096937)
(0.7375 0.0499524111 -0.00218096937)
(0.75 0.0499524111 -0.00218096937)
(0 0.002497620555 0.0001090484685)
(0.0125 0.002497620555 0.0001090484685)
(0.025 0.002497620555 0.0001090484685)
(0.0375 0.002497620555 0.0001090484685)
(0.05 0.002497620555 0.0001090484685)
(0.0625 0.002497620555 0.0001090484685)
(0.075 0.002497620555 0.0001090484685)
(0.0875 0.002497620555 0.0001090484685)
(0.1 0.002497620555 0.0001090484685)
(0.1125 0.002497620555 0.0001090484685)
(0.125 0.002497620555 0.0001090484685)
(0.1375 0.002497620555 0.0001090484685)
(0.15 0.002497620555 0.0001090484685)
(0.1625 0.002497620555 0.0001090484685)
(0.175 0.002497620555 0.0001090484685)
(0.1875 0.002497620555 0.0001090484685)
(0.2 0.002497620555 0.0001090484685)
(0.2125 0.002497620555 0.0001090484685)
(0.225 0.002497620555 0.0001090484685)
(0.2375 0.002497620555 0.0001090484685)
(0.25 0.002497620555 0.0001090484685)
(0.2625 0.002497620555 0.0001090484685)
(0.275 0.002497620555 0.0001090484685)
(0.2875 0.002497620555 0.0001090484685)
(0.3 0.002497620555 0.0001090484685)
(0.3125 0.002497620555 0.0001090484685)
(0.325 0.002497620555 0.0001090484685)
(0.3375 0.002497620555 0.0001090484685)
(0.35 0.002497620555 0.0001090484685)
(0.3625 0.002497620555 0.0001090484685)
(0.375 0.002497620555 0.0001090484685)
(0.3875 0.002497620555 0.0001090484685)
(0.4 0.002497620555 0.0001090484685)
(0.4125 0.002497620555 0.0001090484685)
(0.425 0.002497620555 0.0001090484685)
(0.4375 0.002497620555 0.0001090484685)
(0.45 0.002497620555 0.0001090484685)
(0.4625 0.002497620555 0.0001090484685)
(0.475 0.002497620555 0.0001090484685)
(0.4875 0.002497620555 0.0001090484685)
(0.5 0.002497620555 0.0001090484685)
(0.5125 0.002497620555 0.0001090484685)
(0.525 0.002497620555 0.0001090484685)
(0.5375 0.002497620555 0.0001090484685)
(0.55 0.002497620555 0.0001090484685)
(0.5625 0.002497620555 0.0001090484685)
(0.575 0.002497620555 0.0001090484685)
(0.5875 0.002497620555 0.0001090484685)
(0.6 0.002497620555 0.0001090484685)
(0.6125 0.002497620555 0.0001090484685)
(0.625 0.002497620555 0.0001090484685)
(0.6375 0.002497620555 0.0001090484685)
(0.65 0.002497620555 0.0001090484685)
(0.6625 0.002497620555 0.0001090484685)
(0.675 0.002497620555 0.0001090484685)
(0.6875 0.002497620555 0.0001090484685)
(0.7 0.002497620555 0.0001090484685)
(0.7125 0.002497620555 0.0001090484685)
(0.725 0.002497620555 0.0001090484685)
(0.7375 0.002497620555 0.0001090484685)
(0.75 0.002497620555 0.0001090484685)
(0 0.00499524111 0.000218096937)
(0.0125 0.00499524111 0.000218096937)
(0.025 0.00499524111 0.000218096937)
(0.0375 0.00499524111 0.000218096937)
(0.05 0.00499524111 0.000218096937)
(0.0625 0.00499524111 0.000218096937)
(0.075 0.00499524111 0.000218096937)
(0.0875 0.00499524111 0.000218096937)
(0.1 0.00499524111 0.000218096937)
(0.1125 0.00499524111 0.000218096937)
(0.125 0.00499524111 0.000218096937)
(0.1375 0.00499524111 0.000218096937)
(0.15 0.00499524111 0.000218096937)
(0.1625 0.00499524111 0.000218096937)
(0.175 0.00499524111 0.000218096937)
(0.1875 0.00499524111 0.000218096937)
(0.2 0.00499524111 0.000218096937)
(0.2125 0.00499524111 0.000218096937)
(0.225 0.00499524111 0.000218096937)
(0.2375 0.00499524111 0.000218096937)
(0.25 0.00499524111 0.000218096937)
(0.2625 0.00499524111 0.000218096937)
(0.275 0.00499524111 0.000218096937)
(0.2875 0.00499524111 0.000218096937)
(0.3 0.00499524111 0.000218096937)
(0.3125 0.00499524111 0.000218096937)
(0.325 0.00499524111 0.000218096937)
(0.3375 0.00499524111 0.000218096937)
(0.35 0.00499524111 0.000218096937)
(0.3625 0.00499524111 0.000218096937)
(0.375 0.00499524111 0.000218096937)
(0.3875 0.00499524111 0.000218096937)
(0.4 0.00499524111 0.000218096937)
(0.4125 0.00499524111 0.000218096937)
(0.425 0.00499524111 0.000218096937)
(0.4375 0.00499524111 0.000218096937)
(0.45 0.00499524111 0.000218096937)
(0.4625 0.00499524111 0.000218096937)
(0.475 0.00499524111 0.000218096937)
(0.4875 0.00499524111 0.000218096937)
(0.5 0.00499524111 0.000218096937)
(0.5125 0.00499524111 0.000218096937)
(0.525 0.00499524111 0.000218096937)
(0.5375 0.00499524111 0.000218096937)
(0.55 0.00499524111 0.000218096937)
(0.5625 0.00499524111 0.000218096937)
(0.575 0.00499524111 0.000218096937)
(0.5875 0.00499524111 0.000218096937)
(0.6 0.00499524111 0.000218096937)
(0.6125 0.00499524111 0.000218096937)
(0.625 0.00499524111 0.000218096937)
(0.6375 0.00499524111 0.000218096937)
(0.65 0.00499524111 0.000218096937)
(0.6625 0.00499524111 0.000218096937)
(0.675 0.00499524111 0.000218096937)
(0.6875 0.00499524111 0.000218096937)
(0.7 0.00499524111 0.000218096937)
(0.7125 0.00499524111 0.000218096937)
(0.725 0.00499524111 0.000218096937)
(0.7375 0.00499524111 0.000218096937)
(0.75 0.00499524111 0.000218096937)
(0 0.007492861665 0.0003271454055)
(0.0125 0.007492861665 0.0003271454055)
(0.025 0.007492861665 0.0003271454055)
(0.0375 0.007492861665 0.0003271454055)
(0.05 0.007492861665 0.0003271454055)
(0.0625 0.007492861665 0.0003271454055)
(0.075 0.007492861665 0.0003271454055)
(0.0875 0.007492861665 0.0003271454055)
(0.1 0.007492861665 0.0003271454055)
(0.1125 0.007492861665 0.0003271454055)
(0.125 0.007492861665 0.0003271454055)
(0.1375 0.007492861665 0.0003271454055)
(0.15 0.007492861665 0.0003271454055)
(0.1625 0.007492861665 0.0003271454055)
(0.175 0.007492861665 0.0003271454055)
(0.1875 0.007492861665 0.0003271454055)
(0.2 0.007492861665 0.0003271454055)
(0.2125 0.007492861665 0.0003271454055)
(0.225 0.007492861665 0.0003271454055)
(0.2375 0.007492861665 0.0003271454055)
(0.25 0.007492861665 0.0003271454055)
(0.2625 0.007492861665 0.0003271454055)
(0.275 0.007492861665 0.0003271454055)
(0.2875 0.007492861665 0.0003271454055)
(0.3 0.007492861665 0.0003271454055)
(0.3125 0.007492861665 0.0003271454055)
(0.325 0.007492861665 0.0003271454055)
(0.3375 0.007492861665 0.0003271454055)
(0.35 0.007492861665 0.0003271454055)
(0.3625 0.007492861665 0.0003271454055)
(0.375 0.007492861665 0.0003271454055)
(0.3875 0.007492861665 0.0003271454055)
(0.4 0.007492861665 0.0003271454055)
(0.4125 0.007492861665 0.0003271454055)
(0.425 0.007492861665 0.0003271454055)
(0.4375 0.007492861665 0.0003271454055)
(0.45 0.007492861665 0.0003271454055)
(0.4625 0.007492861665 0.0003271454055)
(0.475 0.007492861665 0.0003271454055)
(0.4875 0.007492861665 0.0003271454055)
(0.5 0.007492861665 0.0003271454055)
(0.5125 0.007492861665 0.0003271454055)
(0.525 0.007492861665 0.0003271454055)
(0.5375 0.007492861665 0.0003271454055)
(0.55 0.007492861665 0.0003271454055)
(0.5625 0.007492861665 0.0003271454055)
(0.575 0.007492861665 0.0003271454055)
(0.5875 0.007492861665 0.0003271454055)
(0.6 0.007492861665 0.0003271454055)
(0.6125 0.007492861665 0.0003271454055)
(0.625 0.007492861665 0.0003271454055)
(0.6375 0.007492861665 0.0003271454055)
(0.65 0.007492861665 0.0003271454055)
(0.6625 0.007492861665 0.0003271454055)
(0.675 0.007492861665 0.0003271454055)
(0.6875 0.007492861665 0.0003271454055)
(0.7 0.007492861665 0.0003271454055)
(0.7125 0.007492861665 0.0003271454055)
(0.725 0.007492861665 0.0003271454055)
(0.7375 0.007492861665 0.0003271454055)
(0.75 0.007492861665 0.0003271454055)
(0 0.00999048222 0.000436193874)
(0.0125 0.00999048222 0.000436193874)
(0.025 0.00999048222 0.000436193874)
(0.0375 0.00999048222 0.000436193874)
(0.05 0.00999048222 0.000436193874)
(0.0625 0.00999048222 0.000436193874)
(0.075 0.00999048222 0.000436193874)
(0.0875 0.00999048222 0.000436193874)
(0.1 0.00999048222 0.000436193874)
(0.1125 0.00999048222 0.000436193874)
(0.125 0.00999048222 0.000436193874)
(0.1375 0.00999048222 0.000436193874)
(0.15 0.00999048222 0.000436193874)
(0.1625 0.00999048222 0.000436193874)
(0.175 0.00999048222 0.000436193874)
(0.1875 0.00999048222 0.000436193874)
(0.2 0.00999048222 0.000436193874)
(0.2125 0.00999048222 0.000436193874)
(0.225 0.00999048222 0.000436193874)
(0.2375 0.00999048222 0.000436193874)
(0.25 0.00999048222 0.000436193874)
(0.2625 0.00999048222 0.000436193874)
(0.275 0.00999048222 0.000436193874)
(0.2875 0.00999048222 0.000436193874)
(0.3 0.00999048222 0.000436193874)
(0.3125 0.00999048222 0.000436193874)
(0.325 0.00999048222 0.000436193874)
(0.3375 0.00999048222 0.000436193874)
(0.35 0.00999048222 0.000436193874)
(0.3625 0.00999048222 0.000436193874)
(0.375 0.00999048222 0.000436193874)
(0.3875 0.00999048222 0.000436193874)
(0.4 0.00999048222 0.000436193874)
(0.4125 0.00999048222 0.000436193874)
(0.425 0.00999048222 0.000436193874)
(0.4375 0.00999048222 0.000436193874)
(0.45 0.00999048222 0.000436193874)
(0.4625 0.00999048222 0.000436193874)
(0.475 0.00999048222 0.000436193874)
(0.4875 0.00999048222 0.000436193874)
(0.5 0.00999048222 0.000436193874)
(0.5125 0.00999048222 0.000436193874)
(0.525 0.00999048222 0.000436193874)
(0.5375 0.00999048222 0.000436193874)
(0.55 0.00999048222 0.000436193874)
(0.5625 0.00999048222 0.000436193874)
(0.575 0.00999048222 0.000436193874)
(0.5875 0.00999048222 0.000436193874)
(0.6 0.00999048222 0.000436193874)
(0.6125 0.00999048222 0.000436193874)
(0.625 0.00999048222 0.000436193874)
(0.6375 0.00999048222 0.000436193874)
(0.65 0.00999048222 0.000436193874)
(0.6625 0.00999048222 0.000436193874)
(0.675 0.00999048222 0.000436193874)
(0.6875 0.00999048222 0.000436193874)
(0.7 0.00999048222 0.000436193874)
(0.7125 0.00999048222 0.000436193874)
(0.725 0.00999048222 0.000436193874)
(0.7375 0.00999048222 0.000436193874)
(0.75 0.00999048222 0.000436193874)
(0 0.01248810278 0.0005452423425)
(0.0125 0.01248810278 0.0005452423425)
(0.025 0.01248810278 0.0005452423425)
(0.0375 0.01248810278 0.0005452423425)
(0.05 0.01248810278 0.0005452423425)
(0.0625 0.01248810278 0.0005452423425)
(0.075 0.01248810278 0.0005452423425)
(0.0875 0.01248810278 0.0005452423425)
(0.1 0.01248810278 0.0005452423425)
(0.1125 0.01248810278 0.0005452423425)
(0.125 0.01248810278 0.0005452423425)
(0.1375 0.01248810278 0.0005452423425)
(0.15 0.01248810278 0.0005452423425)
(0.1625 0.01248810278 0.0005452423425)
(0.175 0.01248810278 0.0005452423425)
(0.1875 0.01248810278 0.0005452423425)
(0.2 0.01248810278 0.0005452423425)
(0.2125 0.01248810278 0.0005452423425)
(0.225 0.01248810278 0.0005452423425)
(0.2375 0.01248810278 0.0005452423425)
(0.25 0.01248810278 0.0005452423425)
(0.2625 0.01248810278 0.0005452423425)
(0.275 0.01248810278 0.0005452423425)
(0.2875 0.01248810278 0.0005452423425)
(0.3 0.01248810278 0.0005452423425)
(0.3125 0.01248810278 0.0005452423425)
(0.325 0.01248810278 0.0005452423425)
(0.3375 0.01248810278 0.0005452423425)
(0.35 0.01248810278 0.0005452423425)
(0.3625 0.01248810278 0.0005452423425)
(0.375 0.01248810278 0.0005452423425)
(0.3875 0.01248810278 0.0005452423425)
(0.4 0.01248810278 0.0005452423425)
(0.4125 0.01248810278 0.0005452423425)
(0.425 0.01248810278 0.0005452423425)
(0.4375 0.01248810278 0.0005452423425)
(0.45 0.01248810278 0.0005452423425)
(0.4625 0.01248810278 0.0005452423425)
(0.475 0.01248810278 0.0005452423425)
(0.4875 0.01248810278 0.0005452423425)
(0.5 0.01248810278 0.0005452423425)
(0.5125 0.01248810278 0.0005452423425)
(0.525 0.01248810278 0.0005452423425)
(0.5375 0.01248810278 0.0005452423425)
(0.55 0.01248810278 0.0005452423425)
(0.5625 0.01248810278 0.0005452423425)
(0.575 0.01248810278 0.0005452423425)
(0.5875 0.01248810278 0.0005452423425)
(0.6 0.01248810278 0.0005452423425)
(0.6125 0.01248810278 0.0005452423425)
(0.625 0.01248810278 0.0005452423425)
(0.6375 0.01248810278 0.0005452423425)
(0.65 0.01248810278 0.0005452423425)
(0.6625 0.01248810278 0.0005452423425)
(0.675 0.01248810278 0.0005452423425)
(0.6875 0.01248810278 0.0005452423425)
(0.7 0.01248810278 0.0005452423425)
(0.7125 0.01248810278 0.0005452423425)
(0.725 0.01248810278 0.0005452423425)
(0.7375 0.01248810278 0.0005452423425)
(0.75 0.01248810278 0.0005452423425)
(0 0.01498572333 0.000654290811)
(0.0125 0.01498572333 0.000654290811)
(0.025 0.01498572333 0.000654290811)
(0.0375 0.01498572333 0.000654290811)
(0.05 0.01498572333 0.000654290811)
(0.0625 0.01498572333 0.000654290811)
(0.075 0.01498572333 0.000654290811)
(0.0875 0.01498572333 0.000654290811)
(0.1 0.01498572333 0.000654290811)
(0.1125 0.01498572333 0.000654290811)
(0.125 0.01498572333 0.000654290811)
(0.1375 0.01498572333 0.000654290811)
(0.15 0.01498572333 0.000654290811)
(0.1625 0.01498572333 0.000654290811)
(0.175 0.01498572333 0.000654290811)
(0.1875 0.01498572333 0.000654290811)
(0.2 0.01498572333 0.000654290811)
(0.2125 0.01498572333 0.000654290811)
(0.225 0.01498572333 0.000654290811)
(0.2375 0.01498572333 0.000654290811)
(0.25 0.01498572333 0.000654290811)
(0.2625 0.01498572333 0.000654290811)
(0.275 0.01498572333 0.000654290811)
(0.2875 0.01498572333 0.000654290811)
(0.3 0.01498572333 0.000654290811)
(0.3125 0.01498572333 0.000654290811)
(0.325 0.01498572333 0.000654290811)
(0.3375 0.01498572333 0.000654290811)
(0.35 0.01498572333 0.000654290811)
(0.3625 0.01498572333 0.000654290811)
(0.375 0.01498572333 0.000654290811)
(0.3875 0.01498572333 0.000654290811)
(0.4 0.01498572333 0.000654290811)
(0.4125 0.01498572333 0.000654290811)
(0.425 0.01498572333 0.000654290811)
(0.4375 0.01498572333 0.000654290811)
(0.45 0.01498572333 0.000654290811)
(0.4625 0.01498572333 0.000654290811)
(0.475 0.01498572333 0.000654290811)
(0.4875 0.01498572333 0.000654290811)
(0.5 0.01498572333 0.000654290811)
(0.5125 0.01498572333 0.000654290811)
(0.525 0.01498572333 0.000654290811)
(0.5375 0.01498572333 0.000654290811)
(0.55 0.01498572333 0.000654290811)
(0.5625 0.01498572333 0.000654290811)
(0.575 0.01498572333 0.000654290811)
(0.5875 0.01498572333 0.000654290811)
(0.6 0.01498572333 0.000654290811)
(0.6125 0.01498572333 0.000654290811)
(0.625 0.01498572333 0.000654290811)
(0.6375 0.01498572333 0.000654290811)
(0.65 0.01498572333 0.000654290811)
(0.6625 0.01498572333 0.000654290811)
(0.675 0.01498572333 0.000654290811)
(0.6875 0.01498572333 0.000654290811)
(0.7 0.01498572333 0.000654290811)
(0.7125 0.01498572333 0.000654290811)
(0.725 0.01498572333 0.000654290811)
(0.7375 0.01498572333 0.000654290811)
(0.75 0.01498572333 0.000654290811)
(0 0.01748334388 0.0007633392795)
(0.0125 0.01748334388 0.0007633392795)
(0.025 0.01748334388 0.0007633392795)
(0.0375 0.01748334388 0.0007633392795)
(0.05 0.01748334388 0.0007633392795)
(0.0625 0.01748334388 0.0007633392795)
(0.075 0.01748334388 0.0007633392795)
(0.0875 0.01748334389 0.0007633392795)
(0.1 0.01748334388 0.0007633392795)
(0.1125 0.01748334388 0.0007633392795)
(0.125 0.01748334388 0.0007633392795)
(0.1375 0.01748334389 0.0007633392795)
(0.15 0.01748334389 0.0007633392795)
(0.1625 0.01748334389 0.0007633392795)
(0.175 0.01748334388 0.0007633392795)
(0.1875 0.01748334388 0.0007633392795)
(0.2 0.01748334388 0.0007633392795)
(0.2125 0.01748334388 0.0007633392795)
(0.225 0.01748334388 0.0007633392795)
(0.2375 0.01748334388 0.0007633392795)
(0.25 0.01748334388 0.0007633392795)
(0.2625 0.01748334388 0.0007633392795)
(0.275 0.01748334388 0.0007633392795)
(0.2875 0.01748334388 0.0007633392795)
(0.3 0.01748334388 0.0007633392795)
(0.3125 0.01748334388 0.0007633392795)
(0.325 0.01748334388 0.0007633392795)
(0.3375 0.01748334388 0.0007633392795)
(0.35 0.01748334388 0.0007633392795)
(0.3625 0.01748334389 0.0007633392795)
(0.375 0.01748334388 0.0007633392795)
(0.3875 0.01748334388 0.0007633392795)
(0.4 0.01748334388 0.0007633392795)
(0.4125 0.01748334388 0.0007633392795)
(0.425 0.01748334388 0.0007633392795)
(0.4375 0.01748334388 0.0007633392795)
(0.45 0.01748334388 0.0007633392795)
(0.4625 0.01748334388 0.0007633392795)
(0.475 0.01748334388 0.0007633392795)
(0.4875 0.01748334388 0.0007633392795)
(0.5 0.01748334388 0.0007633392795)
(0.5125 0.01748334388 0.0007633392795)
(0.525 0.01748334388 0.0007633392795)
(0.5375 0.01748334388 0.0007633392795)
(0.55 0.01748334388 0.0007633392795)
(0.5625 0.01748334388 0.0007633392795)
(0.575 0.01748334388 0.0007633392795)
(0.5875 0.01748334388 0.0007633392795)
(0.6 0.01748334388 0.0007633392795)
(0.6125 0.01748334389 0.0007633392795)
(0.625 0.01748334389 0.0007633392795)
(0.6375 0.01748334389 0.0007633392795)
(0.65 0.01748334388 0.0007633392795)
(0.6625 0.01748334388 0.0007633392795)
(0.675 0.01748334388 0.0007633392795)
(0.6875 0.01748334388 0.0007633392795)
(0.7 0.01748334389 0.0007633392795)
(0.7125 0.01748334389 0.0007633392795)
(0.725 0.01748334388 0.0007633392795)
(0.7375 0.01748334388 0.0007633392795)
(0.75 0.01748334388 0.0007633392795)
(0 0.01998096444 0.000872387748)
(0.0125 0.01998096444 0.000872387748)
(0.025 0.01998096444 0.000872387748)
(0.0375 0.01998096444 0.000872387748)
(0.05 0.01998096444 0.000872387748)
(0.0625 0.01998096444 0.000872387748)
(0.075 0.01998096444 0.000872387748)
(0.0875 0.01998096444 0.000872387748)
(0.1 0.01998096444 0.000872387748)
(0.1125 0.01998096444 0.000872387748)
(0.125 0.01998096444 0.000872387748)
(0.1375 0.01998096444 0.000872387748)
(0.15 0.01998096444 0.000872387748)
(0.1625 0.01998096444 0.000872387748)
(0.175 0.01998096444 0.000872387748)
(0.1875 0.01998096444 0.000872387748)
(0.2 0.01998096444 0.000872387748)
(0.2125 0.01998096444 0.000872387748)
(0.225 0.01998096444 0.000872387748)
(0.2375 0.01998096444 0.000872387748)
(0.25 0.01998096444 0.000872387748)
(0.2625 0.01998096444 0.000872387748)
(0.275 0.01998096444 0.000872387748)
(0.2875 0.01998096444 0.000872387748)
(0.3 0.01998096444 0.000872387748)
(0.3125 0.01998096444 0.000872387748)
(0.325 0.01998096444 0.000872387748)
(0.3375 0.01998096444 0.000872387748)
(0.35 0.01998096444 0.000872387748)
(0.3625 0.01998096444 0.000872387748)
(0.375 0.01998096444 0.000872387748)
(0.3875 0.01998096444 0.000872387748)
(0.4 0.01998096444 0.000872387748)
(0.4125 0.01998096444 0.000872387748)
(0.425 0.01998096444 0.000872387748)
(0.4375 0.01998096444 0.000872387748)
(0.45 0.01998096444 0.000872387748)
(0.4625 0.01998096444 0.000872387748)
(0.475 0.01998096444 0.000872387748)
(0.4875 0.01998096444 0.000872387748)
(0.5 0.01998096444 0.000872387748)
(0.5125 0.01998096444 0.000872387748)
(0.525 0.01998096444 0.000872387748)
(0.5375 0.01998096444 0.000872387748)
(0.55 0.01998096444 0.000872387748)
(0.5625 0.01998096444 0.000872387748)
(0.575 0.01998096444 0.000872387748)
(0.5875 0.01998096444 0.000872387748)
(0.6 0.01998096444 0.000872387748)
(0.6125 0.01998096444 0.000872387748)
(0.625 0.01998096444 0.000872387748)
(0.6375 0.01998096444 0.000872387748)
(0.65 0.01998096444 0.000872387748)
(0.6625 0.01998096444 0.000872387748)
(0.675 0.01998096444 0.000872387748)
(0.6875 0.01998096444 0.000872387748)
(0.7 0.01998096444 0.000872387748)
(0.7125 0.01998096444 0.000872387748)
(0.725 0.01998096444 0.000872387748)
(0.7375 0.01998096444 0.000872387748)
(0.75 0.01998096444 0.000872387748)
(0 0.022478585 0.0009814362165)
(0.0125 0.022478585 0.0009814362165)
(0.025 0.02247858499 0.0009814362165)
(0.0375 0.022478585 0.0009814362165)
(0.05 0.02247858499 0.0009814362165)
(0.0625 0.02247858499 0.0009814362165)
(0.075 0.02247858499 0.0009814362165)
(0.0875 0.022478585 0.0009814362165)
(0.1 0.022478585 0.0009814362165)
(0.1125 0.022478585 0.0009814362165)
(0.125 0.022478585 0.0009814362165)
(0.1375 0.022478585 0.0009814362165)
(0.15 0.022478585 0.0009814362165)
(0.1625 0.022478585 0.0009814362165)
(0.175 0.022478585 0.0009814362165)
(0.1875 0.022478585 0.0009814362165)
(0.2 0.022478585 0.0009814362165)
(0.2125 0.022478585 0.0009814362165)
(0.225 0.02247858499 0.0009814362165)
(0.2375 0.02247858499 0.0009814362165)
(0.25 0.02247858499 0.0009814362165)
(0.2625 0.02247858499 0.0009814362165)
(0.275 0.022478585 0.0009814362165)
(0.2875 0.022478585 0.0009814362165)
(0.3 0.022478585 0.0009814362165)
(0.3125 0.022478585 0.0009814362165)
(0.325 0.022478585 0.0009814362165)
(0.3375 0.022478585 0.0009814362165)
(0.35 0.022478585 0.0009814362165)
(0.3625 0.022478585 0.0009814362165)
(0.375 0.022478585 0.0009814362165)
(0.3875 0.022478585 0.0009814362165)
(0.4 0.022478585 0.0009814362165)
(0.4125 0.022478585 0.0009814362165)
(0.425 0.022478585 0.0009814362165)
(0.4375 0.022478585 0.0009814362165)
(0.45 0.022478585 0.0009814362165)
(0.4625 0.022478585 0.0009814362165)
(0.475 0.022478585 0.0009814362165)
(0.4875 0.022478585 0.0009814362165)
(0.5 0.022478585 0.0009814362165)
(0.5125 0.022478585 0.0009814362165)
(0.525 0.022478585 0.0009814362165)
(0.5375 0.022478585 0.0009814362165)
(0.55 0.022478585 0.0009814362165)
(0.5625 0.022478585 0.0009814362165)
(0.575 0.022478585 0.0009814362165)
(0.5875 0.02247858499 0.0009814362165)
(0.6 0.022478585 0.0009814362165)
(0.6125 0.02247858499 0.0009814362165)
(0.625 0.022478585 0.0009814362165)
(0.6375 0.022478585 0.0009814362165)
(0.65 0.022478585 0.0009814362165)
(0.6625 0.022478585 0.0009814362165)
(0.675 0.022478585 0.0009814362165)
(0.6875 0.022478585 0.0009814362165)
(0.7 0.022478585 0.0009814362165)
(0.7125 0.022478585 0.0009814362165)
(0.725 0.022478585 0.0009814362165)
(0.7375 0.02247858499 0.0009814362165)
(0.75 0.022478585 0.0009814362165)
(0 0.02497620555 0.001090484685)
(0.0125 0.02497620555 0.001090484685)
(0.025 0.02497620555 0.001090484685)
(0.0375 0.02497620555 0.001090484685)
(0.05 0.02497620555 0.001090484685)
(0.0625 0.02497620555 0.001090484685)
(0.075 0.02497620555 0.001090484685)
(0.0875 0.02497620555 0.001090484685)
(0.1 0.02497620555 0.001090484685)
(0.1125 0.02497620555 0.001090484685)
(0.125 0.02497620555 0.001090484685)
(0.1375 0.02497620555 0.001090484685)
(0.15 0.02497620555 0.001090484685)
(0.1625 0.02497620555 0.001090484685)
(0.175 0.02497620555 0.001090484685)
(0.1875 0.02497620555 0.001090484685)
(0.2 0.02497620555 0.001090484685)
(0.2125 0.02497620555 0.001090484685)
(0.225 0.02497620555 0.001090484685)
(0.2375 0.02497620555 0.001090484685)
(0.25 0.02497620555 0.001090484685)
(0.2625 0.02497620555 0.001090484685)
(0.275 0.02497620555 0.001090484685)
(0.2875 0.02497620555 0.001090484685)
(0.3 0.02497620555 0.001090484685)
(0.3125 0.02497620555 0.001090484685)
(0.325 0.02497620555 0.001090484685)
(0.3375 0.02497620555 0.001090484685)
(0.35 0.02497620555 0.001090484685)
(0.3625 0.02497620555 0.001090484685)
(0.375 0.02497620555 0.001090484685)
(0.3875 0.02497620555 0.001090484685)
(0.4 0.02497620555 0.001090484685)
(0.4125 0.02497620555 0.001090484685)
(0.425 0.02497620555 0.001090484685)
(0.4375 0.02497620555 0.001090484685)
(0.45 0.02497620555 0.001090484685)
(0.4625 0.02497620555 0.001090484685)
(0.475 0.02497620555 0.001090484685)
(0.4875 0.02497620555 0.001090484685)
(0.5 0.02497620555 0.001090484685)
(0.5125 0.02497620555 0.001090484685)
(0.525 0.02497620555 0.001090484685)
(0.5375 0.02497620555 0.001090484685)
(0.55 0.02497620555 0.001090484685)
(0.5625 0.02497620555 0.001090484685)
(0.575 0.02497620555 0.001090484685)
(0.5875 0.02497620555 0.001090484685)
(0.6 0.02497620555 0.001090484685)
(0.6125 0.02497620555 0.001090484685)
(0.625 0.02497620555 0.001090484685)
(0.6375 0.02497620555 0.001090484685)
(0.65 0.02497620555 0.001090484685)
(0.6625 0.02497620555 0.001090484685)
(0.675 0.02497620555 0.001090484685)
(0.6875 0.02497620555 0.001090484685)
(0.7 0.02497620555 0.001090484685)
(0.7125 0.02497620555 0.001090484685)
(0.725 0.02497620555 0.001090484685)
(0.7375 0.02497620555 0.001090484685)
(0.75 0.02497620555 0.001090484685)
(0 0.02747382611 0.001199533154)
(0.0125 0.02747382611 0.001199533154)
(0.025 0.02747382611 0.001199533154)
(0.0375 0.02747382611 0.001199533154)
(0.05 0.02747382611 0.001199533154)
(0.0625 0.02747382611 0.001199533154)
(0.075 0.02747382611 0.001199533154)
(0.0875 0.02747382611 0.001199533154)
(0.1 0.02747382611 0.001199533154)
(0.1125 0.02747382611 0.001199533154)
(0.125 0.02747382611 0.001199533154)
(0.1375 0.02747382611 0.001199533154)
(0.15 0.02747382611 0.001199533154)
(0.1625 0.02747382611 0.001199533154)
(0.175 0.02747382611 0.001199533154)
(0.1875 0.02747382611 0.001199533154)
(0.2 0.02747382611 0.001199533154)
(0.2125 0.02747382611 0.001199533154)
(0.225 0.02747382611 0.001199533154)
(0.2375 0.02747382611 0.001199533154)
(0.25 0.02747382611 0.001199533154)
(0.2625 0.02747382611 0.001199533154)
(0.275 0.02747382611 0.001199533154)
(0.2875 0.02747382611 0.001199533154)
(0.3 0.02747382611 0.001199533154)
(0.3125 0.02747382611 0.001199533154)
(0.325 0.02747382611 0.001199533154)
(0.3375 0.02747382611 0.001199533154)
(0.35 0.02747382611 0.001199533154)
(0.3625 0.02747382611 0.001199533154)
(0.375 0.02747382611 0.001199533154)
(0.3875 0.02747382611 0.001199533154)
(0.4 0.02747382611 0.001199533154)
(0.4125 0.02747382611 0.001199533154)
(0.425 0.02747382611 0.001199533154)
(0.4375 0.02747382611 0.001199533154)
(0.45 0.02747382611 0.001199533154)
(0.4625 0.02747382611 0.001199533154)
(0.475 0.02747382611 0.001199533154)
(0.4875 0.02747382611 0.001199533154)
(0.5 0.02747382611 0.001199533154)
(0.5125 0.02747382611 0.001199533154)
(0.525 0.02747382611 0.001199533154)
(0.5375 0.02747382611 0.001199533154)
(0.55 0.02747382611 0.001199533154)
(0.5625 0.02747382611 0.001199533154)
(0.575 0.02747382611 0.001199533154)
(0.5875 0.02747382611 0.001199533154)
(0.6 0.02747382611 0.001199533154)
(0.6125 0.02747382611 0.001199533154)
(0.625 0.02747382611 0.001199533154)
(0.6375 0.02747382611 0.001199533154)
(0.65 0.02747382611 0.001199533154)
(0.6625 0.02747382611 0.001199533154)
(0.675 0.02747382611 0.001199533154)
(0.6875 0.02747382611 0.001199533154)
(0.7 0.02747382611 0.001199533154)
(0.7125 0.02747382611 0.001199533153)
(0.725 0.02747382611 0.001199533154)
(0.7375 0.02747382611 0.001199533154)
(0.75 0.02747382611 0.001199533154)
(0 0.02997144666 0.001308581622)
(0.0125 0.02997144666 0.001308581622)
(0.025 0.02997144666 0.001308581622)
(0.0375 0.02997144666 0.001308581622)
(0.05 0.02997144666 0.001308581622)
(0.0625 0.02997144666 0.001308581622)
(0.075 0.02997144666 0.001308581622)
(0.0875 0.02997144666 0.001308581622)
(0.1 0.02997144666 0.001308581622)
(0.1125 0.02997144666 0.001308581622)
(0.125 0.02997144666 0.001308581622)
(0.1375 0.02997144666 0.001308581622)
(0.15 0.02997144666 0.001308581622)
(0.1625 0.02997144666 0.001308581622)
(0.175 0.02997144666 0.001308581622)
(0.1875 0.02997144666 0.001308581622)
(0.2 0.02997144666 0.001308581622)
(0.2125 0.02997144666 0.001308581622)
(0.225 0.02997144666 0.001308581622)
(0.2375 0.02997144666 0.001308581622)
(0.25 0.02997144666 0.001308581622)
(0.2625 0.02997144666 0.001308581622)
(0.275 0.02997144666 0.001308581622)
(0.2875 0.02997144666 0.001308581622)
(0.3 0.02997144666 0.001308581622)
(0.3125 0.02997144666 0.001308581622)
(0.325 0.02997144666 0.001308581622)
(0.3375 0.02997144666 0.001308581622)
(0.35 0.02997144666 0.001308581622)
(0.3625 0.02997144666 0.001308581622)
(0.375 0.02997144666 0.001308581622)
(0.3875 0.02997144666 0.001308581622)
(0.4 0.02997144666 0.001308581622)
(0.4125 0.02997144666 0.001308581622)
(0.425 0.02997144666 0.001308581622)
(0.4375 0.02997144666 0.001308581622)
(0.45 0.02997144666 0.001308581622)
(0.4625 0.02997144666 0.001308581622)
(0.475 0.02997144666 0.001308581622)
(0.4875 0.02997144666 0.001308581622)
(0.5 0.02997144666 0.001308581622)
(0.5125 0.02997144666 0.001308581622)
(0.525 0.02997144666 0.001308581622)
(0.5375 0.02997144666 0.001308581622)
(0.55 0.02997144666 0.001308581622)
(0.5625 0.02997144666 0.001308581622)
(0.575 0.02997144666 0.001308581622)
(0.5875 0.02997144666 0.001308581622)
(0.6 0.02997144666 0.001308581622)
(0.6125 0.02997144666 0.001308581622)
(0.625 0.02997144666 0.001308581622)
(0.6375 0.02997144666 0.001308581622)
(0.65 0.02997144666 0.001308581622)
(0.6625 0.02997144666 0.001308581622)
(0.675 0.02997144666 0.001308581622)
(0.6875 0.02997144666 0.001308581622)
(0.7 0.02997144666 0.001308581622)
(0.7125 0.02997144666 0.001308581622)
(0.725 0.02997144666 0.001308581622)
(0.7375 0.02997144666 0.001308581622)
(0.75 0.02997144666 0.001308581622)
(0 0.03246906722 0.001417630091)
(0.0125 0.03246906722 0.001417630091)
(0.025 0.03246906722 0.001417630091)
(0.0375 0.03246906722 0.001417630091)
(0.05 0.03246906722 0.001417630091)
(0.0625 0.03246906722 0.001417630091)
(0.075 0.03246906722 0.001417630091)
(0.0875 0.03246906722 0.001417630091)
(0.1 0.03246906722 0.001417630091)
(0.1125 0.03246906722 0.001417630091)
(0.125 0.03246906722 0.001417630091)
(0.1375 0.03246906722 0.001417630091)
(0.15 0.03246906722 0.001417630091)
(0.1625 0.03246906722 0.001417630091)
(0.175 0.03246906722 0.001417630091)
(0.1875 0.03246906722 0.001417630091)
(0.2 0.03246906722 0.001417630091)
(0.2125 0.03246906722 0.001417630091)
(0.225 0.03246906722 0.001417630091)
(0.2375 0.03246906722 0.001417630091)
(0.25 0.03246906722 0.001417630091)
(0.2625 0.03246906722 0.001417630091)
(0.275 0.03246906722 0.001417630091)
(0.2875 0.03246906722 0.001417630091)
(0.3 0.03246906722 0.001417630091)
(0.3125 0.03246906722 0.001417630091)
(0.325 0.03246906722 0.001417630091)
(0.3375 0.03246906722 0.001417630091)
(0.35 0.03246906722 0.001417630091)
(0.3625 0.03246906722 0.001417630091)
(0.375 0.03246906722 0.001417630091)
(0.3875 0.03246906722 0.001417630091)
(0.4 0.03246906722 0.001417630091)
(0.4125 0.03246906722 0.001417630091)
(0.425 0.03246906722 0.001417630091)
(0.4375 0.03246906722 0.001417630091)
(0.45 0.03246906722 0.001417630091)
(0.4625 0.03246906722 0.001417630091)
(0.475 0.03246906722 0.001417630091)
(0.4875 0.03246906722 0.001417630091)
(0.5 0.03246906722 0.001417630091)
(0.5125 0.03246906722 0.001417630091)
(0.525 0.03246906722 0.001417630091)
(0.5375 0.03246906722 0.001417630091)
(0.55 0.03246906722 0.001417630091)
(0.5625 0.03246906722 0.001417630091)
(0.575 0.03246906722 0.001417630091)
(0.5875 0.03246906722 0.001417630091)
(0.6 0.03246906722 0.001417630091)
(0.6125 0.03246906722 0.001417630091)
(0.625 0.03246906722 0.00141763009)
(0.6375 0.03246906722 0.00141763009)
(0.65 0.03246906722 0.001417630091)
(0.6625 0.03246906722 0.001417630091)
(0.675 0.03246906722 0.001417630091)
(0.6875 0.03246906722 0.001417630091)
(0.7 0.03246906722 0.00141763009)
(0.7125 0.03246906722 0.00141763009)
(0.725 0.03246906722 0.001417630091)
(0.7375 0.03246906722 0.001417630091)
(0.75 0.03246906722 0.001417630091)
(0 0.03496668777 0.001526678559)
(0.0125 0.03496668777 0.001526678559)
(0.025 0.03496668777 0.001526678559)
(0.0375 0.03496668777 0.001526678559)
(0.05 0.03496668777 0.001526678559)
(0.0625 0.03496668777 0.001526678559)
(0.075 0.03496668777 0.001526678559)
(0.0875 0.03496668777 0.001526678559)
(0.1 0.03496668777 0.001526678559)
(0.1125 0.03496668777 0.001526678559)
(0.125 0.03496668777 0.001526678559)
(0.1375 0.03496668777 0.001526678559)
(0.15 0.03496668777 0.001526678559)
(0.1625 0.03496668777 0.001526678559)
(0.175 0.03496668777 0.001526678559)
(0.1875 0.03496668777 0.001526678559)
(0.2 0.03496668777 0.001526678559)
(0.2125 0.03496668777 0.001526678559)
(0.225 0.03496668777 0.001526678559)
(0.2375 0.03496668777 0.001526678559)
(0.25 0.03496668777 0.001526678559)
(0.2625 0.03496668777 0.001526678559)
(0.275 0.03496668777 0.001526678559)
(0.2875 0.03496668777 0.001526678559)
(0.3 0.03496668777 0.001526678559)
(0.3125 0.03496668777 0.001526678559)
(0.325 0.03496668777 0.001526678559)
(0.3375 0.03496668777 0.001526678559)
(0.35 0.03496668777 0.001526678559)
(0.3625 0.03496668777 0.001526678559)
(0.375 0.03496668777 0.001526678559)
(0.3875 0.03496668777 0.001526678559)
(0.4 0.03496668777 0.001526678559)
(0.4125 0.03496668777 0.001526678559)
(0.425 0.03496668777 0.001526678559)
(0.4375 0.03496668777 0.001526678559)
(0.45 0.03496668777 0.001526678559)
(0.4625 0.03496668777 0.001526678559)
(0.475 0.03496668777 0.001526678559)
(0.4875 0.03496668777 0.001526678559)
(0.5 0.03496668777 0.001526678559)
(0.5125 0.03496668777 0.001526678559)
(0.525 0.03496668777 0.001526678559)
(0.5375 0.03496668777 0.001526678559)
(0.55 0.03496668777 0.001526678559)
(0.5625 0.03496668777 0.001526678559)
(0.575 0.03496668777 0.001526678559)
(0.5875 0.03496668777 0.001526678559)
(0.6 0.03496668777 0.001526678559)
(0.6125 0.03496668777 0.001526678559)
(0.625 0.03496668777 0.001526678559)
(0.6375 0.03496668777 0.001526678559)
(0.65 0.03496668777 0.001526678559)
(0.6625 0.03496668777 0.001526678559)
(0.675 0.03496668777 0.001526678559)
(0.6875 0.03496668777 0.001526678559)
(0.7 0.03496668777 0.001526678559)
(0.7125 0.03496668777 0.001526678559)
(0.725 0.03496668777 0.001526678559)
(0.7375 0.03496668777 0.001526678559)
(0.75 0.03496668777 0.001526678559)
(0 0.03746430833 0.001635727027)
(0.0125 0.03746430833 0.001635727027)
(0.025 0.03746430833 0.001635727027)
(0.0375 0.03746430833 0.001635727028)
(0.05 0.03746430833 0.001635727027)
(0.0625 0.03746430833 0.001635727027)
(0.075 0.03746430833 0.001635727027)
(0.0875 0.03746430833 0.001635727027)
(0.1 0.03746430833 0.001635727027)
(0.1125 0.03746430833 0.001635727027)
(0.125 0.03746430833 0.001635727027)
(0.1375 0.03746430833 0.001635727027)
(0.15 0.03746430833 0.001635727027)
(0.1625 0.03746430833 0.001635727027)
(0.175 0.03746430833 0.001635727027)
(0.1875 0.03746430833 0.001635727027)
(0.2 0.03746430833 0.001635727027)
(0.2125 0.03746430833 0.001635727027)
(0.225 0.03746430833 0.001635727027)
(0.2375 0.03746430833 0.001635727027)
(0.25 0.03746430833 0.001635727027)
(0.2625 0.03746430833 0.001635727027)
(0.275 0.03746430833 0.001635727027)
(0.2875 0.03746430833 0.001635727027)
(0.3 0.03746430833 0.001635727027)
(0.3125 0.03746430833 0.001635727027)
(0.325 0.03746430833 0.001635727027)
(0.3375 0.03746430833 0.001635727027)
(0.35 0.03746430833 0.001635727027)
(0.3625 0.03746430833 0.001635727027)
(0.375 0.03746430833 0.001635727027)
(0.3875 0.03746430833 0.001635727027)
(0.4 0.03746430833 0.001635727027)
(0.4125 0.03746430833 0.001635727027)
(0.425 0.03746430833 0.001635727027)
(0.4375 0.03746430833 0.001635727027)
(0.45 0.03746430833 0.001635727027)
(0.4625 0.03746430833 0.001635727027)
(0.475 0.03746430833 0.001635727027)
(0.4875 0.03746430833 0.001635727027)
(0.5 0.03746430833 0.001635727027)
(0.5125 0.03746430833 0.001635727027)
(0.525 0.03746430833 0.001635727027)
(0.5375 0.03746430833 0.001635727027)
(0.55 0.03746430833 0.001635727027)
(0.5625 0.03746430833 0.001635727027)
(0.575 0.03746430833 0.001635727027)
(0.5875 0.03746430833 0.001635727027)
(0.6 0.03746430833 0.001635727027)
(0.6125 0.03746430833 0.001635727027)
(0.625 0.03746430833 0.001635727027)
(0.6375 0.03746430833 0.001635727027)
(0.65 0.03746430833 0.001635727027)
(0.6625 0.03746430833 0.001635727027)
(0.675 0.03746430833 0.001635727027)
(0.6875 0.03746430833 0.001635727027)
(0.7 0.03746430833 0.001635727027)
(0.7125 0.03746430833 0.001635727027)
(0.725 0.03746430833 0.001635727027)
(0.7375 0.03746430833 0.001635727027)
(0.75 0.03746430833 0.001635727027)
(0 0.03996192888 0.001744775496)
(0.0125 0.03996192888 0.001744775496)
(0.025 0.03996192888 0.001744775496)
(0.0375 0.03996192888 0.001744775496)
(0.05 0.03996192888 0.001744775496)
(0.0625 0.03996192888 0.001744775496)
(0.075 0.03996192888 0.001744775496)
(0.0875 0.03996192888 0.001744775496)
(0.1 0.03996192888 0.001744775496)
(0.1125 0.03996192888 0.001744775496)
(0.125 0.03996192888 0.001744775496)
(0.1375 0.03996192888 0.001744775496)
(0.15 0.03996192888 0.001744775496)
(0.1625 0.03996192888 0.001744775496)
(0.175 0.03996192888 0.001744775496)
(0.1875 0.03996192888 0.001744775496)
(0.2 0.03996192888 0.001744775496)
(0.2125 0.03996192888 0.001744775496)
(0.225 0.03996192888 0.001744775496)
(0.2375 0.03996192888 0.001744775496)
(0.25 0.03996192888 0.001744775496)
(0.2625 0.03996192888 0.001744775496)
(0.275 0.03996192888 0.001744775496)
(0.2875 0.03996192888 0.001744775496)
(0.3 0.03996192888 0.001744775496)
(0.3125 0.03996192888 0.001744775496)
(0.325 0.03996192888 0.001744775496)
(0.3375 0.03996192888 0.001744775496)
(0.35 0.03996192888 0.001744775496)
(0.3625 0.03996192888 0.001744775496)
(0.375 0.03996192888 0.001744775496)
(0.3875 0.03996192888 0.001744775496)
(0.4 0.03996192888 0.001744775496)
(0.4125 0.03996192888 0.001744775496)
(0.425 0.03996192888 0.001744775496)
(0.4375 0.03996192888 0.001744775496)
(0.45 0.03996192888 0.001744775496)
(0.4625 0.03996192888 0.001744775496)
(0.475 0.03996192888 0.001744775496)
(0.4875 0.03996192888 0.001744775496)
(0.5 0.03996192888 0.001744775496)
(0.5125 0.03996192888 0.001744775496)
(0.525 0.03996192888 0.001744775496)
(0.5375 0.03996192888 0.001744775496)
(0.55 0.03996192888 0.001744775496)
(0.5625 0.03996192888 0.001744775496)
(0.575 0.03996192888 0.001744775496)
(0.5875 0.03996192888 0.001744775496)
(0.6 0.03996192888 0.001744775496)
(0.6125 0.03996192888 0.001744775496)
(0.625 0.03996192888 0.001744775496)
(0.6375 0.03996192888 0.001744775496)
(0.65 0.03996192888 0.001744775496)
(0.6625 0.03996192888 0.001744775496)
(0.675 0.03996192888 0.001744775496)
(0.6875 0.03996192888 0.001744775496)
(0.7 0.03996192888 0.001744775496)
(0.7125 0.03996192888 0.001744775496)
(0.725 0.03996192888 0.001744775496)
(0.7375 0.03996192888 0.001744775496)
(0.75 0.03996192888 0.001744775496)
(0 0.04245954944 0.001853823964)
(0.0125 0.04245954944 0.001853823964)
(0.025 0.04245954944 0.001853823964)
(0.0375 0.04245954944 0.001853823964)
(0.05 0.04245954944 0.001853823964)
(0.0625 0.04245954944 0.001853823964)
(0.075 0.04245954944 0.001853823964)
(0.0875 0.04245954944 0.001853823964)
(0.1 0.04245954944 0.001853823964)
(0.1125 0.04245954944 0.001853823964)
(0.125 0.04245954944 0.001853823964)
(0.1375 0.04245954944 0.001853823964)
(0.15 0.04245954943 0.001853823964)
(0.1625 0.04245954944 0.001853823964)
(0.175 0.04245954944 0.001853823964)
(0.1875 0.04245954944 0.001853823964)
(0.2 0.04245954944 0.001853823964)
(0.2125 0.04245954944 0.001853823964)
(0.225 0.04245954944 0.001853823964)
(0.2375 0.04245954944 0.001853823964)
(0.25 0.04245954944 0.001853823964)
(0.2625 0.04245954944 0.001853823964)
(0.275 0.04245954944 0.001853823964)
(0.2875 0.04245954944 0.001853823964)
(0.3 0.04245954944 0.001853823964)
(0.3125 0.04245954944 0.001853823964)
(0.325 0.04245954943 0.001853823964)
(0.3375 0.04245954944 0.001853823964)
(0.35 0.04245954944 0.001853823964)
(0.3625 0.04245954944 0.001853823964)
(0.375 0.04245954944 0.001853823964)
(0.3875 0.04245954944 0.001853823964)
(0.4 0.04245954944 0.001853823964)
(0.4125 0.04245954944 0.001853823964)
(0.425 0.04245954944 0.001853823964)
(0.4375 0.04245954943 0.001853823964)
(0.45 0.04245954944 0.001853823964)
(0.4625 0.04245954944 0.001853823964)
(0.475 0.04245954944 0.001853823965)
(0.4875 0.04245954944 0.001853823965)
(0.5 0.04245954944 0.001853823964)
(0.5125 0.04245954943 0.001853823964)
(0.525 0.04245954944 0.001853823964)
(0.5375 0.04245954944 0.001853823964)
(0.55 0.04245954943 0.001853823964)
(0.5625 0.04245954944 0.001853823964)
(0.575 0.04245954944 0.001853823964)
(0.5875 0.04245954944 0.001853823964)
(0.6 0.04245954944 0.001853823964)
(0.6125 0.04245954944 0.001853823964)
(0.625 0.04245954944 0.001853823964)
(0.6375 0.04245954944 0.001853823964)
(0.65 0.04245954944 0.001853823964)
(0.6625 0.04245954944 0.001853823964)
(0.675 0.04245954944 0.001853823964)
(0.6875 0.04245954944 0.001853823964)
(0.7 0.04245954944 0.001853823964)
(0.7125 0.04245954944 0.001853823964)
(0.725 0.04245954944 0.001853823964)
(0.7375 0.04245954944 0.001853823964)
(0.75 0.04245954944 0.001853823964)
(0 0.04495716999 0.001962872433)
(0.0125 0.04495716999 0.001962872433)
(0.025 0.04495716999 0.001962872433)
(0.0375 0.04495716999 0.001962872433)
(0.05 0.04495716999 0.001962872433)
(0.0625 0.04495716999 0.001962872433)
(0.075 0.04495716999 0.001962872433)
(0.0875 0.04495716999 0.001962872433)
(0.1 0.04495716999 0.001962872433)
(0.1125 0.04495716999 0.001962872433)
(0.125 0.04495716999 0.001962872433)
(0.1375 0.04495716999 0.001962872433)
(0.15 0.04495716999 0.001962872433)
(0.1625 0.04495716999 0.001962872433)
(0.175 0.04495716999 0.001962872433)
(0.1875 0.04495716999 0.001962872433)
(0.2 0.04495716999 0.001962872433)
(0.2125 0.04495716999 0.001962872433)
(0.225 0.04495716999 0.001962872433)
(0.2375 0.04495716999 0.001962872433)
(0.25 0.04495716999 0.001962872433)
(0.2625 0.04495716999 0.001962872433)
(0.275 0.04495716999 0.001962872433)
(0.2875 0.04495716999 0.001962872433)
(0.3 0.04495716999 0.001962872433)
(0.3125 0.04495716999 0.001962872433)
(0.325 0.04495716999 0.001962872433)
(0.3375 0.04495716999 0.001962872433)
(0.35 0.04495716999 0.001962872433)
(0.3625 0.04495716999 0.001962872433)
(0.375 0.04495716999 0.001962872433)
(0.3875 0.04495716999 0.001962872433)
(0.4 0.04495716999 0.001962872433)
(0.4125 0.04495716999 0.001962872433)
(0.425 0.04495716999 0.001962872433)
(0.4375 0.04495716999 0.001962872433)
(0.45 0.04495716999 0.001962872433)
(0.4625 0.04495716999 0.001962872433)
(0.475 0.04495716999 0.001962872433)
(0.4875 0.04495716999 0.001962872433)
(0.5 0.04495716999 0.001962872433)
(0.5125 0.04495716999 0.001962872433)
(0.525 0.04495716999 0.001962872433)
(0.5375 0.04495716999 0.001962872433)
(0.55 0.04495716999 0.001962872433)
(0.5625 0.04495716999 0.001962872433)
(0.575 0.04495716999 0.001962872433)
(0.5875 0.04495716999 0.001962872433)
(0.6 0.04495716999 0.001962872433)
(0.6125 0.04495716999 0.001962872433)
(0.625 0.04495716999 0.001962872433)
(0.6375 0.04495716999 0.001962872433)
(0.65 0.04495716999 0.001962872433)
(0.6625 0.04495716999 0.001962872433)
(0.675 0.04495716999 0.001962872433)
(0.6875 0.04495716999 0.001962872433)
(0.7 0.04495716999 0.001962872433)
(0.7125 0.04495716999 0.001962872433)
(0.725 0.04495716999 0.001962872433)
(0.7375 0.04495716999 0.001962872433)
(0.75 0.04495716999 0.001962872433)
(0 0.04745479054 0.002071920901)
(0.0125 0.04745479054 0.002071920901)
(0.025 0.04745479054 0.002071920901)
(0.0375 0.04745479054 0.002071920901)
(0.05 0.04745479054 0.002071920901)
(0.0625 0.04745479054 0.002071920901)
(0.075 0.04745479054 0.002071920901)
(0.0875 0.04745479054 0.002071920901)
(0.1 0.04745479055 0.002071920901)
(0.1125 0.04745479054 0.002071920901)
(0.125 0.04745479055 0.002071920901)
(0.1375 0.04745479054 0.002071920901)
(0.15 0.04745479055 0.002071920901)
(0.1625 0.04745479054 0.002071920901)
(0.175 0.04745479054 0.002071920901)
(0.1875 0.04745479055 0.002071920901)
(0.2 0.04745479054 0.002071920901)
(0.2125 0.04745479055 0.002071920901)
(0.225 0.04745479055 0.002071920902)
(0.2375 0.04745479055 0.002071920901)
(0.25 0.04745479054 0.002071920901)
(0.2625 0.04745479055 0.002071920901)
(0.275 0.04745479054 0.002071920901)
(0.2875 0.04745479055 0.002071920901)
(0.3 0.04745479054 0.002071920901)
(0.3125 0.04745479055 0.002071920902)
(0.325 0.04745479054 0.002071920901)
(0.3375 0.04745479054 0.002071920901)
(0.35 0.04745479054 0.002071920901)
(0.3625 0.04745479054 0.002071920901)
(0.375 0.04745479054 0.002071920901)
(0.3875 0.04745479054 0.002071920901)
(0.4 0.04745479055 0.002071920901)
(0.4125 0.04745479054 0.002071920901)
(0.425 0.04745479055 0.002071920901)
(0.4375 0.04745479054 0.002071920901)
(0.45 0.04745479055 0.002071920901)
(0.4625 0.04745479054 0.002071920901)
(0.475 0.04745479055 0.002071920901)
(0.4875 0.04745479054 0.002071920901)
(0.5 0.04745479054 0.002071920901)
(0.5125 0.04745479054 0.002071920901)
(0.525 0.04745479054 0.002071920901)
(0.5375 0.04745479055 0.002071920901)
(0.55 0.04745479054 0.002071920901)
(0.5625 0.04745479055 0.002071920901)
(0.575 0.04745479055 0.002071920901)
(0.5875 0.04745479055 0.002071920901)
(0.6 0.04745479054 0.002071920901)
(0.6125 0.04745479055 0.002071920901)
(0.625 0.04745479054 0.002071920901)
(0.6375 0.04745479055 0.002071920901)
(0.65 0.04745479054 0.002071920901)
(0.6625 0.04745479054 0.002071920901)
(0.675 0.04745479054 0.002071920901)
(0.6875 0.04745479054 0.002071920901)
(0.7 0.04745479054 0.002071920901)
(0.7125 0.04745479054 0.002071920901)
(0.725 0.04745479054 0.002071920901)
(0.7375 0.04745479054 0.002071920901)
(0.75 0.04745479054 0.002071920901)
(0 0.0499524111 0.00218096937)
(0.0125 0.0499524111 0.00218096937)
(0.025 0.0499524111 0.00218096937)
(0.0375 0.0499524111 0.00218096937)
(0.05 0.0499524111 0.00218096937)
(0.0625 0.0499524111 0.00218096937)
(0.075 0.0499524111 0.00218096937)
(0.0875 0.0499524111 0.00218096937)
(0.1 0.0499524111 0.00218096937)
(0.1125 0.0499524111 0.00218096937)
(0.125 0.0499524111 0.00218096937)
(0.1375 0.0499524111 0.00218096937)
(0.15 0.0499524111 0.00218096937)
(0.1625 0.0499524111 0.00218096937)
(0.175 0.0499524111 0.00218096937)
(0.1875 0.0499524111 0.00218096937)
(0.2 0.0499524111 0.00218096937)
(0.2125 0.0499524111 0.00218096937)
(0.225 0.0499524111 0.00218096937)
(0.2375 0.0499524111 0.00218096937)
(0.25 0.0499524111 0.00218096937)
(0.2625 0.0499524111 0.00218096937)
(0.275 0.0499524111 0.00218096937)
(0.2875 0.0499524111 0.00218096937)
(0.3 0.0499524111 0.00218096937)
(0.3125 0.0499524111 0.00218096937)
(0.325 0.0499524111 0.00218096937)
(0.3375 0.0499524111 0.00218096937)
(0.35 0.0499524111 0.00218096937)
(0.3625 0.0499524111 0.00218096937)
(0.375 0.0499524111 0.00218096937)
(0.3875 0.0499524111 0.00218096937)
(0.4 0.0499524111 0.00218096937)
(0.4125 0.0499524111 0.00218096937)
(0.425 0.0499524111 0.00218096937)
(0.4375 0.0499524111 0.00218096937)
(0.45 0.0499524111 0.00218096937)
(0.4625 0.0499524111 0.00218096937)
(0.475 0.0499524111 0.00218096937)
(0.4875 0.0499524111 0.00218096937)
(0.5 0.0499524111 0.00218096937)
(0.5125 0.0499524111 0.00218096937)
(0.525 0.0499524111 0.00218096937)
(0.5375 0.0499524111 0.00218096937)
(0.55 0.0499524111 0.00218096937)
(0.5625 0.0499524111 0.00218096937)
(0.575 0.0499524111 0.00218096937)
(0.5875 0.0499524111 0.00218096937)
(0.6 0.0499524111 0.00218096937)
(0.6125 0.0499524111 0.00218096937)
(0.625 0.0499524111 0.00218096937)
(0.6375 0.0499524111 0.00218096937)
(0.65 0.0499524111 0.00218096937)
(0.6625 0.0499524111 0.00218096937)
(0.675 0.0499524111 0.00218096937)
(0.6875 0.0499524111 0.00218096937)
(0.7 0.0499524111 0.00218096937)
(0.7125 0.0499524111 0.00218096937)
(0.725 0.0499524111 0.00218096937)
(0.7375 0.0499524111 0.00218096937)
(0.75 0.0499524111 0.00218096937)
)


// ************************************************************************* //
