/*--------------------------------*- C++ -*----------------------------------*\
  =========                 |
  \\      /  F ield         | OpenFOAM: The Open Source CFD Toolbox
   \\    /   O peration     | Website:  https://openfoam.org
    \\  /    A nd           | Version:  11
     \\/     M anipulation  |
\*---------------------------------------------------------------------------*/
FoamFile
{
    format      ascii;
    class       volScalarField;
    location    "0.0005";
    object      rho;
}
// * * * * * * * * * * * * * * * * * * * * * * * * * * * * * * * * * * * * * //

dimensions      [1 -3 0 0 0 0 0];

internalField   nonuniform List<scalar> 
1000
(
0.9999991042
0.9999991042
0.9999991042
0.9999991042
0.9999991042
0.9999991042
0.9999991042
0.9999991042
0.9999991042
0.9999991042
0.9999991042
0.9999991042
0.9999991042
0.9999991042
0.9999991042
0.9999991042
0.9999991042
0.9999991042
0.9999991042
0.9999991042
0.9999991042
0.9999991042
0.9999991042
0.9999991042
0.9999991042
0.9999991042
0.9999991042
0.9999991042
0.9999991042
0.9999991042
0.9999991042
0.9999991042
0.9999991042
0.9999991042
0.9999991042
0.9999991042
0.9999991042
0.9999991042
0.9999991042
0.9999991042
0.9999991042
0.9999991042
0.9999991042
0.9999991042
0.9999991042
0.9999991042
0.9999991042
0.9999991042
0.9999991042
0.9999991042
0.9999991042
0.9999991042
0.9999991042
0.9999991042
0.9999991042
0.9999991042
0.9999991042
0.9999991042
0.9999991042
0.9999991042
0.9999991042
0.9999991042
0.9999991042
0.9999991042
0.9999991042
0.9999991042
0.9999991042
0.9999991042
0.9999991042
0.9999991042
0.9999991042
0.9999991042
0.9999991042
0.9999991042
0.9999991042
0.9999991042
0.9999991042
0.9999991042
0.9999991042
0.9999991042
0.9999991042
0.9999991042
0.9999991042
0.9999991042
0.9999991042
0.9999991042
0.9999991042
0.9999991042
0.9999991042
0.9999991042
0.9999991042
0.9999991042
0.9999991042
0.9999991042
0.9999991042
0.9999991042
0.9999991042
0.9999991042
0.9999991042
0.9999991042
0.9999991042
0.9999991042
0.9999991042
0.9999991042
0.9999991042
0.9999991042
0.9999991042
0.9999991042
0.9999991042
0.9999991042
0.9999991042
0.9999991042
0.9999991042
0.9999991042
0.9999991042
0.9999991042
0.9999991042
0.9999991042
0.9999991042
0.9999991042
0.9999991042
0.9999991042
0.9999991042
0.9999991042
0.9999991042
0.9999991042
0.9999991042
0.9999991042
0.9999991042
0.9999991042
0.9999991042
0.9999991042
0.9999991042
0.9999991042
0.9999991042
0.9999991042
0.9999991042
0.9999991042
0.9999991042
0.9999991042
0.9999991042
0.9999991042
0.9999991042
0.9999991042
0.9999991042
0.9999991042
0.9999991042
0.9999991042
0.9999991042
0.9999991042
0.9999991042
0.9999991042
0.9999991042
0.9999991042
0.9999991042
0.9999991042
0.9999991042
0.9999991042
0.9999991042
0.9999991042
0.9999991042
0.9999991042
0.9999991042
0.9999991042
0.9999991042
0.9999991042
0.9999991042
0.9999991042
0.9999991042
0.9999991042
0.9999991042
0.9999991042
0.9999991042
0.9999991042
0.9999991042
0.9999991042
0.9999991042
0.9999991042
0.9999991042
0.9999991042
0.9999991042
0.9999991042
0.9999991042
0.9999991042
0.9999991042
0.9999991042
0.9999991042
0.9999991042
0.9999991042
0.9999991042
0.9999991042
0.9999991042
0.9999991042
0.9999991042
0.9999991042
0.9999991042
0.9999991042
0.9999991042
0.9999991042
0.9999991042
0.9999991042
0.9999991042
0.9999991042
0.9999991042
0.9999991042
0.9999991042
0.9999991042
0.9999991042
0.9999991042
0.9999991042
0.9999991042
0.9999991042
0.9999991042
0.9999991042
0.9999991042
0.9999991042
0.9999991042
0.9999991042
0.9999991042
0.9999991042
0.9999991042
0.9999991042
0.9999991042
0.9999991042
0.9999991042
0.9999991042
0.9999991042
0.9999991042
0.9999991042
0.9999991042
0.9999991042
0.9999991042
0.9999991042
0.9999991042
0.9999991042
0.9999991042
0.9999991042
0.9999991042
0.9999991042
0.9999991042
0.9999991042
0.9999991042
0.9999991042
0.9999991042
0.9999991042
0.9999991042
0.9999991042
0.9999991042
0.9999991042
0.9999991042
0.9999991042
0.9999991042
0.9999991042
0.9999991042
0.9999991042
0.9999991042
0.9999991042
0.9999991042
0.9999991041
0.9999991042
0.9999991039
0.9999991042
0.9999991034
0.9999991042
0.9999991019
0.9999991043
0.9999990973
0.9999991047
0.9999990843
0.9999991056
0.9999990484
0.9999991082
0.9999989518
0.9999991152
0.9999987003
0.9999991335
0.9999980655
0.9999991799
0.9999965153
0.9999992935
0.9999928565
0.9999995616
0.9999845192
1.000000172
0.9999662037
1.000001508
0.9999274733
1.000004311
0.9998487751
1.000009932
0.9996954258
1.000020628
0.9994095467
1.000039745
0.9989010943
1.000071227
0.9980412732
1.000117168
0.9966645998
1.000170934
0.9945885407
1.000202206
0.991658981
1.000130909
0.9878209314
0.9997926322
0.9831928285
0.9989119094
0.9780944155
0.997118172
0.9729667867
0.9940445675
0.9681667259
0.9895125482
0.9637244771
0.9837131627
0.9592515637
0.9772085717
0.9541493669
0.9706329374
0.9480550515
0.9642392679
0.9411996976
0.9576932447
0.9343146168
0.9503714672
0.9280934785
0.9419073382
0.9227149843
0.9324396374
0.9178880794
0.9223775645
0.9132458262
0.9120647722
0.9085666794
0.9017221742
0.9036987758
0.8915552338
0.8984813836
0.8817577571
0.892792826
0.872450037
0.8865806325
0.8636875947
0.8798281156
0.8554945165
0.8725397918
0.8478648208
0.8647440721
0.8407688131
0.8564820484
0.8341655168
0.8478036826
0.8280010766
0.8387722579
0.8222076496
0.8294637837
0.816705139
0.8199670793
0.8114015909
0.8103819539
0.8061979818
0.8008128854
0.8009950861
0.7913618536
0.7957008102
0.7821201619
0.7902375387
0.7731617143
0.784546709
0.7645394048
0.7785904968
0.7562846655
0.772350351
0.7484101805
0.7658233688
0.7409140421
0.7590180852
0.7337841274
0.7519505902
0.7270017451
0.7446416649
0.7205441521
0.7371150552
0.714385862
0.7293968526
0.7084990037
0.7215155236
0.7028532318
0.713502172
0.69741558
0.7053906543
0.69215058
0.6972173566
0.6870207423
0.6890205601
0.6819874756
0.6808393167
0.6770125007
0.6727118111
0.6720597007
0.6646733321
0.6670972956
0.6567537834
0.6621008403
0.648973568
0.6570595225
0.6413337971
0.6519923056
0.6337927901
0.6469811777
0.6262292616
0.6421975518
0.6184525427
0.637795648
0.6104274805
0.6334947868
0.6027674185
0.6281489905
0.5968150314
0.6205308016
0.5931586979
0.6114688884
0.5898742911
0.603654261
0.584779137
0.5975109681
0.5791750119
0.5908474204
0.5744378684
0.584182902
0.5688593249
0.5787439428
0.5629664497
0.5726311575
0.558058516
0.566197342
0.5528271945
0.5600465755
0.5480332991
0.5532952203
0.54349534
0.5468210568
0.5390139702
0.5398787321
0.535124456
0.53286125
0.5312224534
0.525703711
0.5276506054
0.5186099527
0.5238805913
0.5116460906
0.5202067335
0.5048669099
0.5162695923
0.498317982
0.5122787783
0.492069251
0.5079801834
0.4861048862
0.503513231
0.4805259112
0.4987523656
0.475214778
0.4938042066
0.4702434935
0.488695493
0.4654523639
0.4834676848
0.4608686589
0.4782300005
0.4564070977
0.4729521031
0.4520608811
0.4676978235
0.4478906039
0.4624157758
0.4438891497
0.4571007738
0.4401291436
0.4518167461
0.4365819164
0.446620567
0.433213028
0.4416294131
0.4300303147
0.4368977015
0.4269650695
0.4323431652
0.4238763925
0.4278178904
0.4206694656
0.4236062051
0.4190589171
0.4252136632
0.429742375
0.4343542448
0.4241126207
0.4166751829
0.4174743751
0.4350290584
0.4396355575
0.4160999407
0.4141178757
0.2997926051
0.3836774907
0.4439677913
0.4059184513
0.4478343675
0.4046529044
0.4451401308
0.4108959294
0.4378597082
0.4181639014
0.4317986576
0.4225207394
0.4283900392
0.4242628901
0.4266289704
0.42467959
0.4256064306
0.4245834106
0.4249321211
0.4243623741
0.4245129832
0.4242389307
0.4243887568
0.4243601201
0.4246035698
0.4247880288
0.4251506017
0.4254917302
0.4259286045
0.4263335971
0.4267611187
0.427131564
0.4274743865
0.4277427454
0.4279553532
0.4280888633
0.4281591145
0.4281596743
0.4281094948
0.428009712
0.4278742572
0.4277084348
0.4275259185
0.4273355649
0.4271499278
0.426975275
0.4268197844
0.4266878236
0.426584248
0.4265124647
0.4264725656
0.4264602511
0.4264695758
0.4264928278
0.4265222897
0.426550556
0.4265691094
0.4265686617
0.4265419633
0.4264853547
0.426396911
0.4262763607
0.426124015
0.4259418881
0.4257343738
0.4255085728
0.4252740304
0.4250410684
0.424820375
0.4246229014
0.424462491
0.4243520663
0.4243022601
0.424317736
0.4244000953
0.4245474027
0.4247532718
0.4250092469
0.4253023182
0.425618159
0.4259394332
0.4262488629
0.426532996
0.426782889
0.4269930822
0.4271575121
0.4272703458
0.427327502
0.4273319986
0.4272912841
0.4272172646
0.4271191378
0.427003144
0.4268718399
0.4267294652
0.4265841438
0.4264488984
0.4263390182
0.426262281
0.4262170039
0.4261914477
0.42617118
0.4261472054
0.4261220704
0.4261079857
0.4261174798
0.4261513809
0.426194121
0.4262131592
0.4261741292
0.426057538
0.4258730688
0.425659212
0.4254715379
0.4253585103
0.4253385576
0.4253853345
0.4254292313
0.4253831659
0.4251736061
0.4247797354
0.4242540343
0.4237239765
0.4233683202
0.4233702005
0.423863918
0.4248849966
0.4263381814
0.4279814333
0.4294472342
0.4302761626
0.4299816137
0.4281160927
0.4243403445
0.4184757674
0.4105349477
0.4007215638
0.3893993886
0.3770409493
0.3641637973
0.3512744785
0.3388178496
0.3271476525
0.3165142575
0.307064154
0.2988558153
0.2918739426
0.2860511766
0.2812836026
0.2774485776
0.2744159356
0.2720571921
0.2702535296
0.2688967847
0.2678934625
0.2671642634
0.2666433188
0.2662790644
0.2660299036
0.2658639245
0.26575685
0.2656902824
0.2656511367
0.2656299802
0.2656196928
0.2656159568
0.26561433
0.2656133913
0.2656113949
0.2656083196
0.2656026604
0.2655945733
0.2655847005
0.2655727126
0.2655597131
0.2655451824
0.2655303124
0.2655148967
0.2654992572
0.2654834299
0.2654678356
0.2654527054
0.2654382091
0.2654246082
0.2654121202
0.2654012654
0.2653919538
0.2653845025
0.265379145
0.2653747094
0.2653721974
0.2653704734
0.265368783
0.2653672519
0.2653648328
0.2653616482
0.2653583027
0.2653540105
0.2653493023
0.2653446004
0.2653405442
0.2653373494
0.2653364229
0.2653360345
0.2653372071
0.265338772
0.2653417633
0.2653473324
0.2653538048
0.2653603152
0.2653687311
0.2653778986
0.2653880941
0.2653983076
0.2654079817
0.2654177614
0.2654258987
0.2654324135
0.2654378104
0.2654419902
0.2654462651
0.2654500178
0.2654547346
0.2654593456
0.2654624235
0.2654656732
0.2654695405
0.2654743395
0.2654782526
0.2654826887
0.2654875937
0.2654913311
0.2654941367
0.2654963887
0.2654987856
0.2655026347
0.2655068862
0.265512647
0.2655187936
0.2655246994
0.2655279926
0.2655294883
0.2655348693
0.2655406982
0.2655354195
0.2655214021
0.2655192998
0.2655324548
0.2655244441
0.2654770377
0.265453912
0.2655171293
0.2655740075
0.265473051
0.265326252
0.2654585538
0.2657909684
0.2656860237
0.2650384516
0.2649941355
0.2662031014
0.2667767623
0.2647534719
0.2628681427
0.2658739805
0.2705133429
0.2665679521
0.2559439801
0.2581138917
0.2773453955
0.2773196435
0.2316653278
0.1730153328
0.1392670472
0.1282658302
0.1256799937
0.1251382059
0.1250278793
0.1250055469
0.1250010318
0.1250001192
0.1249999347
0.1249998974
0.1249998899
0.1249998884
0.1249998881
0.124999888
0.124999888
0.124999888
0.124999888
0.124999888
0.124999888
0.124999888
0.124999888
0.124999888
0.124999888
0.124999888
0.124999888
0.124999888
0.124999888
0.124999888
0.124999888
0.124999888
0.124999888
0.124999888
0.124999888
0.124999888
0.124999888
0.124999888
0.124999888
0.124999888
0.124999888
0.124999888
0.124999888
0.124999888
0.124999888
0.124999888
0.124999888
0.124999888
0.124999888
0.124999888
0.124999888
0.124999888
0.124999888
0.124999888
0.124999888
0.124999888
0.124999888
0.124999888
0.124999888
0.124999888
0.124999888
0.124999888
0.124999888
0.124999888
0.124999888
0.124999888
0.124999888
0.124999888
0.124999888
0.124999888
0.124999888
0.124999888
0.124999888
0.124999888
0.124999888
0.124999888
0.124999888
0.124999888
0.124999888
0.124999888
0.124999888
0.124999888
0.124999888
0.124999888
0.124999888
0.124999888
0.124999888
0.124999888
0.124999888
0.124999888
0.124999888
0.124999888
0.124999888
0.124999888
0.124999888
0.124999888
0.124999888
0.124999888
0.124999888
0.124999888
0.124999888
0.124999888
0.124999888
0.124999888
0.124999888
0.124999888
0.124999888
0.124999888
0.124999888
0.124999888
0.124999888
0.124999888
0.124999888
0.124999888
0.124999888
0.124999888
0.124999888
0.124999888
0.124999888
0.124999888
0.124999888
0.124999888
0.124999888
0.124999888
0.124999888
0.124999888
0.124999888
0.124999888
0.124999888
0.124999888
0.124999888
0.124999888
0.124999888
0.124999888
0.124999888
0.124999888
0.124999888
0.124999888
0.124999888
0.124999888
0.124999888
0.124999888
0.124999888
0.124999888
0.124999888
0.124999888
0.124999888
0.124999888
0.124999888
0.124999888
0.124999888
0.124999888
0.124999888
0.124999888
0.124999888
0.124999888
0.124999888
0.124999888
0.124999888
0.124999888
0.124999888
0.124999888
0.124999888
0.124999888
0.124999888
0.124999888
0.124999888
0.124999888
0.124999888
0.124999888
0.124999888
0.124999888
0.124999888
0.124999888
0.124999888
0.124999888
0.124999888
0.124999888
0.124999888
0.124999888
0.124999888
0.124999888
0.124999888
0.124999888
0.124999888
0.124999888
0.124999888
0.124999888
0.124999888
0.124999888
0.124999888
0.124999888
0.124999888
0.124999888
0.124999888
0.124999888
0.124999888
0.124999888
0.124999888
0.124999888
0.124999888
0.124999888
0.124999888
0.124999888
0.124999888
0.124999888
0.124999888
0.124999888
0.124999888
0.124999888
0.124999888
0.124999888
0.124999888
0.124999888
0.124999888
0.124999888
0.124999888
0.124999888
0.124999888
0.124999888
0.124999888
0.124999888
0.124999888
0.124999888
)
;

boundaryField
{
    leftRight
    {
        type            calculated;
        value           nonuniform List<scalar> 2(0.9999991042 0.124999888);
    }
    empty
    {
        type            empty;
    }
}


// ************************************************************************* //
