/*--------------------------------*- C++ -*----------------------------------*\
  =========                 |
  \\      /  F ield         | OpenFOAM: The Open Source CFD Toolbox
   \\    /   O peration     | Website:  https://openfoam.org
    \\  /    A nd           | Version:  11
     \\/     M anipulation  |
\*---------------------------------------------------------------------------*/
FoamFile
{
    format      ascii;
    class       volScalarField;
    location    "2000";
    object      Ccz;
}
// * * * * * * * * * * * * * * * * * * * * * * * * * * * * * * * * * * * * * //

dimensions      [0 1 0 0 0 0 0];

internalField   nonuniform List<scalar> 
6000
(
4.634195869e-21
4.803602458e-21
3.089463913e-21
-1.601200819e-21
-1.601200819e-21
0
0
0
0
0
0
0
0
0
-4.690664732e-21
0
0
-4.803602458e-21
0
0
-4.803602458e-21
0
0
-4.860071321e-21
0
0
0
0
0
0
0
0
0
0
1.544731956e-21
0
0
0
0
0
1.544731956e-21
0
0
0
0
0
-5.646886315e-23
0
0
0
0
0
0
0
0
0
1.544731956e-21
0
0
0
0
0
0
0
0
0
0
0
0
0
0
0
0
0
0
0
0
0
0
0
0
1.544731956e-21
0
0
0
0
0
0
0
0
0
0
0
0
0
0
0
0
0
0
0
0
0
0
0
0
0
0
0
0
0
0
0
0
0
0
0
0
0
0
0
0
0
0
0
0
0
0
0
0
0
0
0
0
0
0
0
0
0
0
0
0
0
0
0
0
0
0
0
0
0
0
0
0
0
0
0
0
0
0
0
0
0
0
0
0
0
0
0
0
0
0
0
0
0
0
0
0
0
0
0
0
0
0
0
0
0
0
0
0
0
0
0
0
0
0
0
0
0
0
0
0
0
3.202401639e-21
0
3.202401639e-21
0
3.202401639e-21
0
0
0
3.202401639e-21
0
3.202401639e-21
0
3.202401639e-21
0
0
0
3.202401639e-21
0
3.202401639e-21
0
3.202401639e-21
0
0
0
0
3.202401639e-21
0
3.202401639e-21
0
3.202401639e-21
0
0
0
3.202401639e-21
0
3.202401639e-21
0
3.202401639e-21
0
0
0
3.202401639e-21
0
3.202401639e-21
0
3.202401639e-21
0
0
0
0
3.202401639e-21
0
3.202401639e-21
0
3.202401639e-21
0
0
0
3.202401639e-21
0
3.202401639e-21
0
3.202401639e-21
0
0
0
3.202401639e-21
0
3.202401639e-21
0
0
0
0
0
0
3.202401639e-21
0
3.202401639e-21
0
0
0
0
0
3.202401639e-21
0
3.202401639e-21
0
3.202401639e-21
0
0
0
3.202401639e-21
0
3.202401639e-21
0
0
0
-8.238570433e-21
2.573955096e-23
-2.926239985e-22
2.573955096e-23
2.573955096e-23
-1.676976487e-20
8.582673534e-21
1.270195875e-20
8.582673534e-21
8.582673534e-21
8.582673534e-21
3.441031004e-22
8.582673534e-21
8.582673534e-21
3.441031004e-22
8.582673534e-21
8.582673534e-21
2.573955096e-23
8.582673534e-21
8.582673534e-21
2.573955096e-23
8.582673534e-21
8.582673534e-21
-2.926239985e-22
8.582673534e-21
8.582673534e-21
8.582673534e-21
8.582673534e-21
4.145024768e-21
8.582673534e-21
8.582673534e-21
8.582673534e-21
8.582673534e-21
8.582673534e-21
2.573955096e-23
8.582673534e-21
8.582673534e-21
8.582673534e-21
8.582673534e-21
8.582673534e-21
2.573955096e-23
8.582673534e-21
8.582673534e-21
8.582673534e-21
8.582673534e-21
8.582673534e-21
1.270195875e-20
8.582673534e-21
8.582673534e-21
8.582673534e-21
8.582673534e-21
8.582673534e-21
8.582673534e-21
8.582673534e-21
8.582673534e-21
8.582673534e-21
8.582673534e-21
8.582673534e-21
8.582673534e-21
8.582673534e-21
8.582673534e-21
8.582673534e-21
8.582673534e-21
8.582673534e-21
8.582673534e-21
8.582673534e-21
8.582673534e-21
8.582673534e-21
8.582673534e-21
2.573955096e-23
8.582673534e-21
2.573955096e-23
8.582673534e-21
2.573955096e-23
8.582673534e-21
2.573955096e-23
8.582673534e-21
2.573955096e-23
8.582673534e-21
2.573955096e-23
8.582673534e-21
8.582673534e-21
8.582673534e-21
8.582673534e-21
8.582673534e-21
8.582673534e-21
8.582673534e-21
8.582673534e-21
8.582673534e-21
8.582673534e-21
8.582673534e-21
8.582673534e-21
8.582673534e-21
8.582673534e-21
2.573955096e-23
8.582673534e-21
2.573955096e-23
8.582673534e-21
2.573955096e-23
8.582673534e-21
2.573955096e-23
2.573955096e-23
2.573955096e-23
2.573955096e-23
2.573955096e-23
2.573955096e-23
2.573955096e-23
2.573955096e-23
2.573955096e-23
2.573955096e-23
2.573955096e-23
2.573955096e-23
2.573955096e-23
2.573955096e-23
2.573955096e-23
2.573955096e-23
2.573955096e-23
2.573955096e-23
2.573955096e-23
2.573955096e-23
2.573955096e-23
2.573955096e-23
2.573955096e-23
2.573955096e-23
2.573955096e-23
2.573955096e-23
2.573955096e-23
2.573955096e-23
2.573955096e-23
2.573955096e-23
2.573955096e-23
2.573955096e-23
2.573955096e-23
2.573955096e-23
2.573955096e-23
2.573955096e-23
2.573955096e-23
2.573955096e-23
2.573955096e-23
2.573955096e-23
2.573955096e-23
2.573955096e-23
2.573955096e-23
2.573955096e-23
2.573955096e-23
2.573955096e-23
2.573955096e-23
2.573955096e-23
2.573955096e-23
2.573955096e-23
2.573955096e-23
2.573955096e-23
2.573955096e-23
2.573955096e-23
2.573955096e-23
2.573955096e-23
2.573955096e-23
2.573955096e-23
2.573955096e-23
2.573955096e-23
2.573955096e-23
2.573955096e-23
2.573955096e-23
2.573955096e-23
2.573955096e-23
2.573955096e-23
2.573955096e-23
2.573955096e-23
2.573955096e-23
2.573955096e-23
2.573955096e-23
2.573955096e-23
2.573955096e-23
2.573955096e-23
2.573955096e-23
2.573955096e-23
2.573955096e-23
2.573955096e-23
2.573955096e-23
2.573955096e-23
2.573955096e-23
2.573955096e-23
2.573955096e-23
2.573955096e-23
2.573955096e-23
2.573955096e-23
2.573955096e-23
2.573955096e-23
2.573955096e-23
2.573955096e-23
2.573955096e-23
2.573955096e-23
2.573955096e-23
2.573955096e-23
2.573955096e-23
2.573955096e-23
2.573955096e-23
2.573955096e-23
2.573955096e-23
2.573955096e-23
2.573955096e-23
-8.212830882e-21
2.573955096e-23
2.573955096e-23
2.573955096e-23
-8.212830882e-21
2.573955096e-23
2.573955096e-23
2.573955096e-23
-8.212830882e-21
2.573955096e-23
2.573955096e-23
2.573955096e-23
-8.212830882e-21
2.573955096e-23
2.573955096e-23
2.573955096e-23
-8.212830882e-21
2.573955096e-23
2.573955096e-23
2.573955096e-23
-8.212830882e-21
2.573955096e-23
2.573955096e-23
2.573955096e-23
2.573955096e-23
-8.212830882e-21
2.573955096e-23
2.573955096e-23
2.573955096e-23
-8.212830882e-21
2.573955096e-23
2.573955096e-23
2.573955096e-23
-8.212830882e-21
2.573955096e-23
2.573955096e-23
2.573955096e-23
-8.212830882e-21
2.573955096e-23
2.573955096e-23
2.573955096e-23
-8.212830882e-21
2.573955096e-23
2.573955096e-23
2.573955096e-23
-8.212830882e-21
2.573955096e-23
2.573955096e-23
2.573955096e-23
2.573955096e-23
-8.212830882e-21
2.573955096e-23
2.573955096e-23
2.573955096e-23
-8.212830882e-21
2.573955096e-23
2.573955096e-23
2.573955096e-23
-8.212830882e-21
2.573955096e-23
2.573955096e-23
2.573955096e-23
-8.212830882e-21
2.573955096e-23
2.573955096e-23
2.573955096e-23
-8.212830882e-21
2.573955096e-23
-8.212830882e-21
2.573955096e-23
-8.212830882e-21
2.573955096e-23
2.573955096e-23
2.573955096e-23
2.573955096e-23
-8.212830882e-21
2.573955096e-23
-8.212830882e-21
2.573955096e-23
-8.212830882e-21
2.573955096e-23
2.573955096e-23
2.573955096e-23
-8.212830882e-21
2.573955096e-23
2.573955096e-23
2.573955096e-23
-8.212830882e-21
2.573955096e-23
2.573955096e-23
2.573955096e-23
-8.212830882e-21
2.573955096e-23
-8.212830882e-21
2.573955096e-23
-8.212830882e-21
2.573955096e-23
2.573955096e-23
2.573955096e-23
-4.94314226e-21
-4.880970739e-21
6.217152118e-23
9.948456041e-21
-2.107903545e-20
6.217152118e-23
1.063277501e-20
-1.545157422e-20
1.063277501e-20
1.063277501e-20
1.063277501e-20
6.217152118e-23
1.063277501e-20
1.063277501e-20
5.005313781e-21
1.063277501e-20
1.063277501e-20
4.320994817e-21
1.063277501e-20
1.063277501e-20
4.320994817e-21
1.063277501e-20
1.063277501e-20
-2.107903545e-20
1.063277501e-20
1.063277501e-20
1.063277501e-20
1.063277501e-20
5.005313781e-21
1.063277501e-20
1.063277501e-20
1.063277501e-20
1.063277501e-20
1.063277501e-20
5.005313781e-21
1.063277501e-20
1.063277501e-20
1.063277501e-20
1.063277501e-20
1.063277501e-20
5.005313781e-21
1.063277501e-20
1.063277501e-20
1.063277501e-20
1.063277501e-20
1.063277501e-20
5.689632745e-21
1.063277501e-20
1.063277501e-20
1.063277501e-20
1.063277501e-20
1.063277501e-20
1.063277501e-20
1.063277501e-20
1.063277501e-20
1.063277501e-20
9.948456041e-21
1.063277501e-20
1.063277501e-20
1.063277501e-20
1.063277501e-20
1.063277501e-20
1.063277501e-20
1.063277501e-20
1.063277501e-20
1.063277501e-20
1.063277501e-20
1.063277501e-20
2.614652075e-20
2.120337849e-20
5.005313781e-21
2.120337849e-20
9.948456041e-21
2.120337849e-20
5.005313781e-21
2.120337849e-20
9.948456041e-21
2.120337849e-20
5.005313781e-21
2.120337849e-20
9.948456041e-21
9.948456041e-21
1.063277501e-20
1.063277501e-20
1.063277501e-20
1.063277501e-20
1.063277501e-20
1.063277501e-20
1.063277501e-20
1.063277501e-20
1.063277501e-20
1.063277501e-20
1.063277501e-20
2.614652075e-20
2.120337849e-20
5.005313781e-21
2.120337849e-20
9.948456041e-21
2.120337849e-20
5.005313781e-21
2.051905953e-20
1.557591727e-20
2.051905953e-20
1.557591727e-20
2.051905953e-20
1.557591727e-20
2.051905953e-20
1.557591727e-20
2.051905953e-20
1.557591727e-20
2.051905953e-20
1.557591727e-20
5.005313781e-21
2.051905953e-20
1.557591727e-20
2.051905953e-20
1.557591727e-20
2.051905953e-20
1.557591727e-20
2.051905953e-20
1.557591727e-20
2.051905953e-20
1.557591727e-20
2.051905953e-20
1.557591727e-20
2.051905953e-20
1.557591727e-20
2.051905953e-20
1.557591727e-20
2.051905953e-20
1.557591727e-20
2.051905953e-20
1.557591727e-20
2.051905953e-20
1.557591727e-20
2.051905953e-20
1.557591727e-20
5.005313781e-21
2.051905953e-20
2.051905953e-20
2.051905953e-20
1.557591727e-20
2.051905953e-20
1.557591727e-20
2.051905953e-20
1.557591727e-20
2.051905953e-20
2.051905953e-20
2.051905953e-20
1.557591727e-20
2.051905953e-20
1.557591727e-20
2.051905953e-20
1.557591727e-20
2.051905953e-20
2.051905953e-20
2.051905953e-20
1.557591727e-20
2.051905953e-20
1.557591727e-20
2.051905953e-20
1.557591727e-20
5.005313781e-21
2.051905953e-20
2.051905953e-20
2.051905953e-20
1.557591727e-20
2.051905953e-20
1.557591727e-20
2.051905953e-20
1.557591727e-20
2.051905953e-20
2.051905953e-20
2.051905953e-20
1.557591727e-20
2.051905953e-20
1.557591727e-20
2.051905953e-20
1.557591727e-20
2.051905953e-20
2.051905953e-20
2.051905953e-20
1.557591727e-20
2.051905953e-20
1.557591727e-20
2.051905953e-20
1.557591727e-20
5.005313781e-21
2.051905953e-20
2.051905953e-20
2.051905953e-20
1.557591727e-20
2.051905953e-20
1.557591727e-20
2.051905953e-20
1.557591727e-20
2.051905953e-20
2.051905953e-20
2.051905953e-20
1.557591727e-20
5.005313781e-21
-4.880970739e-21
5.005313781e-21
-9.824112999e-21
5.005313781e-21
-1.476725526e-20
5.005313781e-21
-9.824112999e-21
5.005313781e-21
-4.880970739e-21
5.005313781e-21
-9.824112999e-21
5.005313781e-21
-1.476725526e-20
5.005313781e-21
-9.824112999e-21
5.005313781e-21
-4.880970739e-21
5.005313781e-21
-9.824112999e-21
5.005313781e-21
-1.476725526e-20
5.005313781e-21
-9.824112999e-21
5.005313781e-21
5.005313781e-21
-4.880970739e-21
5.005313781e-21
-9.824112999e-21
5.005313781e-21
-1.476725526e-20
5.005313781e-21
-9.824112999e-21
5.005313781e-21
-4.880970739e-21
5.005313781e-21
-9.824112999e-21
5.005313781e-21
-1.476725526e-20
5.005313781e-21
-9.824112999e-21
5.005313781e-21
-4.880970739e-21
5.005313781e-21
-9.824112999e-21
5.005313781e-21
-1.476725526e-20
5.005313781e-21
-9.824112999e-21
5.005313781e-21
5.005313781e-21
-4.880970739e-21
5.005313781e-21
-9.824112999e-21
5.005313781e-21
-1.476725526e-20
5.005313781e-21
-9.824112999e-21
5.005313781e-21
-4.880970739e-21
5.005313781e-21
-9.824112999e-21
5.005313781e-21
-1.476725526e-20
5.005313781e-21
-9.824112999e-21
5.005313781e-21
-4.880970739e-21
5.005313781e-21
-1.476725526e-20
5.005313781e-21
-1.476725526e-20
5.005313781e-21
6.217152118e-23
5.005313781e-21
5.005313781e-21
-4.880970739e-21
5.005313781e-21
-1.476725526e-20
5.005313781e-21
-1.476725526e-20
5.005313781e-21
6.217152118e-23
5.005313781e-21
-4.880970739e-21
5.005313781e-21
-9.824112999e-21
5.005313781e-21
-1.476725526e-20
5.005313781e-21
-9.824112999e-21
5.005313781e-21
-4.880970739e-21
5.005313781e-21
-1.476725526e-20
5.005313781e-21
-1.476725526e-20
5.005313781e-21
6.217152118e-23
5.005313781e-21
0
0
2.18891556e-20
0
0
2.329767599e-20
0
3.67166794e-20
3.67166794e-20
0
3.67166794e-20
2.329767599e-20
0
0
1.48275238e-20
0
0
1.48275238e-20
0
0
1.48275238e-20
0
0
0
0
0
0
0
0
0
0
0
0
0
0
0
0
0
0
0
0
0
0
0
0
0
1.34190034e-20
0
0
0
0
0
0
0
0
0
0
0
0
0
0
0
0
0
0
0
0
0
7.765891998e-21
1.41232636e-20
-7.0616318e-21
7.0616318e-21
0
1.41232636e-20
-7.0616318e-21
7.0616318e-21
0
1.41232636e-20
-7.0616318e-21
7.0616318e-21
0
0
0
0
0
0
0
0
0
0
0
0
0
7.765891998e-21
1.41232636e-20
-7.0616318e-21
7.0616318e-21
0
1.41232636e-20
-7.0616318e-21
0
0
7.0616318e-21
0
0
0
7.0616318e-21
0
0
0
7.0616318e-21
0
2.96550476e-20
0
0
7.0616318e-21
0
0
0
7.0616318e-21
0
0
0
7.0616318e-21
0
0
0
7.0616318e-21
0
0
0
7.0616318e-21
0
0
0
7.0616318e-21
-7.0616318e-21
2.96550476e-20
0
7.0616318e-21
7.0616318e-21
0
0
0
7.0616318e-21
-7.0616318e-21
0
7.0616318e-21
7.0616318e-21
0
0
0
7.0616318e-21
-7.0616318e-21
0
7.0616318e-21
7.0616318e-21
0
0
0
7.0616318e-21
-7.0616318e-21
2.96550476e-20
0
7.0616318e-21
7.0616318e-21
0
0
0
7.0616318e-21
-7.0616318e-21
0
7.0616318e-21
7.0616318e-21
0
0
0
7.0616318e-21
-7.0616318e-21
0
7.0616318e-21
7.0616318e-21
0
0
0
7.0616318e-21
-7.0616318e-21
2.96550476e-20
0
7.0616318e-21
7.0616318e-21
0
0
0
7.0616318e-21
-7.0616318e-21
0
7.0616318e-21
7.0616318e-21
0
2.96550476e-20
-1.41232636e-20
2.96550476e-20
1.48275238e-20
2.96550476e-20
-1.41232636e-20
2.96550476e-20
1.48275238e-20
2.96550476e-20
-1.41232636e-20
2.96550476e-20
1.48275238e-20
2.96550476e-20
-1.41232636e-20
2.96550476e-20
1.48275238e-20
2.96550476e-20
-1.41232636e-20
2.96550476e-20
1.48275238e-20
2.96550476e-20
-1.41232636e-20
2.96550476e-20
1.48275238e-20
2.96550476e-20
2.96550476e-20
-1.41232636e-20
2.96550476e-20
1.48275238e-20
2.96550476e-20
-1.41232636e-20
2.96550476e-20
1.48275238e-20
2.96550476e-20
-1.41232636e-20
2.96550476e-20
1.48275238e-20
2.96550476e-20
-1.41232636e-20
2.96550476e-20
1.48275238e-20
2.96550476e-20
-1.41232636e-20
2.96550476e-20
1.48275238e-20
2.96550476e-20
-1.41232636e-20
2.96550476e-20
1.48275238e-20
2.96550476e-20
2.96550476e-20
-1.41232636e-20
2.96550476e-20
1.48275238e-20
2.96550476e-20
-1.41232636e-20
2.96550476e-20
1.48275238e-20
2.96550476e-20
-1.41232636e-20
2.96550476e-20
1.48275238e-20
2.96550476e-20
-1.41232636e-20
2.96550476e-20
1.48275238e-20
2.96550476e-20
-1.41232636e-20
2.96550476e-20
-1.41232636e-20
2.96550476e-20
-1.41232636e-20
2.96550476e-20
1.48275238e-20
2.96550476e-20
2.96550476e-20
-1.41232636e-20
2.96550476e-20
-1.41232636e-20
2.96550476e-20
-1.41232636e-20
2.96550476e-20
1.48275238e-20
2.96550476e-20
-1.41232636e-20
2.96550476e-20
1.48275238e-20
2.96550476e-20
-1.41232636e-20
2.96550476e-20
1.48275238e-20
2.96550476e-20
-1.41232636e-20
2.96550476e-20
-1.41232636e-20
2.96550476e-20
-1.41232636e-20
2.96550476e-20
1.48275238e-20
2.96550476e-20
0
-1.06108643e-20
1.278909806e-20
-9.180423049e-21
-9.180423049e-21
2.377385862e-20
1.278909806e-20
1.804337506e-21
1.804337506e-21
1.278909806e-20
1.804337506e-21
1.278909806e-20
1.278909806e-20
1.278909806e-20
-9.180423049e-21
1.278909806e-20
1.278909806e-20
-9.180423049e-21
1.278909806e-20
1.278909806e-20
-9.180423049e-21
1.278909806e-20
1.278909806e-20
2.520429987e-20
1.278909806e-20
1.278909806e-20
1.278909806e-20
1.278909806e-20
2.520429987e-20
1.278909806e-20
1.278909806e-20
1.278909806e-20
1.278909806e-20
1.278909806e-20
2.520429987e-20
1.278909806e-20
1.278909806e-20
1.278909806e-20
1.278909806e-20
1.278909806e-20
2.520429987e-20
1.278909806e-20
1.278909806e-20
1.278909806e-20
1.278909806e-20
1.278909806e-20
-9.180423049e-21
1.278909806e-20
1.278909806e-20
1.278909806e-20
1.278909806e-20
1.278909806e-20
1.278909806e-20
1.278909806e-20
1.278909806e-20
1.278909806e-20
1.804337506e-21
1.278909806e-20
1.278909806e-20
1.278909806e-20
1.278909806e-20
1.278909806e-20
1.278909806e-20
1.278909806e-20
1.278909806e-20
1.278909806e-20
1.278909806e-20
1.278909806e-20
-2.159562486e-20
1.804337506e-21
3.618906043e-20
1.804337506e-21
1.804337506e-21
1.804337506e-21
3.618906043e-20
1.804337506e-21
1.804337506e-21
1.804337506e-21
3.618906043e-20
1.804337506e-21
1.804337506e-21
1.804337506e-21
1.278909806e-20
1.278909806e-20
1.278909806e-20
1.278909806e-20
1.278909806e-20
1.278909806e-20
1.278909806e-20
1.278909806e-20
1.278909806e-20
1.278909806e-20
1.278909806e-20
-2.159562486e-20
1.804337506e-21
3.618906043e-20
1.804337506e-21
1.804337506e-21
1.804337506e-21
3.618906043e-20
-9.180423049e-21
2.520429987e-20
-9.180423049e-21
2.520429987e-20
-9.180423049e-21
2.520429987e-20
-9.180423049e-21
2.520429987e-20
-9.180423049e-21
2.520429987e-20
-9.180423049e-21
2.520429987e-20
3.234778759e-21
-9.180423049e-21
2.520429987e-20
-9.180423049e-21
2.520429987e-20
-9.180423049e-21
2.520429987e-20
-9.180423049e-21
2.520429987e-20
-9.180423049e-21
2.520429987e-20
-9.180423049e-21
2.520429987e-20
-9.180423049e-21
2.520429987e-20
1.455364646e-13
1.455365024e-13
-9.180423049e-21
2.520429987e-20
-9.180423049e-21
2.520429987e-20
-9.180423049e-21
2.520429987e-20
-9.180423049e-21
2.520429987e-20
3.234778759e-21
-9.180423049e-21
-9.180423049e-21
-9.180423049e-21
1.45536499e-13
1.45536479e-13
2.520429987e-20
-9.180423049e-21
2.520429987e-20
-9.180423049e-21
-9.180423049e-21
-9.180423049e-21
2.520429987e-20
-9.180423049e-21
2.520429987e-20
-9.180423049e-21
2.520429987e-20
-9.180423049e-21
-9.180423049e-21
-9.180423049e-21
2.520429987e-20
-9.180423049e-21
2.520429987e-20
-9.180423049e-21
2.520429987e-20
3.234778759e-21
-9.180423049e-21
-9.180423049e-21
-9.180423049e-21
2.520429987e-20
-9.180423049e-21
2.520429987e-20
-9.180423049e-21
2.520429987e-20
-9.180423049e-21
-9.180423049e-21
-9.180423049e-21
2.520429987e-20
-9.180423049e-21
2.520429987e-20
-1.455365173e-13
-1.455364812e-13
-9.180423049e-21
-9.180423049e-21
-9.180423049e-21
2.520429987e-20
-9.180423049e-21
2.520429987e-20
-9.180423049e-21
2.520429987e-20
3.234778759e-21
-9.180423049e-21
-9.180423049e-21
-9.180423049e-21
2.520429987e-20
-9.180423049e-21
-1.455364829e-13
-1.455365156e-13
2.520429987e-20
-9.180423049e-21
-9.180423049e-21
1.455364646e-13
1.455365024e-13
3.234778759e-21
-4.499558722e-20
3.234778759e-21
1.804337506e-21
3.234778759e-21
1.455364054e-13
1.455365382e-13
1.804337506e-21
3.234778759e-21
-4.499558722e-20
3.234778759e-21
1.804337506e-21
1.455365114e-13
1.455364322e-13
3.234778759e-21
1.804337506e-21
3.234778759e-21
-4.499558722e-20
3.234778759e-21
1.804337506e-21
3.234778759e-21
-1.455365187e-13
-1.455365156e-13
1.804337506e-21
3.234778759e-21
3.234778759e-21
-4.499558722e-20
3.234778759e-21
-1.45536461e-13
-1.455365156e-13
-4.499558722e-20
3.234778759e-21
1.804337506e-21
3.234778759e-21
-4.499558722e-20
-1.455365063e-13
-1.455364826e-13
3.234778759e-21
-4.499558722e-20
3.234778759e-21
1.455364302e-13
1.455365382e-13
-4.499558722e-20
3.234778759e-21
1.804337506e-21
3.234778759e-21
-4.499558722e-20
3.234778759e-21
1.804337506e-21
3.234778759e-21
3.234778759e-21
-4.499558722e-20
3.234778759e-21
1.804337506e-21
3.234778759e-21
-4.499558722e-20
3.234778759e-21
1.804337506e-21
3.234778759e-21
-4.499558722e-20
3.234778759e-21
1.804337506e-21
3.234778759e-21
-4.499558722e-20
3.234778759e-21
1.804337506e-21
3.234778759e-21
-4.499558722e-20
3.234778759e-21
-4.499558722e-20
-1.455365063e-13
-1.455364483e-13
3.234778759e-21
1.804337506e-21
3.234778759e-21
3.234778759e-21
-4.499558722e-20
-1.455365063e-13
-1.455364483e-13
3.234778759e-21
-4.499558722e-20
3.234778759e-21
1.45536488e-13
1.455365382e-13
-1.455365187e-13
-1.455365156e-13
1.804337506e-21
3.234778759e-21
-4.499558722e-20
3.234778759e-21
1.804337506e-21
3.234778759e-21
-4.499558722e-20
3.234778759e-21
-4.499558722e-20
3.234778759e-21
-4.499558722e-20
3.234778759e-21
1.804337506e-21
3.234778759e-21
0
1.160272217e-21
-2.724662508e-20
1.913533502e-20
1.913533502e-20
-2.840308759e-22
1.014780362e-20
-2.840308759e-22
-2.840308759e-22
1.014780362e-20
-2.840308759e-22
1.769103192e-20
1.014780362e-20
1.014780362e-20
-2.840308759e-22
1.014780362e-20
1.014780362e-20
-2.840308759e-22
1.014780362e-20
1.014780362e-20
-2.840308759e-22
1.014780362e-20
1.014780362e-20
1.769103192e-20
1.014780362e-20
1.014780362e-20
1.014780362e-20
1.014780362e-20
3.711039782e-20
1.014780362e-20
1.014780362e-20
1.014780362e-20
1.014780362e-20
1.014780362e-20
3.711039782e-20
1.014780362e-20
1.014780362e-20
1.014780362e-20
1.014780362e-20
1.014780362e-20
3.711039782e-20
1.014780362e-20
1.014780362e-20
1.014780362e-20
1.014780362e-20
1.014780362e-20
1.769103192e-20
1.014780362e-20
1.014780362e-20
1.014780362e-20
1.014780362e-20
1.014780362e-20
1.014780362e-20
1.014780362e-20
1.014780362e-20
1.014780362e-20
-2.840308759e-22
1.014780362e-20
1.014780362e-20
1.014780362e-20
1.014780362e-20
1.014780362e-20
1.014780362e-20
1.014780362e-20
1.014780362e-20
1.014780362e-20
1.014780362e-20
1.014780362e-20
-2.840308759e-22
1.014780362e-20
4.754223231e-20
1.014780362e-20
1.014780362e-20
1.014780362e-20
4.754223231e-20
1.014780362e-20
1.014780362e-20
1.014780362e-20
4.754223231e-20
1.014780362e-20
1.014780362e-20
-2.840308759e-22
1.014780362e-20
1.014780362e-20
1.014780362e-20
1.014780362e-20
1.014780362e-20
1.014780362e-20
1.014780362e-20
1.014780362e-20
1.014780362e-20
1.014780362e-20
1.014780362e-20
-2.840308759e-22
1.014780362e-20
4.754223231e-20
1.014780362e-20
1.014780362e-20
1.014780362e-20
4.754223231e-20
1.014780362e-20
4.754223231e-20
1.014780362e-20
4.754223231e-20
1.014780362e-20
4.754223231e-20
1.014780362e-20
4.754223231e-20
1.014780362e-20
4.754223231e-20
1.014780362e-20
4.754223231e-20
1.769103192e-20
1.014780362e-20
4.754223231e-20
1.014780362e-20
4.754223231e-20
1.014780362e-20
4.754223231e-20
1.014780362e-20
4.754223231e-20
1.014780362e-20
4.754223231e-20
1.014780362e-20
4.754223231e-20
1.014780362e-20
4.754223231e-20
-2.18304692e-13
-2.183046845e-13
1.014780362e-20
4.754223231e-20
1.014780362e-20
4.754223231e-20
1.014780362e-20
4.754223231e-20
1.014780362e-20
4.754223231e-20
1.769103192e-20
1.014780362e-20
1.014780362e-20
1.014780362e-20
-2.183046636e-13
-2.183047039e-13
4.754223231e-20
1.014780362e-20
4.754223231e-20
1.014780362e-20
1.014780362e-20
1.014780362e-20
4.754223231e-20
1.014780362e-20
4.754223231e-20
1.014780362e-20
4.754223231e-20
1.014780362e-20
1.014780362e-20
1.014780362e-20
4.754223231e-20
1.014780362e-20
4.754223231e-20
1.014780362e-20
4.754223231e-20
1.769103192e-20
1.014780362e-20
1.014780362e-20
1.014780362e-20
4.754223231e-20
1.014780362e-20
4.754223231e-20
1.014780362e-20
4.754223231e-20
1.014780362e-20
1.014780362e-20
1.014780362e-20
4.754223231e-20
1.014780362e-20
4.754223231e-20
2.183047378e-13
2.183047407e-13
1.014780362e-20
1.014780362e-20
1.014780362e-20
4.754223231e-20
1.014780362e-20
4.754223231e-20
1.014780362e-20
4.754223231e-20
1.769103192e-20
1.014780362e-20
1.014780362e-20
1.014780362e-20
4.754223231e-20
1.014780362e-20
2.183047378e-13
2.183047407e-13
4.754223231e-20
1.014780362e-20
1.014780362e-20
-2.18304692e-13
-2.183046845e-13
1.769103192e-20
3.566609472e-20
1.769103192e-20
3.566609472e-20
1.769103192e-20
-2.183046546e-13
-2.183047772e-13
3.566609472e-20
1.769103192e-20
3.566609472e-20
1.769103192e-20
3.566609472e-20
-2.183047474e-13
-2.183046575e-13
1.769103192e-20
3.566609472e-20
1.769103192e-20
3.566609472e-20
1.769103192e-20
3.566609472e-20
1.769103192e-20
2.18304699e-13
2.183047677e-13
3.566609472e-20
1.769103192e-20
1.769103192e-20
3.566609472e-20
1.769103192e-20
2.183046976e-13
2.183047677e-13
3.566609472e-20
1.769103192e-20
3.566609472e-20
1.769103192e-20
3.566609472e-20
2.183047648e-13
2.183047019e-13
1.769103192e-20
3.566609472e-20
1.769103192e-20
-2.183046546e-13
-2.183047772e-13
3.566609472e-20
1.769103192e-20
3.566609472e-20
1.769103192e-20
3.566609472e-20
1.769103192e-20
3.566609472e-20
1.769103192e-20
1.769103192e-20
3.566609472e-20
1.769103192e-20
3.566609472e-20
1.769103192e-20
3.566609472e-20
1.769103192e-20
3.566609472e-20
1.769103192e-20
3.566609472e-20
1.769103192e-20
3.566609472e-20
1.769103192e-20
3.566609472e-20
1.769103192e-20
3.566609472e-20
1.769103192e-20
3.566609472e-20
1.769103192e-20
3.566609472e-20
2.183047648e-13
2.183047004e-13
1.769103192e-20
3.566609472e-20
1.769103192e-20
1.769103192e-20
3.566609472e-20
2.183047648e-13
2.183047004e-13
1.769103192e-20
3.566609472e-20
1.769103192e-20
-2.183046546e-13
-2.183047772e-13
2.18304699e-13
2.183047677e-13
3.566609472e-20
1.769103192e-20
3.566609472e-20
1.769103192e-20
3.566609472e-20
1.769103192e-20
3.566609472e-20
1.769103192e-20
3.566609472e-20
1.769103192e-20
3.566609472e-20
1.769103192e-20
3.566609472e-20
1.769103192e-20
2.183047357e-13
2.183047425e-13
2.183047762e-13
2.183047263e-13
1.549825289e-20
4.591758993e-20
-2.183046956e-13
-1.456973905e-20
2.183047567e-13
-1.492108416e-20
2.183047114e-13
4.702010421e-20
-2.183047105e-13
-1.492108416e-20
1.549825286e-20
2.183047429e-13
1.660076738e-20
-2.183047242e-13
-1.492108416e-20
-1.492108416e-20
2.183047114e-13
1.660076738e-20
-2.183047105e-13
-3.158461243e-20
-1.492108416e-20
-1.492108416e-20
3.21617811e-20
1.742444116e-21
2.885843636e-22
-1.492108416e-20
-1.492108416e-20
-2.183046956e-13
-2.183047105e-13
2.183047129e-13
2.1830474e-13
-1.492108416e-20
-2.183046956e-13
-2.183047105e-13
-1.492108416e-20
-1.492108416e-20
2.885843636e-22
-2.183046956e-13
-2.183047105e-13
-1.492108416e-20
-1.492108416e-20
-1.492108416e-20
-1.492108416e-20
-1.492108416e-20
-1.492108416e-20
-1.492108416e-20
-1.492108416e-20
-2.183046956e-13
1.730345754e-20
2.183046973e-13
-1.492108416e-20
-1.492108416e-20
-2.18304726e-13
-2.183047105e-13
-1.492108416e-20
-1.492108416e-20
-1.492108416e-20
-2.183046956e-13
-2.183047105e-13
-1.492108416e-20
-1.492108416e-20
-1.492108416e-20
-1.492108416e-20
2.183047129e-13
2.183047552e-13
2.183047129e-13
2.183047248e-13
-1.492108416e-20
3.21617811e-20
-1.346722438e-20
1.742444114e-21
3.21617811e-20
-2.18304759e-13
-2.183047105e-13
1.742444114e-21
-1.492108416e-20
-1.492108416e-20
2.885843636e-22
-1.492108416e-20
-1.492108416e-20
-1.492108416e-20
-1.492108416e-20
2.183047129e-13
2.183046973e-13
-1.492108416e-20
2.183047129e-13
2.183046973e-13
-1.492108416e-20
3.21617811e-20
-3.013075262e-20
-1.492108416e-20
-2.18304679e-13
-2.183047105e-13
-1.492108416e-20
-1.492108416e-20
1.742444114e-21
-1.492108416e-20
-2.18304679e-13
2.093790261e-21
2.183047248e-13
-1.492108416e-20
1.742444114e-21
-1.492108416e-20
1.742444114e-21
-1.492108416e-20
1.742444114e-21
-1.492108416e-20
1.742444114e-21
-3.158461243e-20
-1.492108416e-20
1.742444114e-21
-1.492108416e-20
1.742444114e-21
-1.492108416e-20
1.742444114e-21
-1.492108416e-20
1.742444114e-21
-1.492108416e-20
2.183046962e-13
2.183047248e-13
1.742444114e-21
-1.492108416e-20
1.742444114e-21
-1.492108416e-20
1.742444114e-21
-1.492108416e-20
1.742444114e-21
-1.492108416e-20
1.742444114e-21
-1.492108416e-20
1.742444114e-21
-1.492108416e-20
1.742444114e-21
-3.158461243e-20
-1.492108416e-20
-1.492108416e-20
-1.492108416e-20
1.742444114e-21
-1.492108416e-20
1.742444114e-21
-1.492108416e-20
1.742444114e-21
-1.492108416e-20
-1.492108416e-20
-1.492108416e-20
1.742444114e-21
-1.492108416e-20
1.742444114e-21
-1.492108416e-20
1.742444114e-21
-1.492108416e-20
-1.492108416e-20
-1.492108416e-20
1.742444114e-21
-1.492108416e-20
1.742444114e-21
-1.492108416e-20
1.742444114e-21
-3.158461243e-20
-1.492108416e-20
-1.492108416e-20
-1.492108416e-20
1.742444114e-21
-1.492108416e-20
1.742444114e-21
-1.492108416e-20
1.742444114e-21
-1.492108416e-20
-1.492108416e-20
-1.492108416e-20
1.742444114e-21
-1.492108416e-20
1.742444114e-21
-1.492108416e-20
1.742444114e-21
-1.492108416e-20
-1.492108416e-20
-1.492108416e-20
1.742444114e-21
-1.492108416e-20
1.742444114e-21
-1.492108416e-20
1.742444114e-21
-3.158461243e-20
-1.492108416e-20
-1.492108416e-20
-1.492108416e-20
1.742444114e-21
-1.492108416e-20
1.742444114e-21
-1.492108416e-20
1.742444114e-21
-1.492108416e-20
-1.492108416e-20
-1.492108416e-20
1.742444114e-21
-3.158461243e-20
2.885843636e-22
-3.158461243e-20
-1.165275387e-21
-3.158461243e-20
2.885843636e-22
-3.158461243e-20
-1.165275387e-21
-3.158461243e-20
2.885843636e-22
-3.158461243e-20
-1.165275387e-21
-3.158461243e-20
2.885843636e-22
-3.158461243e-20
-1.165275387e-21
-3.158461243e-20
2.885843636e-22
-3.158461243e-20
-1.165275387e-21
-3.158461243e-20
2.885843636e-22
-3.158461243e-20
-1.165275387e-21
-3.158461243e-20
-3.158461243e-20
2.885843636e-22
4.882530934e-20
2.885843641e-22
-3.158461243e-20
2.885843636e-22
-2.183046956e-13
-2.183046953e-13
-3.158461243e-20
2.885843636e-22
-3.158461243e-20
-1.165275387e-21
2.183046825e-13
2.183047248e-13
-3.158461243e-20
-1.165275387e-21
-3.158461243e-20
2.885843636e-22
-3.158461243e-20
-1.165275387e-21
-3.158461243e-20
2.885843636e-22
2.183046825e-13
2.183047248e-13
4.882530934e-20
-3.158461237e-20
2.885843636e-22
-3.158461243e-20
-1.165275387e-21
-3.158461243e-20
2.885843636e-22
-3.158461243e-20
2.183046962e-13
2.183046473e-13
2.885843636e-22
-3.158461243e-20
-1.165275387e-21
-3.158461243e-20
2.885843636e-22
-3.158461243e-20
-1.165275387e-21
-3.158461243e-20
2.183047418e-13
2.183046473e-13
1.549825286e-20
-3.158461237e-20
-2.183047108e-13
-2.18304739e-13
2.885843641e-22
-3.158461243e-20
-3.158461243e-20
2.885843636e-22
2.183046825e-13
2.183047248e-13
-3.158461243e-20
2.885843636e-22
-3.158461243e-20
2.183046962e-13
-1.516626371e-21
-2.183047101e-13
-3.158461237e-20
-1.165275387e-21
2.183046825e-13
2.183047248e-13
4.882530934e-20
2.885843641e-22
-3.158461243e-20
2.183047418e-13
2.183046473e-13
2.885843636e-22
-3.158461243e-20
-2.183047108e-13
3.547650013e-21
2.183047248e-13
-3.158461243e-20
-2.9107299e-13
-2.910729729e-13
-2.910730143e-13
-2.910729592e-13
-2.919267229e-22
6.853833094e-20
2.910730102e-13
1.079533157e-20
-2.910729738e-13
2.753234578e-20
-2.910729859e-13
-2.777287891e-20
2.910729949e-13
2.753234578e-20
-1.347363942e-20
-2.910729586e-13
2.34931251e-20
2.910730242e-13
2.753234578e-20
2.753234578e-20
-2.91072942e-13
2.349312471e-20
2.910729949e-13
1.435063311e-20
2.753234578e-20
2.753234578e-20
-1.493448658e-20
2.607149866e-20
-1.347363939e-20
2.753234578e-20
2.753234578e-20
2.910730102e-13
2.910729949e-13
-2.910729976e-13
-2.910729841e-13
2.753234578e-20
2.910730102e-13
2.910729949e-13
2.753234578e-20
2.753234578e-20
-1.347363939e-20
2.910730102e-13
2.910729949e-13
2.753234578e-20
2.753234578e-20
2.753234578e-20
1.288978594e-20
2.753234578e-20
2.753234578e-20
2.753234578e-20
2.753234578e-20
2.910730102e-13
-1.702893957e-20
-2.910729592e-13
2.753234578e-20
2.753234578e-20
2.910730102e-13
2.910729949e-13
2.753234578e-20
2.753234578e-20
2.753234578e-20
2.910730102e-13
2.910729949e-13
2.753234578e-20
2.753234578e-20
2.753234578e-20
2.753234578e-20
-2.910729976e-13
-2.910730119e-13
-2.910730108e-13
-2.910729855e-13
1.168920443e-21
-4.275875914e-20
2.46106515e-20
-2.919267229e-22
-1.347363942e-20
2.910729566e-13
2.910730067e-13
-2.919267229e-22
1.168920443e-21
1.168920443e-21
-1.347363939e-20
2.753234578e-20
2.753234578e-20
2.753234578e-20
2.753234578e-20
-2.910729976e-13
-2.910729592e-13
2.753234578e-20
-2.910729976e-13
-2.910729592e-13
2.753234578e-20
-1.493448658e-20
-2.919267224e-22
1.168920443e-21
2.910729824e-13
2.910730067e-13
1.168920443e-21
1.168920443e-21
-2.919267229e-22
-2.519450489e-20
2.910729824e-13
-4.631405929e-20
-2.910730119e-13
-2.519450489e-20
-2.665535206e-20
-2.519450489e-20
-2.665535206e-20
-2.519450489e-20
-2.665535206e-20
-2.519450489e-20
-2.665535206e-20
1.168920443e-21
-2.519450489e-20
-2.665535206e-20
-2.519450489e-20
-2.665535206e-20
-2.519450489e-20
-2.665535206e-20
-2.519450489e-20
-2.665535206e-20
-2.519450489e-20
-2.910729976e-13
-2.910730119e-13
-2.665535206e-20
-2.519450489e-20
-2.665535206e-20
-2.519450489e-20
-2.665535206e-20
-2.519450489e-20
-2.665535206e-20
-2.519450489e-20
-2.665535206e-20
-2.519450489e-20
-2.665535206e-20
-2.519450489e-20
-2.665535206e-20
1.168920443e-21
-2.519450489e-20
-2.519450489e-20
-2.519450489e-20
-2.665535206e-20
-2.519450489e-20
-2.665535206e-20
-2.519450489e-20
-2.665535206e-20
-2.519450489e-20
-2.519450489e-20
-2.519450489e-20
-2.665535206e-20
-2.519450489e-20
-2.665535206e-20
-2.519450489e-20
-2.665535206e-20
-2.519450489e-20
-2.519450489e-20
-2.519450489e-20
-2.665535206e-20
-2.519450489e-20
-2.665535206e-20
-2.519450489e-20
-2.665535206e-20
1.168920443e-21
-2.519450489e-20
-2.519450489e-20
-2.519450489e-20
-2.665535206e-20
-2.519450489e-20
-2.665535206e-20
-2.519450489e-20
-2.665535206e-20
-2.519450489e-20
-2.519450489e-20
-2.519450489e-20
-2.665535206e-20
-2.519450489e-20
-2.665535206e-20
-2.519450489e-20
-2.665535206e-20
-2.519450489e-20
-2.519450489e-20
-2.519450489e-20
-2.665535206e-20
-2.519450489e-20
-2.665535206e-20
-2.519450489e-20
-2.665535206e-20
1.168920443e-21
-2.519450489e-20
-2.519450489e-20
-2.519450489e-20
-2.665535206e-20
-2.519450489e-20
-2.665535206e-20
-2.519450489e-20
-2.665535206e-20
-2.519450489e-20
-2.519450489e-20
-2.519450489e-20
-2.665535206e-20
1.168920443e-21
-2.957704639e-20
1.168920443e-21
-2.919267229e-22
1.168920443e-21
-1.752773889e-21
1.168920443e-21
-2.919267229e-22
1.168920443e-21
-2.957704639e-20
1.168920443e-21
-2.919267229e-22
1.168920443e-21
-1.752773889e-21
1.168920443e-21
-2.919267229e-22
1.168920443e-21
-2.957704639e-20
1.168920443e-21
-2.919267229e-22
1.168920443e-21
-1.752773889e-21
1.168920443e-21
-2.919267229e-22
1.168920443e-21
1.168920443e-21
-2.957704639e-20
-4.129791197e-20
6.707748391e-20
1.168920443e-21
-1.752773889e-21
2.910729838e-13
2.910729949e-13
1.168920443e-21
-2.957704639e-20
1.168920443e-21
-2.919267229e-22
-2.910729844e-13
-2.910730002e-13
1.168920443e-21
-2.919267229e-22
1.168920443e-21
-2.957704639e-20
1.168920443e-21
-2.919267229e-22
1.168920443e-21
-1.752773889e-21
-2.910729844e-13
-2.91072946e-13
-4.129791197e-20
1.435063314e-20
-2.957704639e-20
1.168920443e-21
-2.919267229e-22
1.168920443e-21
-1.752773889e-21
1.168920443e-21
-2.910729859e-13
-2.910729563e-13
-2.957704639e-20
1.168920443e-21
-2.919267229e-22
1.168920443e-21
-1.752773889e-21
1.168920443e-21
-2.919267229e-22
1.168920443e-21
-2.910729581e-13
-2.910729563e-13
4.217490569e-20
1.435063314e-20
2.91072997e-13
2.910729398e-13
6.853833107e-20
1.168920443e-21
1.168920443e-21
-2.957704639e-20
-2.910729844e-13
-2.910730002e-13
1.168920443e-21
-1.752773889e-21
1.168920443e-21
-2.910730005e-13
1.323310797e-20
2.910729955e-13
1.435063314e-20
-2.919267229e-22
-2.910729844e-13
-2.910730002e-13
-4.129791197e-20
6.707748391e-20
1.168920443e-21
-2.910729581e-13
-2.910729563e-13
-1.752773889e-21
1.168920443e-21
2.91072997e-13
-4.485320242e-20
-2.910729606e-13
1.168920443e-21
7.132604322e-22
-2.443354011e-20
2.910729084e-13
2.910729293e-13
4.419032599e-21
2.502250896e-20
2.952853984e-21
-2.910729723e-13
-2.910728837e-13
2.952853984e-21
-6.829886227e-20
4.419032592e-21
2.952853984e-21
2.952853984e-21
-2.03089919e-20
-6.68326838e-20
4.828435489e-20
-2.030899194e-20
4.828435489e-20
2.952853984e-21
-1.884281329e-20
2.952853984e-21
-6.68326838e-20
2.944844267e-22
2.944844267e-22
4.828435489e-20
2.952853984e-21
2.952853984e-21
2.910728852e-13
2.910729061e-13
2.952853984e-21
2.952853984e-21
2.910728852e-13
2.910729061e-13
4.419032592e-21
-6.68326838e-20
4.828435489e-20
-6.68326838e-20
4.828435489e-20
2.952853984e-21
4.419032592e-21
2.952853984e-21
2.952853984e-21
2.952853984e-21
2.952853984e-21
2.952853984e-21
5.885211199e-21
2.952853984e-21
-6.68326838e-20
4.828435489e-20
-6.68326838e-20
4.828435489e-20
-6.68326838e-20
4.828435489e-20
2.910728852e-13
2.910729061e-13
5.387508157e-20
-6.68326838e-20
2.910729296e-13
2.910729061e-13
2.952853984e-21
-6.68326838e-20
4.828435489e-20
-6.68326838e-20
4.828435489e-20
2.952853984e-21
-6.68326838e-20
2.944844267e-22
2.502250896e-20
2.952853984e-21
5.885211208e-21
7.301237943e-20
5.885211208e-21
4.828435489e-20
2.768087847e-20
2.910729084e-13
2.910729308e-13
2.952853984e-21
2.768087847e-20
-2.030899194e-20
1.760663032e-21
-2.030899194e-20
4.828435489e-20
-6.68326838e-20
4.828435489e-20
-6.68326838e-20
4.828435489e-20
2.952853984e-21
2.952853984e-21
2.952853984e-21
2.952853984e-21
2.952853984e-21
-6.68326838e-20
2.502250896e-20
-6.68326838e-20
7.447855803e-20
2.952853984e-21
-2.910728996e-13
-2.91072906e-13
7.447855803e-20
5.240890307e-20
7.447855803e-20
4.419032592e-21
2.768087847e-20
4.419032592e-21
2.910729099e-13
5.821457888e-13
2.910729308e-13
4.419032592e-21
5.885211208e-21
1.760663032e-21
2.768087847e-20
-2.910728996e-13
-2.910728822e-13
-2.910728996e-13
-2.910728813e-13
7.447855803e-20
4.419032592e-21
5.885211208e-21
1.760663032e-21
5.885211208e-21
-2.910728083e-13
-2.910728095e-13
5.885211208e-21
2.944844267e-22
2.648868757e-20
2.768087847e-20
5.885211208e-21
7.447855803e-20
4.419032592e-21
2.768087847e-20
4.419032592e-21
2.768087847e-20
5.240890307e-20
7.447855803e-20
5.885211208e-21
1.224684285e-19
2.914705708e-20
4.419032592e-21
4.419032592e-21
5.885211208e-21
2.91072979e-13
2.910729788e-13
2.768087847e-20
5.885211208e-21
1.224684285e-19
4.419032592e-21
-2.910728996e-13
-2.910729055e-13
5.885211208e-21
2.648868757e-20
2.768087847e-20
4.419032592e-21
5.240890307e-20
2.648868757e-20
5.885211208e-21
1.760663032e-21
2.768087847e-20
4.419032592e-21
2.768087847e-20
4.419032592e-21
2.768087847e-20
2.910729579e-13
2.910729788e-13
4.419032592e-21
4.419032592e-21
5.885211208e-21
2.648868757e-20
5.885211208e-21
1.760663032e-21
2.768087847e-20
5.240890307e-20
1.760663032e-21
4.419032592e-21
2.768087847e-20
5.240890307e-20
-2.91072881e-13
-2.910728813e-13
1.224684285e-19
4.419032592e-21
4.419032592e-21
5.885211208e-21
7.447855803e-20
-2.910728996e-13
-2.910728095e-13
4.419032592e-21
5.240890307e-20
2.944844262e-22
4.419032592e-21
5.885211208e-21
1.760663032e-21
2.768087847e-20
5.240890307e-20
2.944844267e-22
1.760663032e-21
5.240890307e-20
2.648868757e-20
4.419032592e-21
5.885211208e-21
2.944844267e-22
2.944844262e-22
4.419032599e-21
2.944844267e-22
2.944844262e-22
-2.910728996e-13
-2.910729069e-13
2.910729579e-13
2.910728834e-13
2.944844262e-22
-2.03089919e-20
5.240890307e-20
2.944844262e-22
2.914705708e-20
-2.910729243e-13
4.506208011e-20
2.910728834e-13
2.944844267e-22
-2.29673615e-20
2.914705708e-20
5.534126029e-20
2.944844262e-22
-2.03089919e-20
-2.910728996e-13
7.125628325e-20
2.910729555e-13
5.240890307e-20
-2.910728563e-13
-2.910727868e-13
-9.71514353e-20
2.944844267e-22
-2.29673615e-20
-2.910728996e-13
-2.910728828e-13
2.944844262e-22
-2.03089919e-20
-2.910728996e-13
7.12562768e-20
2.910728354e-13
2.944844267e-22
-2.910728316e-13
-2.910728828e-13
2.910728321e-13
2.910729061e-13
2.914705708e-20
4.419032592e-21
2.910729579e-13
2.910728819e-13
2.944844262e-22
4.419032592e-21
5.240890307e-20
2.944844267e-22
2.944844267e-22
-2.910728316e-13
-2.910728828e-13
2.944844267e-22
-2.29673615e-20
2.914705708e-20
4.419032592e-21
5.240890307e-20
2.944844267e-22
2.944844262e-22
4.419032592e-21
5.240890307e-20
2.944844267e-22
2.944844267e-22
-2.91072977e-13
-2.910727868e-13
2.910728801e-13
2.910728354e-13
-2.29673615e-20
-2.910728996e-13
4.799443087e-20
2.910728354e-13
2.944844262e-22
2.914705708e-20
5.240890307e-20
2.944844267e-22
2.944844267e-22
-2.29673615e-20
2.914705708e-20
7.713692761e-20
2.944844267e-22
-9.71514353e-20
2.944844262e-22
-2.03089919e-20
5.240890307e-20
2.944844262e-22
2.914705708e-20
7.713692761e-20
2.910728321e-13
2.910728834e-13
2.944844262e-22
-2.03089919e-20
5.240890307e-20
2.944844267e-22
2.944844267e-22
-2.910728563e-13
-2.910728837e-13
5.885211208e-21
2.944844262e-22
-2.081323057e-20
-5.930095086e-22
-3.638410899e-13
-3.63841139e-13
-5.930095066e-22
2.022022106e-20
-2.140624012e-20
3.638410679e-13
3.638410761e-13
-2.140624012e-20
2.02202211e-20
-5.930095076e-22
-2.140624012e-20
-2.140624012e-20
4.397421245e-20
2.022022106e-20
2.022022106e-20
-6.597346195e-20
2.022022106e-20
-2.140624012e-20
4.397421245e-20
-2.140624012e-20
2.022022106e-20
-4.221947056e-20
-5.930095076e-22
2.022022106e-20
-2.140624012e-20
-2.140624012e-20
-3.638410454e-13
-3.638410528e-13
-2.140624012e-20
-2.140624012e-20
-3.638410899e-13
-3.638410528e-13
-4.221947073e-20
2.022022106e-20
2.022022106e-20
2.022022106e-20
2.022022106e-20
-2.140624012e-20
-4.221947073e-20
-2.140624012e-20
-2.140624012e-20
-2.140624012e-20
-2.140624012e-20
-2.140624012e-20
-2.434700086e-20
-2.140624012e-20
2.022022106e-20
2.022022106e-20
2.022022106e-20
2.022022106e-20
2.022022106e-20
2.022022106e-20
-3.638410899e-13
-3.638410528e-13
4.397421245e-20
2.022022106e-20
-3.638411546e-13
-3.638410528e-13
-2.140624012e-20
2.022022106e-20
2.022022106e-20
2.022022106e-20
2.022022106e-20
-2.140624012e-20
2.022022106e-20
-5.930095076e-22
-8.678669253e-20
-4.221947073e-20
2.022022106e-20
-5.930095086e-22
-5.930095066e-22
2.022022106e-20
2.02202211e-20
-3.638410899e-13
-3.638410528e-13
-4.221947073e-20
2.02202211e-20
2.022022106e-20
-2.140624008e-20
-5.930095066e-22
2.022022106e-20
2.022022106e-20
2.022022106e-20
2.022022106e-20
2.022022106e-20
-2.140624012e-20
-2.140624012e-20
-2.140624012e-20
-2.140624012e-20
-2.140624012e-20
2.022022106e-20
-8.678669253e-20
-5.930095066e-22
-5.930095086e-22
-4.221947073e-20
3.638410679e-13
3.638411616e-13
-5.930095086e-22
-5.930095066e-22
-5.930095086e-22
-4.221947073e-20
-5.930095076e-22
-4.221947073e-20
-3.638410691e-13
-7.276822484e-13
-3.638410111e-13
-4.221947073e-20
-5.930095066e-22
-2.140624008e-20
-5.930095076e-22
3.638411096e-13
3.638410136e-13
3.638410679e-13
3.6384112e-13
-5.930095086e-22
-4.221947073e-20
-5.930095066e-22
-2.140624008e-20
-5.930095066e-22
3.638411326e-13
3.638410136e-13
-2.140624008e-20
-4.51602313e-20
-4.221947065e-20
-5.930095076e-22
-2.140624008e-20
-5.930095086e-22
-4.221947073e-20
-5.930095076e-22
-4.221947073e-20
-5.930095076e-22
-5.930095066e-22
-5.930095086e-22
-2.140624008e-20
-2.140624008e-20
-5.930095076e-22
-4.221947073e-20
-4.221947073e-20
-2.140624008e-20
-3.638411754e-13
-3.638410736e-13
-5.930095076e-22
-2.140624008e-20
-2.140624008e-20
-4.221947073e-20
3.638410679e-13
3.638410136e-13
-5.930095066e-22
-4.221947065e-20
-5.930095076e-22
-4.221947073e-20
2.022022106e-20
-4.221947065e-20
-2.140624008e-20
-2.140624008e-20
-5.930095076e-22
-4.221947073e-20
-5.930095076e-22
-4.221947073e-20
-5.930095076e-22
-3.638411553e-13
-3.638410736e-13
-4.221947073e-20
-4.221947073e-20
-5.930095066e-22
-4.221947065e-20
-5.930095066e-22
-2.140624008e-20
-5.930095076e-22
-5.930095066e-22
-2.140624008e-20
-4.221947073e-20
-5.930095076e-22
-5.930095066e-22
3.638410881e-13
3.6384112e-13
-2.140624008e-20
-4.221947073e-20
-4.221947073e-20
-2.140624008e-20
-5.930095086e-22
3.638410263e-13
3.638410136e-13
-4.221947073e-20
2.022022106e-20
-2.140624008e-20
-4.221947073e-20
-2.140624008e-20
-2.140624008e-20
-5.930095076e-22
-5.930095066e-22
-4.51602313e-20
-2.140624008e-20
2.022022106e-20
-4.221947065e-20
-4.221947073e-20
-2.140624008e-20
-4.51602313e-20
-2.140624008e-20
-6.597346195e-20
-4.51602313e-20
2.347751234e-21
3.638411096e-13
3.638409691e-13
-3.638411553e-13
-3.638411799e-13
-2.140624008e-20
2.02202211e-20
-2.434700081e-20
2.347751234e-21
-5.930095076e-22
3.638410026e-13
-1.326118812e-20
-3.638411799e-13
-4.51602313e-20
-1.075999231e-19
-5.930095076e-22
-6.303270121e-20
-2.140624008e-20
-4.516023147e-20
3.638411096e-13
1.049281127e-20
-3.63841139e-13
-2.434700081e-20
3.638410881e-13
3.6384101e-13
-2.434700077e-20
-4.51602313e-20
-8.384593178e-20
3.638411096e-13
3.638410546e-13
-2.140624008e-20
2.02202211e-20
3.638411096e-13
1.049280318e-20
-3.638411591e-13
4.103345155e-20
3.638410019e-13
3.638410546e-13
-3.638411309e-13
-3.638411598e-13
-5.930095076e-22
-5.930095076e-22
-3.638411553e-13
-3.638411799e-13
-2.140624008e-20
-5.930095076e-22
-2.434700081e-20
-4.51602313e-20
4.103345155e-20
3.638410019e-13
3.638410546e-13
-4.51602313e-20
-8.384593178e-20
-5.930095076e-22
-5.930095076e-22
-2.434700081e-20
4.103345155e-20
-2.140624008e-20
-5.930095076e-22
-2.434700081e-20
4.103345155e-20
-4.51602313e-20
3.638410672e-13
3.6384101e-13
-3.638412379e-13
-3.638411591e-13
-8.384593178e-20
3.638411096e-13
-7.570086368e-20
-3.638411591e-13
-2.140624008e-20
-5.930095076e-22
-2.434700081e-20
4.103345155e-20
-4.51602313e-20
-8.384593178e-20
-5.930095076e-22
-4.221947064e-20
-4.51602313e-20
-2.434700077e-20
-2.140624008e-20
2.02202211e-20
-2.434700081e-20
2.347751234e-21
-5.930095076e-22
-4.221947064e-20
-3.638411309e-13
-3.638411799e-13
-2.140624008e-20
2.02202211e-20
-2.434700081e-20
4.103345155e-20
-4.51602313e-20
3.638411742e-13
3.638411415e-13
-8.678669252e-20
-2.140624008e-20
0
-2.15753454e-20
-4.335391768e-20
-2.15753454e-20
-2.15753454e-20
-1.027945262e-19
1.269842426e-13
1.269841361e-13
-4.040636349e-20
5.669628117e-20
-4.040636349e-20
1.269840455e-13
1.269841549e-13
5.669628117e-20
-2.744327305e-21
5.669628117e-20
5.669628117e-20
-2.744327305e-21
5.669628117e-20
1.269842426e-13
1.269840955e-13
5.669628117e-20
5.669628117e-20
-2.15753454e-20
1.269842426e-13
1.269841549e-13
5.669628117e-20
5.669628117e-20
-2.15753454e-20
5.669628117e-20
5.669628117e-20
5.669628117e-20
5.669628117e-20
5.669628117e-20
-2.744327305e-21
5.669628117e-20
5.669628117e-20
1.269842426e-13
1.269841549e-13
5.669628117e-20
-2.744327305e-21
5.669628117e-20
5.669628117e-20
5.669628117e-20
5.669628117e-20
5.669628117e-20
-2.744327305e-21
5.669628117e-20
5.669628117e-20
5.669628117e-20
5.669628117e-20
5.669628117e-20
5.669628117e-20
5.669628117e-20
5.669628117e-20
5.669628117e-20
3.786526308e-20
5.669628117e-20
5.669628117e-20
5.669628117e-20
5.669628117e-20
5.669628117e-20
5.669628117e-20
5.669628117e-20
5.669628117e-20
5.669628117e-20
5.669628117e-20
5.669628117e-20
7.552729926e-20
5.669628117e-20
7.847485346e-20
5.669628117e-20
-2.744327305e-21
5.669628117e-20
7.847485346e-20
5.669628117e-20
-2.744327305e-21
5.669628117e-20
7.847485346e-20
5.669628117e-20
-2.744327305e-21
3.786526308e-20
5.669628117e-20
5.669628117e-20
5.669628117e-20
5.669628117e-20
1.269842426e-13
1.269841549e-13
5.669628117e-20
5.669628117e-20
5.669628117e-20
5.669628117e-20
5.669628117e-20
7.552729926e-20
1.269842426e-13
1.269842144e-13
5.669628117e-20
-2.744327305e-21
5.669628117e-20
7.847485346e-20
-2.744327305e-21
7.847485346e-20
-2.744327305e-21
7.847485346e-20
-2.744327305e-21
7.847485346e-20
-2.744327305e-21
7.847485346e-20
-2.744327305e-21
7.847485346e-20
-2.744327305e-21
7.847485346e-20
-2.744327305e-21
-2.744327305e-21
7.847485346e-20
-2.744327305e-21
7.847485346e-20
-2.744327305e-21
7.847485346e-20
-2.744327305e-21
7.847485346e-20
1.349679078e-19
5.550371735e-20
-2.744327305e-21
7.847485346e-20
-2.744327305e-21
7.847485346e-20
-2.744327305e-21
7.847485346e-20
-2.744327305e-21
7.847485346e-20
-2.744327305e-21
7.847485346e-20
-2.744327305e-21
7.847485346e-20
-2.744327305e-21
7.847485346e-20
-2.744327305e-21
-2.744327305e-21
-2.744327305e-21
-2.744327305e-21
7.847485346e-20
-2.744327305e-21
7.847485346e-20
-2.744327305e-21
7.847485346e-20
-2.744327305e-21
-2.744327305e-21
-2.744327305e-21
7.847485346e-20
1.349679078e-19
5.550371735e-20
-2.744327305e-21
7.847485346e-20
-2.744327305e-21
-2.744327305e-21
-2.744327305e-21
7.847485346e-20
-2.744327305e-21
7.847485346e-20
-2.744327305e-21
7.847485346e-20
-2.744327305e-21
-2.744327305e-21
-2.744327305e-21
-2.744327305e-21
7.847485346e-20
-2.744327305e-21
-1.86277912e-20
-2.276790923e-20
7.847485346e-20
-2.744327305e-21
-2.744327305e-21
-2.744327305e-21
7.847485346e-20
-2.744327305e-21
7.847485346e-20
-2.744327305e-21
7.847485346e-20
-2.744327305e-21
-2.744327305e-21
-2.744327305e-21
7.847485346e-20
-2.744327305e-21
7.847485346e-20
-2.744327305e-21
-1.86277912e-20
-2.276790923e-20
-2.744327305e-21
-2.744327305e-21
-2.744327305e-21
7.847485346e-20
-2.744327305e-21
7.847485346e-20
-2.744327305e-21
7.847485346e-20
-2.744327305e-21
-2.744327305e-21
-2.744327305e-21
7.847485346e-20
-2.744327305e-21
5.669628117e-20
-2.744327305e-21
-1.186779901e-19
-2.45228996e-20
-1.198705539e-19
-2.744327305e-21
-1.186779901e-19
-2.744327305e-21
5.669628117e-20
-2.744327305e-21
-1.186779901e-19
-2.45228996e-20
-1.198705539e-19
-2.744327305e-21
-1.186779901e-19
-2.744327305e-21
5.669628117e-20
-2.744327305e-21
-1.186779901e-19
-2.744327305e-21
-2.744327305e-21
-2.744327305e-21
-1.186779901e-19
-2.744327305e-21
-2.45228996e-20
-8.220851772e-20
-2.744327305e-21
-1.186779901e-19
-2.744327305e-21
-2.744327305e-21
-2.744327305e-21
-1.186779901e-19
-2.744327305e-21
5.669628117e-20
-2.744327305e-21
-1.186779901e-19
-2.744327305e-21
-2.744327305e-21
-2.744327305e-21
-1.186779901e-19
-2.744327305e-21
5.669628117e-20
-2.45228996e-20
-1.763636082e-19
-2.744327305e-21
-2.744327305e-21
-2.744327305e-21
-1.186779901e-19
-2.744327305e-21
-2.744327305e-21
-2.744327305e-21
-2.276790923e-20
-1.186779901e-19
-2.744327305e-21
-2.744327305e-21
-2.744327305e-21
-1.186779901e-19
-2.744327305e-21
5.669628117e-20
-2.744327305e-21
-1.186779901e-19
-2.744327305e-21
-2.744327305e-21
-2.45228996e-20
-1.763636082e-19
-2.744327305e-21
5.669628117e-20
-2.744327305e-21
-2.744327305e-21
-2.744327305e-21
-2.744327305e-21
-2.744327305e-21
-5.923738158e-20
-2.45228996e-20
-2.276790923e-20
5.669628117e-20
-2.744327305e-21
-2.744327305e-21
-2.45228996e-20
-1.198705539e-19
-2.744327305e-21
-2.15753454e-20
-2.276790923e-20
5.669628117e-20
-2.744327305e-21
-1.186779901e-19
-2.45228996e-20
-1.198705539e-19
-2.744327305e-21
-2.15753454e-20
-2.276790923e-20
-2.744327305e-21
-2.276790923e-20
-2.744327305e-21
-2.744327305e-21
-2.744327305e-21
-2.744327305e-21
-5.923738158e-20
-2.744327305e-21
3.438707665e-20
-3.73402365e-20
0
7.172731315e-20
7.172731315e-20
0
1.231884278e-13
1.23188371e-13
0
0
0
1.231883308e-13
1.231884336e-13
0
2.953159842e-21
0
0
0
0
1.231884278e-13
1.231884771e-13
0
0
-2.953159842e-21
1.231884278e-13
1.231884336e-13
0
0
2.953159842e-21
0
0
0
0
0
-3.438707665e-20
0
0
1.231884278e-13
1.231884336e-13
0
-3.438707665e-20
0
0
0
0
0
0
0
0
0
0
0
0
0
0
0
0
0
0
0
0
0
0
0
0
0
0
0
-3.438707665e-20
-6.877415331e-20
0
0
0
-6.877415331e-20
0
0
0
-6.877415331e-20
0
0
0
0
0
0
0
0
1.231884278e-13
1.231884336e-13
0
0
0
0
0
-3.438707665e-20
1.231883934e-13
1.231884336e-13
0
0
-6.877415331e-20
0
0
-6.877415331e-20
-6.877415331e-20
-6.877415331e-20
0
-6.877415331e-20
-6.877415331e-20
-6.877415331e-20
0
-6.877415331e-20
-6.877415331e-20
-6.877415331e-20
0
0
-6.877415331e-20
-6.877415331e-20
-6.877415331e-20
0
-6.877415331e-20
-6.877415331e-20
-6.877415331e-20
6.877415332e-20
7.172731316e-20
-6.877415331e-20
-6.877415331e-20
0
-6.877415331e-20
-6.877415331e-20
-6.877415331e-20
0
-6.877415331e-20
-6.877415331e-20
-6.877415331e-20
0
-6.877415331e-20
-6.877415331e-20
0
0
0
-6.877415331e-20
-6.877415331e-20
-6.877415331e-20
0
-6.877415331e-20
-6.877415331e-20
0
0
-6.877415331e-20
-6.877415331e-20
-6.877415331e-20
6.877415332e-20
7.172731316e-20
-6.877415331e-20
0
0
-6.877415331e-20
-6.877415331e-20
-6.877415331e-20
0
-6.877415331e-20
-6.877415331e-20
0
0
0
-6.877415331e-20
-6.877415331e-20
-6.877415331e-20
0
-3.438707666e-20
3.438707666e-20
0
0
-6.877415331e-20
-6.877415331e-20
-6.877415331e-20
0
-6.877415331e-20
-6.877415331e-20
0
0
-6.877415331e-20
-6.877415331e-20
-6.877415331e-20
0
-6.877415331e-20
-6.877415331e-20
3.438707666e-20
-3.73402365e-20
0
-6.877415331e-20
-6.877415331e-20
-6.877415331e-20
0
-6.877415331e-20
-6.877415331e-20
0
0
-6.877415331e-20
-6.877415331e-20
-6.877415331e-20
0
-7.468047299e-20
0
-1.090675496e-19
3.73402365e-20
3.438707666e-20
0
-1.090675496e-19
0
-7.468047299e-20
0
-1.090675496e-19
3.73402365e-20
3.438707666e-20
0
-1.090675496e-19
0
-7.468047299e-20
0
-1.090675496e-19
0
-7.468047299e-20
0
-1.090675496e-19
0
3.73402365e-20
3.438707666e-20
0
-1.090675496e-19
0
-7.468047299e-20
0
-1.090675496e-19
0
-7.468047299e-20
0
-1.090675496e-19
0
-7.468047299e-20
0
-1.090675496e-19
0
-7.468047299e-20
3.73402365e-20
0
0
-7.468047299e-20
0
-1.090675496e-19
0
0
3.438707666e-20
-3.73402365e-20
-1.090675496e-19
0
-7.468047299e-20
0
-1.090675496e-19
0
-7.468047299e-20
0
-1.090675496e-19
0
-7.468047299e-20
3.73402365e-20
0
0
-7.468047299e-20
0
-7.468047299e-20
0
-7.468047299e-20
0
-1.090675496e-19
3.73402365e-20
-3.73402365e-20
-7.468047299e-20
0
-7.468047299e-20
3.73402365e-20
3.438707666e-20
0
0
-3.73402365e-20
-7.468047299e-20
0
-1.090675496e-19
3.73402365e-20
3.438707666e-20
0
0
-3.73402365e-20
3.438707666e-20
-3.73402365e-20
-7.468047299e-20
0
-7.468047299e-20
0
-1.090675496e-19
0
-6.472424859e-20
-6.683134331e-20
-6.012583691e-22
-9.84674537e-20
4.366093316e-13
4.366094998e-13
3.103485203e-20
-3.223736876e-20
-3.223736876e-20
3.103485203e-20
-3.223736876e-20
-3.223736876e-20
3.103485203e-20
3.103485203e-20
-1.014253179e-19
3.103485203e-20
3.103485203e-20
-1.014253179e-19
3.103485203e-20
3.103485203e-20
-1.014253179e-19
3.103485203e-20
3.103485203e-20
-6.012583691e-22
3.103485203e-20
3.103485203e-20
3.103485203e-20
3.103485203e-20
6.562882657e-20
3.103485203e-20
3.103485203e-20
3.103485203e-20
3.103485203e-20
3.103485203e-20
-6.012583691e-22
3.103485203e-20
3.103485203e-20
3.103485203e-20
3.103485203e-20
3.103485203e-20
-6.012583691e-22
3.103485203e-20
3.103485203e-20
3.103485203e-20
3.103485203e-20
3.103485203e-20
3.103485203e-20
3.103485203e-20
3.103485203e-20
3.103485203e-20
3.103485203e-20
3.103485203e-20
3.103485203e-20
3.103485203e-20
3.103485203e-20
3.103485203e-20
-6.683134331e-20
3.103485203e-20
3.103485203e-20
3.103485203e-20
3.103485203e-20
3.103485203e-20
3.103485203e-20
-6.683134332e-20
-7.124297542e-20
3.103485203e-20
3.103485203e-20
3.103485203e-20
-3.519523291e-20
-3.519523292e-20
-5.01289047e-21
-7.124297542e-20
-1.963336491e-19
-3.960686503e-20
-3.664900087e-20
-6.012583691e-22
-6.012583691e-22
-3.519523292e-20
-3.664900087e-20
-6.012583691e-22
-1.963336491e-19
-5.01289047e-21
3.103485203e-20
-6.683134332e-20
-7.124297542e-20
3.103485203e-20
-6.683134332e-20
-7.124297542e-20
3.103485203e-20
3.103485203e-20
3.103485203e-20
3.103485203e-20
-6.683134332e-20
-7.420083957e-20
6.562882657e-20
-9.846745372e-20
-7.124297542e-20
-6.012583691e-22
-3.519523292e-20
-3.664900087e-20
-3.223736876e-20
3.399271617e-20
3.399271617e-20
-6.683134332e-20
-7.124297542e-20
3.399271617e-20
-1.646975387e-19
-3.664900087e-20
-3.223736876e-20
-6.683134332e-20
-3.664900088e-20
-3.664900087e-20
-3.223736877e-20
-3.664900088e-20
-3.664900087e-20
-1.646975387e-19
-5.01289047e-21
-3.664900088e-20
-5.01289047e-21
-3.664900088e-20
-5.01289047e-21
-3.664900088e-20
-3.664900087e-20
-1.646975387e-19
-3.664900087e-20
-3.223736876e-20
-6.683134332e-20
-7.124297542e-20
3.399271617e-20
-1.646975387e-19
-5.01289047e-21
-7.124297542e-20
-6.683134332e-20
-3.664900088e-20
-3.664900087e-20
-1.646975387e-19
-5.01289047e-21
-3.664900087e-20
-3.223736876e-20
-1.646975387e-19
-3.664900088e-20
-3.664900087e-20
-1.646975387e-19
-5.01289047e-21
-7.124297542e-20
-3.223736876e-20
-1.646975387e-19
-7.124297542e-20
-1.646975387e-19
-5.01289047e-21
-3.664900088e-20
-3.664900087e-20
3.399271617e-20
-6.683134332e-20
-7.124297542e-20
3.399271617e-20
-1.646975387e-19
-5.01289047e-21
-7.124297542e-20
3.399271617e-20
-1.646975387e-19
-3.664900087e-20
-9.84674537e-20
-1.646975387e-19
-7.124297542e-20
3.399271617e-20
3.399271617e-20
-3.223736876e-20
3.399271617e-20
3.399271617e-20
-6.683134332e-20
-7.124297542e-20
3.399271617e-20
3.399271617e-20
3.399271617e-20
-3.223736876e-20
3.399271617e-20
3.399271617e-20
-3.223736876e-20
-3.223736876e-20
3.399271617e-20
3.399271617e-20
3.399271617e-20
-3.223736876e-20
3.399271617e-20
3.399271617e-20
-3.223736876e-20
-9.84674537e-20
-3.223736876e-20
3.399271617e-20
3.399271617e-20
3.399271617e-20
-3.223736876e-20
3.399271617e-20
3.399271617e-20
-3.223736876e-20
-3.223736876e-20
3.399271617e-20
3.399271617e-20
3.399271617e-20
-9.84674537e-20
-6.387347916e-20
-9.84674537e-20
-6.683134331e-20
-9.84674537e-20
-6.387347916e-20
-3.223736877e-20
-5.01289047e-21
-9.84674537e-20
-6.012583692e-22
-3.664900087e-20
-6.683134331e-20
-9.84674537e-20
-6.387347916e-20
-9.84674537e-20
-3.223736877e-20
-3.664900087e-20
-6.387347916e-20
-3.223736877e-20
-3.664900088e-20
-3.664900087e-20
-6.012583692e-22
2.662321994e-20
-5.01289047e-21
-9.84674537e-20
-9.84674537e-20
-6.387347916e-20
-9.84674537e-20
-3.223736877e-20
-3.664900087e-20
-6.387347916e-20
-9.84674537e-20
-6.683134331e-20
-9.84674537e-20
-6.387347916e-20
-3.223736877e-20
-5.01289047e-21
-9.84674537e-20
-6.387347916e-20
-9.84674537e-20
-6.683134331e-20
-9.84674537e-20
-6.387347916e-20
-9.84674537e-20
-6.683134331e-20
-9.84674537e-20
-6.387347916e-20
-9.84674537e-20
-6.683134331e-20
-9.84674537e-20
-9.84674537e-20
-6.387347916e-20
-9.84674537e-20
-6.683134331e-20
-9.84674537e-20
-6.387347916e-20
-9.84674537e-20
-6.683134331e-20
-9.84674537e-20
-6.387347916e-20
-9.84674537e-20
-6.683134331e-20
-9.84674537e-20
-6.387347916e-20
-9.84674537e-20
-6.683134331e-20
-9.84674537e-20
-6.387347916e-20
-9.84674537e-20
-6.387347916e-20
-9.84674537e-20
-6.387347916e-20
-9.84674537e-20
-6.683134331e-20
-9.84674537e-20
-9.84674537e-20
-6.387347916e-20
-9.84674537e-20
-6.387347916e-20
-9.84674537e-20
-6.387347916e-20
-9.84674537e-20
-6.683134331e-20
-9.84674537e-20
-6.012583692e-22
-3.664900087e-20
-6.683134331e-20
-9.84674537e-20
-6.387347916e-20
-9.84674537e-20
-6.683134331e-20
-9.84674537e-20
-6.387347916e-20
-9.84674537e-20
-6.387347916e-20
-9.84674537e-20
-6.387347916e-20
-9.84674537e-20
-6.683134331e-20
-9.84674537e-20
-2.929269493e-20
0
-1.49425343e-19
0
-5.093776855e-13
-5.093777762e-13
0
2.961868329e-21
2.961868329e-21
0
2.961868329e-21
9.083995311e-20
0
0
3.225456326e-20
0
0
5.858538986e-20
0
0
5.858538986e-20
0
0
2.63308266e-20
0
0
0
0
-9.380182144e-20
0
0
0
0
0
-9.380182144e-20
0
0
0
0
0
-9.380182144e-20
0
0
0
0
0
-1.20132648e-19
0
0
0
0
0
0
0
0
0
0
0
0
0
0
0
0
-5.858538987e-20
-6.450912652e-20
0
0
0
0
0
2.961868329e-21
-6.450912652e-20
-5.858538987e-20
-2.961868329e-21
-6.450912652e-20
0
0
0
-6.450912652e-20
0
-5.858538987e-20
0
0
-5.858538987e-20
-6.450912652e-20
0
-5.858538987e-20
-6.450912652e-20
0
0
0
0
-5.858538987e-20
-2.929269493e-20
0
-5.858538987e-20
-6.450912652e-20
0
0
-6.450912652e-20
0
0
0
0
-6.154725819e-20
0
0
-6.450912652e-20
0
0
-9.380182147e-20
-6.450912652e-20
5.858538987e-20
-9.380182147e-20
-6.450912652e-20
0
2.929269494e-20
-9.380182147e-20
2.929269494e-20
-9.380182147e-20
2.929269494e-20
-9.380182147e-20
-6.450912652e-20
0
-6.450912652e-20
0
0
-6.154725819e-20
0
-5.858538987e-20
2.929269494e-20
-6.154725819e-20
0
-9.380182147e-20
-6.450912652e-20
0
2.929269494e-20
0
0
0
-9.380182147e-20
-6.450912652e-20
-5.858538987e-20
2.929269494e-20
-6.154725819e-20
0
-5.858538987e-20
-6.154725819e-20
0
2.929269494e-20
-9.380182147e-20
-6.450912652e-20
0
-5.858538987e-20
-6.154725819e-20
0
0
2.929269494e-20
-6.154725819e-20
0
0
-6.450912652e-20
0
-5.858538987e-20
-6.154725819e-20
0
0
0
0
0
-5.858538987e-20
-6.154725819e-20
0
0
0
0
0
0
0
0
0
0
0
0
0
0
0
0
0
0
0
0
0
0
0
0
0
0
0
0
0
-6.450912651e-20
0
-2.961868329e-21
0
-3.521643159e-20
5.858538987e-20
-2.961868329e-21
0
-3.225456326e-20
0
-2.961868329e-21
0
-3.521643159e-20
0
-2.961868329e-21
0
-6.450912651e-20
5.858538987e-20
2.929269494e-20
0
-6.15472582e-20
2.929269494e-20
-2.961868329e-21
0
0
-6.450912651e-20
0
-2.961868329e-21
0
-3.521643159e-20
0
-2.961868329e-21
0
-6.450912651e-20
5.858538987e-20
-2.961868329e-21
0
-3.521643159e-20
0
-2.961868329e-21
0
-6.450912651e-20
0
-2.961868329e-21
0
-3.521643159e-20
0
-2.961868329e-21
0
0
-6.450912651e-20
0
-2.961868329e-21
0
-3.521643159e-20
0
-2.961868329e-21
0
-6.450912651e-20
0
-2.961868329e-21
0
-3.521643159e-20
0
-2.961868329e-21
0
-6.450912651e-20
0
-3.521643159e-20
0
-3.521643159e-20
0
-3.225456326e-20
0
0
-6.450912651e-20
0
-3.521643159e-20
0
-3.521643159e-20
0
-3.225456326e-20
0
-3.225456326e-20
0
-2.961868329e-21
0
-3.521643159e-20
0
-2.961868329e-21
0
-6.450912651e-20
0
-3.521643159e-20
0
-3.521643159e-20
0
-3.225456326e-20
0
-1.4594815e-21
5.093777136e-13
5.093777126e-13
0
0
0
0
1.422931806e-19
2.727250897e-20
0
2.727250897e-20
-1.150206716e-19
5.093777681e-13
5.093776005e-13
-1.452584984e-19
5.093777681e-13
5.093776005e-13
-2.727250897e-20
0
0
-2.727250897e-20
0
0
8.774816261e-20
0
0
0
0
8.478284476e-20
5.093777681e-13
5.093776005e-13
0
0
0
0
0
0
0
0
0
5.093776015e-13
5.093776005e-13
0
5.093777681e-13
5.093776005e-13
0
5.751033579e-20
0
0
0
0
0
-1.264367286e-13
-1.264367874e-13
0
0
0
5.093777681e-13
5.093776005e-13
0
0
0
0
0
0
0
0
0
0
5.751033579e-20
0
0
3.023782682e-20
5.751033579e-20
0
0
3.023782682e-20
5.751033579e-20
0
0
3.023782682e-20
0
0
0
0
0
0
0
0
0
0
0
0
0
5.751033579e-20
0
0
3.023782682e-20
5.751033579e-20
0
3.023782682e-20
5.751033579e-20
8.774816261e-20
5.751033579e-20
3.023782682e-20
5.751033579e-20
8.774816261e-20
5.751033579e-20
3.023782682e-20
5.751033579e-20
8.774816261e-20
5.751033579e-20
0
0
5.751033579e-20
8.774816261e-20
5.751033579e-20
3.023782682e-20
5.751033579e-20
8.774816261e-20
5.751033579e-20
3.023782682e-20
5.751033579e-20
8.774816261e-20
5.751033579e-20
-1.264366984e-13
-1.264367329e-13
8.774816261e-20
1.264367861e-13
1.264367845e-13
5.751033579e-20
8.774816261e-20
5.751033579e-20
-1.264366984e-13
-1.264367329e-13
8.774816261e-20
0
2.727250897e-20
3.023782682e-20
8.774816261e-20
8.774816261e-20
5.751033579e-20
3.023782682e-20
5.751033579e-20
8.774816261e-20
0
3.023782682e-20
8.774816261e-20
8.774816261e-20
5.751033579e-20
3.023782682e-20
5.751033579e-20
1.264368134e-13
1.264367329e-13
3.023782682e-20
8.774816261e-20
8.774816261e-20
5.751033579e-20
3.023782682e-20
5.751033579e-20
8.774816261e-20
0
2.727250897e-20
3.023782682e-20
8.774816261e-20
1.264368134e-13
1.264367086e-13
3.023782682e-20
5.751033579e-20
8.774816261e-20
1.264367014e-13
1.264367845e-13
8.774816261e-20
8.774816261e-20
5.751033579e-20
3.023782682e-20
5.751033579e-20
8.774816261e-20
1.264367014e-13
1.264367845e-13
8.774816261e-20
1.264368134e-13
1.264367086e-13
3.023782682e-20
5.751033579e-20
8.774816261e-20
0
2.727250897e-20
3.023782682e-20
8.774816261e-20
8.774816261e-20
5.751033579e-20
3.023782682e-20
5.751033579e-20
1.264368134e-13
1.264367329e-13
3.023782682e-20
8.774816261e-20
8.774816261e-20
5.751033579e-20
2.727250897e-20
5.454501794e-20
2.727250897e-20
-2.727250897e-20
2.727250897e-20
5.751033579e-20
2.727250897e-20
1.264367891e-13
1.264368147e-13
5.454501794e-20
-5.093777711e-13
-5.093777145e-13
2.727250897e-20
5.751033579e-20
2.727250897e-20
-2.727250897e-20
2.727250897e-20
-1.264367043e-13
-1.264367358e-13
-2.727250897e-20
1.264367316e-13
1.264367601e-13
2.727250897e-20
1.264367891e-13
1.264368147e-13
2.727250897e-20
5.454501794e-20
2.727250897e-20
-2.727250897e-20
2.727250897e-20
-1.264367316e-13
-1.264367358e-13
-2.727250897e-20
2.727250897e-20
5.454501794e-20
-1.264367043e-13
-5.878420468e-20
1.264368147e-13
5.751033579e-20
2.727250897e-20
-2.727250897e-20
-5.093777711e-13
-5.093778295e-13
2.727250897e-20
-2.727250897e-20
2.727250897e-20
5.751033579e-20
2.727250897e-20
-2.727250897e-20
1.264367316e-13
1.264368147e-13
5.454501794e-20
-5.093777711e-13
-5.093777145e-13
2.727250897e-20
5.751033579e-20
2.727250897e-20
-2.727250897e-20
0
-1.120553539e-19
2.727250897e-20
-2.727250897e-20
2.727250897e-20
5.751033579e-20
2.727250897e-20
-2.727250897e-20
2.727250897e-20
5.454501794e-20
2.727250897e-20
-5.093776228e-13
-5.09377772e-13
5.751033579e-20
-1.264367043e-13
-1.264367904e-13
2.727250897e-20
1.264367316e-13
1.264367572e-13
2.727250897e-20
5.751033579e-20
2.727250897e-20
5.751033579e-20
2.727250897e-20
-3.023782682e-20
0
-1.120553539e-19
2.727250897e-20
-5.093776804e-13
-5.09377772e-13
5.751033579e-20
2.727250897e-20
-2.727250897e-20
2.727250897e-20
5.454501794e-20
2.727250897e-20
5.751033579e-20
2.727250897e-20
5.751033579e-20
2.727250897e-20
-3.023782682e-20
2.727250897e-20
0
-5.821459756e-13
-5.821460738e-13
-2.490667432e-20
-2.490667432e-20
6.063180403e-22
6.063180403e-22
5.163230277e-20
1.085949285e-19
6.063180403e-22
1.085949285e-19
8.308193612e-20
-5.821460011e-13
-5.821460483e-13
-7.890097955e-20
-5.821460011e-13
-5.821460483e-13
6.063180403e-22
6.063180403e-22
6.063180403e-22
6.063180403e-22
6.063180403e-22
6.063180403e-22
1.05626608e-19
6.063180403e-22
6.063180403e-22
6.063180403e-22
6.063180403e-22
5.163230277e-20
-5.821460011e-13
-5.821460483e-13
6.063180403e-22
6.063180403e-22
6.063180403e-22
5.163230277e-20
6.063180403e-22
6.063180403e-22
6.063180403e-22
6.063180403e-22
6.063180403e-22
-5.821457626e-13
-5.821460483e-13
6.063180403e-22
-5.821460011e-13
-5.821460483e-13
6.063180403e-22
-2.362002452e-21
6.063180403e-22
6.063180403e-22
6.063180403e-22
6.063180403e-22
6.063180403e-22
-1.236560193e-13
-1.236560886e-13
6.063180403e-22
6.063180403e-22
-2.490667432e-20
-5.821460011e-13
-5.821460483e-13
6.063180403e-22
6.063180403e-22
6.063180403e-22
6.063180403e-22
6.063180403e-22
6.063180403e-22
6.063180403e-22
6.063180403e-22
6.063180403e-22
6.063180403e-22
-7.890097955e-20
8.011361563e-20
-7.890097955e-20
5.163230277e-20
-7.890097955e-20
8.011361563e-20
-7.890097955e-20
5.163230277e-20
-7.890097955e-20
8.011361563e-20
-7.890097955e-20
5.163230277e-20
-2.490667432e-20
6.063180403e-22
6.063180403e-22
6.063180403e-22
6.063180403e-22
6.063180403e-22
6.063180403e-22
6.063180403e-22
6.063180403e-22
6.063180403e-22
6.063180403e-22
6.063180403e-22
6.063180403e-22
-7.890097955e-20
8.011361563e-20
-7.890097955e-20
5.163230277e-20
-7.890097955e-20
8.011361563e-20
-2.787499482e-20
6.063180403e-22
-2.787499482e-20
6.063180403e-22
-2.787499482e-20
6.063180403e-22
-2.787499482e-20
6.063180403e-22
-2.787499482e-20
6.063180403e-22
-2.787499482e-20
6.063180403e-22
-2.490667427e-20
1.706108207e-20
6.063180403e-22
-2.787499482e-20
6.063180403e-22
-2.787499482e-20
6.063180403e-22
-2.787499482e-20
6.063180403e-22
-2.787499482e-20
6.063180403e-22
-2.787499482e-20
6.063180403e-22
-1.236559938e-13
-1.236559581e-13
-2.787499482e-20
1.236559681e-13
1.236559536e-13
6.063180403e-22
-2.787499482e-20
6.063180403e-22
-1.236559938e-13
-1.236559581e-13
-2.787499482e-20
6.063180403e-22
5.163230277e-20
-2.787499482e-20
-2.787499482e-20
-2.787499482e-20
6.063180403e-22
-2.787499482e-20
6.063180403e-22
-2.787499482e-20
6.063180403e-22
-2.787499482e-20
-2.787499482e-20
-2.787499482e-20
6.063180403e-22
-2.787499482e-20
6.063180403e-22
1.23655971e-13
1.236559536e-13
-2.787499482e-20
-2.787499482e-20
-2.787499482e-20
6.063180403e-22
-2.787499482e-20
6.063180403e-22
-2.787499482e-20
6.063180403e-22
5.163230277e-20
-2.787499482e-20
-2.787499482e-20
1.23655971e-13
1.236559536e-13
-2.787499482e-20
6.063180403e-22
-2.787499482e-20
1.236559681e-13
1.236559536e-13
-2.787499482e-20
-2.787499482e-20
6.063180403e-22
-2.787499482e-20
6.063180403e-22
-2.787499482e-20
1.236559681e-13
1.236559536e-13
-2.787499482e-20
1.23655971e-13
1.236559536e-13
-2.787499482e-20
6.063180403e-22
-2.787499482e-20
6.063180403e-22
5.163230277e-20
-2.787499482e-20
-2.787499482e-20
-2.787499482e-20
6.063180403e-22
-2.787499482e-20
6.063180403e-22
1.23655971e-13
1.236559536e-13
-2.787499482e-20
-2.787499482e-20
-2.787499482e-20
6.063180403e-22
5.163230277e-20
-5.338798718e-20
5.163230277e-20
2.611931041e-20
5.163230277e-20
-2.787499482e-20
5.163230277e-20
1.236559665e-13
1.23656159e-13
-5.338798718e-20
5.821459228e-13
5.82145973e-13
5.163230277e-20
-2.787499482e-20
5.163230277e-20
2.611931041e-20
5.163230277e-20
-1.236560942e-13
-1.236559041e-13
2.611931041e-20
1.236559681e-13
1.23656003e-13
5.163230277e-20
1.236559665e-13
1.23656159e-13
5.163230277e-20
-5.338798718e-20
5.163230277e-20
2.611931041e-20
5.163230277e-20
-1.236560432e-13
-1.236559041e-13
2.611931041e-20
5.163230277e-20
-5.338798718e-20
-1.236559067e-13
4.081965337e-20
1.23656159e-13
-2.787499482e-20
5.163230277e-20
2.611931041e-20
5.821459228e-13
5.821459219e-13
5.163230277e-20
2.611931041e-20
5.163230277e-20
-2.787499482e-20
5.163230277e-20
2.611931041e-20
1.236559681e-13
1.23656159e-13
-5.338798718e-20
5.821459228e-13
5.82145973e-13
5.163230277e-20
-2.787499482e-20
5.163230277e-20
2.611931041e-20
-2.490667427e-20
1.535310051e-19
5.163230277e-20
2.611931041e-20
5.163230277e-20
-2.787499482e-20
5.163230277e-20
2.611931041e-20
5.163230277e-20
-5.338798718e-20
5.163230277e-20
5.821459798e-13
5.82146078e-13
-2.787499482e-20
-1.236559067e-13
-1.236560331e-13
5.163230277e-20
1.236559681e-13
1.236559775e-13
5.163230277e-20
-2.787499482e-20
5.163230277e-20
-2.787499482e-20
5.163230277e-20
6.063180403e-22
-2.490667427e-20
1.535310051e-19
5.163230277e-20
5.821459543e-13
5.82146078e-13
-2.787499482e-20
5.163230277e-20
2.611931041e-20
5.163230277e-20
-5.338798718e-20
5.163230277e-20
-2.787499482e-20
5.163230277e-20
-2.787499482e-20
5.163230277e-20
6.063180403e-22
5.163230277e-20
-4.793350061e-20
-4.793350061e-20
0
-5.684637405e-20
-5.684637405e-20
-4.793350061e-20
4.793350061e-20
-1.262625413e-13
-1.262625938e-13
4.793350061e-20
0
-9.289604342e-20
4.793350061e-20
-1.262625413e-13
-1.262627409e-13
5.941915619e-21
4.793350061e-20
-5.821460763e-13
-2.72903919e-20
5.821459598e-13
-5.090445843e-20
4.793350061e-20
5.821459745e-13
5.821460078e-13
4.793350061e-20
4.793350061e-20
4.793350061e-20
-5.821458787e-13
-5.821459628e-13
4.793350061e-20
4.793350061e-20
4.793350061e-20
4.793350061e-20
4.793350061e-20
0
4.793350061e-20
4.793350061e-20
4.793350061e-20
4.793350061e-20
-1.262625413e-13
-1.262625941e-13
5.941915619e-21
4.793350061e-20
4.793350061e-20
5.821459745e-13
5.821459598e-13
0
4.793350061e-20
4.793350061e-20
4.793350061e-20
4.793350061e-20
4.793350061e-20
4.793350061e-20
4.793350061e-20
-5.821458787e-13
-4.558832746e-13
1.310250111e-20
-1.262625938e-13
4.793350061e-20
4.793350061e-20
4.793350061e-20
4.793350061e-20
4.793350061e-20
4.793350061e-20
4.793350061e-20
-1.262625413e-13
4.558833326e-13
5.821459598e-13
5.090445843e-20
0
5.821459745e-13
5.821460048e-13
9.883795904e-20
0
4.793350061e-20
0
9.883795904e-20
5.821459296e-13
5.821460078e-13
0
9.883795904e-20
5.090445843e-20
4.793350061e-20
4.793350061e-20
4.793350061e-20
4.793350061e-20
4.793350061e-20
4.793350061e-20
4.793350061e-20
-5.821458787e-13
-5.821460018e-13
4.793350061e-20
5.821459745e-13
5.821459509e-13
0
4.793350061e-20
0
9.883795904e-20
0
4.793350061e-20
5.090445843e-20
0
5.090445843e-20
0
5.090445843e-20
-1.262625413e-13
-1.262625459e-13
0
1.262625922e-13
1.262625515e-13
5.090445843e-20
1.26262739e-13
1.262625005e-13
5.090445843e-20
0
-5.821459716e-13
-5.821460018e-13
5.090445843e-20
5.821459775e-13
5.821460078e-13
0
5.090445843e-20
0
5.090445843e-20
-5.821459716e-13
-7.084085432e-13
-1.262626927e-13
5.090445843e-20
1.26262739e-13
7.08408619e-13
5.821460527e-13
5.090445843e-20
0
5.821459745e-13
5.821460527e-13
5.821461243e-13
5.821460048e-13
1.262625354e-13
1.262626473e-13
5.090445843e-20
5.090445843e-20
0
5.090445843e-20
-5.821459716e-13
-5.821460018e-13
0
5.090445843e-20
5.821461243e-13
5.821460078e-13
0
5.090445843e-20
5.821459775e-13
5.821460078e-13
0
-5.821459716e-13
7.154756975e-20
5.821460078e-13
0
5.090445843e-20
0
5.090445843e-20
0
-1.047798747e-19
5.090445843e-20
5.090445843e-20
-5.821459716e-13
-5.821460018e-13
5.090445843e-20
0
-5.821459716e-13
-5.821460018e-13
5.090445843e-20
5.090445843e-20
5.090445843e-20
0
5.090445843e-20
0
5.090445843e-20
0
5.090445843e-20
5.090445843e-20
5.090445843e-20
0
5.090445843e-20
0
5.090445842e-20
5.539033152e-21
-1.047798747e-19
5.090445843e-20
5.090445843e-20
5.090445843e-20
0
5.090445843e-20
1.26262739e-13
1.262626473e-13
0
5.090445843e-20
5.090445843e-20
5.090445843e-20
0
-1.047798747e-19
1.262626851e-13
1.262625005e-13
-2.970957812e-21
-1.047798747e-19
4.49625428e-20
-5.821460763e-13
-5.821459628e-13
-1.047798747e-19
4.49625428e-20
-1.047798747e-19
-2.970957812e-21
-1.047798747e-19
-5.821459775e-13
-5.821461066e-13
-2.970957812e-21
-1.047798747e-19
4.49625428e-20
-1.047798747e-19
-2.970957812e-21
-1.047798747e-19
-5.821459775e-13
-5.821461066e-13
-2.970957812e-21
-1.047798747e-19
-1.047798747e-19
4.49625428e-20
-1.047798747e-19
-5.821459834e-13
2.064311124e-20
5.821461545e-13
-1.047798747e-19
-5.821459834e-13
-5.821461066e-13
4.49625428e-20
5.821460225e-13
5.821461066e-13
-1.047798747e-19
4.49625428e-20
-5.821460763e-13
-5.821459628e-13
-1.047798747e-19
4.49625428e-20
-5.821460763e-13
-5.821459628e-13
-1.047798747e-19
4.49625428e-20
-1.047798747e-19
-2.970957812e-21
-1.047798747e-19
-1.047798747e-19
4.49625428e-20
-1.047798747e-19
-2.970957812e-21
-5.821460763e-13
-5.821459628e-13
-1.047798747e-19
-2.970957812e-21
-5.821460763e-13
-5.821459628e-13
-1.047798747e-19
-2.970957812e-21
-1.047798747e-19
4.49625428e-20
-1.047798747e-19
-5.821459834e-13
-5.821461066e-13
4.49625428e-20
5.090445852e-20
9.883795923e-20
-1.047798747e-19
4.49625428e-20
-1.047798747e-19
-2.970957812e-21
-1.047798747e-19
-1.047798747e-19
-5.821459775e-13
-5.821461066e-13
4.49625428e-20
-1.047798747e-19
-5.821459775e-13
-5.821461066e-13
-2.970957812e-21
-1.047798747e-19
1.018089168e-19
1.0734795e-19
-2.970957812e-21
5.090445852e-20
9.883795923e-20
-1.047798747e-19
-2.970957812e-21
-1.047798747e-19
4.49625428e-20
-1.047798747e-19
-5.821459775e-13
-5.821461066e-13
4.49625428e-20
-1.047798747e-19
-5.821459834e-13
-5.821461066e-13
0
-6.087284504e-22
-6.087284504e-22
8.978015878e-20
-6.087284504e-22
4.458571517e-20
-6.087284504e-22
-1.238095079e-13
-1.238095299e-13
-6.087284504e-22
-4.580317207e-20
-6.087284504e-22
-6.087284504e-22
-1.238094546e-13
-1.238095217e-13
-9.397090816e-20
-6.087284504e-22
6.549142671e-13
-7.495412722e-20
-6.549141348e-13
1.89088924e-19
-6.087284504e-22
-6.54914169e-13
-6.549142341e-13
-6.087284504e-22
-6.087284504e-22
-6.087284504e-22
6.549141226e-13
6.549141416e-13
-6.087284504e-22
-6.087284504e-22
-6.087284504e-22
-6.087284504e-22
-6.087284504e-22
-6.087284504e-22
-6.087284504e-22
-6.087284504e-22
-6.087284504e-22
-6.087284504e-22
-1.238094546e-13
-1.238096662e-13
-9.397090816e-20
-6.087284504e-22
-6.087284504e-22
-6.54914169e-13
-6.549141348e-13
-4.877646472e-20
-6.087284504e-22
-6.087284504e-22
-6.087284504e-22
-6.087284504e-22
-6.087284504e-22
-6.087284504e-22
-6.087284504e-22
6.549141226e-13
7.787237903e-13
-1.963109748e-20
-1.238094707e-13
-6.087284504e-22
-6.087284504e-22
-6.087284504e-22
-6.087284504e-22
-6.087284504e-22
-6.087284504e-22
-6.087284504e-22
-1.238094546e-13
-7.787235967e-13
-6.549141348e-13
-6.087284504e-22
-6.087284504e-22
-6.54914169e-13
-6.549141829e-13
-9.397090834e-20
-6.087284504e-22
-6.087284504e-22
-6.087284504e-22
-9.397090834e-20
-6.54914169e-13
-6.549141348e-13
-6.087284504e-22
-9.397090834e-20
-4.580317207e-20
-6.087284504e-22
-6.087284504e-22
-6.087284504e-22
-6.087284504e-22
-6.087284504e-22
-6.087284504e-22
-6.087284504e-22
6.549141226e-13
6.549140934e-13
-6.087284504e-22
-6.54914169e-13
-6.549141829e-13
-6.087284504e-22
-6.087284504e-22
-6.087284504e-22
-9.397090834e-20
-6.087284504e-22
-6.087284504e-22
-9.397090834e-20
-6.087284504e-22
-9.397090834e-20
-6.087284504e-22
-9.397090834e-20
-1.238094546e-13
-1.2380957e-13
-6.087284504e-22
1.238094615e-13
1.238094255e-13
-9.397090834e-20
1.238094555e-13
1.238096203e-13
-9.397090834e-20
-6.087284504e-22
6.549141196e-13
6.549141416e-13
-9.397090834e-20
-6.54914169e-13
-6.5491418e-13
-6.087284504e-22
-9.397090834e-20
-6.087284504e-22
-9.397090834e-20
6.549141196e-13
5.311048291e-13
-1.238094767e-13
-9.397090834e-20
1.238094555e-13
-5.311045984e-13
-6.549140866e-13
-9.397090834e-20
-6.087284504e-22
-6.54914169e-13
-6.549140866e-13
-6.549142172e-13
-6.549141829e-13
1.238096985e-13
1.238094766e-13
-9.397090834e-20
-9.397090834e-20
-6.087284504e-22
-9.397090834e-20
6.549141196e-13
6.549141416e-13
-6.087284504e-22
-9.397090834e-20
-6.549142172e-13
-6.5491418e-13
-6.087284504e-22
-9.397090834e-20
-6.54914169e-13
-6.5491418e-13
-6.087284504e-22
6.549141196e-13
-2.678639374e-20
-6.5491418e-13
-6.087284504e-22
-9.397090834e-20
-6.087284504e-22
-9.397090834e-20
-6.087284504e-22
4.458571517e-20
-9.397090834e-20
-9.397090834e-20
6.549141196e-13
6.549141416e-13
-9.397090834e-20
-6.087284504e-22
6.549141196e-13
6.549141416e-13
-9.397090834e-20
-9.397090834e-20
-9.397090834e-20
-6.087284504e-22
-9.397090834e-20
-6.087284504e-22
-9.397090834e-20
-6.087284504e-22
-9.397090834e-20
-9.397090834e-20
-9.397090834e-20
-6.087284504e-22
-9.397090834e-20
-6.087284504e-22
7.45420463e-21
-5.264864824e-20
4.458571517e-20
-9.397090834e-20
-9.397090834e-20
-9.397090834e-20
-6.087284504e-22
-9.397090834e-20
1.238094555e-13
1.238094766e-13
-6.087284504e-22
-9.397090834e-20
-9.397090834e-20
-9.397090834e-20
-6.087284504e-22
4.458571517e-20
1.238094725e-13
1.238096203e-13
4.458571517e-20
4.458571517e-20
-9.397090834e-20
6.549143123e-13
6.549140964e-13
4.458571517e-20
-1.39165352e-19
4.458571517e-20
4.458571517e-20
4.458571517e-20
6.549142159e-13
6.549141898e-13
4.458571517e-20
4.458571517e-20
-1.39165352e-19
4.458571517e-20
4.458571517e-20
4.458571517e-20
6.549142159e-13
6.549141898e-13
4.458571517e-20
4.458571517e-20
4.458571517e-20
-1.39165352e-19
4.458571517e-20
6.549142159e-13
-7.792742258e-20
-6.549141829e-13
4.458571517e-20
6.549142159e-13
6.549141898e-13
-1.39165352e-19
-6.549143135e-13
-6.549140896e-13
4.458571517e-20
-9.397090834e-20
6.549143123e-13
6.549140964e-13
4.458571517e-20
-1.39165352e-19
6.549143123e-13
6.549140964e-13
4.458571517e-20
-9.397090834e-20
4.458571517e-20
4.458571517e-20
4.458571517e-20
4.458571517e-20
-1.39165352e-19
4.458571517e-20
4.458571517e-20
6.549143123e-13
6.549141416e-13
4.458571517e-20
4.458571517e-20
6.549143123e-13
6.549140964e-13
4.458571517e-20
4.458571517e-20
4.458571517e-20
-9.397090834e-20
4.458571517e-20
6.549142159e-13
6.549141898e-13
-1.39165352e-19
-6.087284494e-22
-6.087284515e-22
4.458571517e-20
-9.397090834e-20
4.458571517e-20
-6.087284504e-22
4.458571517e-20
4.458571517e-20
6.549141707e-13
6.549141898e-13
-9.397090834e-20
4.458571517e-20
6.549142159e-13
6.549141898e-13
-6.087284504e-22
4.458571517e-20
1.037896772e-19
-1.042749728e-20
4.458571517e-20
-6.087284494e-22
-6.087284515e-22
4.458571517e-20
4.458571517e-20
4.458571517e-20
-1.39165352e-19
4.458571517e-20
6.549142159e-13
6.549141898e-13
-9.397090834e-20
4.458571517e-20
6.549141707e-13
6.549141898e-13
4.275150072e-20
-4.15320238e-20
-1.261261289e-13
-1.261261709e-13
-4.153202389e-20
1.219476833e-21
1.354247272e-19
1.261261801e-13
1.261261294e-13
1.354247272e-19
1.219476835e-21
-4.153202389e-20
1.219476833e-21
1.219476833e-21
1.219476831e-21
-1.261262691e-13
-1.261260367e-13
1.219476833e-21
1.219476833e-21
1.219476833e-21
4.397097746e-20
1.219476835e-21
1.219476833e-21
-4.15320238e-20
1.219476835e-21
1.354247272e-19
1.219476835e-21
1.219476833e-21
8.67224781e-20
1.219476835e-21
6.549142071e-13
6.549140775e-13
1.219476833e-21
1.354247272e-19
-1.329857735e-19
1.219476833e-21
1.354247272e-19
1.219476835e-21
1.219476833e-21
1.354247272e-19
-1.329857735e-19
1.354247272e-19
1.219476835e-21
1.219476833e-21
1.354247272e-19
1.219476835e-21
-4.731271638e-21
1.219476833e-21
1.219476833e-21
1.219476833e-21
-6.549142415e-13
-6.54914075e-13
1.354247272e-19
4.397097738e-20
1.219476835e-21
1.354247272e-19
1.219476835e-21
1.219476833e-21
1.354247272e-19
1.219476835e-21
1.354247272e-19
1.219476835e-21
1.219476833e-21
1.354247272e-19
1.219476835e-21
1.219476833e-21
1.354247272e-19
1.219476835e-21
-4.15320238e-20
-9.023427291e-20
-4.153202389e-20
1.354247272e-19
4.397097747e-20
6.549142071e-13
6.549142117e-13
1.219476833e-21
1.354247275e-19
1.219476833e-21
-4.153202389e-20
1.354247272e-19
4.397097747e-20
1.219476833e-21
1.354247272e-19
1.219476835e-21
6.549142071e-13
6.549140775e-13
1.219476833e-21
1.354247272e-19
4.397097738e-20
1.219476835e-21
1.354247272e-19
1.219476835e-21
1.219476833e-21
-4.15320238e-20
-9.023427291e-20
1.219476831e-21
1.781762275e-19
4.397097747e-20
4.992172593e-20
4.397097737e-20
9.904485622e-20
-4.153202389e-20
1.354247275e-19
-4.153202389e-20
1.354247275e-19
-4.15320238e-20
1.417963566e-19
9.26732264e-20
-1.26126275e-13
-1.261262562e-13
-4.748277227e-20
-8.428352443e-20
-4.153202371e-20
-9.023427291e-20
-8.428352443e-20
9.26732264e-20
1.219476835e-21
1.219476831e-21
1.219476835e-21
1.354247275e-19
-8.428352443e-20
-9.023427291e-20
-8.428352443e-20
9.26732264e-20
1.219476835e-21
1.354247275e-19
-4.153202389e-20
-6.5491415e-13
-6.549141593e-13
-9.023427291e-20
-4.153202389e-20
-8.428352443e-20
9.26732264e-20
9.26732264e-20
1.219476835e-21
1.354247275e-19
1.219476831e-21
4.992172594e-20
1.219476831e-21
-4.748277227e-20
1.354247275e-19
-4.153202389e-20
1.219476831e-21
1.219476835e-21
1.354247275e-19
-4.153202389e-20
1.354247275e-19
1.354247275e-19
-8.428352443e-20
9.26732264e-20
9.26732264e-20
1.219476835e-21
-8.428352443e-20
-4.15320238e-20
1.219476831e-21
9.26732264e-20
-4.748277227e-20
-4.153202389e-20
1.354247275e-19
-4.153202389e-20
-8.428352443e-20
-4.15320238e-20
1.219476833e-21
1.219476831e-21
-4.748277227e-20
1.354247275e-19
-8.428352443e-20
-9.023427291e-20
-8.428352443e-20
9.26732264e-20
-4.15320238e-20
1.219476831e-21
-4.748277227e-20
1.354247275e-19
-4.153202389e-20
1.354247275e-19
-8.428352443e-20
-4.748277227e-20
-4.153202389e-20
1.354247275e-19
1.354247275e-19
-8.428352443e-20
9.26732264e-20
-9.023427291e-20
-4.153202389e-20
-8.428352443e-20
-4.15320238e-20
9.267322656e-20
-9.023427291e-20
1.354247275e-19
1.354247275e-19
-8.428352443e-20
9.26732264e-20
9.26732264e-20
-4.748277227e-20
-4.153202389e-20
1.354247275e-19
-8.428352443e-20
9.26732264e-20
9.26732264e-20
6.549142059e-13
6.549141749e-13
1.219476833e-21
-6.549142415e-13
-6.549141178e-13
9.267322674e-20
6.549140729e-13
6.549141677e-13
-4.153202371e-20
1.219476833e-21
4.992172594e-20
6.549141644e-13
6.549141689e-13
9.267322674e-20
-6.5491415e-13
-6.549142935e-13
4.992172594e-20
1.781762278e-19
-4.153202371e-20
-8.428352426e-20
-4.153202371e-20
-8.428352443e-20
6.549140729e-13
6.549141749e-13
1.219476833e-21
9.267322656e-20
-8.428352443e-20
6.549140729e-13
6.549141677e-13
-4.153202371e-20
1.219476833e-21
-4.153202371e-20
-8.428352443e-20
1.219476833e-21
9.267322674e-20
9.267322656e-20
-8.428352426e-20
4.992172594e-20
6.549142499e-13
6.549142164e-13
-8.428352426e-20
-4.153202371e-20
-8.428352443e-20
6.549140729e-13
6.549141749e-13
1.219476833e-21
4.397097746e-20
-6.549143257e-13
-9.475443436e-20
6.549141689e-13
9.267322656e-20
1.219476833e-21
-4.153202371e-20
-8.428352443e-20
5.287879794e-13
5.287880472e-13
1.219476833e-21
-8.428352443e-20
-6.549143257e-13
7.625159726e-20
6.549142164e-13
-8.428352443e-20
9.267322656e-20
1.219476833e-21
-4.153202371e-20
-8.428352443e-20
1.219476833e-21
9.267322674e-20
9.267322656e-20
-8.428352443e-20
1.219476833e-21
9.267322674e-20
9.267322656e-20
-8.428352426e-20
-6.549143257e-13
8.220233117e-20
6.549141749e-13
1.219476833e-21
4.397097746e-20
-6.549143257e-13
-6.549142507e-13
4.992172594e-20
4.992172593e-20
1.261260943e-13
1.261260374e-13
-4.153202371e-20
-8.428352443e-20
6.549140729e-13
6.549141749e-13
9.267322656e-20
-6.54914283e-13
-6.549141178e-13
6.549142499e-13
6.549142164e-13
1.219476833e-21
-4.153202371e-20
1.261261858e-13
1.261263061e-13
7.170225305e-21
1.219476833e-21
0
-3.335684992e-20
-1.239317289e-13
-1.239315902e-13
4.776138196e-20
-3.931133313e-20
7.202266064e-21
1.239314749e-13
1.239314016e-13
7.202266064e-21
-8.707271525e-20
-7.987044904e-20
1.753932129e-19
1.753932129e-19
4.776138205e-20
-1.239317622e-13
-1.239315949e-13
9.427498114e-20
1.753932129e-19
1.753932129e-19
7.202266064e-21
-8.707271525e-20
1.753932129e-19
-1.204295652e-19
-8.707271525e-20
7.202266064e-21
-8.707271525e-20
1.753932129e-19
8.832049803e-20
-8.707271525e-20
-7.276823317e-13
-7.276824666e-13
1.753932129e-19
7.202266064e-21
-5.954483277e-21
1.753932129e-19
7.202266064e-21
-8.707271525e-20
1.753932129e-19
7.202266064e-21
-5.954483277e-21
7.202266064e-21
-8.707271525e-20
1.753932129e-19
7.202266064e-21
-8.707271525e-20
-1.144750817e-19
1.753932129e-19
1.753932129e-19
1.753932129e-19
7.276825549e-13
7.276825477e-13
7.202266064e-21
0
-8.707271525e-20
7.202266064e-21
-1.276318312e-19
1.753932129e-19
7.202266064e-21
-8.707271525e-20
7.202266064e-21
-8.707271525e-20
1.753932129e-19
7.202266064e-21
-8.707271525e-20
1.753932129e-19
7.202266064e-21
-8.707271525e-20
4.776138205e-20
-1.276318312e-19
7.202266052e-21
7.202266064e-21
-8.707271525e-20
-7.276823317e-13
-7.276825942e-13
1.753932129e-19
1.753932129e-19
1.753932129e-19
7.202266052e-21
7.202266064e-21
-8.707271525e-20
-7.391596575e-20
7.202266064e-21
-8.707271525e-20
-7.276823317e-13
-7.276824666e-13
1.753932129e-19
7.202266064e-21
0
-8.707271525e-20
7.202266064e-21
-8.707271525e-20
1.753932129e-19
4.776138205e-20
-1.276318312e-19
7.202266064e-21
4.055911607e-20
-8.707271525e-20
7.202266064e-21
-1.537257031e-19
7.382876056e-20
7.202266052e-21
1.753932129e-19
7.202266052e-21
1.753932129e-19
-6.540520471e-20
-5.380307074e-20
-4.055911607e-20
-1.239316751e-13
-1.239317108e-13
-1.276318312e-19
7.202266064e-21
-4.651359935e-20
-1.276318312e-19
7.202266064e-21
0
-2.552636625e-19
4.776138205e-20
-2.552636625e-19
1.753932129e-19
7.202266064e-21
-1.276318312e-19
7.202266064e-21
0
-2.552636625e-19
1.753932129e-19
7.202266052e-21
7.276825549e-13
7.276823869e-13
-1.276318312e-19
7.202266052e-21
4.776138205e-20
-4.055911607e-20
4.055911607e-20
-2.552636625e-19
1.753932129e-19
7.202266064e-21
8.707271525e-20
4.776138205e-20
-1.276318312e-19
1.753932129e-19
7.202266052e-21
4.776138205e-20
-2.552636625e-19
1.753932129e-19
7.202266052e-21
1.753932129e-19
1.753932129e-19
4.776138205e-20
-4.055911607e-20
4.055911607e-20
-2.552636625e-19
4.776138205e-20
-2.552636625e-19
4.776138205e-20
0
-1.276318312e-19
7.202266052e-21
1.753932129e-19
7.202266052e-21
4.776138205e-20
-2.552636625e-19
5.371586524e-20
4.776138205e-20
-1.276318312e-19
1.753932129e-19
7.202266064e-21
-1.276318312e-19
7.202266064e-21
0
-2.552636625e-19
4.776138205e-20
-1.276318312e-19
1.753932129e-19
7.202266052e-21
1.753932129e-19
7.202266064e-21
-1.276318312e-19
7.202266052e-21
1.753932129e-19
1.753932129e-19
4.776138205e-20
-4.055911607e-20
-1.276318312e-19
7.202266052e-21
4.776138205e-20
-2.552636625e-19
4.776138205e-20
-1.276318312e-19
1.753932129e-19
1.753932129e-19
7.202266064e-21
4.055911607e-20
-4.055911607e-20
-1.276318312e-19
7.202266052e-21
1.753932129e-19
4.776138205e-20
0
-4.055911607e-20
-7.276824679e-13
-7.276825942e-13
5.371586524e-20
7.276824737e-13
7.276825942e-13
4.776138196e-20
-7.276824188e-13
-7.27682468e-13
-4.651359935e-20
0
8.707271525e-20
-7.276824593e-13
-7.27682339e-13
4.776138196e-20
7.276826014e-13
7.27682468e-13
8.707271525e-20
4.776138205e-20
-4.651359935e-20
0
-4.651359935e-20
-8.707271525e-20
-7.276824188e-13
-7.276825942e-13
5.371586524e-20
4.776138205e-20
-8.707271525e-20
-7.276824188e-13
-7.27682468e-13
-4.651359935e-20
-4.055911607e-20
-4.651359935e-20
-1.276318312e-19
5.371586524e-20
4.776138196e-20
4.776138205e-20
0
8.707271525e-20
-7.276824593e-13
-7.27682468e-13
0
-4.651359935e-20
-8.707271525e-20
-7.276824188e-13
-7.276825942e-13
5.371586524e-20
7.202266064e-21
7.276824679e-13
6.068120573e-23
-7.27682339e-13
4.776138205e-20
0
-4.651359935e-20
-1.276318312e-19
-8.516140724e-13
-8.51614015e-13
5.371586524e-20
7.202266064e-21
7.276824679e-13
6.069737284e-23
-7.27682468e-13
-1.276318312e-19
4.776138205e-20
-4.055911607e-20
-4.651359935e-20
-1.276318312e-19
5.371586524e-20
4.776138196e-20
4.776138205e-20
-8.707271525e-20
5.371586524e-20
4.776138196e-20
4.776138205e-20
4.055911607e-20
7.276824679e-13
4.061978106e-20
-7.276825942e-13
5.371586524e-20
7.202266064e-21
7.276824679e-13
7.27682468e-13
8.707271525e-20
4.776138205e-20
1.239316838e-13
1.239316905e-13
-4.651359935e-20
-1.276318312e-19
-7.276824188e-13
-7.276825942e-13
4.776138205e-20
7.276823403e-13
7.276825942e-13
-7.276824593e-13
-7.27682468e-13
-4.055911607e-20
-4.651359935e-20
1.239315084e-13
1.23931657e-13
7.202266052e-21
5.371586524e-20
)
;

boundaryField
{
    axis
    {
        type            empty;
    }
    inlet
    {
        type            calculated;
        value           nonuniform List<scalar> 
20
(
0
0
0
0
-1.406049351e-20
0
0
0
-2.977516273e-20
0
2.410370316e-20
0
0
0
0
0
0
0
0
-5.191566836e-20
)
;
    }
    outlet
    {
        type            calculated;
        value           nonuniform List<scalar> 
20
(
0
1.882295438e-22
4.517509052e-22
0
1.305660261e-20
-2.053413205e-21
2.085004178e-21
-2.108170891e-21
3.190104934e-20
-4.279745418e-21
-1.980131358e-20
0
-4.336808689e-21
0
0
4.371782953e-21
0
-4.388437364e-21
8.790828427e-21
5.191566836e-20
)
;
    }
    wall
    {
        type            calculated;
        value           uniform 0;
    }
    wedgeLow
    {
        type            wedge;
    }
    wedgeHigh
    {
        type            wedge;
    }
}


// ************************************************************************* //
