/*--------------------------------*- C++ -*----------------------------------*\
  =========                 |
  \\      /  F ield         | OpenFOAM: The Open Source CFD Toolbox
   \\    /   O peration     | Website:  https://openfoam.org
    \\  /    A nd           | Version:  11
     \\/     M anipulation  |
\*---------------------------------------------------------------------------*/
FoamFile
{
    format      ascii;
    class       volScalarField;
    location    "2000";
    object      omega;
}
// * * * * * * * * * * * * * * * * * * * * * * * * * * * * * * * * * * * * * //

dimensions      [0 0 -1 0 0 0 0];

internalField   nonuniform List<scalar> 
6000
(
246.8502067
243.74378
240.7269374
237.7956632
234.9459466
232.1741061
229.476614
226.8500897
224.2913793
221.7975466
219.3658385
216.9936738
214.6786352
212.4184531
210.2109894
208.0542261
205.946257
203.8852801
201.8695906
199.897574
197.9677002
196.0785183
194.2286512
192.4167909
190.6416942
188.9021785
187.1971178
185.5254397
183.8861215
182.2781877
180.7007068
179.1527887
177.6335825
176.1422741
174.6780841
173.2402659
171.8281039
170.4409117
169.0780306
167.7388279
166.4226958
165.12905
163.8573284
162.6069897
161.377513
160.1683958
158.979154
157.8093204
156.658444
155.526089
154.4118347
153.315274
152.2360132
151.1736712
150.1278792
149.0982799
148.0845267
147.086284
146.103226
145.1350366
144.1814089
143.2420451
142.3166556
141.4049589
140.5066817
139.6215578
138.7493287
137.8897427
137.0425547
136.2075265
135.3844261
134.5730274
133.7731107
132.9844616
132.2068717
131.4401377
130.684062
129.938452
129.2031203
128.4778843
127.7625664
127.0569939
126.3609987
125.6744172
124.9970905
124.3288641
123.6695879
123.0191161
122.3773073
121.7440242
121.1191339
120.5025074
119.8940201
119.2935512
118.7009841
118.1162064
117.5391093
116.9695884
116.407543
115.8528765
115.3054963
114.7653136
114.2322438
113.7062059
113.187123
112.6749221
112.1695342
111.6708943
111.1789414
110.6936185
110.2148725
109.7426545
109.2769196
108.8176271
108.3647402
107.9182265
107.4780579
107.0442101
106.6166633
106.1954021
105.7804153
105.3716964
104.9692433
104.5730585
104.1831492
103.7995273
103.4222094
103.051217
102.6865765
102.3283195
101.9764825
101.6311077
101.2922424
100.9599394
100.6342574
100.3152603
100.0030179
99.69760603
99.39910664
99.10760807
98.82320531
98.54600018
98.27610146
98.01362484
97.75869292
97.51143523
97.27198851
97.04049714
96.81711373
96.60199972
96.39532564
96.19727107
96.00802399
95.82777997
95.6567417
95.49511921
95.34313087
95.20100481
95.06898052
94.94730959
94.83625524
94.73609006
94.64709226
94.56954062
94.50371235
94.44988395
94.40833451
94.37935051
94.36323001
94.36028384
94.37083258
94.39519909
94.43369792
94.48662287
94.55423458
94.63674937
94.73433034
94.84708487
94.97511653
95.11853036
95.27743638
95.45194733
95.64216908
95.84818542
96.07003994
96.30771857
96.56113526
96.83012236
97.1144262
97.41370743
97.72754529
98.05544489
98.39684627
98.7511345
99.11765003
99.49569877
99.88456153
100.2835024
100.6917764
101.1086355
101.5333347
101.965136
102.4033124
102.8471507
103.2959541
103.7490435
104.2057595
104.6654633
105.1275369
105.5913847
106.0564329
106.5221305
106.9879493
107.4533839
107.9179521
108.3811948
108.8426763
109.3019841
109.7587291
110.2125456
110.6630913
111.1100467
111.5531154
111.9920235
112.4265194
112.8563735
113.2813779
113.7013463
114.1161139
114.5255371
114.9294932
115.3278809
115.7206196
116.1076491
116.4889302
116.8644433
117.234189
117.5981866
117.9564741
118.3091072
118.6561582
118.9977151
119.333881
119.6647787
119.9905488
120.3113283
120.6272601
120.9384919
121.2451744
121.5474609
121.8455276
122.1395525
122.4297053
122.7161425
122.999006
123.2784234
123.5545103
123.8273712
124.0971021
124.3637915
124.6275219
124.8883709
125.1464117
125.4017136
125.6543422
125.9043592
126.1518228
126.3967871
126.6393034
126.8794199
127.1171807
127.3526253
127.5857877
127.8166963
128.0453736
128.2718367
128.4960971
128.7181614
128.9380319
129.1557064
129.3711792
129.5844414
129.7954806
130.0042822
130.210829
130.4151021
130.6170806
130.8167428
131.0140654
131.2090248
131.4015968
131.5917569
131.7794806
131.9647435
132.147522
132.3277908
132.5055321
132.6807065
132.8533123
133.0214368
246.867363
243.776143
240.7715744
237.8503863
235.0090773
232.2443209
229.5528256
226.9313813
224.3769695
221.8867618
219.4580917
217.0884499
214.7754809
212.5169676
210.3108175
208.1550523
206.0478007
203.9872919
201.971849
199.9998827
198.0698859
196.1804287
194.3301532
192.5177693
190.7420504
189.0018292
187.2959943
185.6234867
183.9832966
182.3744603
180.7960575
179.2472088
177.7270734
176.2348463
174.7697569
173.3310669
171.9180681
170.5300812
169.1664539
167.8265596
166.5097957
165.2155829
163.9433632
162.6925993
161.4627735
160.2533863
159.0639559
157.8940171
156.7431202
155.6108309
154.496729
153.4004079
152.3214739
151.259546
150.2142547
149.1852419
148.1721604
147.1746733
146.1924535
145.2251835
144.2725551
143.3342686
142.4100327
141.4995644
140.6025884
139.7188369
138.8480495
137.9899728
137.1443601
136.3109713
135.4895731
134.6799379
133.8818444
133.0950772
132.3194266
131.5546884
130.8006642
130.0571606
129.3239896
128.6009685
127.8879195
127.1846699
126.4910517
125.8069019
125.1320622
124.4663791
123.8097035
123.161891
122.5228017
121.8923002
121.2702556
120.6565413
120.0510353
119.4536196
118.8641808
118.2826097
117.7088013
117.1426552
116.5840748
116.0329682
115.4892473
114.9528288
114.4236331
113.9015853
113.3866143
112.8786534
112.3776404
111.8835173
111.3962303
110.9157301
110.4419716
109.9749143
109.514522
109.060763
108.6136101
108.1730406
107.7390365
107.3115843
106.8906751
106.4763047
106.0684738
105.6671881
105.2724583
104.8843
104.5027341
104.1277863
103.7594878
103.3978749
103.0429896
102.6948794
102.3535974
102.0192029
101.6917613
101.3713438
101.0580276
100.7518958
100.4530381
100.1615506
99.87753667
99.60110706
99.33238024
99.07148237
98.81854704
98.57371491
98.33713359
98.10895795
97.88935104
97.67848527
97.47654359
97.28371986
97.10021846
96.92625261
96.76204211
96.60781189
96.46379229
96.33022161
96.20735004
96.09544323
95.99478392
95.90567023
95.82841035
95.76331451
95.71068538
95.67080866
95.64396056
95.63041948
95.63047814
95.64445399
95.67269126
95.71555202
95.77339789
95.84656704
95.93535145
96.03997804
96.16059548
96.29726702
96.44996906
96.61860947
96.80327646
97.00407862
97.22114229
97.4545884
97.70449718
97.97087173
98.25360934
98.55248529
98.86714904
99.19713094
99.54185584
99.90066037
100.2728116
100.657525
101.0539806
101.4613371
101.8787442
102.3053515
102.7403167
103.1828113
103.6320246
104.0871673
104.5474738
105.0122032
105.4806411
105.952099
106.4259159
106.901457
107.3781145
107.8553071
108.3324796
108.8091028
109.2846735
109.7587137
110.2307711
110.7004183
111.1672528
111.6308974
112.0909993
112.5472303
112.9992868
113.4468889
113.8897803
114.3277277
114.7605204
115.1879695
115.6099077
116.0261887
116.4366875
116.8412995
117.2399412
117.6325494
118.0190814
118.399515
118.7738478
119.1420974
119.5043006
119.8605127
120.210807
120.5552737
120.8940189
121.227163
121.55484
121.8771957
122.1943885
122.5066035
122.8140183
123.116801
123.4151209
123.7091472
123.9990465
124.2849878
124.5672207
124.8459368
125.1212872
125.3933957
125.6623673
125.9282947
126.1912625
126.4513497
126.7086315
126.9631802
127.2150656
127.4643551
127.7111133
127.955402
128.1972797
128.436801
128.6740164
128.9089719
129.1417134
129.3722825
129.6007146
129.8270382
130.0512744
130.2734378
130.4935367
130.711574
130.9275477
131.1414522
131.353278
131.5630126
131.7706405
131.9761438
132.1795024
132.3806942
132.5796959
132.7764827
132.9710292
133.1633094
133.3532968
133.5409652
133.7262882
133.90924
134.0897951
134.2679285
134.443617
134.6168338
134.7875666
134.9557609
135.1214557
135.2827527
246.8919405
243.8246978
240.8410028
237.937936
235.1123385
232.3611899
229.6814528
227.0701358
224.5244111
222.0416154
219.6192251
217.2548562
214.9462635
212.6913281
210.4880439
208.33451
206.2289246
204.1695797
202.1548554
200.1832146
198.2531982
196.3634206
194.5125653
192.6993805
190.9226756
189.1813171
187.4742254
185.8003714
184.1587732
182.5484938
180.9686378
179.4183492
177.8968088
176.4032322
174.9368678
173.4969945
172.0829203
170.6939804
169.329536
167.988972
166.6716968
165.3771398
164.1047513
162.8540007
161.6243757
160.4153814
159.2265392
158.0573863
156.9074745
155.7763701
154.6636526
153.5689144
152.4917603
151.431807
150.3886823
149.3620249
148.3514841
147.356719
146.3773985
145.4132008
144.4638129
143.5289308
142.6082586
141.7015086
140.8084009
139.9286633
139.0620311
138.2082467
137.3670595
136.5382258
135.7215086
134.9166775
134.1235082
133.341783
132.57129
131.8118234
131.0631835
130.3251761
129.5976129
128.8803112
128.1730938
127.4757891
126.7882307
126.1102578
125.4417147
124.782451
124.1323216
123.4911862
122.85891
122.2353631
121.6204206
121.0139627
120.4158746
119.8260464
119.2443733
118.6707554
118.1050974
117.5473095
116.9973063
116.4550078
115.9203385
115.3932283
114.8736116
114.3614281
113.8566222
113.3591434
112.8689463
112.3859903
111.9102403
111.441666
110.9802424
110.5259496
110.0787732
109.638704
109.2057382
108.7798773
108.3611283
107.9495034
107.5450206
107.1477035
106.7575817
106.374691
105.9990731
105.6307757
105.2698525
104.9163632
104.5703736
104.2319561
103.9011902
103.5781624
103.2629668
102.955705
102.6564856
102.3654239
102.0826418
101.8082679
101.5424391
101.2853017
101.0370125
100.7977389
100.5676586
100.346958
100.1358296
99.93447193
99.74308964
99.56189721
99.39112343
99.23101506
99.08183767
98.94387253
98.81741005
98.70274082
98.60014796
98.50991081
98.43231464
98.36766742
98.31631491
98.27864489
98.25507656
98.2460375
98.25193459
98.2731258
98.30989766
98.3624522
98.43102086
98.51590792
98.61751192
98.73632993
98.87291009
99.02777066
99.20131631
99.39377614
99.60517304
99.83532193
100.0838486
100.3502199
100.6337786
100.933882
101.2516868
101.5874233
101.9413331
102.3135095
102.7037711
103.1116029
103.5361652
103.9763501
104.430859
104.8982811
105.3771608
105.8660498
106.363543
106.8683013
107.3790649
107.8946576
108.413988
108.9360464
109.4599002
109.9846886
110.5096166
111.0339493
111.5570074
112.0781616
112.5968292
113.1124701
113.6245836
114.1327061
114.6364088
115.1352957
115.6290024
116.1171947
116.599568
117.075846
117.5457803
118.00915
118.4657607
118.9154448
119.3580604
119.7934902
120.2216408
120.6424406
121.0558394
121.4618068
121.8603315
122.2514203
122.6350984
123.0114091
123.3804144
123.7421945
124.0968487
124.4444946
124.7852685
125.1193246
125.4468342
125.7679847
126.0829783
126.3920302
126.6953673
126.9932254
127.2858478
127.5734827
127.8563814
128.1347975
128.4089966
128.6792464
128.9457603
129.2087513
129.4684199
129.7249527
129.9785217
130.2293175
130.4780476
130.7246275
130.9690039
131.2111513
131.4510672
131.6887683
131.924285
132.1576585
132.3889365
132.6181707
132.8454139
133.0707178
133.2941316
133.5157004
133.735464
133.9534561
134.1697042
134.3842293
134.5970739
134.8082571
135.0177806
135.2256339
135.4317983
135.6362493
135.8389585
136.0398947
136.239026
136.4363203
136.631744
136.8252627
137.0168407
137.2064419
137.3940296
137.5795675
137.7630194
137.94435
138.1235247
138.3005102
138.4752744
138.6477864
138.8180169
138.9859382
139.1515237
139.3147484
139.47559
139.6340209
139.790036
139.9435624
140.0946988
140.2415911
246.9188083
243.8783214
240.9184424
238.0364539
235.2294253
232.4945683
229.8290559
227.2300916
224.6950318
222.2213818
219.8067709
217.4489549
215.1458159
212.8953507
210.6956592
208.5449365
206.4414695
204.3836321
202.3698803
200.3987477
198.4688416
196.5788388
194.7274813
192.9135728
191.135975
189.3936038
187.6854262
186.0104568
184.3677552
182.7564227
181.1755997
179.6244636
178.1022256
176.6081294
175.1414485
173.7014845
172.2875657
170.8990448
169.5352981
168.1957234
166.8797394
165.5867841
164.3163139
163.0678025
161.8407403
160.6346329
159.4490014
158.2833807
157.1373193
156.0103791
154.9021341
153.8121706
152.7400865
151.6854907
150.6480031
149.6272543
148.6228848
147.6345451
146.6618954
145.704605
144.7623527
143.8348258
142.9217205
142.0227413
141.1376011
140.2660208
139.4077291
138.5624628
137.7299659
136.9099903
136.1022949
135.306646
134.522817
133.7505881
132.9897467
132.2400867
131.5014089
130.7735207
130.0562361
129.3493755
128.6527659
127.9662406
127.2896393
126.6228079
125.9655987
125.31787
124.6794864
124.0503185
123.4302431
122.819143
122.2169073
121.6234308
121.0386148
120.4623662
119.8945983
119.33523
118.7841865
118.2413989
117.7068044
117.1803462
116.6619736
116.1516423
115.6493138
115.154956
114.6685425
114.1900535
113.7194751
113.2568
112.8020271
112.3551619
111.9162166
111.48521
111.0621678
110.6471221
110.2401118
109.841182
109.4503849
109.0677796
108.6934327
108.3274187
107.9698203
107.620728
107.28024
106.9484613
106.6255037
106.3114864
106.006537
105.7107933
105.4244039
105.147529
104.880339
104.623013
104.3757365
104.1387001
103.9121011
103.6961474
103.4910637
103.2970952
103.114508
102.9435849
102.7846175
102.6378962
102.503706
102.3823292
102.2740608
102.1792297
102.0982152
102.0314472
101.9793876
101.9424995
101.9212119
101.9158893
101.9268269
101.9543359
101.9987972
102.0607378
102.1408477
102.2399134
102.3586976
102.4978137
102.6576367
102.8382626
103.0395118
103.2609679
103.5030469
103.7665908
104.0527493
104.3628682
104.6980486
105.0587765
105.4447606
105.8549801
106.2878554
106.7414545
107.2136769
107.7023926
108.2055352
108.7212758
109.2499581
109.7907489
110.3429219
110.9056744
111.4780141
112.0587329
112.6464505
113.2396924
113.8369713
114.4368517
115.0379934
115.6391728
116.2392894
116.8373622
117.4325192
118.023986
118.6110738
119.1931684
119.7697202
120.3402355
120.9042699
121.4614224
122.0113311
122.5536696
123.0881443
123.6144915
124.1324766
124.641892
125.1425562
125.6343132
126.1170314
126.5906036
127.0549459
127.509998
127.9557222
128.3921029
128.8191461
129.2368798
129.6453514
130.0446259
130.4347834
130.815916
131.188127
131.5515302
131.9062486
132.2524152
132.5901746
132.9196837
133.2411132
133.5546485
133.8604907
134.1588569
134.4499798
134.7341075
135.0115026
135.2824404
135.5472083
135.806103
136.0594294
136.3074986
136.5506258
136.7891294
137.0233307
137.2535553
137.4801582
137.7033855
137.923511
138.140796
138.3554877
138.5678172
138.7779992
138.9862631
139.1933196
139.399068
139.6034812
139.8065773
140.0084014
140.2090125
140.4084751
140.6068531
140.804205
141.0005813
141.1960224
141.3905571
141.584202
141.7769615
141.968828
142.1597824
142.3497951
142.5388286
142.7270296
142.9142745
143.1004443
143.2854323
143.4691424
143.6514865
143.8323833
144.0117577
144.189547
144.3656919
144.5401307
144.7128013
144.8836434
145.0525988
145.2196124
145.3846324
145.5476106
145.7085022
145.8672659
146.0238637
146.1782608
146.3304256
146.4803294
146.6279461
146.7732523
146.9162262
147.0568507
147.1951001
147.3309814
147.4644002
147.5955357
147.7226058
246.9443231
243.9292213
240.9919701
238.1300484
235.340741
232.6214725
229.969603
227.3825102
224.8577172
222.3928841
219.9857832
217.6343032
215.3364511
213.0903402
210.8941792
208.7462662
206.6449849
204.5888013
202.5762591
200.6059759
198.6766388
196.7870009
194.9358771
193.1221401
191.3447168
189.6025848
187.8947683
186.2203355
184.578395
182.9680928
181.38861
179.8391595
178.3189846
176.8273558
175.3635699
173.9269472
172.5168309
171.1325849
169.7735928
168.4392568
167.1289967
165.8422487
164.5784651
163.3371131
162.1176744
160.9196448
159.7425335
158.5858625
157.4491668
156.3319935
155.2339015
154.1544618
153.0932566
152.0498793
151.0239345
150.0150375
149.0228142
148.046901
147.0869447
146.1426019
145.2135394
144.2994336
143.3999706
142.5148459
141.6437645
140.7864402
139.9425962
139.1119646
138.2942862
137.4893106
136.696796
135.916509
135.1482249
134.391727
133.646807
132.9132647
132.1909079
131.4795526
130.7790227
130.08915
129.4097744
128.7407435
128.0819127
127.4331453
126.7943123
126.1652921
125.5459711
124.936243
124.3360096
123.7451799
123.1636709
122.5914072
122.0283212
121.4743527
120.9294492
120.3935656
119.8666643
119.3487158
118.8396979
118.3395968
117.8484066
117.3661294
116.8927753
116.4283618
115.9729143
115.5264655
115.0890569
114.6607381
114.2415676
113.8316134
113.4309526
113.0396713
112.6578637
112.2856318
111.9230853
111.5703421
111.22753
110.8947881
110.5722679
110.2601339
109.9585618
109.6677369
109.3878502
109.1190982
108.8616845
108.6158252
108.3817557
108.1597346
107.9500435
107.7529819
107.5688572
107.3979742
107.2406295
107.097117
106.9677471
106.8528748
106.7529182
106.6683562
106.599703
106.5474683
106.5121159
106.4940315
106.4935544
106.511036
106.5469522
106.6019889
106.6770345
106.7730646
106.8909744
107.0314303
107.1947796
107.3810263
107.5900123
107.8222237
108.0786585
108.3611326
108.6718753
109.0128069
109.3849089
109.7879627
110.2206509
110.6808543
111.1659851
111.6732747
112.2011177
112.7484914
113.3147916
113.8996838
114.5026125
115.1224686
115.7575322
116.4056289
117.0643712
117.731376
118.404413
119.08148
119.7608225
120.4408248
121.1183882
121.791854
122.4597997
123.1211479
123.7752088
124.4216478
125.0604013
125.6915743
126.3153474
126.9319067
127.5414003
128.1439169
128.7394805
129.3280542
129.9095504
130.4838414
131.0507719
131.6101699
132.1618552
132.7056467
133.241368
133.7688525
134.2879461
134.79851
135.3004225
135.7935797
136.2778965
136.753307
137.2197646
137.6772418
138.1257301
138.5652393
138.9957976
139.4174502
139.8302591
140.234301
140.6296677
141.0164647
141.3948076
141.7648165
142.1266123
142.4803133
142.8260366
143.1638979
143.4940123
143.8164964
144.1314712
144.4390638
144.7394089
145.0326498
145.3189388
145.5984378
145.8713167
146.1377538
146.3979345
146.6520505
146.9002993
147.1428836
147.3800106
147.6118932
147.8387516
148.0608132
148.2783176
148.4915585
148.7006854
148.9059216
149.1074936
149.3056309
149.5005649
149.6925285
149.8817542
150.0684468
150.2523892
150.4340649
150.6138492
150.79204
150.9688768
151.1445541
151.3192299
151.493031
151.6660568
151.8383821
152.0100585
152.1811168
152.3515675
152.5214031
152.6905988
152.8591152
153.0268991
153.1938872
153.3601728
153.5255963
153.6900134
153.8532971
154.0153325
154.1760133
154.3352401
154.4929248
154.6490366
154.8035029
154.9562162
155.1070824
155.2560195
155.4029557
155.5478284
155.6905833
155.8311725
155.9695552
156.1056953
156.2395623
156.3711297
156.5003754
156.6272804
156.7518294
156.8740097
156.9938103
157.1112258
157.2262378
157.3388722
157.4490135
157.5569366
157.6609577
246.9646944
243.9698237
241.0505988
238.2046562
235.4294664
232.7226354
230.0816751
227.5041055
224.9875875
222.529911
220.1289701
217.7827712
215.4894357
213.2471885
211.0543473
208.9093166
206.8105848
204.7567203
202.746367
200.7782392
198.8511176
196.9638445
195.1153189
193.3044925
191.5303648
189.7919796
188.0884205
186.4188079
184.7822954
183.1780669
181.6053339
180.0633332
178.5513247
177.0685897
175.6144293
174.1881631
172.7891281
171.4166778
170.0701815
168.7490233
167.4526023
166.1803317
164.9316384
163.7059633
162.5027606
161.321498
160.1616562
159.0227293
157.904224
156.8056602
155.7265704
154.6665
153.6250068
152.6016614
151.5960468
150.6077585
149.636404
148.6816033
147.7429885
146.8202035
145.9129041
145.020758
144.1434441
143.2806529
142.4320861
141.5974567
140.7764886
139.9689169
139.1744874
138.3929566
137.624092
136.8676715
136.1234835
135.3913267
134.6710101
133.9623529
133.2651846
132.5793447
131.904683
131.2410596
130.5883444
129.9464178
129.31517
128.6945011
128.0843208
127.4845489
126.8951147
126.3159576
125.7470273
125.1882836
124.6396964
124.1012458
123.5729218
123.0547238
122.5466606
122.0487508
121.5610229
121.0835163
120.6162812
120.1593797
119.7128846
119.2768794
118.8514572
118.4367194
118.0327765
117.6397497
117.2577725
116.886993
116.5275741
116.1796937
115.8435422
115.5193193
115.2072304
114.9074865
114.620307
114.3459273
114.0846067
113.8366322
113.6023172
113.381994
113.1760019
112.9846746
112.8083327
112.6472932
112.5018961
112.3725376
112.259691
112.1638992
112.0857407
112.0257814
111.984526
111.9623916
111.9597321
111.9769307
112.014544
112.073406
112.1546023
112.259307
112.388566
112.5431179
112.7232977
112.9290435
113.1604406
113.4180333
113.7034358
114.0193123
114.3686439
114.7536993
115.1753122
115.6327319
116.1239075
116.6459425
117.1957024
117.7709659
118.370251
118.9931269
119.6396472
120.3095193
121.0015158
121.7133828
122.4421321
123.184463
123.9371197
124.6971107
125.4607771
126.2245426
126.9851258
127.7396579
128.486053
129.2231867
129.9508145
130.6693142
131.3793858
132.0818042
132.7772586
133.4662705
134.1491604
134.8260517
135.4968266
136.1612332
136.8189301
137.4695292
138.1126347
138.7478725
139.3749087
139.9934585
140.6032866
141.2042044
141.7960625
142.3787452
142.9521634
143.5162507
144.0709582
144.6162526
145.152115
145.678541
146.1955389
146.7031298
147.2013466
147.6902347
148.1698509
148.6402634
149.1015515
149.5538056
149.9971265
150.4316253
150.8574232
151.2746509
151.6834487
152.0839652
152.4763575
152.8607904
153.2374351
153.6064682
153.9680715
154.3224314
154.6697314
155.0101392
155.343806
155.6708677
155.9914514
156.3056775
156.6136645
156.9155327
157.2114084
157.5014253
157.7857254
158.0644592
158.3377845
158.6058652
158.8688694
159.1269679
159.380332
159.6291332
159.8735406
160.1137212
160.3498383
160.5820563
160.8105368
161.0354511
161.2570066
161.4752324
161.6902459
161.9021556
162.1110627
162.3170619
162.5202412
162.7206828
162.9184632
163.113652
163.30628
163.4964003
163.6840765
163.8693751
164.0523616
164.2330979
164.4116411
164.5880427
164.7623482
164.9345971
165.1048224
165.2730509
165.4393026
165.6035911
165.7659233
165.9263025
166.0847245
166.2411761
166.3954772
166.5476905
166.697846
166.8459444
166.9919668
167.1358821
167.2776523
167.4172724
167.5547369
167.6899932
167.8229649
167.9535919
168.0818268
168.2076321
168.3309779
168.4518414
168.5702045
168.6860543
168.7993815
168.9101809
169.0184497
169.1241886
169.2274004
169.3280902
169.426265
169.5219322
169.6151051
169.7057782
169.7940018
169.8796422
169.9630766
170.0427413
246.9774628
243.9954383
241.0878253
238.2523044
235.4864464
232.7879643
230.1544569
227.5835341
225.0729551
222.6206104
220.2244986
217.8827371
215.5935643
213.3553276
211.1664709
209.0255268
206.931112
204.8819217
202.8767223
200.914345
198.9936793
197.1136665
195.2732944
193.4715912
191.7076209
189.9804788
188.2892878
186.633195
185.0113688
183.4229968
181.8672841
180.3434513
178.8507339
177.3883816
175.9556573
174.5518375
173.1762119
171.8280833
170.5067684
169.2115974
167.9419149
166.6970797
165.4764656
164.2794613
163.1054711
161.9539146
160.8242271
159.7158599
158.6282798
157.5609697
156.5134283
155.4851704
154.4757264
153.4846428
152.5114818
151.5558216
150.617256
149.6953945
148.7898618
147.9002982
147.0263589
146.1677139
145.3240479
144.4950599
143.6804635
142.8799864
142.0933707
141.3203725
140.5607622
139.8143239
139.080856
138.36017
137.652091
136.9564574
136.2731206
135.6019455
134.9428102
134.2956067
133.6602405
133.036631
132.4247109
131.824426
131.2357348
130.6586084
130.0930301
129.5389963
128.9965169
128.4656162
127.946333
127.4387205
126.9428456
126.4587878
125.9866378
125.5264969
125.0784784
124.6427089
124.2193318
123.8085087
123.4104203
123.0252644
122.6532523
122.2946052
121.9495494
121.6183175
121.301154
120.9983265
120.710135
120.4369141
120.1790283
119.9368603
119.7107948
119.5012034
119.3084397
119.1328548
118.9748348
118.8348432
118.713441
118.6112697
118.5290026
118.4672853
118.4266791
118.4076331
118.4105171
118.4357518
118.4839957
118.5562646
118.6538717
118.7782042
118.9304534
119.1114097
119.321368
119.560242
119.8280026
120.1253841
120.4545755
120.8191124
121.2228094
121.6683826
122.156591
122.6861699
123.254292
123.857209
124.4913729
125.1540103
125.8438638
126.5610268
127.3059579
128.0783073
128.8762833
129.6967526
130.5357745
131.3891861
132.2528601
133.1221689
133.992491
134.8590827
135.7176551
136.5650728
137.3997315
138.2214441
139.030996
139.8296347
140.6186701
141.3992339
142.172128
142.9378001
143.6963788
144.447736
145.1915723
145.9275045
146.6551371
147.3741098
148.084118
148.7849163
149.4763102
150.1581425
150.8302446
151.492433
152.144479
152.7861689
153.4173152
154.0377655
154.6474095
155.2461834
155.8340694
156.4110928
156.9773176
157.5328403
158.0777844
158.6122947
159.1365333
159.6506755
160.1549071
160.6494209
161.1344172
161.610103
162.0766897
162.5343913
162.9834236
163.4240031
163.8563462
164.2806689
164.6971865
165.1061134
165.5076631
165.9020482
166.2894805
166.6701707
167.0443285
167.4121621
167.7738782
168.1296817
168.4797748
168.824355
169.163617
169.4977513
169.8269281
170.151265
170.4708513
170.7857576
171.0960483
171.4017866
171.7030396
171.9998838
172.2924063
172.5807049
172.8648864
173.1450639
173.4213544
173.6938764
173.9627465
174.2280782
174.4899799
174.7485547
175.0038979
175.2561006
175.5052443
175.751416
175.9947291
176.2352688
176.4729626
176.7078353
176.9398988
177.1691554
177.395599
177.619215
177.8399813
178.0578687
178.2728418
178.484859
178.6938657
178.8998098
179.1026399
179.3023054
179.4987559
179.6919423
179.8818174
180.0683369
180.2514599
180.4311501
180.6073762
180.7801131
180.9493415
181.1150491
181.2772302
181.4359088
181.5910896
181.7427756
181.8909603
182.0356582
182.1768974
182.3147132
182.4491452
182.5802344
182.7080224
182.8325778
182.9538871
183.0719768
183.1869086
183.2987325
183.4074904
183.5132192
183.6159523
183.7157209
183.8125549
183.9064838
183.9975364
184.0857416
184.1711285
184.2537266
184.3335655
184.4106752
184.4850863
184.5568271
184.6259323
184.6924112
184.7563401
184.8175683
184.8765741
184.9319284
246.9832369
244.0073589
241.1056258
238.2756358
235.5149738
232.8213922
230.1925277
227.6260562
225.1198347
222.6718742
220.2803153
217.9434381
215.6596605
213.4275194
211.2456517
209.1127805
207.0277046
204.9892877
202.9964471
201.0481434
199.143372
197.2811557
195.4605384
193.68058
191.9403527
190.2389385
188.5754268
186.9489138
185.3585021
183.8033005
182.2824246
180.794998
179.3401528
177.9170313
176.5247874
175.1625881
173.8296151
172.5250658
171.2481554
169.9981175
168.7742055
167.5756932
166.4018758
165.2520702
164.1256151
163.0218716
161.9402228
160.8800739
159.8408522
158.8220066
157.8230079
156.8433487
155.8825433
154.9401277
154.0156594
153.1087173
152.2189017
151.3458335
150.4891543
149.6485254
148.8236277
148.0141613
147.2198448
146.4404162
145.6756322
144.9252689
144.1891214
143.4670044
142.7587516
142.064215
141.3832649
140.7157886
140.0616905
139.420892
138.7933324
138.1789694
137.5777804
136.9897628
136.4149334
135.853328
135.3049991
134.7700148
134.2484571
133.7404232
133.2460273
132.7654042
132.2987121
131.8461339
131.4078752
130.984161
130.5752298
130.1813284
129.802709
129.4396338
129.0923857
128.761282
128.4466834
128.1489928
127.868645
127.6060888
127.3617665
127.1360983
126.929482
126.742322
126.5750845
126.4283486
126.3028165
126.1992749
126.1185252
126.0613061
126.0282316
126.0197682
126.0362987
126.0783107
126.1466414
126.2426002
126.3678402
126.5240401
126.7125639
126.9342327
127.1892469
127.4773629
127.7984288
128.1534098
128.5452293
128.9784799
129.4578831
129.9865175
130.5648839
131.1910016
131.8610962
132.570529
133.3148723
134.0910037
134.8979031
135.7362877
136.6071435
137.5101182
138.4427851
139.4009348
140.3793845
141.3727525
142.3754438
143.3818022
144.3857944
145.3813695
146.3634003
147.3286103
148.2758738
149.2058222
150.1201154
151.020754
151.9096024
152.7880939
153.6570715
154.516844
155.3672967
156.2080435
157.0385832
157.8584226
158.6671505
159.4644642
160.2501655
161.0241392
161.7862991
162.5365631
163.2748421
164.0010358
164.7150442
165.4167849
166.1062079
166.7833042
167.4481069
168.1006882
168.7411527
169.3696292
169.9861348
170.5906783
171.1833286
171.7642181
172.3335354
172.8915135
173.4384174
173.9745342
174.5001662
175.0156248
175.5212264
176.0172899
176.5041344
176.9820772
177.4514334
177.912514
178.3656256
178.8110676
179.2491352
179.6801197
180.1043044
180.5219632
180.9333602
181.338749
181.7383732
182.1324663
182.521253
182.9049497
183.2837651
183.657901
184.0275523
184.3929074
184.7541485
185.1114513
185.464985
185.8149121
186.1613879
186.5045574
186.8445585
187.1815193
187.515519
187.8465126
188.1744588
188.4993129
188.8210377
189.1396069
189.455008
189.7672427
190.0763243
190.3822733
190.685113
190.9848654
191.281548
191.5751709
191.8657355
192.1532337
192.4376465
192.7189508
192.9971113
193.2720967
193.5438641
193.8124786
194.0777949
194.3396449
194.597945
194.852604
195.1035293
195.3506277
195.5938066
195.8329749
196.0680444
196.2989306
196.5255534
196.7478383
196.9657375
197.1791779
197.3880956
197.5924385
197.7921644
197.9872415
198.1776474
198.3633689
198.5444013
198.7207488
198.8924235
199.0594453
199.2218413
199.3796457
199.5328992
199.681666
199.8259944
199.9659324
200.1015328
200.2328546
200.359961
200.4829197
200.6018007
200.7166759
200.8276178
200.9346672
201.0379014
201.1374018
201.2332469
201.3255115
201.4142667
201.4995798
201.5815152
201.6601343
201.7354962
201.8076577
201.8766743
201.9425997
202.0054864
202.0653862
202.1223493
202.1764257
202.2276646
202.2761113
202.3218177
202.3648044
202.4051698
202.4427442
202.4780977
202.5099377
246.9850091
244.0113599
241.1120918
238.2846874
235.5267593
232.8361404
230.2105777
227.647925
225.1462828
222.7039511
220.3193941
217.9912375
215.7182503
213.4993096
211.3333649
209.2194122
207.1564751
205.1435881
203.1797829
201.2640781
199.3954738
197.5729479
195.795456
194.0619319
192.3712908
190.7224326
189.1142461
187.5456137
186.0154157
184.5225354
183.0658628
181.6442994
180.2567621
178.9021867
177.5795323
176.2877838
175.0259551
173.7930913
172.5882706
171.4106054
170.259243
169.1333662
168.0321927
166.9549751
165.9009997
164.8695861
163.8600858
162.8718818
161.904388
160.9570485
160.0293383
159.1207628
158.2308581
157.3591906
156.5053571
155.6689838
154.8497253
154.047264
153.2613083
152.4915917
151.737872
150.9999316
150.2775778
149.5706446
148.8789933
148.2025139
147.5411243
146.8947701
146.2634219
145.6470738
145.0457404
144.4594561
143.8882761
143.3322804
142.7915778
142.2663103
141.7566536
141.262815
140.7850289
140.3235487
139.8786406
139.4505774
139.0396428
138.6461436
138.2704277
137.9128979
137.5740138
137.2542802
136.9542275
136.6743858
136.4152612
136.1773242
135.9610268
135.7668614
135.5954355
135.4475175
135.3240184
135.225919
135.1541727
135.1096155
135.092904
135.1045148
135.1448702
135.2146267
135.3149828
135.4477481
135.6150617
135.81893
136.0608238
136.3414629
136.6608015
137.0182981
137.4137373
137.848633
138.3272105
138.8556762
139.4399187
140.0832643
140.7855655
141.5436033
142.3521144
143.2050026
144.0966394
145.0233982
145.9846031
146.9818486
148.0168182
149.089132
150.1955596
151.3306042
152.4876565
153.6598936
154.8405266
156.0225315
157.1983239
158.3602088
159.5017587
160.6190925
161.7111867
162.7792352
163.8256301
164.85307
165.8639699
166.8601749
167.8428626
168.8125791
169.7693713
170.712975
171.6430009
172.5590727
173.4609037
174.3483181
175.2212337
176.079567
176.9229589
177.7510984
178.5637448
179.3607488
180.1420695
180.9077778
181.6580467
182.3931291
183.1133351
183.8190101
184.5105138
185.1882051
185.8524331
186.5035328
187.1418254
187.7676226
188.3812319
188.9829622
189.5731283
190.1520539
190.7200714
191.2775221
191.8244502
192.3609741
192.8874094
193.4041782
193.9117505
194.4106067
194.9012167
195.3840287
195.8594655
196.3279236
196.7897746
197.2453678
197.6950321
198.1390791
198.5778054
199.0114931
199.4404113
199.8648149
200.2849494
200.7010506
201.1133401
201.5220234
201.927291
202.3293189
202.7282697
203.1242931
203.5175282
203.9081028
204.2961335
204.6817269
205.0649783
205.4459716
205.8247792
206.2014611
206.5760645
206.9486242
207.3191603
207.6876751
208.0541583
208.4185835
208.780811
209.1404136
209.4971131
209.850662
210.2008373
210.5474432
210.8903136
211.2293088
211.5643087
211.8952054
212.2218989
212.5442927
212.8622929
213.1758061
213.4847413
213.7890094
214.0885229
214.383236
214.6730671
214.9580511
215.2381239
215.5130451
215.7827312
216.0471205
216.3061575
216.5597954
216.8079967
217.0507329
217.2879844
217.5197406
217.7459994
217.966767
218.1820567
218.3918892
218.5963093
218.7953401
218.989012
219.1773626
219.3604348
219.538276
219.7109366
219.8784698
220.0409311
220.1983776
220.3508676
220.4984611
220.6412189
220.7792028
220.9124756
221.0410807
221.1650883
221.2845747
221.399612
221.5102702
221.6166181
221.718724
221.8166563
221.9104839
222.0002757
222.086097
222.1680148
222.246098
222.3204161
222.3910393
222.4580374
222.5214796
222.5814343
222.6379688
222.6911495
222.7410415
222.7877089
222.8312149
222.8716214
222.9089896
222.9433796
222.9748505
223.0034605
223.0292638
223.0523209
223.0726568
223.0903836
223.1053085
223.1180796
223.1275306
246.985468
244.01265
241.1145813
238.2887539
235.533033
232.8456315
230.2247764
227.6689286
225.1768868
222.7476842
220.3805084
218.0746592
215.8294943
213.6443645
211.5185586
209.4512704
207.441582
205.488458
203.5907463
201.747186
199.9564219
198.2170196
196.5274828
194.8862705
193.2918128
191.7425261
190.236826
188.7731391
187.3499125
185.965623
184.6187834
183.3079501
182.0317284
180.7887781
179.5778175
178.3976264
177.2470484
176.1249912
175.030426
173.962386
172.919964
171.9023095
170.908625
169.9381634
168.9902239
168.0641498
167.159326
166.2751785
165.4111746
164.5668242
163.7416811
162.9353437
162.1474553
161.377703
160.6258154
159.8915603
159.1747409
158.4751924
157.7927786
157.1273913
156.4789516
155.8474154
155.2327798
154.6350888
154.0544356
153.4909609
152.9448473
152.4163117
151.9055949
151.4129535
150.9386549
150.4829846
150.046265
149.6288802
149.2312922
148.8540414
148.4977304
148.1629964
147.8504794
147.5607922
147.2945012
147.0521376
146.8342615
146.6415638
146.4749421
146.3354973
146.2244493
146.1430147
146.0922881
146.0731537
146.0862466
146.1320165
146.2109995
146.3242613
146.4737027
146.6619137
146.8916341
147.1651483
147.4838823
147.848264
148.2578226
148.7116723
149.2098455
149.755268
150.3546005
151.0163773
151.7474956
152.5506523
153.423936
154.361917
155.3571641
156.4017301
157.4888499
158.6149353
159.7806035
160.9892225
162.2435397
163.5428577
164.8823403
166.2541348
167.6491213
169.0581236
170.4722391
171.8822783
173.2783755
174.6508515
175.9921257
177.2982475
178.5690024
179.806829
181.0154059
182.1985274
183.3594386
184.5005387
185.6233095
186.7280843
187.8145112
188.8819814
189.9298908
190.9578028
191.9655089
192.9530178
193.9204936
194.8681856
195.7963568
196.7052403
197.5950357
198.4659378
199.3181744
200.1520324
200.9678655
201.7660899
202.5471669
203.3114856
204.0587764
204.7892577
205.5034289
206.2019353
206.8854816
207.5547829
208.2105349
208.8533968
209.4839873
210.1028851
210.710631
211.3077321
211.8946658
212.4718847
213.0398202
213.5988876
214.1494898
214.6920206
215.226867
215.7544111
216.2750341
216.7891058
217.2959512
217.7958775
218.2896891
218.7780663
219.2615783
219.7406991
220.2158244
220.6872865
221.1553675
221.6203093
222.082322
222.5415897
222.9982754
223.4525238
223.9044641
224.3542106
224.8018632
225.2475022
225.6911984
226.1330089
226.5729671
227.0110803
227.4473309
227.8816793
228.3140669
228.7444188
229.1726458
229.5986458
230.022305
230.4434998
230.8620972
231.2779566
231.6909306
232.1008662
232.5076056
232.9109875
233.3108477
233.7070106
234.0993132
234.4875719
234.8711316
235.2484416
235.6196012
235.9843651
236.3424842
236.6938157
237.0382896
237.3758818
237.7065961
238.0304531
238.3474846
238.6577327
238.9612475
239.2580857
239.5483231
239.8320443
240.1093272
240.3804434
240.6454227
240.9041765
241.1567256
241.4031487
241.6435232
241.8779259
242.1064327
242.3291184
242.5460556
242.7573151
242.9629658
243.1630746
243.3577063
243.5469245
243.7307906
243.909365
244.0826858
244.2508233
244.4138431
244.5718066
244.7247728
244.8727988
245.015941
245.1542554
245.2877978
245.4166244
245.5407913
245.6603547
245.7753714
245.8858986
245.9919936
246.0937118
246.1911099
246.2842471
246.3731831
246.4579786
246.538694
246.6153904
246.6881288
246.7569707
246.8219772
246.8832095
246.9407289
246.9945967
247.0448746
247.0916244
247.1349082
247.1747884
247.2113272
247.2445869
247.274629
247.3015156
247.3253079
247.3460669
247.3638532
247.3787271
247.390748
247.3999749
247.4064662
247.4102756
247.4114648
247.4100548
247.4061633
247.3995692
247.3909825
247.3793406
246.9857416
244.0136423
241.1170459
238.2939783
235.5433575
232.864757
230.2579542
227.7230752
225.2605508
222.8708647
220.5543742
218.3112086
216.1411883
214.04376
212.0179675
210.0624665
208.1755706
206.3553081
204.5994827
202.9057347
201.2715975
199.6945483
198.1720498
196.7015842
195.2806803
193.9069338
192.5780223
191.2917164
190.0458869
188.8385109
187.6676774
186.5315926
185.4285855
184.3571103
183.3157476
182.3032014
181.3182941
180.3599581
179.4272269
178.5192241
177.6351534
176.7742887
175.935965
175.1195709
174.3245429
173.5503631
172.7965608
172.0627188
171.3484823
170.6535663
169.9777605
169.320928
168.6830006
168.0639703
167.463878
166.8828032
166.3208526
165.7781522
165.2548448
164.7511004
164.2671433
163.8032856
163.3599521
162.9376841
162.5371219
162.1589724
161.8039699
161.4728389
161.166263
160.8848693
160.6292545
160.4000808
160.198216
160.0248241
159.8813433
159.769361
159.6904513
159.6460257
159.6372293
159.6648895
159.7295563
159.8317713
159.9726342
160.1543355
160.3801259
160.6536584
160.9781434
161.3557464
161.7873525
162.2726226
162.8103136
163.3992976
164.0409239
164.7415252
165.511955
166.3633744
167.3025617
168.3299339
169.4403622
170.62517
171.874093
173.1770685
174.5265811
175.9203714
177.3619965
178.8575097
180.410196
182.0173745
183.6707315
185.3586697
187.0687281
188.7890013
190.5081634
192.2144475
193.8951651
195.5382015
197.1347694
198.6811911
200.1783178
201.6297725
203.0404192
204.4150375
205.7576131
207.0710602
208.3572004
209.616913
210.8504106
212.0575643
213.2381864
214.3922081
215.5197528
216.6211299
217.6967826
218.7472125
219.7729026
220.7734348
221.7485391
222.6984485
223.6237427
224.5252381
225.4038992
226.2607668
227.0969032
227.9133521
228.7111117
229.491119
230.2542458
231.0013037
231.7330563
232.4502323
233.1535387
233.8436702
234.5213197
235.1868079
235.838372
236.4776887
237.1062091
237.7251607
238.3355605
238.9382464
239.5339058
240.1231019
240.7063009
241.2838966
241.8562307
242.4236075
242.9863053
243.5445835
244.0986876
244.6488512
245.1952976
245.7382396
246.2778786
246.8144026
247.3479921
247.8787958
248.4068877
248.9326675
249.4564954
249.9785425
250.4988621
251.017432
251.5341796
252.0489982
252.5617578
253.0723112
253.5804995
254.086155
254.5891041
255.0891691
255.5861688
256.07992
256.5702351
257.0569159
257.5397652
258.0185474
258.4929997
258.9628465
259.4278041
259.8875971
260.341961
260.7906429
261.2334026
261.6700131
262.1002621
262.5239529
262.9409062
263.3509615
263.7539785
264.1498384
264.5384438
264.9197221
265.2936158
265.6601013
266.0188934
266.3697818
266.7125755
267.0471341
267.3738098
267.6912348
267.9994472
268.2990424
268.5905264
268.8743245
269.1507949
269.4202395
269.6829137
269.9390522
270.1888605
270.4325074
270.6702619
270.9023132
271.1287044
271.3493046
271.5642142
271.7735313
271.9773382
272.1757116
272.3687241
272.5564449
272.7389409
272.9162767
273.0885156
273.255719
273.4179475
273.5752599
273.7277144
273.8753677
274.018276
274.1564941
274.2900738
274.419068
274.5435299
274.6635128
274.779069
274.8902509
274.9971097
275.0996968
275.1980627
275.2922578
275.3823324
275.4683364
275.5503198
275.6283326
275.7024245
275.7726453
275.8390446
275.9016724
275.9605786
276.0158139
276.0674289
276.1154746
276.160002
276.2010627
276.238708
276.2729897
276.3039595
276.3316694
276.3561714
276.3775177
276.3957608
276.4109533
276.4231479
276.4323976
276.4387552
276.4422741
276.4430073
276.4410081
276.4363295
276.4290249
276.4191472
276.4067488
276.3918823
276.3745951
276.354943
276.3329386
276.3086969
276.281966
276.2535016
276.2223112
246.98623
244.0159543
241.1242026
238.3116343
235.5808543
232.9354994
230.3792682
227.9156996
225.547787
223.2775216
221.1056864
219.0318479
217.0544359
215.1708701
213.3777312
211.670979
210.0461759
208.4986772
207.023783
205.6168557
204.2734044
202.9891414
201.760015
200.5822276
199.4522408
198.3667738
197.3227953
196.317515
195.3483751
194.4130482
193.509443
192.635711
191.7902501
190.9716976
190.1789138
189.4109555
188.6670461
187.9465429
187.2489072
186.5736772
185.9204465
185.2888474
184.6785392
184.0892026
183.5205418
182.9723017
182.4443036
181.9364904
181.4489619
180.9819867
180.535988
180.111509
179.7091703
179.3296256
178.9735242
178.6414819
178.3340636
178.0517797
177.7951262
177.5647065
177.3614138
177.1865636
177.0418803
176.9293473
176.8509994
176.8087296
176.804151
176.8385191
176.9127133
177.0273247
177.1830495
177.3814911
177.6258457
177.9207294
178.2711697
178.681464
179.1544512
179.6912889
180.2915801
180.9537153
181.6757649
182.4581066
183.3074384
184.2377867
185.2654402
186.4016811
187.6490057
189.0018288
190.449283
191.9780019
193.5742528
195.2262272
196.9277226
198.6814747
200.4974448
202.3853637
204.3474237
206.3762467
208.4575138
210.5739555
212.7084115
214.8451452
216.9691651
219.0644722
221.1134631
223.1003031
225.0151007
226.8555198
228.6252901
230.3313528
231.9813602
233.5821628
235.1391539
236.6561269
238.1353987
239.5781056
240.9846163
242.3549555
243.6884736
244.9842611
246.2423726
247.463523
248.6488317
249.7995996
250.9171413
252.0026967
253.0574287
254.0824765
255.0790152
256.0482882
256.9916073
257.9103335
258.8058476
259.6795315
260.5327144
261.3636604
262.1735197
262.9646936
263.7392537
264.4989634
265.2453164
265.9795828
266.7028518
267.4160689
268.1200652
268.8155795
269.5032763
270.1837595
270.8575845
271.5252666
272.1872877
272.8441005
273.496141
274.1437676
274.7873772
275.4281818
276.066874
276.7038235
277.3391789
277.9729304
278.6049503
279.2350371
279.8629522
280.4884434
281.1112585
281.7311535
282.3478966
282.9612692
283.5710661
284.1770932
284.7791651
285.3771014
285.9707244
286.5598532
287.1443118
287.7239109
288.2998511
288.8722066
289.4404219
290.004018
290.5625553
291.1156169
291.6628015
292.203722
292.7380059
293.2652968
293.7852577
294.2975731
294.8019529
295.2981344
295.7858847
296.2650033
296.7353151
297.1966339
297.648542
298.0907424
298.5230433
298.9453453
299.3576178
299.7598929
300.1522499
300.5348019
300.9076864
301.2710569
301.6250764
301.9699125
302.3057334
302.6327049
302.9509882
303.260739
303.5621062
303.8552355
304.1402627
304.4173442
304.6850071
304.9433773
305.193373
305.4369407
305.6741068
305.9047555
306.1292618
306.348032
306.5613392
306.7693719
306.9722952
307.170229
307.3632633
307.5516334
307.7354527
307.9147058
308.0892777
308.2591202
308.4243124
308.5849
308.7409291
308.8924467
309.0394993
309.1821332
309.3203939
309.4543267
309.5839765
309.7093878
309.8306051
309.9476725
310.0606339
310.1695333
310.2744143
310.3753202
310.4722944
310.5653799
310.6546192
310.7400547
310.8217286
310.899683
310.97396
311.0446014
311.111649
311.1751443
311.2351289
311.291644
311.3447307
311.39443
311.4407829
311.4838302
311.5236126
311.5601709
311.5935456
311.6237774
311.650907
311.6749749
311.696022
311.7140892
311.7292173
311.7414475
311.7508211
311.7573792
311.7611634
311.7622154
311.7605766
311.7562893
311.7493952
311.7399367
311.7279561
311.7134961
311.6965994
311.677309
311.6556679
311.6317198
311.6055077
311.5770757
311.5464671
311.5137253
311.4788936
311.4420102
311.4031219
311.3622295
311.3194395
311.2744701
311.2281034
311.1793759
246.9880725
244.026154
241.1570989
238.3915677
235.7429448
233.2241213
230.8452054
228.6128579
226.5298876
224.595199
222.8043063
221.1501222
219.6237743
218.2153409
216.9144826
215.7109846
214.595147
213.5579975
212.5913814
211.6879755
210.8412543
210.0454287
209.2953756
208.5865661
207.9150002
207.2771474
206.6698967
206.0905178
205.536652
205.006344
204.4980973
204.0109065
203.5442358
203.0979448
202.6721828
202.2672781
201.8836374
201.5216673
201.1817196
200.8640598
200.5688547
200.2961749
200.0460084
199.818288
199.6129585
199.4301286
199.2702933
199.1345091
199.0244112
198.9420638
198.8897251
198.8696148
198.8837365
198.9337692
199.0210228
199.1464415
199.3106434
199.5140394
199.7572734
200.0422046
200.3728768
200.7554328
201.1968471
201.7033789
202.2795383
202.9277306
203.6483788
204.4402793
205.3010818
206.2284611
207.2239045
208.2985453
209.4739201
210.7735201
212.2122836
213.7923016
215.5048522
217.3346927
219.2638099
221.2739479
223.3488706
225.4787993
227.6666172
229.9283001
232.2826669
234.7382908
237.2881616
239.9130242
242.5878681
245.2872555
247.9881718
250.6702092
253.3132195
255.8949848
258.3930303
260.7903274
263.0798422
265.2643631
267.3528306
269.3563015
271.2852185
273.1481299
274.9513655
276.6991102
278.3924929
280.0316913
281.6169093
283.148663
284.6279536
286.0562866
287.4355863
288.7680612
290.0560516
291.3018756
292.5077056
293.6755222
294.8071671
295.9044255
296.9667056
297.9936983
298.9889585
299.9557717
300.8971165
301.8156556
302.7137498
303.5934843
304.4567022
305.3050414
306.1399714
306.9628237
307.7748146
308.5770586
309.3705704
310.1562892
310.9350096
311.7073449
312.4748882
313.2389951
314.0003976
314.7594306
315.5161759
316.2705597
317.0224179
317.7715393
318.5176934
319.2606474
320.0001747
320.7360591
321.4680938
322.1960792
322.919819
323.6391146
324.3537787
325.0640585
325.7731393
326.4799839
327.1837617
327.8837589
328.5791167
329.2688956
329.9522585
330.6284497
331.2967854
331.9566438
332.6074579
333.2487123
333.8799419
334.5007329
335.1107231
335.7096027
336.2971148
336.8730547
337.4372696
337.9896569
338.5301628
339.0587888
339.5755656
340.0805555
340.5738735
341.0556796
341.5261631
341.9855295
342.4339933
342.8717719
343.2990812
343.7161321
344.1231281
344.5202628
344.9077193
345.2856691
345.6542724
346.0136809
346.3640381
346.7051677
347.0356785
347.3559905
347.6664994
347.9675742
348.2595555
348.5427437
348.8174032
349.0837685
349.3420486
349.5924318
349.8350898
350.0701805
350.2978504
350.5182367
350.7314685
350.9376682
351.1369541
351.3294382
351.5152507
351.6944842
351.8670491
352.0333728
352.1938399
352.3487439
352.49829
352.6445534
352.7879471
352.9282781
353.0654175
353.1992745
353.3300697
353.4576962
353.5820476
353.7029001
353.8201584
353.9338571
354.0440117
354.1506302
354.2537287
354.3533265
354.4494455
354.5421099
354.6313458
354.7171805
354.7996428
354.8787621
354.9545689
355.0270939
355.0963684
355.1624243
355.2252933
355.2850078
355.3416
355.3951024
355.4455475
355.4929679
355.5373961
355.5788645
355.6174056
355.6530518
355.6858353
355.7157884
355.7429433
355.7673321
355.7889867
355.8079392
355.8242212
355.8378647
355.8489012
355.8573625
355.8632799
355.866685
355.8676092
355.8660839
355.8621405
355.8558102
355.8471245
355.8361146
355.8228119
355.807248
355.7894541
355.769462
355.7473032
355.7230095
355.6966127
355.6681448
355.6376376
355.6051238
355.5706354
355.5342052
355.4958657
355.4556501
355.4135913
355.3697229
355.3240781
355.276691
355.2275949
355.1768233
355.1244096
355.0703819
355.0147761
354.9575808
354.8988895
354.8383945
354.7768818
354.7133688
246.9988284
244.0831651
241.3267895
238.7694902
236.4459514
234.3781656
232.5735349
231.0269784
229.7235273
228.6412007
227.7540995
227.0350821
226.4578758
225.9985741
225.6364281
225.3541045
225.1374791
224.9751534
224.8579268
224.7783309
224.73025
224.7086259
224.7092387
224.7285496
224.7635881
224.8118726
224.8713568
224.9404332
225.018109
225.1043821
225.2005492
225.309144
225.4335204
225.5773079
225.7439375
225.9363244
226.1567086
226.4066218
226.6869392
226.9979801
227.3396311
227.7114731
228.1129054
228.5433223
229.0026087
229.4922307
230.0164061
230.5822053
231.19825
231.8728868
232.6128059
233.4224262
234.3038901
235.2573938
236.2816397
237.3742888
238.5323982
239.7534795
241.039742
242.4060709
243.8827038
245.50471
247.2966961
249.2655672
251.4027359
253.6900181
256.1049318
258.6241824
261.225694
263.8909524
266.6117669
269.4004771
272.2895346
275.3127008
278.4837253
281.7900315
285.2002047
288.6750022
292.1754973
295.667221
299.1208315
302.5091326
305.802436
308.9689034
311.98254
314.8314898
317.5191417
320.058997
322.4683367
324.7638027
326.9593075
329.0655198
331.0901045
333.0382245
334.91316
336.7167874
338.4504652
340.1158865
341.7152425
343.2512269
344.7269478
346.1458067
347.5113758
348.827048
350.0914267
351.3073735
352.4794676
353.6121141
354.7095428
355.7757806
356.8146068
357.8295052
358.8236233
359.7997422
360.760261
361.7071971
362.6422261
363.5666934
364.4815292
365.3882342
366.2888784
367.1845928
368.0759616
368.963253
369.8465605
370.7258861
371.6011824
372.4723711
373.3393477
374.2019772
375.0600879
375.9134586
376.7618026
377.6047943
378.4419956
379.2771053
380.1102541
380.9398766
381.7646053
382.5831825
383.3944233
384.1972064
384.9904762
385.7732491
386.5446206
387.3037721
388.0499759
388.7825981
389.5011001
390.2050382
390.8940624
391.5679153
392.2264282
392.8695244
393.4971299
394.1092612
394.7060525
395.2877472
395.8533924
396.4024623
396.9355982
397.4534558
397.9566846
398.4459083
398.9217138
399.3846458
399.8352035
400.2738398
400.7009622
401.1169352
401.5220838
401.9166976
402.301035
402.6753301
403.0397882
403.3946
403.7398642
404.0756406
404.4019946
404.7190103
405.0267967
405.3254866
405.6152323
405.8962015
406.1685727
406.432531
406.6882652
406.9359647
407.1758173
407.4080081
407.6327189
407.8501296
408.0604288
408.263715
408.4600008
408.6498684
408.8337263
409.0118692
409.1845115
409.3518127
409.5138976
409.6708675
409.8228079
409.9697938
410.1118927
410.2491669
410.3816752
410.5094736
410.6326168
410.7511587
410.8651543
410.9746574
411.079746
411.1804647
411.2787366
411.3746056
411.467845
411.5582901
411.645849
411.7304005
411.8118799
411.8906172
411.9664939
412.0394586
412.1092328
412.1758869
412.2395137
412.3001744
412.3579167
412.4127892
412.4648388
412.5141089
412.560641
412.6044743
412.6456467
412.6841945
412.7201527
412.7535555
412.784436
412.8128266
412.8387591
412.8622644
412.8833729
412.9021146
412.9185188
412.9326143
412.9444297
412.953993
412.9613317
412.9664732
412.9694443
412.9702716
412.9689814
412.9655995
412.9601517
412.9526633
412.9431594
412.931665
412.9182046
412.9028027
412.8854836
412.8662714
412.84519
412.8222631
412.7975142
412.7709671
412.7426449
412.712571
412.6807685
412.6472606
412.6120702
412.5752205
412.5367343
412.4966346
412.4549443
412.4116863
412.3668837
412.3205594
412.2727365
412.2234381
412.1726872
412.1205074
412.0669219
412.0119544
411.9556284
411.8979678
411.8389966
411.778739
411.7172191
411.6544616
411.5904907
411.5253303
411.4590042
411.3915306
411.3229344
411.2531933
411.182382
411.1101763
411.0373337
410.9628036
247.0711811
244.4179098
242.2038215
240.5115435
239.3718802
238.7651007
238.6366431
238.9140575
239.5183005
240.3715803
241.4030112
242.551995
243.7709411
245.0266825
246.2985678
247.5749212
248.8495757
250.1192792
251.382117
252.6366861
253.8817267
255.1160091
256.3383512
257.5476932
258.7431833
259.9242532
261.090711
262.2432134
263.3850721
264.5249024
265.6770559
266.8586041
268.0853293
269.3691214
270.7171873
272.1324316
273.6143457
275.1599957
276.7649156
278.4238355
280.1312362
281.8817507
283.6704854
285.4940196
287.3549649
289.2711967
291.2804106
293.4297436
295.7573669
298.281234
300.9993111
303.8957359
306.9473431
310.1283867
313.4133757
316.7785527
320.2026184
323.6684623
327.1717481
330.7376228
334.4246233
338.2974003
342.389917
346.6915326
351.1577894
355.7288334
360.3436579
364.947755
369.4958448
373.9509374
378.2787321
382.4400638
386.392307
390.1028933
393.5613522
396.7789264
399.7794922
402.5901487
405.2354589
407.7352395
410.1044975
412.3542673
414.4926305
416.5256974
418.4585449
420.2960344
422.0433585
423.7062644
425.2910179
426.8042208
428.2525702
429.642605
430.9804417
432.2715343
433.5205467
434.730566
435.9046223
437.0466502
438.1603568
439.249265
440.3167306
441.3659442
442.3999716
443.4210165
444.4301612
445.4310058
446.4266789
447.4192246
448.4099071
449.3993953
450.3878898
451.3752032
452.3608066
453.3438646
454.3232611
455.2976396
456.2654675
457.2250719
458.177974
459.125718
460.0650951
460.9934486
461.9085449
462.8084931
463.6917001
464.5568412
465.4028342
466.2288191
467.034139
467.8183251
468.5810851
469.3222866
470.0419454
470.7402101
471.4173709
472.0736892
472.709469
473.3251407
473.9212507
474.4984271
475.0573448
475.5986975
476.123176
476.6314504
477.1241578
477.6018937
478.0652077
478.5146016
478.9505312
479.3734091
479.78361
480.1814777
480.567313
480.9413818
481.3037279
481.6543893
481.9934387
482.3209743
482.6368976
482.9415456
483.2356385
483.5197597
483.7943998
484.0599812
484.3168788
484.5654343
484.8059644
485.0387654
485.2641153
485.4822757
485.6934922
485.8979949
486.0959993
486.2877074
486.4733035
486.6529529
486.8268006
486.9949732
487.1575701
487.3146681
487.4663314
487.6126193
487.7535911
487.8893108
488.0198481
488.1452796
488.2656881
488.3811628
488.4917979
488.5976926
488.6989508
488.795683
488.8880178
488.9764465
489.0629128
489.1471417
489.2289632
489.3082725
489.3850052
489.4591244
489.5306131
489.5994691
489.6657008
489.7293235
489.790358
489.8488287
489.9047628
489.9581894
490.0091426
490.0576604
490.103782
490.1475507
490.1890024
490.2282159
490.2652203
490.3000272
490.3326693
490.363397
490.3925175
490.4199015
490.4453754
490.4684518
490.489143
490.5074609
490.5233982
490.5369687
490.5482043
490.5571469
490.5638435
490.5683444
490.5707007
490.5709637
490.5691835
490.5654087
490.5596861
490.5520608
490.5425756
490.5312717
490.5181882
490.5033626
490.4868307
490.4686266
490.4487831
490.4273315
490.4043019
490.3797233
490.3536233
490.3260289
490.2969657
490.2664588
490.2345323
490.2012096
490.1665132
490.1304653
490.0930871
490.0543995
490.0144229
489.973177
489.9306813
489.8869547
489.8420158
489.7958829
489.7485738
489.7001062
489.6504974
489.5997647
489.5479246
489.4949942
489.4409897
489.3859275
489.3298238
489.2726947
489.214556
489.1554237
489.0953133
489.0342407
488.9722214
488.9092711
488.8454053
488.7806397
488.7149896
488.648471
488.5810992
488.5128902
488.4438596
488.3740236
488.3033977
488.2319985
488.1598418
488.086944
488.0133209
487.9389882
487.8639605
487.7882474
487.711862
487.6347736
487.5570312
487.4783086
487.3992884
487.3188087
247.5764849
246.3716069
246.5994408
248.192312
250.9472089
254.5950889
258.8647829
263.5158115
268.3468645
273.1974872
277.9481686
282.5193147
286.8801034
291.0501878
295.0735613
298.9934457
302.8419352
306.6390229
310.3950683
314.1138313
317.7950587
321.4364235
325.0348754
328.587524
332.0921686
335.5475843
338.9540297
342.3182863
345.6722293
349.0904146
352.6709072
356.491203
360.5839804
364.9418822
369.5331514
374.3151501
379.2428659
384.2734833
389.3685236
394.4946116
399.6235033
404.7317396
409.8002591
414.8159766
419.7830942
424.7471167
429.8048377
435.0707066
440.621725
446.468533
452.5643556
458.8307395
465.1805723
471.5320488
477.8148971
483.9718969
489.958012
495.7375661
501.276577
506.5312389
511.4476534
515.9813584
520.1179756
523.8754593
527.2915925
530.4099341
533.2710589
535.9091618
538.3518713
540.6213859
542.7358079
544.7101988
546.5573375
548.2883127
549.9129881
551.4403385
552.8786947
554.235957
555.519808
556.7379153
557.8980832
559.0082776
560.0764827
561.1104961
562.1178324
563.1057532
564.0812788
565.0510658
566.0211628
566.9967033
567.9816383
568.9785394
569.9884933
571.0111068
572.0445811
573.085663
574.1305418
575.1752089
576.2151288
577.2456488
578.2622885
579.2609387
580.2380224
581.1902403
582.1211407
583.0296415
583.9129705
584.7691442
585.5967934
586.3950405
587.1634339
587.9018962
588.6106738
589.2902889
589.9414933
590.5652258
591.1625603
591.7346749
592.2826166
592.8072371
593.309505
593.790495
594.2513232
594.6930871
595.1168239
595.5234872
595.9139378
596.2889434
596.6491853
596.9952689
597.327734
597.6470706
597.9537382
598.2481451
598.5306884
598.8014975
599.0605987
599.3080326
599.5438935
599.7683563
599.9816757
600.184173
600.3762205
600.5582269
600.7306224
600.8938473
601.0483419
601.1945386
601.3328567
601.4636983
601.5874459
601.704461
601.8150717
601.9195634
602.0181886
602.1111697
602.1986926
602.280877
602.35943
602.4355152
602.5088602
602.5792872
602.6466843
602.7109873
602.7721693
602.8302345
602.8852121
602.9371511
602.9861154
603.0321807
603.0754308
603.1159553
603.1538471
603.1892005
603.2221088
603.2526558
603.2809205
603.3069911
603.3309577
603.3529015
603.3728898
603.3909744
603.4071935
603.4215753
603.4341416
603.4449102
603.4538981
603.4611226
603.4666038
603.4703652
603.4724354
603.4728492
603.4716426
603.4688496
603.4643921
603.458245
603.4504416
603.4410543
603.4301758
603.4179044
603.4043385
603.3895724
603.3736929
603.3567779
603.3388972
603.3201135
603.3004829
603.280057
603.2589293
603.2371883
603.2148958
603.1920996
603.1688323
603.1453764
603.1220511
603.0986398
603.074949
603.0506309
603.0253302
602.9990878
602.9719214
602.9437845
602.914624
602.8843882
602.853029
602.8205062
602.78679
602.7518621
602.7157143
602.6783475
602.6397699
602.5999955
602.5590433
602.5169354
602.4736964
602.4293529
602.3839321
602.337462
602.2899706
602.2414861
602.1920358
602.1416467
602.0903457
602.0381577
601.9851078
601.93122
601.8765173
601.821022
601.7647556
601.7077386
601.6499909
601.5915317
601.5323789
601.472551
601.4120641
601.3509351
601.2891795
601.2268127
601.1638489
601.1003035
601.0361891
600.9715193
600.9063068
600.8405645
600.7743041
600.7075377
600.6402766
600.572532
600.5043148
600.4356355
600.366505
600.296933
600.2269295
600.1565046
600.0856677
600.0144284
599.942796
599.8707799
599.7983889
599.7256325
599.6525194
599.5790586
599.505259
599.4311293
599.3566792
599.281917
599.2068512
599.1314919
599.0558469
598.9799257
598.9037365
598.8272874
598.7505845
598.6736295
598.5964233
598.5189293
598.4411597
598.3628085
598.2844152
598.2046834
251.1721298
257.6357378
268.0966428
281.21313
295.8613107
311.1253555
326.3237056
340.9787559
354.7683891
367.4975991
379.0863901
389.5729184
399.2395739
408.5832284
417.9838384
427.5935042
437.421999
447.4194096
457.5180749
467.6507029
477.7575848
487.7889184
497.7048945
507.4747988
517.075708
526.491138
535.7110609
544.7484193
553.7052825
562.83343
572.448362
582.7494236
593.738681
605.2696388
617.1323701
629.1141758
641.0284494
652.7231537
664.0796025
675.0077729
685.4410623
695.3316378
704.6465691
713.3635618
721.4616218
728.9065325
735.6485091
741.6453227
746.8912795
751.4249362
755.3151854
758.6419766
761.4826477
763.9055579
765.9686414
767.7203071
769.2010419
770.4449822
771.4812025
772.3347616
773.0276092
773.5794589
774.0087083
774.3334361
774.5723418
774.7454014
774.8740626
774.9809257
775.0889537
775.2203511
775.3951789
775.6298779
775.9360459
776.3199071
776.7825027
777.3203495
777.9262973
778.5904655
779.3012074
780.0460187
780.8123395
781.5881627
782.3624409
783.1253136
783.8682175
784.5839377
785.2666233
785.9117709
786.516186
787.0778871
787.5960266
788.070772
788.5031742
788.895027
789.2486644
789.5680208
789.8566236
790.1164251
790.3495082
790.5579382
790.7436595
790.9084545
791.0538859
791.1821747
791.2952992
791.3936307
791.4776062
791.5477445
791.6046223
791.6488502
791.6810499
791.7018413
791.7118413
791.7116631
791.7019184
791.6832213
791.656185
791.6213868
791.5793102
791.5303445
791.4748183
791.413004
791.3451765
791.2716467
791.1927607
791.1088964
791.020448
790.9278219
790.8314228
790.7316467
790.6288773
790.523477
790.4157912
790.3061408
790.1947828
790.0819326
789.9678278
789.8526706
789.7366046
789.6197268
789.502101
789.3837702
789.2647686
789.1451307
789.0248991
788.9041225
788.7828621
788.6611877
788.5391804
788.4169255
788.2945168
788.1720502
788.0496208
787.9272906
787.8051276
787.6832425
787.5617422
787.4407262
787.320142
787.199848
787.0797744
786.959915
786.8403071
786.7210103
786.6020916
786.4836166
786.3656496
786.2482461
786.1314581
786.0153321
785.8999128
785.7852379
785.6713458
785.5582713
785.4460468
785.3346938
785.224228
785.1146783
785.0060849
784.8984804
784.7918785
784.6862772
784.5816671
784.4780378
784.3753804
784.2736884
784.1729575
784.0731851
783.974371
783.8765164
783.7796255
783.6837052
783.5887574
783.4947598
783.401638
783.3093076
783.2176693
783.1266376
783.0361557
782.9461947
782.8567908
782.7680128
782.6799101
782.5925216
782.5058799
782.4200133
782.3349468
782.2507081
782.1679595
782.0868354
782.0071599
781.9288094
781.8516891
781.7754798
781.6998073
781.624784
781.5504538
781.4768018
781.4037651
781.3312795
781.2592977
781.1877719
781.1166443
781.0458512
780.9753258
780.9050009
780.8348115
780.7646974
780.6946046
780.6244861
780.5543021
780.4840201
780.4136139
780.343064
780.272356
780.2014803
780.1304319
780.0592086
779.9878117
779.9162447
779.8445132
779.7726244
779.7005866
779.6284091
779.5561023
779.4836767
779.4111432
779.3385132
779.2657979
779.1930085
779.1201563
779.0472525
778.9743077
778.9013328
778.8283378
778.755333
778.682328
778.6093323
778.5363546
778.4634039
778.3904882
778.3176156
778.2447934
778.1720291
778.0993291
778.0267002
777.9541482
777.8816791
777.8092982
777.7370109
777.6648216
777.5927351
777.5207554
777.4488868
777.3771328
777.3054969
777.2339823
777.1625924
777.0913298
777.0201975
776.9491976
776.8783332
776.807606
776.7370189
776.6665735
776.5962724
776.5261172
776.4561102
776.386253
776.3165477
776.2469948
776.1775951
776.1083459
776.0392416
775.9702676
775.901385
775.8325501
775.7635111
775.6945649
775.6242966
278.2266784
326.2506838
380.5721672
435.5789822
488.2224369
536.6095782
579.7144196
617.1079515
648.7705912
675.0379464
696.6196824
714.4700909
730.6326754
748.1531526
768.6681729
792.1239361
817.734413
844.6496371
872.1727078
899.779029
927.0827379
953.799621
979.7182845
1004.679969
1028.564913
1051.283174
1072.767622
1092.960359
1111.778032
1129.090265
1144.773039
1158.788997
1171.202211
1182.133879
1191.714473
1200.057796
1207.254039
1213.372557
1218.467893
1222.58591
1225.76894
1228.059706
1229.504172
1230.153521
1230.065481
1229.305136
1227.945019
1226.064267
1223.747059
1221.081039
1218.155989
1215.062498
1211.890187
1208.725223
1205.647164
1202.725417
1200.015815
1197.557866
1195.373178
1193.465373
1191.821757
1190.416813
1189.216818
1188.184438
1187.282401
1186.475947
1185.734206
1185.030784
1184.34385
1183.655966
1182.953807
1182.227832
1181.471947
1180.683146
1179.861121
1179.007812
1178.126872
1177.223082
1176.301763
1175.368253
1174.427505
1173.483805
1172.540632
1171.600624
1170.665628
1169.736805
1168.814765
1167.8997
1166.991514
1166.089949
1165.194669
1164.30534
1163.421687
1162.543533
1161.670822
1160.803469
1159.941474
1159.085136
1158.234966
1157.391626
1156.55586
1155.728433
1154.910089
1154.101303
1153.30215
1152.512688
1151.732883
1150.962641
1150.201899
1149.450645
1148.708916
1147.97679
1147.254384
1146.541833
1145.83929
1145.146912
1144.464862
1143.793237
1143.132038
1142.481284
1141.841025
1141.211223
1140.591773
1139.982533
1139.383339
1138.794018
1138.214408
1137.644356
1137.08373
1136.532413
1135.990306
1135.457326
1134.933402
1134.418476
1133.912435
1133.41514
1132.926529
1132.446577
1131.97523
1131.512417
1131.058042
1130.611989
1130.174125
1129.744302
1129.322361
1128.908142
1128.50148
1128.102213
1127.71018
1127.325229
1126.947215
1126.576
1126.211445
1125.853383
1125.501648
1125.156149
1124.816811
1124.483524
1124.156111
1123.834371
1123.518083
1123.207009
1122.900926
1122.599642
1122.303
1122.010869
1121.723141
1121.439729
1121.160559
1120.885566
1120.614698
1120.347905
1120.085144
1119.826377
1119.571567
1119.320668
1119.07363
1118.830425
1118.591063
1118.355539
1118.123809
1117.895822
1117.671546
1117.450963
1117.234064
1117.020847
1116.811311
1116.605452
1116.403262
1116.204729
1116.009841
1115.818581
1115.630926
1115.446801
1115.266122
1115.088835
1114.914857
1114.744079
1114.57639
1114.411684
1114.250651
1114.093708
1113.940452
1113.790578
1113.643855
1113.500103
1113.359182
1113.22098
1113.084799
1112.950484
1112.818186
1112.688009
1112.560023
1112.43423
1112.310585
1112.189074
1112.069675
1111.952352
1111.837058
1111.723726
1111.612303
1111.502739
1111.394977
1111.28895
1111.184589
1111.081819
1110.980566
1110.880751
1110.782299
1110.685137
1110.589194
1110.494404
1110.400705
1110.308043
1110.216366
1110.125628
1110.035791
1109.946817
1109.858676
1109.771342
1109.684792
1109.599007
1109.51397
1109.429669
1109.346095
1109.263237
1109.181089
1109.099648
1109.018909
1108.938871
1108.859532
1108.780893
1108.702953
1108.625714
1108.549176
1108.473341
1108.398211
1108.323786
1108.250067
1108.177058
1108.104758
1108.033167
1107.962287
1107.892117
1107.822657
1107.753907
1107.685865
1107.61853
1107.551899
1107.485973
1107.420746
1107.356216
1107.29238
1107.229234
1107.166773
1107.104993
1107.043889
1106.983458
1106.923693
1106.864588
1106.806137
1106.748337
1106.691178
1106.634657
1106.578765
1106.523498
1106.468847
1106.414806
1106.36137
1106.308529
1106.256276
1106.204603
1106.153495
1106.102937
1106.052893
1106.003328
1105.9541
1105.905068
1105.856155
1105.80585
524.1887773
821.1417967
1077.587288
1289.726256
1459.209005
1589.974781
1687.297726
1756.726376
1803.65743
1833.472788
1851.999991
1865.309495
1878.137321
1892.950513
1910.267583
1929.865413
1951.311882
1974.106356
1997.715461
2021.611562
2045.30811
2068.382537
2090.487345
2111.352201
2130.780369
2148.641779
2164.864075
2179.422802
2192.329889
2203.622231
2213.354666
2221.597882
2228.437449
2233.970771
2238.302504
2241.539942
2243.789042
2245.151587
2245.723393
2245.593129
2244.841762
2243.54246
2241.760542
2239.553812
2236.972718
2234.060525
2230.853715
2227.382764
2223.673458
2219.748117
2215.626396
2211.325751
2206.861896
2202.249286
2197.501937
2192.634297
2187.662001
2182.602612
2177.475767
2172.302913
2167.106651
2161.909568
2156.73322
2151.597044
2146.517626
2141.508389
2136.57946
2131.737884
2126.988077
2122.332177
2117.770639
2113.302603
2108.926303
2104.639495
2100.439659
2096.324311
2092.291137
2088.33812
2084.463596
2080.666264
2076.945113
2073.299454
2069.728763
2066.232617
2062.810699
2059.462641
2056.188064
2052.9865
2049.857357
2046.799954
2043.813515
2040.897089
2038.049678
2035.270155
2032.557211
2029.909415
2027.325235
2024.803173
2022.341743
2019.939467
2017.594999
2015.307109
2013.074619
2010.896009
2008.769557
2006.693848
2004.667465
2002.688936
2000.756771
1998.869534
1997.025773
1995.224182
1993.463483
1991.74253
1990.060308
1988.415845
1986.80829
1985.236763
1983.700159
1982.197565
1980.728279
1979.291587
1977.886799
1976.513155
1975.169898
1973.856272
1972.571486
1971.314771
1970.085358
1968.882496
1967.7055
1966.553701
1965.426446
1964.323144
1963.243093
1962.185549
1961.149918
1960.135708
1959.142498
1958.16981
1957.217239
1956.284349
1955.370714
1954.475876
1953.599431
1952.740941
1951.899977
1951.076119
1950.268958
1949.478074
1948.703085
1947.943608
1947.199292
1946.469647
1945.754249
1945.052753
1944.364914
1943.690411
1943.028803
1942.379735
1941.742925
1941.118019
1940.504701
1939.902625
1939.311425
1938.730804
1938.160462
1937.600099
1937.049506
1936.508436
1935.976696
1935.454139
1934.940577
1934.435901
1933.939975
1933.452656
1932.973796
1932.503278
1932.041272
1931.589129
1931.147557
1930.716275
1930.295042
1929.883632
1929.481825
1929.089402
1928.706152
1928.33186
1927.966324
1927.609338
1927.260707
1926.920239
1926.587742
1926.263021
1925.945892
1925.636169
1925.33366
1925.038165
1924.749483
1924.4674
1924.190969
1923.919574
1923.653416
1923.392588
1923.137112
1922.886959
1922.64207
1922.402369
1922.167719
1921.937982
1921.713048
1921.492823
1921.27724
1921.066204
1920.859613
1920.657412
1920.459538
1920.26592
1920.076485
1919.891141
1919.709817
1919.532456
1919.358988
1919.189339
1919.023425
1918.861159
1918.702447
1918.54719
1918.395289
1918.246643
1918.101152
1917.958715
1917.819239
1917.68263
1917.548803
1917.417676
1917.289176
1917.163233
1917.039782
1916.918769
1916.800143
1916.683858
1916.569874
1916.458155
1916.348673
1916.241398
1916.136307
1916.033382
1915.932601
1915.833949
1915.73741
1915.642973
1915.550624
1915.460352
1915.372143
1915.285988
1915.201875
1915.119792
1915.039728
1914.96167
1914.885604
1914.81152
1914.739399
1914.66923
1914.600995
1914.53468
1914.470264
1914.407734
1914.347068
1914.288251
1914.23126
1914.176075
1914.122677
1914.071044
1914.021155
1913.972987
1913.926517
1913.881724
1913.838583
1913.797074
1913.757171
1913.718851
1913.68209
1913.646865
1913.613153
1913.580929
1913.550169
1913.520849
1913.492946
1913.466435
1913.441291
1913.417487
1913.394989
1913.373762
1913.353746
1913.334849
1913.316944
1913.299571
1913.283525
1913.264896
4069.441132
4577.144902
4912.153848
5124.328726
5249.481638
5313.716874
5335.983708
5330.101928
5306.160682
5271.454422
5231.177644
5189.200957
5147.734976
5107.446896
5068.823637
5032.209849
4997.823667
4965.779473
4936.111367
4908.792403
4883.74985
4860.877358
4840.044874
4821.106785
4803.908591
4788.292548
4774.102109
4761.185445
4749.398157
4738.6051
4728.681818
4719.515428
4711.005084
4703.06207
4695.609367
4688.58103
4681.921282
4675.583431
4669.528896
4663.726184
4658.149849
4652.779684
4647.599879
4642.598297
4637.765878
4633.095989
4628.584012
4624.226914
4620.022858
4615.970935
4612.070894
4608.322885
4604.727268
4601.284394
4597.994413
4594.857178
4591.872036
4589.037733
4586.352359
4583.813197
4581.416772
4579.158819
4577.034318
4575.037619
4573.162457
4571.402158
4569.749778
4568.198177
4566.740245
4565.368996
4564.077672
4562.859874
4561.709551
4560.621115
4559.58944
4558.609833
4557.678053
4556.790245
4555.942922
4555.132919
4554.357328
4553.613497
4552.89901
4552.211583
4551.54913
4550.909723
4550.29156
4549.693002
4549.112511
4548.548671
4548.000228
4547.466013
4546.944967
4546.436166
4545.938745
4545.452031
4544.975485
4544.508582
4544.050865
4543.601881
4543.161191
4542.728434
4542.303227
4541.885283
4541.474627
4541.071446
4540.675828
4540.287729
4539.907048
4539.533672
4539.167456
4538.80825
4538.455907
4538.110243
4537.771117
4537.438359
4537.111761
4536.791168
4536.476521
4536.167913
4535.865488
4535.569261
4535.279226
4534.995367
4534.717639
4534.446044
4534.18058
4533.921238
4533.668013
4533.420888
4533.179864
4532.944945
4532.716092
4532.493255
4532.276407
4532.065623
4531.861051
4531.662766
4531.470808
4531.285179
4531.105863
4530.932872
4530.766204
4530.60585
4530.45182
4530.304143
4530.162824
4530.027874
4529.899311
4529.777129
4529.661316
4529.551861
4529.448751
4529.351973
4529.261577
4529.177637
4529.100129
4529.029026
4528.964337
4528.906119
4528.854421
4528.809212
4528.770443
4528.738071
4528.711993
4528.692124
4528.678395
4528.670683
4528.668891
4528.672919
4528.682633
4528.697945
4528.718734
4528.744877
4528.776278
4528.812824
4528.854444
4528.901059
4528.952594
4529.008774
4529.069095
4529.133159
4529.200711
4529.271609
4529.34582
4529.423365
4529.504242
4529.588504
4529.676199
4529.767369
4529.862075
4529.960357
4530.062231
4530.167722
4530.276906
4530.389877
4530.506695
4530.627383
4530.751937
4530.880347
4531.012594
4531.148643
4531.288475
4531.432063
4531.579361
4531.730332
4531.884948
4532.043161
4532.204913
4532.370154
4532.538828
4532.71089
4532.886278
4533.06492
4533.246801
4533.431904
4533.620197
4533.811674
4534.006323
4534.204125
4534.4051
4534.609231
4534.816501
4535.026864
4535.240265
4535.456669
4535.675992
4535.898172
4536.123158
4536.350868
4536.581233
4536.814184
4537.049627
4537.287481
4537.527665
4537.770094
4538.014673
4538.261295
4538.509886
4538.760357
4539.012595
4539.266509
4539.522007
4539.779013
4540.037436
4540.297177
4540.558172
4540.820323
4541.083546
4541.347767
4541.612911
4541.878904
4542.14567
4542.413149
4542.681283
4542.949991
4543.219191
4543.48885
4543.758916
4544.029338
4544.300062
4544.570986
4544.84206
4545.113266
4545.384575
4545.655948
4545.927309
4546.198577
4546.469703
4546.740674
4547.011495
4547.282139
4547.552514
4547.822521
4548.092112
4548.361317
4548.63014
4548.898537
4549.166432
4549.433732
4549.700408
4549.966465
4550.231907
4550.496695
4550.760747
4551.024015
4551.286459
4551.548078
4551.808854
4552.06875
4552.327718
4552.585716
4552.84273
4553.098803
4553.353745
4553.608218
4553.860255
4554.116852
4554.35594
4554.641446
)
;

boundaryField
{
    axis
    {
        type            empty;
    }
    inlet
    {
        type            fixedValue;
        value           uniform 250;
    }
    outlet
    {
        type            zeroGradient;
    }
    wall
    {
        beta1           0.075;
        blended         false;
        type            omegaWallFunction;
        value           nonuniform List<scalar> 
300
(
4069.441132
4577.144902
4912.153848
5124.328726
5249.481638
5313.716874
5335.983708
5330.101928
5306.160682
5271.454422
5231.177644
5189.200957
5147.734976
5107.446896
5068.823637
5032.209849
4997.823667
4965.779473
4936.111367
4908.792403
4883.74985
4860.877358
4840.044874
4821.106785
4803.908591
4788.292548
4774.102109
4761.185445
4749.398157
4738.6051
4728.681818
4719.515428
4711.005084
4703.06207
4695.609367
4688.58103
4681.921282
4675.583431
4669.528896
4663.726184
4658.149849
4652.779684
4647.599879
4642.598297
4637.765878
4633.095989
4628.584012
4624.226914
4620.022858
4615.970935
4612.070894
4608.322885
4604.727268
4601.284394
4597.994413
4594.857178
4591.872036
4589.037733
4586.352359
4583.813197
4581.416772
4579.158819
4577.034318
4575.037619
4573.162457
4571.402158
4569.749778
4568.198177
4566.740245
4565.368996
4564.077672
4562.859874
4561.709551
4560.621115
4559.58944
4558.609833
4557.678053
4556.790245
4555.942922
4555.132919
4554.357328
4553.613497
4552.89901
4552.211583
4551.54913
4550.909723
4550.29156
4549.693002
4549.112511
4548.548671
4548.000228
4547.466013
4546.944967
4546.436166
4545.938745
4545.452031
4544.975485
4544.508582
4544.050865
4543.601881
4543.161191
4542.728434
4542.303227
4541.885283
4541.474627
4541.071446
4540.675828
4540.287729
4539.907048
4539.533672
4539.167456
4538.80825
4538.455907
4538.110243
4537.771117
4537.438359
4537.111761
4536.791168
4536.476521
4536.167913
4535.865488
4535.569261
4535.279226
4534.995367
4534.717639
4534.446044
4534.18058
4533.921238
4533.668013
4533.420888
4533.179864
4532.944945
4532.716092
4532.493255
4532.276407
4532.065623
4531.861051
4531.662766
4531.470808
4531.285179
4531.105863
4530.932872
4530.766204
4530.60585
4530.45182
4530.304143
4530.162824
4530.027874
4529.899311
4529.777129
4529.661316
4529.551861
4529.448751
4529.351973
4529.261577
4529.177637
4529.100129
4529.029026
4528.964337
4528.906119
4528.854421
4528.809212
4528.770443
4528.738071
4528.711993
4528.692124
4528.678395
4528.670683
4528.668891
4528.672919
4528.682633
4528.697945
4528.718734
4528.744877
4528.776278
4528.812824
4528.854444
4528.901059
4528.952594
4529.008774
4529.069095
4529.133159
4529.200711
4529.271609
4529.34582
4529.423365
4529.504242
4529.588504
4529.676199
4529.767369
4529.862075
4529.960357
4530.062231
4530.167722
4530.276906
4530.389877
4530.506695
4530.627383
4530.751937
4530.880347
4531.012594
4531.148643
4531.288475
4531.432063
4531.579361
4531.730332
4531.884948
4532.043161
4532.204913
4532.370154
4532.538828
4532.71089
4532.886278
4533.06492
4533.246801
4533.431904
4533.620197
4533.811674
4534.006323
4534.204125
4534.4051
4534.609231
4534.816501
4535.026864
4535.240265
4535.456669
4535.675992
4535.898172
4536.123158
4536.350868
4536.581233
4536.814184
4537.049627
4537.287481
4537.527665
4537.770094
4538.014673
4538.261295
4538.509886
4538.760357
4539.012595
4539.266509
4539.522007
4539.779013
4540.037436
4540.297177
4540.558172
4540.820323
4541.083546
4541.347767
4541.612911
4541.878904
4542.14567
4542.413149
4542.681283
4542.949991
4543.219191
4543.48885
4543.758916
4544.029338
4544.300062
4544.570986
4544.84206
4545.113266
4545.384575
4545.655948
4545.927309
4546.198577
4546.469703
4546.740674
4547.011495
4547.282139
4547.552514
4547.822521
4548.092112
4548.361317
4548.63014
4548.898537
4549.166432
4549.433732
4549.700408
4549.966465
4550.231907
4550.496695
4550.760747
4551.024015
4551.286459
4551.548078
4551.808854
4552.06875
4552.327718
4552.585716
4552.84273
4553.098803
4553.353745
4553.608218
4553.860255
4554.116852
4554.35594
4554.641446
)
;
    }
    wedgeLow
    {
        type            wedge;
    }
    wedgeHigh
    {
        type            wedge;
    }
}


// ************************************************************************* //
