/*--------------------------------*- C++ -*----------------------------------*\
  =========                 |
  \\      /  F ield         | OpenFOAM: The Open Source CFD Toolbox
   \\    /   O peration     | Website:  https://openfoam.org
    \\  /    A nd           | Version:  11
     \\/     M anipulation  |
\*---------------------------------------------------------------------------*/
FoamFile
{
    format      ascii;
    class       volScalarField;
    location    "0.25";
    object      p;
}
// * * * * * * * * * * * * * * * * * * * * * * * * * * * * * * * * * * * * * //

dimensions      [0 2 -2 0 0 0 0];

internalField   nonuniform List<scalar> 
1800
(
-0.329574778
-0.3234111702
-0.3071077925
-0.2824483873
-0.2561937342
-0.2315949808
-0.2095836087
-0.190030441
-0.1723439549
-0.1560928299
-0.3658394794
-0.3595165038
-0.3415318676
-0.3143811169
-0.2856520174
-0.2588551053
-0.2349969994
-0.2140259127
-0.1954774195
-0.1789131663
-0.3983747108
-0.3918909191
-0.3722010471
-0.3426270146
-0.3114812925
-0.2824589074
-0.2565859312
-0.2337964285
-0.2135217004
-0.1951262351
-0.4260571714
-0.4194399533
-0.3981476204
-0.3664126105
-0.3331837652
-0.302305148
-0.2747995379
-0.2505740765
-0.2289390011
-0.2089769513
-0.4475506143
-0.4408246918
-0.4180294662
-0.3843794961
-0.3493433784
-0.3168609936
-0.2879256946
-0.2624199446
-0.2395493882
-0.2181229891
-0.4617964393
-0.4550202251
-0.4309133681
-0.3957096089
-0.3592674519
-0.3255776737
-0.295581261
-0.269136617
-0.2453485259
-0.2226046477
-0.4677998562
-0.4610457487
-0.4358598568
-0.3995079979
-0.3620971878
-0.3276270609
-0.2969622101
-0.2699376392
-0.2456125904
-0.2217444594
-0.4648545455
-0.458215961
-0.4322119401
-0.3951296249
-0.357179014
-0.3223452453
-0.2913906494
-0.2641375126
-0.2398151883
-0.2150399951
-0.452611952
-0.4461957839
-0.4196204166
-0.3821903089
-0.3440045979
-0.3090561628
-0.2779517923
-0.2505317621
-0.2268234934
-0.2001783795
-0.4311254048
-0.4250631643
-0.3982439865
-0.3608808614
-0.3228308236
-0.2880972625
-0.2571443133
-0.2290967876
-0.2067611549
-0.1763387818
-0.01271159153
-0.005756685687
-0.0002045997299
0.00508480433
0.009808178094
0.01361227793
0.01647973499
0.01857874417
0.02009756637
0.02112185209
-0.02673780988
-0.02019510629
-0.01432831722
-0.008265692121
-0.002518018372
0.002335299637
0.006177570314
0.009158010239
0.01149632791
0.01340856279
-0.04658422454
-0.04035544867
-0.03397292135
-0.02680572366
-0.01969004184
-0.01346982094
-0.008367195875
-0.004254223127
-0.0008741691843
0.002155670285
-0.07179011942
-0.0658012344
-0.05870789395
-0.05011840866
-0.04132572983
-0.03345948211
-0.02684903536
-0.02139006384
-0.01678479569
-0.01244724971
-0.1017241167
-0.09589736587
-0.08794082203
-0.07764194714
-0.0669023583
-0.05714977396
-0.04882202759
-0.04183999387
-0.03586280221
-0.03006572069
-0.1355989323
-0.1298897933
-0.1209001452
-0.1086539696
-0.09574029695
-0.08389974089
-0.07368054668
-0.06503007951
-0.05756448693
-0.05018599077
-0.1724947174
-0.166866741
-0.1566780983
-0.1422832039
-0.1270069692
-0.1129119309
-0.1006554268
-0.09021224471
-0.08115761119
-0.07208928048
-0.2114764704
-0.2058142091
-0.194263042
-0.1775337073
-0.1597330115
-0.1432431362
-0.1288246806
-0.116478806
-0.1057401642
-0.09487507098
-0.2512914317
-0.2455336101
-0.2325191119
-0.2132859442
-0.1928005702
-0.1737673665
-0.157047825
-0.1426642438
-0.1300969984
-0.1172739136
-0.2910156852
-0.2850196059
-0.270420454
-0.2484911053
-0.2251206699
-0.2033194361
-0.1840306883
-0.1672684076
-0.1524225577
-0.1372174886
0.0178923905
0.01367249936
0.00716421433
0.003567221446
0.001758898247
0.0008371871858
0.0003815636763
0.0001697549524
5.83658265e-05
7.242573526e-06
0.01637143038
0.0141357618
0.007063306334
0.003757248712
0.001935928946
0.0009625163729
0.0004660962891
0.000223251556
8.871125244e-05
1.485663112e-05
0.01289691688
0.01389949674
0.006566474344
0.003787222834
0.002040113637
0.0010518008
0.0005328443532
0.0002680234589
0.0001150482348
2.138641154e-05
0.007250746881
0.01296088358
0.005725288445
0.003651620921
0.002069736407
0.001104105001
0.0005808791864
0.0003034414364
0.0001370026059
2.677216776e-05
-0.0007324514788
0.01129111288
0.004595737325
0.003347721997
0.002022615678
0.001118558474
0.0006093596613
0.0003288193607
0.0001541350861
3.116981518e-05
-0.01108829989
0.008803141382
0.00322055509
0.002877139994
0.001895745023
0.001094103908
0.0006175044432
0.00034347705
0.0001664642342
3.483077507e-05
-0.02368268273
0.005379115086
0.001641699092
0.002248407118
0.001686229943
0.001029498337
0.0006046076554
0.0003470547399
0.0001738504946
3.790332737e-05
-0.0383230416
0.001003716697
-7.146868627e-05
0.001484276801
0.001395133968
0.0009240036465
0.0005701130384
0.000339441731
0.0001761428865
4.044084411e-05
-0.05540636783
-0.00477951707
-0.002106258346
0.000506665729
0.0009846151491
0.0007624267041
0.0005084416578
0.0003186266421
0.0001733391594
4.284622706e-05
-0.07613465767
-0.01280096012
-0.005187449751
-0.0009616511272
0.0003383189212
0.0004976323859
0.0004038469967
0.0002800502788
0.0001642648187
4.581682745e-05
-0.07431162484
-0.01638276617
-0.00558450189
-0.001351189002
0.0001492381732
0.0004360090501
0.0003965993621
0.0002882300256
0.0001787603033
6.050989589e-05
-0.07194019983
-0.02247729139
-0.009324323803
-0.003350091704
-0.0008352180959
-2.305139563e-05
0.000190963992
0.0001993862347
0.0001488200648
5.739817098e-05
-0.06729615695
-0.02397311439
-0.01061078237
-0.004436670992
-0.001517245489
-0.0003865918346
1.516434675e-05
0.0001197382847
0.0001210630336
5.332766583e-05
-0.06220886471
-0.02502190455
-0.01173734271
-0.005375816237
-0.002132978901
-0.0007312535759
-0.000159505652
3.670450227e-05
8.956913441e-05
4.716966856e-05
-0.05701520417
-0.02517200088
-0.0125002726
-0.006111979369
-0.002658876845
-0.001043164253
-0.0003249433429
-4.520589017e-05
5.674809095e-05
3.982949793e-05
-0.0521453748
-0.02482696499
-0.01300970194
-0.006677248508
-0.003092769051
-0.001313140885
-0.0004736201882
-0.000121245936
2.510492871e-05
3.219183042e-05
-0.04789761011
-0.02424408596
-0.01331656779
-0.007091514134
-0.003433733463
-0.001534401248
-0.000599433719
-0.0001873544233
-3.216828942e-06
2.497827939e-05
-0.04450582678
-0.02361221651
-0.01342802712
-0.007335508442
-0.003653187769
-0.001680561626
-0.0006824253606
-0.0002300636628
-2.012145555e-05
2.14419196e-05
-0.04253435302
-0.02342472528
-0.0137320151
-0.007691380307
-0.003945320059
-0.00188236818
-0.0008093558233
-0.0003052367981
-5.899483351e-05
8.864418159e-06
-0.04076999216
-0.02284794731
-0.01353803301
-0.007629992792
-0.003927593343
-0.001871653203
-0.0007978239452
-0.0002943301679
-4.979007911e-05
1.28817757e-05
-0.2152808437
-0.2202635418
-0.219377607
-0.2154343753
-0.2087761329
-0.1992680019
-0.1873057761
-0.1727134192
-0.1569397159
-0.1353721882
-0.1006837252
-0.118751193
-0.1311815467
-0.1387257881
-0.1417625559
-0.1409810151
-0.1368498947
-0.1307683494
-0.122448596
-0.1144848428
-0.1136233972
-0.1235390923
-0.1298837936
-0.1328768964
-0.1327724812
-0.1301181471
-0.1252994782
-0.1192461877
-0.1117952853
-0.1046287685
-0.06642378926
-0.08049345178
-0.0911423463
-0.09849507627
-0.1027076415
-0.1040938735
-0.1029108717
-0.1000719203
-0.09548798442
-0.09074837424
-0.06215249397
-0.0714652366
-0.07835323168
-0.08321383493
-0.086107681
-0.08722995001
-0.08662631995
-0.08480272279
-0.08159377524
-0.07816882423
-0.04399770002
-0.05481430002
-0.06312805599
-0.06881112768
-0.07227842774
-0.07391798245
-0.07393310218
-0.0727740445
-0.07043461731
-0.06780317795
-0.03604735564
-0.04547729357
-0.05293676715
-0.05840086725
-0.06196496087
-0.06384246204
-0.0642427395
-0.06351023824
-0.06173422508
-0.0596251595
-0.0291104095
-0.03827742163
-0.04554674467
-0.05093832453
-0.05455885583
-0.05658575258
-0.05723217237
-0.05677034397
-0.05534000545
-0.0535368546
-0.02475818628
-0.03369133945
-0.04081196359
-0.04615325228
-0.04981911826
-0.05196280983
-0.0527948772
-0.05254781632
-0.05139332339
-0.04986189104
-0.02239937766
-0.03116246368
-0.03817342825
-0.04346027161
-0.04712229281
-0.04929555969
-0.05018026125
-0.049976858
-0.0488673228
-0.0473578468
0.2355410516
0.2233408499
0.2124972586
0.201812229
0.1901061961
0.1768999117
0.1623190559
0.1477723883
0.1382591962
0.139101287
0.1858422187
0.1742106166
0.1626763623
0.1505463605
0.1368015702
0.1210519158
0.1035388499
0.08591800211
0.07385098386
0.07379500861
0.1324711568
0.1206718996
0.1081825435
0.09462499516
0.07907644249
0.06113975507
0.04107813649
0.02071582921
0.006243865661
0.005370617885
0.08202042673
0.06864583578
0.05436217696
0.03880585514
0.02099356941
0.0005009643422
-0.02238378103
-0.04565389691
-0.06266332048
-0.06431554348
0.03449029342
0.01887796597
0.002468863007
-0.01531760112
-0.03561748574
-0.05887109454
-0.08474793891
-0.1110049147
-0.1306077568
-0.1329459577
-0.01055483211
-0.02849760414
-0.04697666245
-0.06693617235
-0.08967917161
-0.1156361682
-0.1444267697
-0.173505871
-0.1956084295
-0.1984448312
-0.05272405304
-0.07291904358
-0.09323282742
-0.1151520178
-0.1401313447
-0.1685642352
-0.2000308855
-0.2315737365
-0.2560337656
-0.2590732828
-0.09106540025
-0.1135451273
-0.1353921387
-0.1590097779
-0.1859536261
-0.2165449433
-0.2503764152
-0.2838982696
-0.3105349544
-0.313412054
-0.1247545331
-0.1496799147
-0.1725621828
-0.1976109373
-0.2262237147
-0.2585815838
-0.2943603735
-0.3294488477
-0.3573443575
-0.3612223727
-0.1529195333
-0.1808862522
-0.2040244806
-0.230431505
-0.2604712368
-0.2942272888
-0.3316189261
-0.3682908602
-0.3951848103
-0.4005768294
0.464052809
0.4698415019
0.4765512976
0.4835179223
0.4903726678
0.4969641585
0.5031517852
0.5088817422
0.514335819
0.5190022759
0.45862218
0.4642621856
0.4708132746
0.4775913155
0.4842242734
0.4905623921
0.4964897534
0.502048348
0.5075687642
0.5127314383
0.448131787
0.4533735514
0.459440344
0.4656665777
0.4716883887
0.4773516186
0.4825638284
0.4874790106
0.4926532836
0.4980767345
0.4327046287
0.4373375367
0.4426247214
0.447961433
0.4530067422
0.4575974606
0.4616616912
0.4654802761
0.4699546367
0.4753816553
0.4125186597
0.4163623697
0.4206088854
0.4247508636
0.4284842815
0.4316339504
0.4341449045
0.4364297471
0.439865907
0.4450850172
0.3878113328
0.3907142754
0.3936881071
0.3963575229
0.3984711791
0.3998399771
0.4004247784
0.4007701764
0.4027662097
0.4075016415
0.358954887
0.3608762713
0.3624228593
0.3633863846
0.3636003541
0.3628728741
0.3611919587
0.3592537337
0.3595120636
0.3637060538
0.3265494898
0.3273670703
0.327243376
0.3262186561
0.3242440856
0.3211212537
0.3168609666
0.312321544
0.3105643731
0.314091935
0.2924777418
0.2922717303
0.290165386
0.286707287
0.2820779443
0.2760941607
0.2688007239
0.2612401346
0.2571121843
0.259816585
0.2572278021
0.2542468887
0.2493448053
0.2432106315
0.2358380414
0.2269019315
0.2164572034
0.2057410739
0.1991319215
0.2009707058
0.3974266278
0.2692356405
0.4275863795
0.2914495614
0.3827702538
0.3561533851
0.3633461634
0.3765912247
0.3952996394
0.4421067322
0.3966009675
0.2681977058
0.4267600576
0.2900673418
0.381505895
0.3543843491
0.3612664336
0.3735223484
0.3927879328
0.4345844246
0.3957664183
0.2670036841
0.4260773803
0.2883438889
0.3803233882
0.3523092325
0.3586999713
0.3698386433
0.3883607994
0.4243682692
0.3949134876
0.2656736853
0.4255267363
0.2862907498
0.3792329644
0.3499096834
0.3556558441
0.3655064797
0.382189935
0.4113701703
0.3940456827
0.2642377153
0.4250884203
0.2839254533
0.3782486783
0.3471584799
0.352154025
0.3604749535
0.374371765
0.3955575812
0.3931622129
0.2627324593
0.42473439
0.2812728418
0.3773847768
0.3440220788
0.3482246546
0.3547067589
0.364978532
0.3769177009
0.3922593363
0.261199435
0.4244286383
0.2783664009
0.3766512687
0.3404642579
0.3439026454
0.3481782275
0.3540852926
0.3552483603
0.3913431819
0.2596816872
0.4241277474
0.2752502545
0.3760509249
0.3364530032
0.3392118907
0.340906098
0.3416797758
0.3307251073
0.3903940827
0.2582196206
0.4237787609
0.2719855315
0.3755847981
0.3319940474
0.334240806
0.3329002625
0.3272274658
0.3018463291
0.3894730628
0.2568915739
0.4233251568
0.2686365531
0.3752600874
0.3272099275
0.3293804179
0.3253928962
0.3134419495
0.2733372065
0.3881785721
0.2550418271
0.4222597014
0.2652417735
0.3725767825
0.3213035482
0.3211983537
0.3115291362
0.2906053379
0.2163104
0.3872008207
0.2526169519
0.4207913925
0.2623415371
0.3680556702
0.3162688449
0.3125342438
0.2992358619
0.2720995842
0.2019656496
0.3861783633
0.2504017821
0.4192694199
0.2596436064
0.3637404832
0.3115128939
0.3046246314
0.2884370509
0.2570311086
0.1905181213
0.3851942271
0.2484319984
0.4177732803
0.2571948416
0.3597680543
0.3071573846
0.2976016059
0.2791104108
0.2444989918
0.1821752239
0.3842820896
0.2467185323
0.4163747278
0.2550294718
0.356236473
0.3033000707
0.2915754386
0.2712509335
0.2344961036
0.176365438
0.3834720004
0.2452720905
0.4151295342
0.2531765132
0.3532130398
0.3000047537
0.2865730307
0.2648046676
0.2267930779
0.1721442795
0.3827909053
0.2441023168
0.4140824843
0.251662312
0.350746414
0.2973209494
0.2825954333
0.2597215915
0.2210611298
0.1690612233
0.3822538983
0.2432131184
0.4132561098
0.2504959761
0.3488545055
0.2952625259
0.2796092269
0.2559414902
0.2170037705
0.1667744302
0.3819151448
0.2426544259
0.4127501522
0.2497726193
0.3476794215
0.294006984
0.2778006189
0.2536756974
0.2147047783
0.1656164544
0.3816813609
0.2422994496
0.4123813557
0.2492961201
0.3468795693
0.2931644363
0.2765891167
0.2521458592
0.2131408295
0.1645885289
0.179420501
0.1249896074
0.07173212217
0.02268488607
-0.02330713389
-0.06696308288
-0.1078579613
-0.1448496528
-0.1765903663
-0.2011948128
0.1533382992
0.1222522137
0.09096504183
0.06257686965
0.0355547895
0.009243740654
-0.01542301097
-0.03761030291
-0.0576502153
-0.07627869565
0.1411296819
0.1156238049
0.08674668979
0.05749123953
0.02856028273
5.803346963e-05
-0.02769579129
-0.0542600389
-0.07875656853
-0.09952986464
0.1338073549
0.1122416706
0.08835076722
0.06429952364
0.04123926472
0.01956496692
-0.0003522972952
-0.0182697186
-0.03451789272
-0.04998043737
0.1297725589
0.1107955436
0.0901509394
0.06877524675
0.04762543181
0.02680447175
0.00625780691
-0.0139045379
-0.03306809483
-0.04972660225
0.1275751763
0.1101781148
0.09153031652
0.07194104278
0.05230370134
0.03304131241
0.01445127675
-0.002806406466
-0.01803104674
-0.03141855935
0.1264030003
0.1099830562
0.09261607789
0.0743014954
0.0558714928
0.03785590316
0.02054053045
0.004255894237
-0.01081266758
-0.02450228704
0.1256974124
0.1098945648
0.09334044554
0.07588861081
0.05831678529
0.04116483512
0.02467945599
0.009117668357
-0.005235871794
-0.01805639237
0.125633514
0.1101208257
0.09397065973
0.07697935
0.05989506207
0.04325474545
0.02729117512
0.01224456267
-0.001615738049
-0.01402754958
0.1250450843
0.1095387171
0.09355951677
0.07684673559
0.06008696965
0.04380389373
0.0282174335
0.01355375594
9.470899722e-05
-0.01193534163
-0.8480355688
-0.8171148502
-0.7681882797
-0.7150071301
-0.6674463573
-0.6270485253
-0.5936562724
-0.5663633108
-0.5441871109
-0.5274477674
-0.8290736265
-0.7990277432
-0.7515741396
-0.6991258541
-0.6516491714
-0.6110798375
-0.5774316779
-0.5500724356
-0.5282585014
-0.5093718116
-0.7870124228
-0.7581475673
-0.7128346819
-0.6617754551
-0.6147645459
-0.5738949197
-0.5391064785
-0.5096625842
-0.4865744069
-0.4784041779
-0.7279189615
-0.7005647132
-0.6583050803
-0.6100497128
-0.5652556779
-0.5262580629
-0.493229631
-0.4655967949
-0.4438600903
-0.4350919934
-0.657575709
-0.6319193342
-0.5931205164
-0.5483314195
-0.5063105509
-0.469347315
-0.4375918071
-0.4103285045
-0.3877119643
-0.3769996548
-0.5812824987
-0.5574218283
-0.5223356419
-0.4816018084
-0.4430963697
-0.4090019467
-0.3795149868
-0.3540157374
-0.3327159016
-0.3239197525
-0.5036839701
-0.4816698534
-0.450452414
-0.4142874308
-0.3800285442
-0.3496743789
-0.323429958
-0.3007571476
-0.2818385353
-0.2750398192
-0.4281391509
-0.4079408759
-0.3804911089
-0.3489979318
-0.3192022458
-0.2928569285
-0.2701352968
-0.2505773852
-0.2343886249
-0.2294774558
-0.3567940265
-0.3383132731
-0.3143305597
-0.287264501
-0.2617288917
-0.2391985875
-0.2197837702
-0.2030639216
-0.1892255186
-0.1861279612
-0.2910520694
-0.2741823069
-0.2533288848
-0.2303211745
-0.2086939749
-0.1896219068
-0.1731190551
-0.1587119698
-0.1462473432
-0.1424871916
-0.2316950547
-0.216319122
-0.1983046138
-0.178972185
-0.1609086855
-0.1449920904
-0.1311823567
-0.1190788191
-0.1081202435
-0.09839974471
-0.1792749101
-0.1652688172
-0.1498873135
-0.1339439973
-0.119285513
-0.1065401461
-0.0956158708
-0.08620536619
-0.07793303619
-0.07027421014
-0.1338681169
-0.1210813623
-0.1080272857
-0.09503102777
-0.08335991366
-0.07342119928
-0.06505911139
-0.05798905675
-0.05193854085
-0.04655304716
-0.09533847355
-0.08361948431
-0.07254998056
-0.06200089745
-0.05280254307
-0.04517793434
-0.0389200796
-0.03375502475
-0.0294628968
-0.02588030171
-0.06358015744
-0.05280163469
-0.04339330304
-0.03482334939
-0.02761001493
-0.02183276612
-0.01725598268
-0.01361834996
-0.01073667296
-0.008577939928
-0.03853778726
-0.02859528572
-0.02054216887
-0.01351467145
-0.00781890005
-0.003438357724
-0.0001306529637
0.002352330035
0.004169228159
0.005270647436
-0.02018225944
-0.01098669068
-0.003992730477
0.001906188888
0.006541548569
0.009968262334
0.0124155178
0.01411798533
0.01522131396
0.01563260576
-0.008487791226
3.975132778e-05
0.006262152954
0.01143371597
0.01545542695
0.01836243449
0.02035155764
0.02164400558
0.02238520826
0.02248013732
-0.003409823402
0.004521690476
0.01025263792
0.0150872199
0.01892708066
0.02173117844
0.02364254086
0.02486412207
0.02554309105
0.02560520433
-0.004864866397
0.002542185585
0.008053144113
0.01293290436
0.0170136484
0.02012522943
0.02233976745
0.02384362125
0.02480128921
0.02520409214
-0.0481175229
-0.03137544982
-0.01478869623
-0.007228800972
-0.003810558696
-0.002104195701
-0.001209422371
-0.0006858843134
-0.0003764309677
-0.0001207928075
-0.03403054411
-0.0223563368
-0.009889637831
-0.004858050941
-0.002799635689
-0.001675025236
-0.001005221116
-0.0005875358899
-0.0003299006374
-0.000105450086
-0.02205899291
-0.01584350513
-0.006899615912
-0.003587596286
-0.002090220557
-0.001296935135
-0.000810143869
-0.0004884875431
-0.00028188303
-9.027111148e-05
-0.01244224721
-0.009735215092
-0.003832951136
-0.002033612556
-0.001371427046
-0.0009320460416
-0.0006205249551
-0.0003907390378
-0.0002337361091
-7.53558951e-05
-0.004271438413
-0.004166676511
-0.001103488121
-0.0007778324091
-0.0007347288806
-0.0005948219581
-0.0004408485375
-0.0002958482936
-0.0001862250101
-6.090957311e-05
0.002606102999
0.0006958072812
0.001259820178
0.000322596159
-0.0001582743881
-0.0002830531337
-0.0002715662707
-0.0002045686784
-0.0001398778362
-4.713182199e-05
0.008266225338
0.004794631823
0.003257336472
0.001274406539
0.000356266267
1.503884518e-06
-0.0001137642901
-0.0001177598321
-9.520567882e-05
-3.419179059e-05
0.01272137575
0.008096734962
0.004867133212
0.002075347215
0.000807296755
0.0002574844311
3.154214018e-05
-3.622411863e-05
-5.267144155e-05
-2.221592041e-05
0.01590212481
0.01066748171
0.006066222685
0.002724544116
0.001192750283
0.0004832012982
0.0001632333332
3.932282418e-05
-1.267680763e-05
-1.128926014e-05
0.01767438628
0.01251754341
0.006835200924
0.003222076234
0.001510597371
0.0006769553171
0.000280256756
0.0001082092517
2.444063716e-05
-1.467587975e-06
-0.0880520504
-0.04438000282
-0.02327834009
-0.01173776886
-0.006037019062
-0.003194915033
-0.001725319339
-0.0009325983182
-0.0004931250502
-0.0001595549783
-0.08613401965
-0.04369130648
-0.02271447479
-0.011420534
-0.005881210532
-0.003112885988
-0.001684951192
-0.0009129273327
-0.0004839129923
-0.0001567420076
-0.08191839876
-0.04204589139
-0.02150837093
-0.01076377623
-0.005544552897
-0.002964618087
-0.001618810935
-0.0008835445961
-0.0004708126373
-0.0001528577708
-0.07623746257
-0.03966903532
-0.01985732552
-0.009901914395
-0.005150735709
-0.002752463419
-0.001518837478
-0.0008372916715
-0.0004490733505
-0.0001459106103
-0.06195413196
-0.03386335878
-0.01677769412
-0.008313530453
-0.004396392103
-0.002455990674
-0.001386143382
-0.0007754025191
-0.0004200232777
-0.0001363383665
-0.4995642025
-0.5093054277
-0.4782171691
-0.4626776959
-0.4161019548
-0.3593450416
-0.303782464
-0.2546489924
-0.2095445343
-0.1744907146
-0.5015118504
-0.5103764896
-0.4796535249
-0.4638893152
-0.4147925601
-0.3570815946
-0.3015853962
-0.2527804016
-0.2082813639
-0.1740491743
-0.5046038979
-0.5108249022
-0.4799854518
-0.4683880006
-0.4166964249
-0.3580997685
-0.3025166118
-0.2532592879
-0.20836344
-0.1735901746
-0.4922583744
-0.4877850034
-0.4565121552
-0.4724512778
-0.4157645166
-0.3566193841
-0.3026585232
-0.2540195978
-0.2083811429
-0.1719889035
-0.5203132971
-0.4961450145
-0.4163770215
-0.3971627081
-0.3292948532
-0.2670388014
-0.2189795672
-0.1805264869
-0.1510517087
-0.1357138139
0.2159791581
0.209053177
0.1989502294
0.1871337003
0.173870083
0.1586714898
0.1410929899
0.1214775991
0.1030553467
0.09008415384
0.2623030576
0.2590063785
0.2529240294
0.2451324689
0.2359716426
0.2251104926
0.2121685719
0.1973884645
0.1832335036
0.1731287827
0.3063057568
0.3048593882
0.3015625327
0.2970150878
0.2913687344
0.2843154557
0.2755012765
0.2650535961
0.2547658293
0.2473389208
0.3459888401
0.3461365555
0.3451538273
0.3433146028
0.3406273103
0.3368113241
0.3315435056
0.3248446066
0.3179483759
0.3129331397
0.3803404267
0.3818999274
0.3828805264
0.3833370461
0.3831710839
0.3821281086
0.3799121439
0.376446885
0.372524346
0.3696526024
0.4089479348
0.4117315572
0.4143907982
0.4167951734
0.418761192
0.4200596476
0.4204214818
0.4196938545
0.4183519074
0.4173364061
0.4315839447
0.4354076285
0.4394756205
0.4434963265
0.4472196764
0.4504403585
0.4529162687
0.4544497118
0.4553014716
0.4558438806
0.448261648
0.452922698
0.458116515
0.4634139759
0.4685145361
0.4732332642
0.4773549794
0.480677454
0.4833425319
0.4851273121
0.459108758
0.4643816254
0.4703986598
0.47661915
0.4827050035
0.4884862288
0.4937723925
0.4983878162
0.5024310211
0.5053640523
0.4643221207
0.4699655389
0.4764888465
0.4832670588
0.4899375399
0.4963419909
0.5023153465
0.5077308291
0.5126993279
0.5166193874
-0.5261418912
-0.541191882
-0.5619525146
-0.5880661543
-0.6203701715
-0.6597820583
-0.7065613227
-0.7596107576
-0.8090594675
-0.8403682009
-0.4963549677
-0.5096706392
-0.5297184108
-0.555172489
-0.5866869354
-0.6252572815
-0.6711684713
-0.7237999532
-0.7732700502
-0.8044517277
-0.4346171624
-0.447507481
-0.4684590514
-0.4952241742
-0.5272897463
-0.565526327
-0.6105803546
-0.6623455417
-0.7114578682
-0.742189571
-0.35674851
-0.371255611
-0.3918262826
-0.4182362148
-0.4496986882
-0.4868268137
-0.5303611707
-0.5801711823
-0.6266692579
-0.6580326341
-0.2649091245
-0.2816244721
-0.3022055831
-0.3279894578
-0.3585050396
-0.3941753862
-0.4356437941
-0.4825313376
-0.5262189789
-0.5560166263
-0.1685784804
-0.1866050233
-0.2069594756
-0.2317197059
-0.2606584871
-0.2941428126
-0.3327375479
-0.3759435749
-0.416206575
-0.4437382025
-0.07495985892
-0.09293463329
-0.112159263
-0.1350898628
-0.161689641
-0.1922665271
-0.2272998159
-0.2662381201
-0.3024717383
-0.3273165114
0.013174772
-0.003814571468
-0.02138862108
-0.04195908474
-0.06570498045
-0.09290927228
-0.123962569
-0.1582935327
-0.1901715296
-0.2120999629
0.0964583313
0.08040003022
0.06402394884
0.0455943184
0.02465751352
0.0008427863548
-0.02619740516
-0.05591168156
-0.08342554111
-0.1023831943
0.1704720936
0.1561932556
0.1405875936
0.1239684376
0.1058499894
0.08559500998
0.06275559419
0.03777243056
0.01465343248
-0.001332241242
0.4035655737
0.2729533432
0.4405969243
0.2880587083
0.4014414138
0.3544652996
0.3630363149
0.3688232553
0.3516053607
0.3277794831
0.4032759555
0.2727222257
0.439439795
0.2893747123
0.3989470002
0.3563453134
0.3634695162
0.3717887626
0.3578333395
0.3526297396
0.4028975074
0.2725482488
0.4381127476
0.2906070281
0.3965894216
0.3580618911
0.3646731375
0.3756970637
0.3656833524
0.3813143249
0.4024228604
0.2724047095
0.4366797337
0.2916938624
0.3943784578
0.3592757208
0.3654920401
0.378504015
0.372064408
0.4039288701
0.4018685929
0.2722523589
0.4351978448
0.2925700399
0.3923254113
0.3600102368
0.3662672598
0.3805655726
0.3778175973
0.4213286086
0.4012417125
0.2720515859
0.4337164934
0.293186856
0.3904289325
0.3602932584
0.366796108
0.381821661
0.3830909632
0.4342938997
0.4005540773
0.271765462
0.4322793886
0.2935078699
0.3886771297
0.3601593513
0.3669779282
0.3822728735
0.3877648082
0.4429773359
0.3998172481
0.271361727
0.4309231625
0.2935073997
0.3870524836
0.3596477004
0.3667405451
0.3819439325
0.3916879311
0.4477149794
0.3990411978
0.270814837
0.4296765054
0.2931690811
0.3855363537
0.358793974
0.3660666101
0.380853373
0.3945572683
0.4489247051
0.3982407259
0.2701084204
0.4285600244
0.2924841048
0.3841125413
0.3576243202
0.3649417327
0.379047467
0.3958319535
0.4469465293
0.4046911606
0.2727645216
0.4426469065
0.2870289585
0.4018505606
0.3510488485
0.3562805398
0.3537683244
0.3237727458
0.2817945149
0.4045719153
0.272798731
0.4425262675
0.2870421019
0.4019738902
0.3512444463
0.3568688287
0.3549232535
0.3257940236
0.2851648702
0.4043728178
0.2728767375
0.4422853746
0.2871019682
0.4021375291
0.3514862995
0.3578488425
0.3569103308
0.3293716064
0.2910415295
0.4040675781
0.2729883409
0.4419104313
0.2871785322
0.402360982
0.3520398579
0.3593041493
0.3597759301
0.3346895701
0.3001877827
0.4036731722
0.2731359709
0.4413973982
0.2872783728
0.4026050619
0.3523518326
0.3608810156
0.3632521246
0.3409913269
0.3196992375
0.1862271779
0.1412412264
0.0831256182
0.01174314507
-0.07003314488
-0.1598523986
-0.2535424599
-0.3423944412
-0.4147498882
-0.4716156067
0.1914511941
0.1470518968
0.08940990709
0.01859319783
-0.06296946991
-0.1532461252
-0.2483355001
-0.340070066
-0.4142761199
-0.4727400636
0.1992730272
0.1539420279
0.09669851484
0.02668818295
-0.05545809202
-0.1475100528
-0.2448144771
-0.3403932083
-0.4159190482
-0.4750149217
0.2091554691
0.1586039939
0.09521734725
0.02199746502
-0.061534573
-0.1531272088
-0.2482063742
-0.3610481401
-0.4263147187
-0.4719359401
0.2027170873
0.1498084728
0.08227625597
0.006959594467
-0.07767579296
-0.1704565881
-0.2669229111
-0.3943378109
-0.4947731991
-0.5194434077
)
;

boundaryField
{
    left
    {
        type            zeroGradient;
    }
    right
    {
        type            fixedValue;
        value           uniform 0;
    }
    down
    {
        type            zeroGradient;
    }
    up
    {
        type            zeroGradient;
    }
    cylinder
    {
        type            zeroGradient;
    }
    defaultFaces
    {
        type            empty;
    }
}


// ************************************************************************* //
