/*--------------------------------*- C++ -*----------------------------------*\
  =========                 |
  \\      /  F ield         | OpenFOAM: The Open Source CFD Toolbox
   \\    /   O peration     | Website:  https://openfoam.org
    \\  /    A nd           | Version:  11
     \\/     M anipulation  |
\*---------------------------------------------------------------------------*/
FoamFile
{
    format      ascii;
    class       surfaceScalarField;
    location    "0.25";
    object      phi;
}
// * * * * * * * * * * * * * * * * * * * * * * * * * * * * * * * * * * * * * //

dimensions      [0 3 -1 0 0 0 0];

internalField   nonuniform List<scalar> 
3485
(
0.001439215672
-0.005628011561
0.004188795889
0.004810850127
-0.03771740741
0.03434577295
0.009065510214
-0.06104464965
0.05678998956
0.01353088467
-0.07164482928
0.06717945482
0.01792976585
-0.07447131384
0.07007243267
0.02218758195
-0.07396241755
0.06970460144
0.0262930621
-0.07236539248
0.06825991233
0.03023848927
-0.07053030269
0.06658487552
0.03400710503
-0.06871330272
0.06494468696
-0.06701383788
0.06339084973
0.03763009318
0.001442126731
-0.007070138292
0.004684466055
-0.04095974673
0.008686329831
-0.06504651342
0.01283815948
-0.07579665892
0.01692283213
-0.07855598649
0.02091139413
-0.07795097955
0.02483214793
-0.07628614628
0.0287312986
-0.07442945335
0.03268054996
-0.07266255408
-0.07108052638
0.03674723846
0.001421146257
-0.008491284549
0.004481276006
-0.04401987648
0.008152225395
-0.06871746281
0.01188306373
-0.07952749726
0.01550243392
-0.08217535668
0.01900012621
-0.08144867184
0.02240208494
-0.07968810501
0.02573228008
-0.07775964849
0.02901084463
-0.07594111864
-0.07429683814
0.03222715639
0.001390921012
-0.009882205561
0.004241556745
-0.04687051221
0.007552828273
-0.07202873434
0.01084575458
-0.08282042357
0.01400493437
-0.08533453647
0.01704998607
-0.08449372354
0.02001948843
-0.08265760737
0.02294360837
-0.08068376843
0.02585322113
-0.0788507314
-0.07718370979
0.02874009278
0.001334920729
-0.01121712629
0.003925689037
-0.04946128052
0.006817959225
-0.07492100453
0.009610320087
-0.08561278443
0.01224255588
-0.08796677226
0.01476037253
-0.08701154019
0.01721156903
-0.08510880387
0.019629768
-0.0831019674
0.02205070251
-0.0812716659
-0.07959657107
0.02446356378
0.001256260759
-0.01247338705
0.003543651678
-0.05174867144
0.005972971695
-0.07735032455
0.008228069275
-0.08786788201
0.01030490885
-0.09004361184
0.01227430204
-0.08898093338
0.01419323089
-0.08702773272
0.01610049718
-0.08500923368
0.01804074634
-0.08321191507
-0.08155469381
0.01999886908
0.001147086683
-0.01362047373
0.003080312766
-0.05368189752
0.004996817285
-0.07926682906
0.006671387153
-0.08954245188
0.008153926134
-0.09152615082
0.009537365956
-0.0903643732
0.01088632964
-0.08837669641
0.01224589173
-0.08636879577
0.01367528682
-0.08464131015
-0.08304505528
0.01516564829
0.001003802254
-0.01462427599
0.00253216393
-0.0552102592
0.003890078692
-0.08062474383
0.004946970096
-0.09059934328
0.005801284926
-0.09238046565
0.006563533902
-0.09112662217
0.007302901872
-0.08911606438
0.008066888862
-0.08713278276
0.008922196239
-0.08549661753
-0.08401456678
0.009891707734
0.0008294239155
-0.0154536999
0.001912807363
-0.05629364265
0.002681902393
-0.08139383886
0.003097962004
-0.0910154029
0.003303549331
-0.09258605298
0.003413723204
-0.09123679605
0.003488438268
-0.08919077944
0.003583550163
-0.08722789466
0.003726552237
-0.0856396196
-0.08422965584
0.003941641298
0.0006417250397
-0.01609542494
0.001268936156
-0.05692085376
0.001452910644
-0.08157781334
0.001257114153
-0.09081960641
0.00083763855
-0.09216657738
0.000329735849
-0.09072889335
-0.0002114029165
-0.08864964068
-0.0008114623332
-0.08662783524
-0.001342022626
-0.08510905931
-0.002042893958
-0.08352878451
0.001307895814
0.008398092167
-0.00970598798
0.005213624702
-0.0003008179602
-0.003604910928
0.01076313505
-0.01045678274
0.004907272398
0.01702884828
-0.01614143701
0.009875723781
0.0234657289
-0.018316585
0.01187970438
0.02983508807
-0.01875966562
0.01239030645
0.03605642472
-0.01854031222
0.01231897557
0.04211495274
-0.0181303554
0.01207182738
0.04802516028
-0.01773161454
0.01182140701
-0.01753209482
0.05382426184
0.01173299326
0.001321118559
0.007076973608
0.005222851486
-0.004202550888
0.01074420388
-0.01597813514
0.0169628571
-0.02236009023
0.02334328552
-0.02469701341
0.02965396511
-0.02507034521
0.0358186086
-0.02470495571
0.04182466835
-0.02413641515
0.04768808103
-0.02359502722
-0.02328821273
0.05344419893
0.001338340483
0.005738633125
0.005236153823
-0.008100364228
0.01071674221
-0.02145872353
0.01686918671
-0.02851253474
0.02317083675
-0.03099866345
0.02939979212
-0.03129930059
0.03548517257
-0.03079033616
0.04141701999
-0.03006826257
0.04721242038
-0.02939042761
-0.02897918675
0.05290339441
0.0013601556
0.004378477524
0.005248609806
-0.01198881843
0.0106738229
-0.02688393662
0.01673698737
-0.03457569921
0.02293306771
-0.0371947438
0.02905280406
-0.03741903693
0.0350321239
-0.036769656
0.04086416129
-0.03590029996
0.046567001
-0.03509326731
-0.03458016409
0.05216797833
0.001384947506
0.002993530018
0.005256118485
-0.01585998941
0.01060646117
-0.0322342793
0.01655222085
-0.04052145889
0.02261091124
-0.04325343418
0.02858881548
-0.04339694118
0.03442990759
-0.0426107481
0.0401305288
-0.04160092118
0.04570885925
-0.04067159777
-0.04005663313
0.0511853283
0.001410512555
0.001583017463
0.005253537974
-0.01970301483
0.01050285851
-0.03748359984
0.01629754833
-0.04631614871
0.0221821079
-0.04913799375
0.02798083541
-0.04919566869
0.03364658248
-0.04827649517
0.03917837987
-0.04713271857
0.04459233473
-0.04608555262
-0.04536260613
0.04989830773
0.001433128749
0.0001498887142
0.005229674289
-0.02349956037
0.01034676104
-0.04260068659
0.01595238748
-0.05192177515
0.0216222515
-0.05480785777
0.02720067636
-0.05477409355
0.03264971258
-0.0537255314
0.03796950909
-0.05245251508
0.0431694487
-0.05128549223
-0.05043567337
0.04824251594
0.001447559995
-0.00129767128
0.00517228143
-0.02722428181
0.01012086217
-0.04754926732
0.01549575985
-0.05729667284
0.02090699174
-0.06021908965
0.02622008048
-0.06008718229
0.03140592909
-0.05891138001
0.03646310586
-0.05750969185
0.04138681783
-0.05620920419
-0.05519214774
0.0461432922
0.001448114711
-0.002745785992
0.005072360815
-0.03084852791
0.009813195611
-0.05229010212
0.01491239898
-0.06239587621
0.02001625921
-0.06532294988
0.02501166429
-0.06508258736
0.0298776581
-0.06377737383
0.0346091294
-0.06224116315
0.03918175656
-0.06078183136
-0.05953600596
0.04352561479
0.001443009897
0.004940254936
0.009440142374
0.01422372098
0.01897320377
0.02359521784
0.02807775635
0.03242146871
0.03658432431
0.04043916808
0.07740732839
0.0009748094601
-0.02454986614
0.08990241754
-0.04885518332
0.03636009417
0.09586332284
-0.03427681682
0.02831591152
0.09879543779
-0.02581012127
0.02287800632
0.1000619882
-0.01938842994
0.01812187948
0.1003871336
-0.01428840274
0.0139632574
0.1001610199
-0.01013963528
0.010365749
0.09959434011
-0.006677517239
0.007244196988
0.0988040103
-0.003729139051
0.004519468867
-0.0006872573541
0.001663191462
0.07696681203
-0.02253613243
0.08943482814
-0.06132319944
0.09550128683
-0.04034327552
0.09854461895
-0.02885345339
0.09990929544
-0.02075310642
0.100317501
-0.01469660828
0.1001634655
-0.009985599751
0.09966260711
-0.006176658893
0.09893511965
-0.003001651595
0.0002259054974
0.07616877863
-0.04578619617
0.08850282032
-0.07365724112
0.0947216734
-0.0465621286
0.09792581648
-0.03205759647
0.09944525395
-0.0222725439
0.09999737973
-0.01524873406
0.09997855447
-0.009966774486
0.09960810227
-0.005806206695
0.09900910006
-0.002402649389
0.001009822256
0.07499285719
-0.06859211742
0.08710396269
-0.08576834662
0.09352051163
-0.05297867754
0.09693948745
-0.03547657229
0.0986712357
-0.02400429215
0.0994279835
-0.01600548186
0.09960693124
-0.01014572223
0.0994307584
-0.005630033858
0.09902536848
-0.001997259467
0.001598444135
0.07340258374
-0.09078679077
0.08524457198
-0.09761033485
0.0918971949
-0.05963130046
0.09558805327
-0.03916743065
0.09759030737
-0.02600654625
0.09861186431
-0.0170270388
0.09905023453
-0.01058409245
0.09913118226
-0.005710981589
0.0989835586
-0.001849635805
0.001926539793
0.07127118104
-0.1121334713
0.08293194715
-0.109271101
0.08985488856
-0.06655424187
0.09387579193
-0.04318833403
0.09620726271
-0.02833801703
0.09755306395
-0.01837284003
0.09831124848
-0.01134227698
0.09871092395
-0.006110657058
0.09888332908
-0.002022040932
0.001929914029
0.06885771035
-0.1327188777
0.08016683189
-0.1205802225
0.0873969085
-0.07378431848
0.09180796545
-0.04759939098
0.0945282866
-0.03105833817
0.09625700963
-0.02010156307
0.09739386287
-0.01247913021
0.09817181604
-0.006888610231
0.09872500267
-0.002575227554
0.001546105366
0.0659980148
-0.1525402352
0.07694546794
-0.1315276756
0.08452196908
-0.08136081963
0.08938710724
-0.05246452913
0.09255911122
-0.03423034215
0.09472962524
-0.02227207709
0.09630270261
-0.01405220758
0.09751639049
-0.00810229811
0.09850921872
-0.003568055785
0.0007148052318
0.06244488557
-0.1714225853
0.07311033833
-0.1421931284
0.0811677079
-0.08941818921
0.08657973861
-0.05787655984
0.09028998626
-0.0379405898
0.092971102
-0.02495319284
0.09504080977
-0.01612191535
0.09674725878
-0.009808747121
0.09823660447
-0.005057401479
-0.0006221236382
0.05779251477
-0.188735482
0.06825147831
-0.1526520919
0.07724036394
-0.09840707484
0.08337895924
-0.06401515513
0.0877340439
-0.04229567446
0.09099755511
-0.02821670405
0.0936195529
-0.01874391314
0.09587044277
-0.01205963699
0.09790850694
-0.007095465646
-0.002520215164
0.1786212765
-0.2115827201
-0.155431388
0.1646206448
-0.1386514602
0.1585792768
-0.09236570684
0.1559721301
-0.06140800848
0.1546789067
-0.0410024511
0.1539034879
-0.02744128525
0.1533768048
-0.01821723003
0.1530145159
-0.01169734804
0.1527868052
-0.006867755
-0.002432295534
0.1843372897
-0.1805105296
-0.2154094802
0.1699715886
-0.1242857591
0.1627111159
-0.08510523419
0.1588661192
-0.05756301171
0.156639075
-0.03877540694
0.155240444
-0.02604265429
0.1543191992
-0.01729598521
0.1537163865
-0.01109453537
0.1533542835
-0.006505652005
-0.00230007617
0.1911527998
-0.1513284256
-0.2203349038
0.1755183308
-0.10865129
0.1666972425
-0.07628414598
0.1615968682
-0.05246263737
0.1584910231
-0.0356695618
0.1565106289
-0.02406226015
0.1552170382
-0.01600239444
0.1543849825
-0.01026247965
0.1538933165
-0.00601398605
-0.002124039143
0.1960513778
-0.1244125514
-0.222967252
0.1799237164
-0.09252362858
0.170089169
-0.06644959861
0.1640200049
-0.04639347325
0.1601750027
-0.03182455954
0.1576807719
-0.0215680294
0.1560486624
-0.01437028494
0.1550047659
-0.009218583155
0.154392009
-0.005401229113
-0.001906524617
0.1995443095
-0.09975080315
-0.2242060578
0.1834092985
-0.07638861757
0.1729184316
-0.05595873173
0.1661097942
-0.03958483581
0.1616585008
-0.02737326619
0.1587245273
-0.01863405589
0.156794969
-0.01244072663
0.1555619804
-0.007985594575
0.1548399875
-0.004679236161
-0.001651221069
0.2019920233
-0.07714226532
-0.2246005612
0.1861058744
-0.06050246863
0.1752093803
-0.04506223759
0.1678520397
-0.03222749528
0.1629187623
-0.02243998874
0.1596214181
-0.01533671167
0.1574401361
-0.01025944467
0.1560447755
-0.006590234006
0.1552280728
-0.00386253341
-0.001362891882
0.2036683825
-0.05626858066
-0.2245420671
0.1881284356
-0.04496252174
0.176993913
-0.03392771503
0.1692423802
-0.02447596246
0.1639404669
-0.01713807539
0.1603557366
-0.01175198144
0.1579712515
-0.007874959504
0.1564431464
-0.005062128971
0.1555483696
-0.002967756629
-0.001047161867
0.2047778493
-0.03674028931
-0.2243061406
0.1895640773
-0.0297487498
0.1783015318
-0.02266516951
0.1702814775
-0.01645590815
0.1647140445
-0.01157064243
0.1609163288
-0.007954265701
0.158378635
-0.005337265739
0.1567493632
-0.003432857114
0.1557946643
-0.002013057704
-0.0007103664145
0.205439239
-0.01808461786
-0.2240949105
0.1904674881
-0.01477699883
0.1791439625
-0.01134164389
0.170961077
-0.008273022672
0.1652248816
-0.005834447098
0.1612887973
-0.004018181341
0.1586503128
-0.002698781292
0.1569539898
-0.001736534058
0.1559591367
-0.00101820462
-0.000358989826
0.2057554247
-0.2238400425
0.1909784258
0.1796367819
0.1713637593
0.1655293122
0.1615111308
0.1588123495
0.1570758155
0.1560576109
0.2135250175
0.00495618353
-0.2205220338
0.20711162
0.01035713065
0.2013581274
0.01564730109
0.1956864081
0.02083943215
0.1898137641
0.02587347382
0.1836192793
0.03065981623
0.1771224243
0.03523841189
0.1703088844
0.03904172701
0.1626173144
0.04443925799
0.04481572394
0.2109791746
0.004267004837
-0.2102899959
0.2115766952
0.009759610065
0.2120520725
0.01517192371
0.2124413339
0.02045017078
0.2128134775
0.0255013302
0.2132181428
0.03025515094
0.2136485936
0.03480796113
0.2141132845
0.03857703613
0.2147047296
0.04384781281
0.04411097336
0.2039470416
0.0040772984
-0.2037573352
0.2046276325
0.0090790192
0.2057192503
0.01408030592
0.2071775173
0.01899190378
0.2089264622
0.02375238525
0.2109104318
0.02827118139
0.2130744837
0.03264390919
0.2153973023
0.03625421758
0.2181415111
0.041103604
0.04191758063
0.1988774496
0.003292735184
-0.1980928864
0.1998607605
0.008095708371
0.2011997443
0.0127413221
0.2029784565
0.01721319156
0.2052495406
0.02148130117
0.2080105878
0.02551013414
0.2112515552
0.02940294181
0.2148130448
0.03269272802
0.2190719273
0.03684472144
0.03802225596
0.1935929795
0.002877186057
-0.1931774304
0.1947856842
0.006903003707
0.1966100968
0.01091690951
0.1990007142
0.01482257419
0.2019440161
0.01853799922
0.2054242172
0.02202993306
0.209461492
0.02536566697
0.2139142954
0.02823992465
0.2191244323
0.03163458454
0.03294063049
0.1901306513
0.00227168533
-0.1895251505
0.1913610365
0.005672618419
0.1933003363
0.008977609707
0.1959491549
0.01217375559
0.1992658502
0.01522130393
0.2032123773
0.01808340599
0.2077854914
0.02079255287
0.2128662079
0.02315920817
0.2186909371
0.02580985534
0.02703100641
0.1872776109
0.001716367955
-0.1867222936
0.1886258562
0.004324373154
0.1907379649
0.006865501038
0.1935987755
0.009312945016
0.1971805885
0.0116394909
0.2014458908
0.0138181037
0.2063761899
0.01586225369
0.2118758637
0.01765953444
0.2180943225
0.01959139649
0.02058326181
0.1852870175
0.00115162003
-0.1847222696
0.1866889408
0.002922449797
0.1889064512
0.004647990728
0.1919144905
0.006304905719
0.1956804324
0.007873548938
0.2001625126
0.009336023512
0.2053282283
0.01069653804
0.2110934749
0.01189428778
0.2175379849
0.01314688652
0.01381510607
0.1840064247
0.0005826822938
-0.183437487
0.1854499675
0.001478906991
0.1877443563
0.002353601982
0.1908580324
0.003191229559
0.1947511467
0.003980434654
0.1993755226
0.004711647575
0.2046874696
0.005384591111
0.210608618
0.005973139401
0.2171851181
0.006570386382
0.006905313666
0.1832907912
-0.1827081089
0.1847696982
0.1871233002
0.1903145297
0.1942949644
0.199006612
0.2043912031
0.2103643425
0.2169347289
0.04197344678
0.05706137405
-0.05105038107
-0.04798443975
0.0363307116
0.05794657658
-0.0523038414
0.03103649964
0.05902946912
-0.05373525717
0.02585768418
0.06051465243
-0.05533583696
0.02067286067
0.06215783474
-0.05697301123
0.01544827857
0.06354296317
-0.05831838106
0.01026162361
0.06332040713
-0.05813375217
0.005420130735
0.05783559192
-0.05299409905
0.001631652013
0.04101858761
-0.03723010889
0.01137351065
-0.009741858634
0.0408114305
0.06217968146
-0.04592973791
0.03556324711
0.06319475997
0.03034435646
0.06424835977
0.02517258165
0.06568642724
0.0200159069
0.06731450949
0.01486593741
0.06869293266
0.009806093966
0.06838025057
0.005136572911
0.06250511298
0.001527154065
0.04462800645
0.01290066471
0.03710156863
0.06653971735
-0.04146160453
0.03254214021
0.06775418839
0.02787568317
0.06891481681
0.02314647218
0.07041563823
0.01837041717
0.0720905645
0.01357437032
0.0734889795
0.008868585487
0.0730860354
0.004568059375
0.06680563909
0.00131343354
0.04788263229
0.01421409825
0.03254071581
0.07027196477
-0.03627296322
0.02862709868
0.07166780552
0.02457652772
0.07296538778
0.02041026472
0.07458190124
0.01615287097
0.07634795825
0.01184991438
0.07779193609
0.007633525817
0.07730242397
0.003830554346
0.07060861056
0.001041792111
0.05067139452
0.01525589036
0.02797741183
0.07352435308
-0.03122980014
0.0245916627
0.07505355464
0.02108779887
0.07646925161
0.01746637991
0.0782033202
0.01374619404
0.08006814411
0.009977913276
0.08156021686
0.006304033731
0.08097630351
0.00305059812
0.07386204617
0.0007626570828
0.05295933556
0.01601854745
0.02356883343
0.07637665553
-0.02642113588
0.02063619282
0.07798619525
0.01761933212
0.07948611231
0.01450718006
0.08131547225
0.01131196597
0.0832633582
0.008084310939
0.08478787189
0.004969060773
0.08409155368
0.002280760363
0.07655034658
0.000494432214
0.05474566371
0.01651297966
0.01920605854
0.07883133993
-0.02166074295
0.01671632157
0.08047593223
0.01417343123
0.08202900265
0.01156025087
0.08392865262
0.008885939845
0.08593766922
0.006201484723
0.08747232701
0.003650743198
0.0866422952
0.001533261797
0.07866782799
0.0002416650421
0.05603726047
0.0167546447
0.01477966125
0.08086282708
-0.0168111484
0.01274789825
0.08250769522
0.01069169085
0.08408521005
0.008589251875
0.08603109159
0.006447353261
0.08807956784
0.004318843403
0.08960083687
0.002343860141
0.08861727846
0.0007989636638
0.08021272446
1.952603872e-05
0.05681669809
0.01677417074
0.01029158343
0.08241496292
-0.01184371927
0.008744940259
0.0840543384
0.007201473921
0.08562867638
0.005621245024
0.08761132049
0.004014809532
0.08968600333
0.002441431041
0.09117421536
0.001045456076
0.09001325343
4.376356796e-05
0.08121441697
-0.0002292010984
0.05708966276
0.01654496964
0.005678847647
-0.00679266923
0.004624126734
0.003624967875
0.002586647687
0.00154375767
0.0005513956537
-0.0002549573219
-0.0006183536956
-0.0004495447017
0.05157744043
0.004291096253
-0.05725452101
0.001385984332
0.04574194903
0.004335974785
0.00149951662
0.03973750438
0.004399697083
0.001604747568
0.0335554238
0.004467607113
0.001714473461
0.02718765607
0.004518157241
0.001849610489
0.02064306186
0.004430192189
0.002114402021
0.01401125243
0.003722434229
0.002909375206
0.007638012789
0.001159342378
0.005213897261
0.002424651811
-0.004497647167
0.009711008146
-0.009100034118
0.01152468593
0.05115665035
0.009935077749
-0.05680063185
0.04535159185
0.01014103329
0.03938373565
0.01036755329
0.03324332538
0.01060801738
0.02692198855
0.01083949406
0.02042890797
0.01092327277
0.01385408067
0.01029726153
0.00754201053
0.007471412521
0.002389921276
0.0006544420875
-0.006710112842
0.05061337387
0.01554118955
-0.05621948567
0.04485009411
0.01590431305
0.03893028241
0.01628736499
0.03284392153
0.01669437826
0.02658246404
0.01710095155
0.02015540936
0.01735032746
0.01365360492
0.01679906597
0.007421393506
0.01370362394
0.002344425761
0.005731409833
-0.00436568708
0.04991479597
0.02110121349
-0.05547481992
0.04420804686
0.02161106217
0.03835189422
0.02214351763
0.03233598133
0.02271029115
0.02615169428
0.02328523859
0.01980902674
0.023692995
0.01339985125
0.02320824146
0.007267258978
0.01983621621
0.002288078955
0.01071058986
-0.002077608126
0.04902526559
0.02660081295
-0.05452486505
0.04339366651
0.02724266125
0.03762177147
0.02791541267
0.031698042
0.02863402062
0.02561328516
0.02936999544
0.01937800131
0.02992827884
0.01308581397
0.0295004288
0.00707918589
0.02584284429
0.002217656601
0.01557211915
0.0001400484756
0.04789329824
0.03201789596
-0.05331038125
0.04236073498
0.03277522452
0.03669876196
0.03357738568
0.03089462454
0.03443815804
0.0249381982
0.03532642177
0.01884001145
0.03602646559
0.01269502592
0.03564541434
0.00684462149
0.03169324872
0.002130458604
0.02028628203
0.002270507079
0.04647528003
0.03731635385
-0.05177373792
0.04109548053
0.03815502402
0.03559386452
0.03907900169
0.02995131286
0.0400807097
0.02415680157
0.04112093306
0.0182235113
0.04195975586
0.01225075294
0.0416181727
0.006580532802
0.03736346886
0.002035834332
0.0248309805
0.004306341411
0.04449918364
0.0424175502
-0.04960037999
0.03933709924
0.04331710841
0.03407071562
0.04434538532
0.0286703097
0.04548111561
0.02311767603
0.04667356674
0.01742327885
0.04765415303
0.01168742427
0.04735402728
0.006251297918
0.04279959521
0.001918076676
0.02916420175
0.006224418088
0.04296145414
0.04715864653
-0.04770255046
0.03811380763
0.04816475493
0.03304541265
0.0494137803
0.02778720118
0.05073932708
0.0223670065
0.05209376141
0.01681665276
0.05320450678
0.01124505277
0.05292562727
0.005990660152
0.04805398783
0.001828506851
0.03332635505
0.008052924939
0.03879112096
-0.04268285551
0.03465203449
0.03033055762
0.02573404775
0.02085479793
0.01574092365
0.01053279875
0.005592687534
0.001688933695
0.1004571951
0.005457083762
-0.006919378819
0.1008058296
0.009793016011
-0.01014165057
0.100682506
0.01190306509
-0.01177974145
0.1011661976
0.01279520532
-0.01327889699
0.1004600574
0.01663022193
-0.01592408168
0.09935094369
0.02009769279
-0.01898857909
0.09648455293
0.02542791628
-0.02256152552
0.09097686635
0.0327199012
-0.02721221462
0.07832793568
0.04248495025
-0.02983601958
0.1297434434
-0.1086656964
0.1003844314
0.0040675524
0.1006904407
0.009487006628
0.1005380704
0.01205543548
0.1009595539
0.01237372178
0.100190208
0.01739956786
0.09898815786
0.02129974291
0.09600737551
0.02840869864
0.09030243772
0.03842483899
0.0777648178
0.05502257016
0.1507082754
0.1002270534
0.002835398988
0.1004259674
0.009288092629
0.1002025633
0.01227883956
0.1004859015
0.01209038357
0.09960392717
0.01828154223
0.09825173496
0.02265193512
0.09511226106
0.03154817253
0.0891665997
0.04437050035
0.07676271497
0.0674264549
0.1712484516
0.09998316127
0.001847137721
0.1000158023
0.00925545161
0.09968064182
0.01261400003
0.09975003923
0.01202098616
0.09870724814
0.01932433332
0.09714563298
0.02421355028
0.09379763789
0.03489616763
0.08757197683
0.0505961614
0.07532002725
0.07967840447
0.1910868934
0.09965045441
0.00119158331
0.09946499358
0.009440912441
0.09897844001
0.0131005536
0.09875834696
0.01224107922
0.0975086423
0.02057403797
0.09567504221
0.02604715037
0.09206150623
0.0385097036
0.08552209142
0.05713557622
0.07345124599
0.0917492499
0.2100027834
0.09922577187
0.0009607114408
0.09877977347
0.009886910843
0.09810329049
0.01377703658
0.09751876132
0.01282560839
0.09601878571
0.02207401357
0.09384596109
0.028219975
0.08990025136
0.04245541333
0.08300488834
0.06403093924
0.07098822498
0.1037659133
0.2276663979
0.09870536326
0.001250248182
0.09796761601
0.01062465809
0.09706351411
0.01468113848
0.0960408122
0.0138483103
0.09425018215
0.02386464363
0.09166475249
0.03080540466
0.08730454088
0.04681562494
0.08002663056
0.07130884956
0.06817545679
0.115617087
0.2440501377
0.09808587312
0.002159275061
0.09703759675
0.01167293447
0.09586806418
0.01585067104
0.09433560021
0.01538077427
0.09221652743
0.02598371641
0.08914147833
0.03388045376
0.08431247171
0.05164463156
0.0766332003
0.07898812097
0.06500007093
0.1272502164
0.2594280897
0.09737149137
0.003782683695
0.09600302045
0.01304140538
0.09452473608
0.01732895541
0.09241377762
0.01749173273
0.08992536369
0.02847213034
0.0862850276
0.03752078985
0.08101118094
0.05691847822
0.07306439823
0.08693490368
0.06204867496
0.1382659397
0.273748708
0.09663191346
0.00614567023
0.09487631017
0.01479700868
0.09303753216
0.01916773342
0.09025575584
0.02027350905
0.08730375067
0.03142413551
0.08297733017
0.04184721035
0.07699164059
0.0629041678
0.06802123779
0.09590530648
0.05592371411
0.1503634633
0.286960289
0.1505571708
0.006593599389
0.1515154905
0.013838689
0.1525784967
0.01810472726
0.1529333935
0.01991861225
0.1540010744
0.03035645464
0.1549302864
0.04091799827
0.156961362
0.06087309223
0.1619879285
0.09087873999
0.1735100033
0.1388413885
0.197509403
0.2624541583
0.1509203947
0.006678304714
0.1519396877
0.01281939598
0.153246631
0.01679778399
0.154085509
0.01907973425
0.1558055856
0.02863637805
0.157828037
0.03889554686
0.1614965151
0.05720461405
0.1684222376
0.08395301753
0.1834884413
0.1237751849
0.1711571857
0.2098406585
0.1512278333
0.0064555714
0.1523828329
0.01166439642
0.1538962502
0.01528436663
0.1552077347
0.01776824977
0.1575035999
0.0263405129
0.1604646398
0.03593450691
0.1654194425
0.05224981136
0.1738067817
0.07556567833
0.1899632796
0.1076186869
0.1455980262
0.2155224392
0.1514827118
0.005977959576
0.1527893946
0.01035771362
0.1545100415
0.01356371978
0.156244911
0.01603338027
0.1590524885
0.02353293542
0.1628143818
0.03217261361
0.1687799974
0.04628419577
0.1782735171
0.06607215858
0.1946753413
0.09121686268
0.1211422797
0.2191310878
0.1516924761
0.005290583477
0.1531501141
0.008900075643
0.155067935
0.01164589888
0.1571712894
0.0139300258
0.1604196041
0.0202846208
0.1648434786
0.02774873902
0.1715825867
0.03954508773
0.1818503864
0.05580435885
0.1980266471
0.07504060204
0.09805533837
0.2211135884
0.1518621301
0.004433553368
0.1534594261
0.007302779688
0.1555542717
0.009551053271
0.1579677813
0.01151651618
0.1615829062
0.01666949591
0.1665365188
0.02279512638
0.1738524127
0.0322291939
0.1846247519
0.04503201961
0.2003766984
0.05928865551
0.07638168808
0.2220503487
0.1519949352
0.003443718145
0.1537126612
0.00558505367
0.1559568051
0.007306909391
0.1586199892
0.008853332129
0.1625270888
0.01276239629
0.1678879488
0.0174342664
0.1756207402
0.0244964025
0.1866994724
0.03395328736
0.2019925816
0.04399554635
0.05600445805
0.2223698116
0.1520933259
0.002355492275
0.1539063489
0.003772030657
0.1562665787
0.004946679592
0.1591177262
0.006002184658
0.163242332
0.00863779044
0.1688977165
0.0117788819
0.176916015
0.01647810401
0.188168022
0.02270128037
0.2030757419
0.02908782647
0.03670265202
0.2223775479
0.1521561646
0.001204427695
0.1540349496
0.001893245659
0.1564744676
0.002507161529
0.1594495848
0.003027067545
0.1637162539
0.004371121277
0.1695601107
0.005935025157
0.1777515855
0.008286629191
0.1890830962
0.01136976967
0.2037188053
0.01445211735
0.01812396361
0.2222974937
0.1522095277
0.1541027734
0.1566099349
0.1596370024
0.1640081237
0.1699431489
0.1782297781
0.1895995477
0.2040516651
0.2221756287
0.2601966362
-0.04572150885
0.255421698
-0.04115031511
0.2507325507
-0.03676872289
0.2467587486
-0.03229601578
0.2433084007
-0.02777674996
0.2399610096
-0.02307135618
0.2363333668
-0.01803091437
0.2321323428
-0.01260805087
0.2270508229
-0.006760168509
-0.0002618445895
0.210671201
-0.04655205135
0.2105496507
-0.04102876475
0.2105217896
-0.03674086183
0.2106162252
-0.0323904514
0.2105935037
-0.02775402844
0.21033898
-0.02281683245
0.209896982
-0.01758891645
0.2094228791
-0.01213394795
0.2092726467
-0.006609936072
-0.001279193783
0.2130762858
-0.04410589794
0.211053364
-0.03900584296
0.2091594514
-0.03484694925
0.2074936231
-0.03072462312
0.2060998683
-0.02636027355
0.2050454653
-0.02176242951
0.2043966125
-0.01694006363
0.2041459606
-0.01188329601
0.2041188841
-0.006582859577
-0.0009176449297
0.2148445528
-0.03981936291
0.2112395295
-0.03540081971
0.2079958655
-0.03160328519
0.2051557346
-0.02788449219
0.2027334236
-0.02393796264
0.2007098222
-0.0197388281
0.1990936016
-0.01532384298
0.1979593242
-0.01074901865
0.1974804546
-0.00610398999
-0.001530076732
0.2155847999
-0.03429057446
0.2108410611
-0.03065708083
0.2066331016
-0.02739532569
0.2029371755
-0.02418856609
0.1997974695
-0.02079825667
0.1972554145
-0.01719677307
0.1953594622
-0.01342789073
0.1941403137
-0.009529870115
0.1935014562
-0.005465132467
-0.001206050979
0.215738313
-0.02797853877
0.2102316422
-0.02515041
0.2053614284
-0.02252511185
0.2010926014
-0.01991973909
0.1974550083
-0.0171606636
0.1944795809
-0.01422134573
0.1921755104
-0.01112382018
0.1905268892
-0.007881248909
0.1895756706
-0.004513913876
-0.001155530901
0.2155953646
-0.0212040918
0.2096017641
-0.01915680951
0.2042846634
-0.01720801109
0.1996143344
-0.01524941008
0.195616595
-0.01316292424
0.1923237553
-0.01092850604
0.1897618187
-0.008561883587
0.1879621096
-0.006081539799
0.1869656654
-0.003517469673
-0.0009121590524
0.2153616629
-0.01418820684
0.2090856154
-0.01288076195
0.2034834419
-0.01160583755
0.1985425932
-0.01030856143
0.1942959899
-0.008916320944
0.1907843537
-0.007416869876
0.188044545
-0.005822074813
0.1861095928
-0.004146587663
0.1850013278
-0.002409204651
-0.0006331008033
0.2151800434
-0.007070756577
0.2087644889
-0.006465207367
0.2030001096
-0.005841458339
0.1978924414
-0.005200893222
0.1934840103
-0.004507889831
0.189824091
-0.003756950523
0.1869568747
-0.002954858564
0.1849205281
-0.002110241058
0.1837446958
-0.001233372342
-0.0003258919608
0.2151048721
0.2086396647
0.2027982064
0.1975973132
0.1930894234
0.1893324728
0.1863776143
0.1842673732
0.1830340009
0.002414661129
0.04109986543
-0.04351452655
0.005887991921
0.08495361365
-0.08842694445
0.009011384386
0.1042574828
-0.1073808752
0.01166828103
0.1101182707
-0.1127751673
0.01408730295
0.1102039168
-0.1126229387
0.01648441023
0.1084305426
-0.1108276499
0.01897366452
0.1063378562
-0.1088271105
0.02161472648
0.1044139124
-0.1070549744
0.02447937169
0.1027924896
-0.1056571348
0.1014587753
0.02787709158
-0.1048564952
0.002607733209
0.03849213222
0.006927206975
0.08063413989
0.01133942888
0.09984526087
0.01548511837
0.1059725812
0.01947737872
0.1062116564
0.02350215876
0.1044057626
0.02770553863
0.1021344763
0.03219422584
0.0999252252
0.0369657972
0.09802091826
0.09688444136
0.04154013119
0.002572363992
0.03591976822
0.007349569734
0.07585693414
0.01263160709
0.09456322351
0.01782019191
0.1007839964
0.02284460037
0.101187248
0.02777226654
0.09947809642
0.03264919402
0.09725754884
0.03746869298
0.09510572625
0.04215605181
0.09333355942
0.0922510986
0.04678939457
0.00243948518
0.03348028304
0.007449676892
0.07084674243
0.01337328401
0.08863961639
0.01945209578
0.09470518459
0.02549132086
0.0951480229
0.03151969878
0.09344971851
0.03762078821
0.0911564594
0.04388190701
0.08884460745
0.05036613228
0.08684933415
0.08558251877
0.05703471211
0.002238218516
0.03124206453
0.00726929727
0.06581566368
0.01354127396
0.0823676397
0.02017471965
0.0880717389
0.02684017572
0.08848256683
0.0334748999
0.08681499433
0.04010214779
0.08452921151
0.04675438261
0.08219237263
0.05342888733
0.08017482942
0.07891625553
0.06009515058
0.002010237775
0.02923182675
0.006910677806
0.06091522365
0.01328225044
0.07599606706
0.02016814964
0.0811858397
0.02713097927
0.08151973721
0.03403015056
0.07991582303
0.04084483192
0.07771453015
0.04759108891
0.07544611564
0.05430131881
0.07346459952
0.07225866434
0.06095890999
0.001809694409
0.02742213234
0.006528713808
0.05619620425
0.01286540124
0.06965937963
0.01982683891
0.07422440203
0.02690428519
0.07444229093
0.03390265581
0.0729174524
0.04076907187
0.07084811409
0.04750421579
0.06871097173
0.05415534197
0.06681347334
0.0655623473
0.06085165902
0.001655482449
0.02576664989
0.006198269489
0.05165341721
0.01243961718
0.06341803193
0.0193779043
0.06728611491
0.02646431996
0.06735587527
0.03347137161
0.06591040075
0.04032796491
0.0639915208
0.04702944642
0.06200949021
0.05364300309
0.06019991667
0.05878942567
0.06041592472
0.001539790422
0.02422685947
0.005924928075
0.04726827955
0.01204381746
0.05729914255
0.01890183896
0.06042809341
0.02593398216
0.06032373207
0.03289991462
0.0589444683
0.03972521169
0.05716622372
0.04641385024
0.05532085166
0.05306470895
0.05354905796
0.05174193732
0.0601121973
0.001453119512
0.02277373996
0.005697537328
0.04302386174
0.01167906577
0.05131761411
0.01841621146
0.05369094772
0.02533948221
0.05340046133
0.03220274891
0.05208120159
0.03892589368
0.05044307896
0.04549649019
0.04875025515
0.05195897795
0.0470865702
0.04523116473
0.05846975054
0.001376026136
0.02139771382
0.005475137448
0.03892475043
0.01128449106
0.04550826049
0.01782882187
0.04714661691
0.02452852345
0.04670075975
0.03111946452
0.04549026052
0.03749953099
0.0440630125
0.04362466616
0.04262511997
0.04943932279
0.04127191358
0.04013892948
0.05453155804
0.001330100035
0.02006761379
0.005330246495
0.03492460397
0.01101783705
0.03982066994
0.01743003952
0.04073441443
0.0239919286
0.04013887068
0.03044113949
0.03904104963
0.03667690637
0.03782724562
0.04266181467
0.03664021167
0.04838091322
0.03555281503
0.03464355592
0.05387628678
0.001308317748
0.01875929604
0.005256300463
0.03097662125
0.01088090184
0.03419606857
0.01723086809
0.03438444819
0.02373909613
0.03363064264
0.03014994585
0.03263019991
0.0363706232
0.03160656827
0.04237717026
0.03063366462
0.04817717676
0.02975280853
0.02900494759
0.05381578509
0.001297790114
0.01746150593
0.005220966318
0.02705344505
0.01081895049
0.0285980844
0.01714737655
0.02805602213
0.02364411511
0.02713390408
0.03005766712
0.02621664789
0.03629943235
0.02536480305
0.04235048381
0.02458261316
0.0482240178
0.02387927454
0.02326242186
0.05396654352
0.001292523178
0.01616898275
0.005205038861
0.02314092937
0.01079486554
0.02300825772
0.01712072292
0.02173016475
0.02362256961
0.0206320574
0.03005034277
0.01978887474
0.03631672324
0.01909842258
0.04240368947
0.01849564692
0.04832439253
0.01795857148
0.01746359431
0.05412322009
0.001290032375
0.01487895038
0.005198560263
0.01923240148
0.01078747302
0.01741934496
0.01711668918
0.01540094858
0.02362666902
0.01412207756
0.03006761058
0.01334793318
0.03635241376
0.0128136194
0.04246294618
0.0123851145
0.04841164289
0.01200987477
0.01163411917
0.05424111803
0.001289432402
0.01358951797
0.005196779107
0.01532505478
0.01078590122
0.01183022285
0.01711741959
0.009069430215
0.0236319941
0.007607503051
0.03008006872
0.006899858551
0.03637471087
0.006518977249
0.0424977285
0.006262096881
0.04846121191
0.006046391363
0.005788645487
0.05430668559
0.001290575822
0.01229894215
0.005197638559
0.01141799204
0.01078488416
0.00624297725
0.01711362305
0.002740691325
0.02362556219
0.001095563912
0.03007197435
0.0004534463994
0.03636636765
0.0002245839486
0.04249060314
0.0001378613851
0.04845648228
8.051222457e-05
-6.476509523e-05
0.05430989286
0.00129361043
0.01100533172
0.005200296841
0.007511305627
0.01078200825
0.0006612658412
0.01710025042
-0.003577550847
0.02360004385
-0.005404229518
0.03003456113
-0.005981070876
0.03631855468
-0.006059409609
0.04243474962
-0.005978333548
0.04839593881
-0.005880676965
-0.005906210254
0.05423738397
0.001299343742
0.005205738441
0.01077427668
0.01707244961
0.02354792447
0.02995716005
0.03621672601
0.04231021984
0.04825094988
0.05407773288
0.06421349211
0.2022603165
-0.2119715281
0.07282770141
0.06216041355
-0.07077462285
0.07837810327
0.02283068044
-0.0283810823
0.08225794806
0.004911717869
-0.008791562662
0.08531592609
-0.002584604601
-0.0004733734299
0.0879627035
-0.005120620763
0.002473843356
0.09035924529
-0.005424198805
0.003027657009
0.09257706631
-0.004794854142
0.002577033122
0.09464030706
-0.003817652148
0.001754411403
-0.002558580334
0.0006681049564
0.06745379948
0.1886572976
0.07648670614
0.05312750689
0.08181848289
0.01749890368
0.08539648225
0.001333718503
0.08803480648
-0.005222928832
0.09019505773
-0.007280872007
0.09207217803
-0.007301319104
0.09374889916
-0.006471575272
0.09526299012
-0.0053317431
-0.003900983339
0.06980341611
0.1726479276
0.07924378509
0.04368713791
0.08471572557
0.0120269632
0.08812741168
-0.002077967607
0.09046772273
-0.007563239889
0.09222100922
-0.009034158492
0.09363717183
-0.008717481717
0.0948272283
-0.007661631737
0.09584548485
-0.006349999654
-0.004747242882
0.07171604521
0.1548804469
0.08178697364
0.03361620947
0.08738260912
0.006431327717
0.09062670937
-0.005322067856
0.09265688726
-0.009593417778
0.09404177978
-0.01041905101
0.09504812954
-0.00972383148
0.09580696008
-0.008420462274
0.09638534681
-0.006928386384
-0.005152334668
0.07341275045
0.1355766873
0.08402597576
0.02300298416
0.08969684777
0.0007604557032
0.09279707478
-0.00842229486
0.0945792603
-0.0113756033
0.0956476552
-0.0114874459
0.09629950395
-0.01037568024
0.09668437887
-0.008805337187
0.09688056939
-0.007124576908
-0.005173474884
0.07479704713
0.1150102672
0.08593153601
0.01186849528
0.09166637987
-0.004974388163
0.09465304517
-0.01140896016
0.09622810453
-0.01295066266
0.09703124474
-0.01229058612
0.09738528598
-0.01072972147
0.09745528566
-0.008875336866
0.09732897739
-0.006998268646
-0.004870113036
0.07590153046
0.09340865686
0.08749531788
0.0002747078602
0.09327461092
-0.01075368121
0.0961796647
-0.01431401393
0.09759268823
-0.0143636862
0.09818481088
-0.01288270877
0.09829983075
-0.01084474133
0.09811582104
-0.008691327161
0.09772853976
-0.006610987359
-0.004303668869
0.07672657281
0.07098892381
0.088693846
-0.01169256534
0.09450977559
-0.01656961079
0.09736554023
-0.01716977857
0.09866452902
-0.015662675
0.09910186895
-0.0133200487
0.09903828112
-0.0107811535
0.09866260905
-0.008315655097
0.09807740471
-0.006025783018
-0.003537231987
0.07726265868
0.04796429514
0.08950781619
-0.02393772285
0.09535937963
-0.02242117423
0.09820135459
-0.02001175353
0.09943665663
-0.01689797703
0.09977711731
-0.01366050939
0.09959659417
-0.01060063035
0.09909277883
-0.007811839759
0.09837390095
-0.005306905145
-0.002635249013
0.07749649413
0.08991886545
0.09581360274
0.09867985553
0.09990375798
0.100206506
0.09997162465
0.09940398188
0.0986165456
0.1232732849
0.03026380012
-0.153537085
0.1072339287
0.01603935616
0.1003390848
0.006894843903
0.09790004514
0.002439039688
0.09745629959
0.0004437455542
0.09778898644
-0.0003326868544
0.09832463039
-0.0005356439516
0.09881098484
-0.0004863544504
0.09914997118
-0.0003389863368
-0.0001300438039
0.1220747221
0.05992787197
-0.151738794
0.106502404
0.03161167431
0.09996639164
0.01343085623
0.09773128597
0.004674145359
0.09738980468
0.0007852268492
0.09776968091
-0.000712563083
0.09832501732
-0.001090980367
0.0988194353
-0.0009807724241
0.09916229714
-0.0006818481757
-0.0002616537997
0.1199704439
0.088165564
-0.1482081359
0.105271057
0.04631106117
0.09933548265
0.01936643061
0.09744326625
0.006566361757
0.09727775319
0.0009507399086
0.09773794391
-0.001172753806
0.09832844008
-0.001681476535
0.09883727437
-0.001489606713
0.0991855927
-0.001030166508
-0.0003946434555
0.1167317402
0.1145016346
-0.1430678108
0.1034838056
0.05955899581
0.09843473805
0.02441549811
0.09703519561
0.007965904195
0.09711082532
0.0008751101968
0.09769133157
-0.001753260052
0.09833304894
-0.002323193908
0.09886359408
-0.002020151847
0.0992204536
-0.001387026032
-0.0005299772063
0.1125233639
-0.2105759375
0.1013077368
0.09734215263
0.09651649416
0.09691823093
0.09763881423
0.09834327734
0.09890015861
0.09926754399
0.05379676686
-0.001985678948
-0.05181108791
0.05876802997
-0.004971263112
0.0678356348
-0.00906760483
0.07844657537
-0.01061094057
0.09024301036
-0.01179643499
0.1027418067
-0.01249879631
0.1156426596
-0.01290085291
0.128356565
-0.01271390538
0.1416746374
-0.01331807248
-0.01186244758
0.05371041304
-0.003941377668
-0.05175471432
0.05866151186
-0.009922361932
0.06753828827
-0.01794438124
0.07776463355
-0.02083728585
0.0890691689
-0.02310097034
0.101145784
-0.02457541135
0.1136967301
-0.02545179903
0.1262860547
-0.02530323005
0.1396469136
-0.02667893139
-0.02395432791
0.05379065674
-0.005873909451
-0.05185812496
0.05874206512
-0.01487377031
0.06745595473
-0.02665827085
0.07697248601
-0.03035381713
0.08771276809
-0.03384125242
0.09929167333
-0.0361543166
0.1113476033
-0.03750772899
0.1236610565
-0.03761668328
0.1364689182
-0.03948679306
-0.03569354564
0.08641827557
-0.02694815126
-0.06534790164
0.1089075245
-0.03737610543
0.06768372763
0.01459828045
0.07672953976
-0.03939962926
0.08702826226
-0.04413997493
0.09822815817
-0.04735421251
0.1097567661
-0.04903633691
0.1215781677
-0.04943808488
0.1326612667
-0.05056989208
-0.04610008973
0.05315256234
-0.05222362203
0.0573165881
0.1187751185
0.1364011545
0.1523449521
0.1659362616
0.1777365602
0.1886981647
0.1982234912
0.04925373991
-0.05238748028
0.05727998423
-0.05414624386
0.04403347765
-0.05390847778
0.05912874004
0.03855366472
-0.05560015453
0.06107996747
0.03278583432
-0.05741161526
0.06317944565
0.026720254
-0.05932556267
0.06539114299
0.02038395684
-0.06128611025
0.0676224074
0.01388915144
-0.06297573013
0.06947053553
0.007596995518
-0.06306568135
0.06935783727
0.002418081625
-0.05716743681
0.0623463507
-0.03370037438
0.03611845601
0.04998248791
-0.04711135729
-0.0552586109
0.04457414644
-0.04850013631
0.03893115996
-0.04995716806
0.0330291036
-0.05150955891
0.0268666839
-0.05316314296
0.02046627941
-0.05488570576
0.01393067678
-0.05644012749
0.007614126147
-0.05674913072
0.002424861035
-0.05197817169
-0.03127551335
0.05097365922
-0.04155612966
-0.05652888685
0.04528294414
-0.04280942123
0.03941023839
-0.04408446231
0.03333940793
-0.04543872844
0.02706037283
-0.04688410787
0.02058212758
-0.04840746051
0.01399426048
-0.04985226039
0.00764189095
-0.05039676119
0.002430517272
-0.04676679801
-0.02884499607
0.05173154128
-0.03584181929
-0.05744585165
0.04588536022
-0.03696324016
0.03987938608
-0.03807848817
0.03369674852
-0.03925609089
0.02732469084
-0.04051205019
0.02076899938
-0.04185176905
0.01411598651
-0.04319924752
0.007708721942
-0.04398949662
0.002454040092
-0.04151211616
-0.02639095598
0.05220652462
-0.03006891064
-0.05797943327
0.04628937185
-0.03104608739
0.04021296232
-0.03200207864
0.03396399334
-0.03300712191
0.02753136427
-0.03407942112
0.02092102136
-0.03524142614
0.01421855103
-0.03649677718
0.007766838719
-0.03753778431
0.002474822806
-0.03622010025
-0.02391613318
0.05242838042
-0.02429180897
-0.05820548209
0.04649161629
-0.02510932326
0.0403900136
-0.02590047595
0.03411330297
-0.02673041128
0.02765205363
-0.02761817178
0.02101309549
-0.028602468
0.01428249002
-0.02976617172
0.007804052288
-0.03105934658
0.002488735837
-0.0309047838
-0.02142739734
0.05246822536
-0.01852930095
-0.05823073338
0.04653621589
-0.01917731378
0.04043456147
-0.01979882153
0.03415443899
-0.0204502888
0.02768739293
-0.02115112572
0.02104100932
-0.02195608439
0.01430207771
-0.02302724011
0.007815379039
-0.0245726479
0.002493429776
-0.02558283453
-0.01893396756
0.05237963046
-0.01278908183
-0.05811984958
0.04646413591
-0.01326181923
0.04037619959
-0.01371088521
0.03410752855
-0.01418161775
0.02765012587
-0.01469372304
0.02101211377
-0.01531807229
0.01428094407
-0.0162960704
0.007801963763
-0.0180936676
0.002487923226
-0.020268794
-0.01644604434
0.05219272839
-0.007074840533
-0.05790696968
0.046300009
-0.007369099844
0.04023419702
-0.007645073232
0.03398703846
-0.007934459192
0.02755062253
-0.008257307112
0.02093347691
-0.008700926672
0.01422369475
-0.00958628824
0.007766244297
-0.01163621715
0.00246991332
-0.01497246302
-0.01397613102
0.05193624877
-0.05762510497
0.04606666554
0.04002633988
0.03380635415
0.02739865753
0.02081213288
0.01413521984
0.007712899959
0.002451445088
-0.01094446385
-0.1058747144
0.01196268297
-0.009997898396
-0.1066037003
-0.009156071649
-0.1078968011
-0.008400501994
-0.1095826801
-0.007699716711
-0.1115284352
-0.006954193197
-0.1133684622
-0.00593938811
-0.1137899724
-0.004335360402
-0.1089849029
-0.002006418974
-0.09075588587
-0.04552094553
0.003839273298
-0.1046864105
-0.005027577173
0.002814421819
-0.1055788488
0.001738057554
-0.1068204369
0.0006240781353
-0.1084687007
-0.0004929471423
-0.1104114099
-0.00152828204
-0.1123331273
-0.002289982499
-0.1130282719
-0.002329822248
-0.1089450632
-0.001384104274
-0.09170160385
-0.0469050498
0.01914197383
-0.1009591123
-0.02286927201
0.01584555284
-0.1022824278
0.0126535578
-0.1036284418
0.009611055536
-0.1054261985
0.006704800408
-0.1075051548
0.003951324933
-0.1095796519
0.001523982329
-0.1106009293
-0.0002005298507
-0.107220551
-0.0006407257639
-0.09126140794
-0.04754577557
0.03044174724
-0.0960347528
-0.03536610674
0.02590265111
-0.09774333169
0.02146654999
-0.09919234069
0.01715038996
-0.1011100384
0.01294566688
-0.1033004317
0.0088736015
-0.1055075865
0.00507741825
-0.1068047461
0.001941530561
-0.1040846633
8.44006983e-05
-0.08940427807
-0.04746137487
0.04002452232
-0.09008843201
-0.04597084312
0.03432241454
-0.0920412239
0.02882706778
-0.09369699393
0.02346840657
-0.09575137723
0.01821419238
-0.09804621752
0.01306960791
-0.100363002
0.008146975984
-0.1018821142
0.003816694896
-0.09975438224
0.0008396693416
-0.08642725252
-0.04662170553
0.04666817542
-0.08368745321
-0.05306915421
0.04036744826
-0.08574049674
0.03422888966
-0.08755843534
0.02819196354
-0.0897144511
0.02222030287
-0.09207455686
0.01631109932
-0.09445379845
0.01056177444
-0.09613278928
0.005332483385
-0.09452509119
0.001439576915
-0.08253434605
-0.04518212861
0.05097222624
-0.07713329207
-0.05752638738
0.04440971946
-0.07917798996
0.0379411489
-0.08108986477
0.03150865459
-0.08328195679
0.02508309233
-0.0856489946
0.01866520568
-0.08803591179
0.01234552847
-0.08981311207
0.00647320836
-0.08865277109
0.001903312604
-0.07796445029
-0.04327881601
0.0535974905
-0.07057510041
-0.06015568216
0.04694605446
-0.07252655392
0.04031374981
-0.07445756012
0.03365617216
-0.07662437914
0.02695841448
-0.07895123692
0.02022752551
-0.08130502283
0.01354854705
-0.0831341336
0.007258882552
-0.08236310659
0.002233707797
-0.07293927554
-0.04104510821
0.05508839391
-0.06404242128
-0.06162107304
0.04836040159
-0.0657985616
0.04160839587
-0.0677055544
0.03481334187
-0.06982932514
0.02796945193
-0.07210734699
0.02108102547
-0.07441659637
0.01422211325
-0.07627522139
0.007714863673
-0.07585585701
0.002436065109
-0.06766047697
-0.0386090431
0.05456309989
-0.06132553694
0.04789327834
0.04126769141
0.03461781192
0.02790160793
0.02110741896
0.01430273311
0.007804713369
0.002490587095
0.09616383109
0.008524241865
-0.005693172951
0.09388694251
0.005176433821
-0.002899545247
0.09172784409
0.005084425133
-0.002925326711
0.08876474969
0.008004573428
-0.005041479023
0.08629792882
0.004899190823
-0.002432369953
0.08301071896
0.003979503035
-0.0006922931754
0.07933620432
-0.004215866521
0.007890381158
0.07421437763
-0.01966796676
0.02478979345
0.0687366416
-0.05891646503
0.06439420106
-0.06141627053
0.0760471183
0.09698664429
0.01053249758
0.09516011056
0.007002967552
0.09341893539
0.006825600295
0.09110082436
0.01032268447
0.08901154596
0.006988469223
0.08622741752
0.006763631471
0.08287507809
-0.0008635270809
0.07802491817
-0.01481780685
0.07246871736
-0.05336026422
-0.04416924345
0.09777153228
0.0117558653
0.09633118544
0.008443314397
0.09493946755
0.008217318186
0.09321390326
0.01204824876
0.09140618725
0.00879618523
0.08901087982
0.009158938906
0.08577298278
0.002374369959
0.08061237367
-0.009657197742
0.07382974895
-0.0465776395
-0.02683501623
0.09845404956
0.01229671574
0.0973839026
0.009513461355
0.09629485176
0.009306369024
0.09509982594
0.01324327458
0.09355584838
0.01034016279
0.09153938667
0.01117540061
0.08840972563
0.005504031006
0.08315133409
-0.004398806204
0.07507379259
-0.038500098
-0.009177287284
0.09902948237
0.01226213337
0.09830769252
0.01023525121
0.09748019023
0.01013387131
0.09674734226
0.01397612255
0.09543830723
0.01164919782
0.09372059058
0.01289311726
0.09070425403
0.008520367557
0.08543427174
0.0008711760881
0.07609803789
-0.02916386415
0.008967510149
0.09950168938
0.01175534399
0.09909444001
0.01064250058
0.09848801875
0.01074029258
0.09814553309
0.01431860821
0.09703996531
0.0127547656
0.09556330645
0.01436977612
0.09265465303
0.01142902098
0.08740579707
0.006120032043
0.07694003097
-0.01869809804
0.02772464112
0.09987520136
0.01087504264
0.09973782554
0.01077987639
0.09931167923
0.01116643889
0.09928558595
0.01434470149
0.09834768212
0.01369266943
0.09705528825
0.01566216999
0.09423683096
0.01424747827
0.08900705607
0.01134980694
0.07762727307
-0.007318315041
0.04714013843
0.1001542864
0.009715656273
0.1002331114
0.01070105132
0.09994587476
0.01145367556
0.1001609982
0.01412957806
0.09935024779
0.01450341982
0.09818640486
0.01682601292
0.09542247171
0.01701141141
0.09018950692
0.01658277173
0.07814748702
0.004723704864
0.06718309634
0.1003426444
0.008367911839
0.1005771156
0.01046658012
0.1003868525
0.01164393875
0.1007674453
0.01374898522
0.1000393915
0.01523147362
0.09894894721
0.0179164572
0.09619133993
0.01976901869
0.09092188088
0.02185223078
0.07846129026
0.01718429548
0.08774908813
0.100443433
0.1007683626
0.1006325599
0.1011026481
0.1004100401
0.09933791817
0.09654541134
0.09118542751
0.07853370341
0.1009607466
0.001049453388
0.1003000257
0.0006607209508
0.09972528857
0.0005747370869
0.09877628004
0.0009490085371
0.09845498566
0.0003212943775
0.09861625875
-0.0001612730851
0.1008053815
-0.002189122787
0.1069453699
-0.006139988396
0.1213147998
-0.01436942982
-0.03225286675
0.1535676665
0.1009287058
0.002130947619
0.1003082566
0.001281170113
0.09970935619
0.001173637501
0.09876508311
0.001893281618
0.09837235254
0.0007140249473
0.09846465779
-0.0002535783333
0.1004752872
-0.00419975219
0.1062898301
-0.01195453126
0.1201361396
-0.02821573936
-0.06433120965
0.1522144825
0.1008894509
0.003251696754
0.1002947812
0.001875839746
0.0997073762
0.001761042535
0.09872220257
0.002878455249
0.09826017665
0.001176050864
0.09818954966
-0.0001829513409
0.09989468954
-0.005904892074
0.1051529383
-0.01721277999
0.1180833368
-0.04114613793
-0.09611798336
0.1498701105
0.1008283248
0.004433571995
0.1002772566
0.002426907883
0.09970430507
0.002333994087
0.09865639265
0.003926367673
0.0980905727
0.001741870811
0.09779946576
0.0001081555945
0.09906771249
-0.007173138795
0.1035063407
-0.02165140822
0.1154272941
-0.0530670913
-0.1268127202
0.1461220309
0.100750599
0.1002779617
0.09968662906
0.09857151771
0.09788101857
0.09729688099
0.09801412336
0.1011525086
0.1124796184
0.06214717924
0.1396413386
0.01392632791
0.1264624736
0.01317886495
0.1135228414
0.01293963226
0.1007638661
0.01275897523
0.08842701053
0.01233685561
0.07690687081
0.01152013972
0.06672787062
0.01017900019
0.05866855575
0.008059314866
0.05350838157
0.005160174189
0.001697293655
0.1380324761
0.02810833434
0.124800251
0.02641109002
0.1119545701
0.02578531321
0.09943281447
0.02528073082
0.08740381284
0.02436585724
0.07620069575
0.02272325681
0.06631254312
0.02006715283
0.05841429316
0.01595756482
0.05336278813
0.01021167923
0.003305367456
0.1359094496
0.04206899525
0.1228684417
0.039452098
0.1103491969
0.03830455795
0.09817657007
0.03745335767
0.08639170677
0.03615072054
0.07537232943
0.03374263415
0.06580198878
0.02963749348
0.05817484714
0.02358470645
0.05331963036
0.01506689601
0.004766872859
0.1324916383
0.0556993879
0.1192097478
0.05273398846
0.1067002294
0.05081407639
0.09491888148
0.04923470559
0.083834299
0.04723530301
0.07358270501
0.04399422814
0.0646138402
0.0386063583
0.03129085446
0.05682576621
0.04667695789
-0.0003044313499
-0.01389860574
0.05654362327
0.04767820165
0.03835687263
0.0300836734
0.02426615499
0.02230342355
0.02555486904
0.05949155333
0.0541595448
)
;

boundaryField
{
    left
    {
        type            calculated;
        value           nonuniform List<scalar> 
35
(
-0.1510051
-0.1510051
-0.1510051
-0.1510051
-0.1510051
-0.1510051
-0.1510051
-0.1510051
-0.1510051
-0.1510051
-0.0989949
-0.0989949
-0.0989949
-0.0989949
-0.0989949
-0.0989949
-0.0989949
-0.0989949
-0.0989949
-0.0989949
-0.0989949
-0.0989949
-0.0989949
-0.0989949
-0.0989949
-0.0989949
-0.0989949
-0.0989949
-0.0989949
-0.0989949
-0.1020102
-0.1020102
-0.1020102
-0.1020102
-0.1020102
)
;
    }
    right
    {
        type            calculated;
        value           nonuniform List<scalar> 
35
(
0.09928001499
0.09929390713
0.09931858236
0.09935578735
0.09940567174
0.09653078244
0.09660539313
0.09669174439
0.09679043859
0.09690170961
0.09702561555
0.09716209559
0.09731096783
0.09747191798
0.09764448805
0.09782807619
0.0980219568
0.0982251833
0.09843674661
0.09865546294
0.09887995484
0.09910881133
0.09934051886
0.09957353334
0.09980659846
0.1526988856
0.1532220642
0.1537172795
0.1541744944
0.1545846839
0.1549397436
0.1552326396
0.1554578688
0.1556077601
0.155698621
)
;
    }
    down
    {
        type            calculated;
        value           uniform 0;
    }
    up
    {
        type            calculated;
        value           uniform 0;
    }
    cylinder
    {
        type            calculated;
        value           nonuniform List<scalar> 
80
(
2.739105201e-21
-2.886860338e-21
7.407143891e-21
2.883551615e-21
1.218767915e-20
1.480984169e-20
3.235930556e-20
-2.394409992e-21
-1.287864961e-20
1.80711822e-21
-7.730830005e-21
-7.795350093e-21
-4.094027044e-21
-8.245336346e-21
4.820239923e-21
1.104341371e-20
5.185388465e-23
6.679483446e-23
8.481703206e-22
-1.191140082e-21
-4.977972926e-21
2.676094718e-20
5.303882088e-20
6.364327633e-21
3.089354152e-20
1.228032337e-20
-1.051511995e-20
-8.735027269e-21
3.431145181e-21
-1.136546162e-21
-1.191140082e-21
2.274746685e-21
1.51208616e-21
1.207683694e-22
1.111234435e-20
8.718483656e-21
-2.726387299e-21
7.576974411e-22
-7.795350093e-21
-3.695181232e-20
-4.977972926e-21
2.676094718e-20
5.303882088e-20
6.364327633e-21
3.089354152e-20
1.228032337e-20
-1.051511995e-20
-8.735027269e-21
3.431145181e-21
-1.136546162e-21
-1.191140082e-21
2.274746685e-21
1.51208616e-21
1.207683694e-22
1.111234435e-20
8.718483656e-21
-2.726387299e-21
7.576974411e-22
-7.795350093e-21
-3.695181232e-20
-4.596435869e-21
3.362178997e-21
9.795472814e-21
-1.044620546e-20
-4.701142071e-21
1.820624528e-20
2.267632931e-20
1.688441066e-20
2.669208439e-20
-4.908903345e-21
-7.730830005e-21
-7.795350093e-21
-4.094027044e-21
-8.245336346e-21
4.820239923e-21
1.104341371e-20
5.185388465e-23
6.679483446e-23
8.481703206e-22
-1.191140082e-21
)
;
    }
    defaultFaces
    {
        type            empty;
    }
}


// ************************************************************************* //
