/*--------------------------------*- C++ -*----------------------------------*\
  =========                 |
  \\      /  F ield         | OpenFOAM: The Open Source CFD Toolbox
   \\    /   O peration     | Website:  https://openfoam.org
    \\  /    A nd           | Version:  11
     \\/     M anipulation  |
\*---------------------------------------------------------------------------*/
FoamFile
{
    format      ascii;
    class       surfaceScalarField;
    location    "1.5";
    object      meshPhi;
}
// * * * * * * * * * * * * * * * * * * * * * * * * * * * * * * * * * * * * * //

dimensions      [0 3 -1 0 0 0 0];

internalField   nonuniform List<scalar> 
3485
(
-3.539368975e-07
-0.04474180537
0.04474180865
-3.563810997e-07
-0.04649638207
0.04649638451
-3.579182312e-07
-0.04825095884
0.04825096038
-3.587049825e-07
-0.05000553546
0.05000553624
-3.586644139e-07
-0.05176011215
0.05176011211
-3.577965353e-07
-0.05351468884
0.05351468797
-3.561169227e-07
-0.05526926552
0.05526926384
-3.531546326e-07
-0.05702384267
0.05702383971
-3.503589887e-07
-0.05877841837
0.05877841557
-0.06053299619
0.06053299144
-3.456019636e-07
-2.83024758e-07
-0.04474180517
-2.823738417e-07
-0.04649638272
-2.809481895e-07
-0.04825096027
-2.785910337e-07
-0.05000553781
-2.753793345e-07
-0.05176011536
-2.710930524e-07
-0.05351469313
-2.667173447e-07
-0.0552692699
-2.608069215e-07
-0.05702384858
-2.542190426e-07
-0.05877842495
-0.06053300371
-2.467040924e-07
-2.105609011e-07
-0.044741808
-2.067920909e-07
-0.04649638649
-2.022083876e-07
-0.04825096485
-1.966837723e-07
-0.05000554334
-1.903488678e-07
-0.0517601217
-1.832435496e-07
-0.05351470023
-1.744022169e-07
-0.05526927874
-1.658855582e-07
-0.05702385709
-1.552379775e-07
-0.0587784356
-0.06053301396
-1.449906744e-07
-1.36617452e-07
-0.04474181391
-1.298276789e-07
-0.04649639328
-1.220815451e-07
-0.0482509726
-1.132228544e-07
-0.0500055522
-1.043793215e-07
-0.05176013054
-9.36519726e-08
-0.05351471096
-8.326834901e-08
-0.05526928912
-7.074732444e-08
-0.05702386962
-5.731987403e-08
-0.05877844903
-0.06053302701
-4.426426694e-08
-6.189853506e-08
-0.04474182295
-5.21014815e-08
-0.04649640307
-4.156278257e-08
-0.04825098313
-3.013204695e-08
-0.05000556363
-1.681511748e-08
-0.05176014386
-3.690961003e-09
-0.05351472408
1.144926753e-08
-0.05526930426
2.63745747e-08
-0.05702388454
4.211510007e-08
-0.05877846477
-0.06053304358
5.868397362e-08
1.306968175e-08
-0.04474183464
2.575937243e-08
-0.04649641576
3.974581344e-08
-0.04825099712
5.437947404e-08
-0.05000557826
6.992448006e-08
-0.0517601594
8.64227702e-08
-0.05351474058
1.02510509e-07
-0.05526932035
1.207507368e-07
-0.05702390278
1.399022907e-07
-0.05877848392
-0.06053306506
1.613835727e-07
8.826917482e-08
-0.04474184956
1.037376126e-07
-0.04649643123
1.19895421e-07
-0.04825101328
1.381400938e-07
-0.05000559651
1.560989395e-07
-0.05176017736
1.748636433e-07
-0.05351475935
1.959144473e-07
-0.0552693414
2.165516127e-07
-0.05702392342
2.394839462e-07
-0.05877850685
-0.0605330875
2.619221502e-07
1.621943385e-07
-0.0447418667
1.811652634e-07
-0.0464964502
2.010506951e-07
-0.04825103316
2.206699561e-07
-0.05000561612
2.411168149e-07
-0.05176019781
2.637730877e-07
-0.053514782
2.873397056e-07
-0.05526936497
3.118474647e-07
-0.05702394793
3.344078965e-07
-0.05877852941
-0.06053311381
3.607129006e-07
2.368655803e-07
-0.04474188766
2.568962406e-07
-0.04649647023
2.789593202e-07
-0.04825105523
3.019186614e-07
-0.05000563908
3.257416304e-07
-0.05176022163
3.504935988e-07
-0.05351480676
3.761397166e-07
-0.05526939061
4.0268894e-07
-0.05702397448
4.30109302e-07
-0.05877855684
-0.06053314215
4.584510749e-07
3.076331731e-07
-0.04474190999
3.320905866e-07
-0.04649649469
3.562597916e-07
-0.0482510794
3.812767409e-07
-0.0500056641
4.084534757e-07
-0.05176024881
4.352087736e-07
-0.05351483351
4.62813982e-07
-0.05526941822
4.91260345e-07
-0.05702400292
5.220526669e-07
-0.05877858763
5.522380632e-07
-0.06053317233
3.037854937e-08
-0.04474186396
0.04474190999
-1.942469553e-08
-0.04649644489
0.04649649469
-7.300360366e-08
-0.04825102582
0.0482510794
-1.303571213e-07
-0.05000560675
0.0500056641
-1.914873421e-07
-0.05176018768
0.05176024881
-2.550375695e-07
-0.05351476996
0.05351483351
-3.236742782e-07
-0.05526934958
0.05526941822
-3.960866219e-07
-0.05702393051
0.05702400292
-4.722745085e-07
-0.05877851144
0.05877858763
-0.06053309237
-5.522380782e-07
0.06053317233
2.96500738e-08
-0.04474182585
-1.216830212e-08
-0.04649640307
-5.597492335e-08
-0.04825098201
-1.041357234e-07
-0.05000555859
-1.554791349e-07
-0.05176013633
-2.100185796e-07
-0.05351471542
-2.6773039e-07
-0.05526929187
-3.286258501e-07
-0.05702386961
-3.912318422e-07
-0.05877844883
-0.06053302515
-4.584510771e-07
2.800003155e-08
-0.04474179503
-4.573751031e-09
-0.0464963705
-4.083404114e-08
-0.04825094575
-7.841581163e-08
-0.050005521
-1.184889109e-07
-0.05176009626
-1.637185014e-07
-0.05351467019
-2.088600549e-07
-0.05526924673
-2.564928906e-07
-0.05702382198
-3.080552315e-07
-0.05877839727
-0.06053297249
-3.607129174e-07
2.692135361e-08
-0.04474177252
2.525429741e-09
-0.0464963461
-2.433838689e-08
-0.04825091889
-5.312767715e-08
-0.05000549222
-8.259098856e-08
-0.0517600668
-1.138673458e-07
-0.05351463892
-1.483489017e-07
-0.05526921225
-1.847558859e-07
-0.05702378557
-2.21704795e-07
-0.05877836032
-0.06053293227
-2.619221831e-07
2.532035132e-08
-0.04474175805
9.279333509e-09
-0.04649633006
-6.870636068e-09
-0.04825090274
-2.537390613e-08
-0.05000547371
-4.512177623e-08
-0.05176004705
-6.614286479e-08
-0.05351461789
-8.712634078e-08
-0.05526919126
-1.10625304e-07
-0.05702376208
-1.354238915e-07
-0.05877833552
-0.06053290632
-1.613835963e-07
2.350172528e-08
-0.04474175177
1.665048116e-08
-0.04649632321
8.766801665e-09
-0.04825089485
1.451222608e-09
-0.0500054664
-8.360061261e-09
-0.05176003724
-1.63088496e-08
-0.05351460995
-2.604934565e-08
-0.05526918152
-3.63181313e-08
-0.05702375181
-4.720900167e-08
-0.05877832463
-0.06053289484
-5.868397372e-08
2.166589773e-08
-0.04474175367
2.375459234e-08
-0.0464963253
2.586735402e-08
-0.04825089697
2.802615541e-08
-0.05000546856
3.112934565e-08
-0.05176004034
3.33503551e-08
-0.05351461217
3.445088523e-08
-0.05526918262
3.800129085e-08
-0.05702375536
4.045075647e-08
-0.05877832708
-0.06053289865
4.426426306e-08
1.962491359e-08
-0.04474176377
3.064211827e-08
-0.04649633631
4.227954565e-08
-0.0482509086
5.48120802e-08
-0.05000548109
6.776539189e-08
-0.05176005329
8.123905751e-08
-0.05351462564
9.66331673e-08
-0.05526919802
1.128380518e-07
-0.05702377156
1.285576103e-07
-0.0587783428
-0.06053291509
1.449906499e-07
1.760704835e-08
-0.04474178223
3.733780005e-08
-0.04649635604
5.856564649e-08
-0.04825092983
8.112221332e-08
-0.05000550364
1.052593579e-07
-0.05176007743
1.30760877e-07
-0.05351465114
1.578792128e-07
-0.05526922513
1.847234907e-07
-0.05702379841
2.144258527e-07
-0.0587783725
-0.06053294737
2.467040965e-07
1.533674655e-08
4.380422325e-08
7.435032638e-08
1.069483038e-07
1.416258602e-07
1.784577138e-07
2.171633472e-07
2.584625565e-07
3.015298091e-07
3.456019786e-07
0
-0.275753918
0.2763470911
0
0
0
0
0
0
0
0
0
0
0
0
0
0
0
0
0
0
0
0
0
0
0
0
0
0
0
-0.2739868047
0
0
0
0
0
0
0
0
0
0
0
0
0
0
0
0
0
0
-0.2710456159
0
0
0
0
0
0
0
0
0
0
0
0
0
0
0
0
0
0
-0.266930192
0
0
0
0
0
0
0
0
0
0
0
0
0
0
0
0
0
0
-0.2616404669
0
0
0
0
0
0
0
0
0
0
0
0
0
0
0
0
0
0
-0.2551766207
0
0
0
0
0
0
0
0
0
0
0
0
0
0
0
0
0
0
-0.2475392829
0
0
0
0
0
0
0
0
0
0
0
0
0
0
0
0
0
0
-0.2387297673
0
0
0
0
0
0
0
0
0
0
0
0
0
0
0
0
0
0
-0.2287503475
0
0
0
0
0
0
0
0
0
0
0
0
0
0
0
0
0
0
-0.2176045633
0
0
0
0
0
0
0
0
0
0
0
0
0
0
0
0
0
0
0
-0.08198753791
0
0
0
0
0
0
0
0
0
0
0
0
0
0
0
0
0
0
0
0
0
0
0
0
0
0
0
0
0
0
0
0
0
0
0
0
0
0
0
0
0
0
0
0
0
0
0
0
0
0
0
0
0
0
0
0
0
0
0
0
0
0
0
0
0
0
0
0
0
0
0
0
0
0
0
0
0
0
0
0
0
0
0
0
0
0
0
0
0
0
0
0
0
0
0
0
0
0
0
0
0
0
0
0
0
0
0
0
0
0
0
0
0
0
0
0
0
0
0
0
0
0
0
0
0
0
0
0
0
0
0
0
0
0
0
0
0
0
0
0
0
0
0
0
0
0
0
0
0
0
0
0
0
0
0
0
0
0
0
0
0
0
0
0
0
0
0
0
0
0
0
0
0
0
0
0
0
0
0
0
0
0
0
0
0
0
0
0.08444608169
0
-0.08443938894
0.08445835244
0
0.08446514644
0
0.0844481796
0
0.08438216707
0
0.08423513179
0
0.08396880503
0
0.08353910167
0
0.08289667409
0
0
0
0
0
0
0
0
0
0
0
0
0
0
0
0
0
0
0
0
0
0
0
0
0
0
0
0
0
0
0
0
0
0
0
0
0
0
0
0
0
0
0
0
0
0
0
0
0
0
0
0
0
0
0
0
0
0
0
0
0
0
0
0
0
0
0
0
0
0
0
0
0
0
0
0
0
0
0
0
0
0
0
0
0
0
0
0
0
0
0
0
0
0
0
0
0
0
0
0
0
0
0
0
0
0
0
0
0
0
0
0
0
0
0
0
0
0
0
0
0
0
0
0
0
0
0
0
0
0
0
0
0
0
0
0
0
0
0
0
0
0
0
0
0
0
0
0
0
0
0
0
0
0
0
0
0
0
0
0
0
0
0
0
0
0
0
0
0
0
0
0
-3.503589923e-07
0.06053299619
-0.06053299144
3.456019786e-07
-3.531546318e-07
0.05877841837
-0.05877841557
-3.56116895e-07
0.05702384267
-0.05702383971
-3.577965241e-07
0.05526926552
-0.05526926384
-3.58664394e-07
0.05351468884
-0.05351468797
-3.587049779e-07
0.05176011215
-0.05176011211
-3.579182371e-07
0.05000553546
-0.05000553624
-3.563810991e-07
0.04825095884
-0.04825096038
-3.539368939e-07
0.04649638207
-0.04649638451
0.04474180537
-0.04474180865
-2.542190187e-07
0.06053300371
2.467040837e-07
-2.608069425e-07
0.05877842495
-2.667173742e-07
0.05702384858
-2.710930275e-07
0.0552692699
-2.753793085e-07
0.05351469313
-2.785910078e-07
0.05176011536
-2.809481883e-07
0.05000553781
-2.823738431e-07
0.04825096027
-2.830247437e-07
0.04649638272
0.04474180517
-1.552379693e-07
0.06053301396
1.449906409e-07
-1.658855586e-07
0.0587784356
-1.744022484e-07
0.0570238571
-1.832435277e-07
0.05526927874
-1.903488845e-07
0.05351470023
-1.966837751e-07
0.0517601217
-2.02208404e-07
0.05000554334
-2.067921047e-07
0.04825096485
-2.105608988e-07
0.04649638649
0.044741808
-5.73199041e-08
0.06053302701
4.426425908e-08
-7.074731126e-08
0.05877844903
-8.32683797e-08
0.05702386962
-9.36519536e-08
0.05526928912
-1.043793262e-07
0.05351471096
-1.132228428e-07
0.05176013054
-1.220815678e-07
0.0500055522
-1.298276706e-07
0.0482509726
-1.366174552e-07
0.04649639328
0.04474181391
4.211507177e-08
0.06053304358
-5.868397372e-08
2.637457717e-08
0.05877846477
1.144926401e-08
0.05702388454
-3.69097341e-09
0.05526930426
-1.681513223e-08
0.05351472408
-3.013203159e-08
0.05176014386
-4.156277268e-08
0.05000556363
-5.210145582e-08
0.04825098313
-6.189854508e-08
0.04649640307
0.04474182295
1.399022871e-07
0.06053306506
-1.613835963e-07
1.207507585e-07
0.05877848392
1.025104744e-07
0.05702390278
8.64227676e-08
0.05526932035
6.992446027e-08
0.05351474058
5.437947124e-08
0.0517601594
3.974586767e-08
0.05000557826
2.575934339e-08
0.04825099712
1.306967954e-08
0.04649641576
0.04474183464
2.394839082e-07
0.0605330875
-2.619221631e-07
2.165516349e-07
0.05877850685
1.959144175e-07
0.05702392342
1.74863642e-07
0.0552693414
1.560989224e-07
0.05351475935
1.381400872e-07
0.05176017736
1.198953751e-07
0.05000559651
1.037375879e-07
0.04825101328
8.826913013e-08
0.04649643123
0.04474184956
3.344079005e-07
0.06053311381
-3.607129174e-07
3.118474131e-07
0.05877852941
2.873397173e-07
0.05702394793
2.637730442e-07
0.05526936497
2.411168182e-07
0.053514782
2.206699619e-07
0.05176019781
2.010506786e-07
0.05000561612
1.811652625e-07
0.04825103316
1.621943278e-07
0.0464964502
0.0447418667
4.30109327e-07
0.06053314215
-4.584510933e-07
4.026889255e-07
0.05877855684
3.761397084e-07
0.05702397448
3.504935396e-07
0.05526939061
3.257416201e-07
0.05351480676
3.01918658e-07
0.05176022163
2.789593096e-07
0.05000563908
2.568962606e-07
0.04825105523
2.368655922e-07
0.04649647023
0.04474188766
5.220526455e-07
-5.522380782e-07
4.912603819e-07
4.628140284e-07
4.352087858e-07
4.084534834e-07
3.812767452e-07
3.562597401e-07
3.320905959e-07
3.076331913e-07
-5.22052667e-07
0.06053314215
5.522380632e-07
-0.06053317233
-4.91260345e-07
0.05877855684
-0.05877858763
-4.628139969e-07
0.05702397448
-0.05702400292
-4.352087304e-07
0.05526939061
-0.05526941822
-4.084534617e-07
0.05351480676
-0.05351483351
-3.812767409e-07
0.05176022163
-0.05176024881
-3.562597916e-07
0.05000563908
-0.0500056641
-3.320905992e-07
0.04825105523
-0.0482510794
-3.076331731e-07
0.04649647023
-0.04649649469
0.04474188766
-0.04474190999
-4.301093175e-07
0.06053311381
4.584510915e-07
-4.02688955e-07
0.05877852941
-3.761397018e-07
0.05702394793
-3.504935849e-07
0.05526936497
-3.257416442e-07
0.053514782
-3.019186614e-07
0.05176019781
-2.789593466e-07
0.05000561612
-2.568962531e-07
0.04825103316
-2.368655803e-07
0.0464964502
0.0447418667
-3.344078965e-07
0.0605330875
3.607129006e-07
-3.118474504e-07
0.05877850685
-2.873397056e-07
0.05702392342
-2.63773088e-07
0.0552693414
-2.411168693e-07
0.05351475935
-2.206699561e-07
0.05176017736
-2.010506696e-07
0.05000559651
-1.811652637e-07
0.04825101328
-1.621943388e-07
0.04649643123
0.04474184956
-2.394839169e-07
0.06053306506
2.619221502e-07
-2.165516433e-07
0.05877848392
-1.959144319e-07
0.05702390278
-1.748636285e-07
0.05526932035
-1.560989271e-07
0.05351474058
-1.381400956e-07
0.0517601594
-1.198953933e-07
0.05000557826
-1.037375867e-07
0.04825099712
-8.826916319e-08
0.04649641576
0.04474183464
-1.399022907e-07
0.06053304358
1.613835727e-07
-1.207507381e-07
0.05877846477
-1.025105077e-07
0.05702388454
-8.642277145e-08
0.05526930426
-6.992448127e-08
0.05351472408
-5.437945906e-08
0.05176014386
-3.974583899e-08
0.05000556363
-2.575935957e-08
0.04825098313
-1.30696931e-08
0.04649640307
0.04474182295
-4.211511773e-08
0.06053302701
5.868401796e-08
-2.637457791e-08
0.05877844903
-1.144928104e-08
0.05702386962
3.690944894e-09
0.05526928912
1.681512332e-08
0.05351471096
3.013204836e-08
0.05176013054
4.156279439e-08
0.0500055522
5.210148019e-08
0.0482509726
6.189856208e-08
0.04649639328
0.04474181391
5.731989776e-08
0.06053301396
-4.426428115e-08
7.074729767e-08
0.0587784356
8.326837134e-08
0.05702385709
9.36519726e-08
0.05526927874
1.043793059e-07
0.05351470023
1.132228577e-07
0.0517601217
1.220815539e-07
0.05000554334
1.298276795e-07
0.04825096485
1.36617452e-07
0.04649638649
0.044741808
1.552379819e-07
0.06053300371
-1.449906744e-07
1.658855709e-07
0.05877842495
1.744022087e-07
0.05702384858
1.832435376e-07
0.0552692699
1.903488582e-07
0.05351469313
1.966837573e-07
0.05176011536
2.022083876e-07
0.05000553781
2.067920909e-07
0.04825096027
2.105609044e-07
0.04649638272
0.04474180517
2.542190426e-07
0.06053299619
-2.467041051e-07
2.608069215e-07
0.05877841837
2.667173447e-07
0.05702384267
2.710930512e-07
0.05526926552
2.753793203e-07
0.05351468884
2.785910106e-07
0.05176011215
2.809481803e-07
0.05000553546
2.823738389e-07
0.04825095884
2.830247749e-07
0.04649638207
0.04474180537
3.503589726e-07
-3.456019461e-07
3.531546547e-07
3.561169122e-07
3.577965349e-07
3.58664419e-07
3.587049821e-07
3.579182496e-07
3.563810909e-07
3.539369067e-07
0
0
0
0
0
0
0
0
0
0
0
0
0
0
0
0
0
0
0
0
0
0
0
0
0
0
0
0.2757662758
-0.2763470911
0
0
0
0
0
0
0
0
0
0
0
0
0
0
0
0
0
0
0.2740114954
0
0
0
0
0
0
0
0
0
0
0
0
0
0
0
0
0
0
0.2710825895
0
0
0
0
0
0
0
0
0
0
0
0
0
0
0
0
0
0
0.2669793733
0
0
0
0
0
0
0
0
0
0
0
0
0
0
0
0
0
0
0.2617017546
0
0
0
0
0
0
0
0
0
0
0
0
0
0
0
0
0
0
0.2552498873
0
0
0
0
0
0
0
0
0
0
0
0
0
0
0
0
0
0
0.2476243734
0
0
0
0
0
0
0
0
0
0
0
0
0
0
0
0
0
0
0.2388264988
0
0
0
0
0
0
0
0
0
0
0
0
0
0
0
0
0
0
0.2288585078
0
0
0
0
0
0
0
0
0
0
0
0
0
0
0
0
0
0
0.2177239102
0
0
0
0
0
0
0
0
0
0
0
0
0
0
0
0
0
0
0
0.08194259583
0
0
0
0
0
0
0
0
0
0
0
0
0
0
0
0
0
0
0
0
0
0
0
0
0
0
0
0
0
0
0
0
0
0
0
0
0
0
0
0
0
0
0
0
0
0
0
0
0
0
0
0
0
0
0
0
0
0
0
0
0
0
0
0
0
0
0
0
0
0
0
0
0
0
0
0
0
0
0
0
0
0
0
0
0
0
0
0
0
0
0
0
0
0
0
0
0
0
0
0
0
0
0
0
0
0
0
0
0
0
0
0
0
0
0
0
0
0
0
0
0
0
0
0
0
0
0
0
0
0
0
0
0
0
0
0
0
0
0
0
0
0
0
0
0
0
0
0
0
0
0
0
0
0
0
0
0
0
0
0
0
0
0
0
0
0
0
0
0
0
0.08285685156
0
0.08350421958
0
0.08393869414
0
0.0842096361
0
0.08436114695
0
0.08443151444
0
0.08445273693
0
0.08445012247
0
0.0844419797
0
0
0
0
0
0
0
0
0
0
0
0
0
0
0
0
0
0
0
0
0
0
0
0
0
0
0
0
0
0
0
0
0
0
0
0
0
0
0
0
0
0
0
0
0
0
0
0
0
0
0
0
0
0
0
0
0
0
0
0
0
0
0
0
0
0
0
0
0
0
0
0
0
0
0
0
0
0
0
0
0
0
0
0
0
0
0
0
0
0
0
0
0
0
0
0
0
0
0
0
0
0
0
0
0
0
0
0
0
0
0
0
0
0
0
0
0
0
0
0
0
0
0
0
0
0
0
0
0
0
0
0
0
0
0
0
0
0
0
0
0
0
0
0
0
0
0
0
0
0
0
0
0
0
0
0
0
0
0
0
0
0
0
-3.076332034e-07
-0.04474188766
0.04474190999
-3.320905959e-07
-0.04649647023
0.04649649469
-3.562597661e-07
-0.04825105523
0.0482510794
-3.812767317e-07
-0.05000563908
0.0500056641
-4.084534695e-07
-0.05176022163
0.05176024881
-4.352087858e-07
-0.05351480676
0.05351483351
-4.628140284e-07
-0.05526939061
0.05526941822
-4.912603819e-07
-0.05702397448
0.05702400292
-5.220526613e-07
-0.05877855684
0.05877858763
-0.06053314215
-5.522380782e-07
0.06053317233
-2.368655922e-07
-0.0447418667
-2.568962731e-07
-0.0464964502
-2.7895931e-07
-0.04825103316
-3.01918658e-07
-0.05000561612
-3.257416203e-07
-0.05176019781
-3.50493583e-07
-0.053514782
-3.761397384e-07
-0.05526936497
-4.026889557e-07
-0.05702394793
-4.301093272e-07
-0.05877852941
-0.06053311381
-4.584510771e-07
-1.621943278e-07
-0.04474184956
-1.811652631e-07
-0.04649643123
-2.010506792e-07
-0.04825101328
-2.206699748e-07
-0.05000559651
-2.411168176e-07
-0.05176017736
-2.637730584e-07
-0.05351475935
-2.873396866e-07
-0.0552693414
-3.118474282e-07
-0.05702392342
-3.34407885e-07
-0.05877850685
-0.0605330875
-3.607129174e-07
-8.826913013e-08
-0.04474183464
-1.037375759e-07
-0.04649641576
-1.198953626e-07
-0.04825099712
-1.381400733e-07
-0.05000557826
-1.560989071e-07
-0.0517601594
-1.74863642e-07
-0.05351474058
-1.959144185e-07
-0.05526932035
-2.165516349e-07
-0.05702390278
-2.394839234e-07
-0.05877848392
-0.06053306506
-2.619221831e-07
-1.306967177e-08
-0.04474182295
-2.575933052e-08
-0.04649640307
-3.974586767e-08
-0.04825098313
-5.437947124e-08
-0.05000556363
-6.992446148e-08
-0.05176014386
-8.64227418e-08
-0.05351472408
-1.025104618e-07
-0.05526930426
-1.207507689e-07
-0.05702388454
-1.399022871e-07
-0.05877846477
-0.06053304358
-1.613835963e-07
6.189855437e-08
-0.04474181391
5.210146984e-08
-0.04649639328
4.156276995e-08
-0.0482509726
3.013204524e-08
-0.0500055522
1.681514489e-08
-0.05176013054
3.690944219e-09
-0.05351471096
-1.14492505e-08
-0.05526928912
-2.63745461e-08
-0.05702386962
-4.21151071e-08
-0.05877844903
-0.06053302701
-5.868397372e-08
1.366174469e-07
-0.044741808
1.298276785e-07
-0.04649638649
1.220815678e-07
-0.04825096485
1.132228461e-07
-0.05000554334
1.043793141e-07
-0.0517601217
9.365194454e-08
-0.05351470023
8.326838334e-08
-0.05526927874
7.074730538e-08
-0.0570238571
5.731992562e-08
-0.0587784356
-0.06053301396
4.426426306e-08
2.105609172e-07
-0.04474180517
2.06792103e-07
-0.04649638272
2.022084112e-07
-0.04825096027
1.966837751e-07
-0.05000553781
1.903488845e-07
-0.05176011536
1.832435197e-07
-0.05351469313
1.744022443e-07
-0.0552692699
1.658855756e-07
-0.05702384858
1.55238e-07
-0.05877842495
-0.06053300371
1.449906499e-07
2.830247437e-07
-0.04474180537
2.82373854e-07
-0.04649638207
2.809481781e-07
-0.04825095884
2.785910131e-07
-0.05000553546
2.753793183e-07
-0.05176011215
2.710930433e-07
-0.05351468884
2.667173625e-07
-0.05526926552
2.608069377e-07
-0.05702384267
2.542190187e-07
-0.05877841837
-0.06053299619
2.467040965e-07
3.539368977e-07
-0.04474180865
3.563811037e-07
-0.04649638451
3.579182275e-07
-0.04825096038
3.587049688e-07
-0.05000553624
3.586643889e-07
-0.05176011211
3.577965343e-07
-0.05351468797
3.5611689e-07
-0.05526926384
3.531546322e-07
-0.05702383971
3.503589873e-07
-0.05877841557
-0.06053299144
3.456019786e-07
-3.539368975e-07
-0.04474180537
-3.563810997e-07
-0.04649638207
-3.579182312e-07
-0.04825095884
-3.587049825e-07
-0.05000553546
-3.586644139e-07
-0.05176011215
-3.577965353e-07
-0.05351468884
-3.561169227e-07
-0.05526926552
-3.531546326e-07
-0.05702384267
-3.503589887e-07
-0.05877841837
-0.06053299619
-3.456019636e-07
-2.83024758e-07
-0.04474180517
-2.823738417e-07
-0.04649638272
-2.809481895e-07
-0.04825096027
-2.785910337e-07
-0.05000553781
-2.753793345e-07
-0.05176011536
-2.710930524e-07
-0.05351469313
-2.667173447e-07
-0.0552692699
-2.608069215e-07
-0.05702384858
-2.542190426e-07
-0.05877842495
-0.06053300371
-2.467040924e-07
-2.105609011e-07
-0.044741808
-2.067920909e-07
-0.04649638649
-2.022083876e-07
-0.04825096485
-1.966837723e-07
-0.05000554334
-1.903488678e-07
-0.0517601217
-1.832435496e-07
-0.05351470023
-1.744022169e-07
-0.05526927874
-1.658855582e-07
-0.05702385709
-1.552379775e-07
-0.0587784356
-0.06053301396
-1.449906744e-07
-1.36617452e-07
-0.04474181391
-1.298276789e-07
-0.04649639328
-1.220815451e-07
-0.0482509726
-1.132228544e-07
-0.0500055522
-1.043793215e-07
-0.05176013054
-9.36519726e-08
-0.05351471096
-8.326834901e-08
-0.05526928912
-7.074732444e-08
-0.05702386962
-5.731987403e-08
-0.05877844903
-0.06053302701
-4.426426694e-08
-6.189853506e-08
-0.04474182295
-5.21014815e-08
-0.04649640307
-4.156278257e-08
-0.04825098313
-3.013204695e-08
-0.05000556363
-1.681511748e-08
-0.05176014386
-3.690961003e-09
-0.05351472408
1.144926753e-08
-0.05526930426
2.63745747e-08
-0.05702388454
4.211510007e-08
-0.05877846477
-0.06053304358
5.868397362e-08
1.306968175e-08
-0.04474183464
2.575937243e-08
-0.04649641576
3.974581344e-08
-0.04825099712
5.437947404e-08
-0.05000557826
6.992448006e-08
-0.0517601594
8.64227702e-08
-0.05351474058
1.02510509e-07
-0.05526932035
1.207507368e-07
-0.05702390278
1.399022907e-07
-0.05877848392
-0.06053306506
1.613835727e-07
8.826917482e-08
-0.04474184956
1.037376126e-07
-0.04649643123
1.19895421e-07
-0.04825101328
1.381400938e-07
-0.05000559651
1.560989395e-07
-0.05176017736
1.748636433e-07
-0.05351475935
1.959144473e-07
-0.0552693414
2.165516127e-07
-0.05702392342
2.394839462e-07
-0.05877850685
-0.0605330875
2.619221502e-07
1.621943385e-07
-0.0447418667
1.811652634e-07
-0.0464964502
2.010506951e-07
-0.04825103316
2.206699561e-07
-0.05000561612
2.411168149e-07
-0.05176019781
2.637730877e-07
-0.053514782
2.873397056e-07
-0.05526936497
3.118474647e-07
-0.05702394793
3.344078965e-07
-0.05877852941
-0.06053311381
3.607129006e-07
2.368655803e-07
-0.04474188766
2.568962406e-07
-0.04649647023
2.789593202e-07
-0.04825105523
3.019186614e-07
-0.05000563908
3.257416304e-07
-0.05176022163
3.504935988e-07
-0.05351480676
3.761397166e-07
-0.05526939061
4.0268894e-07
-0.05702397448
4.30109302e-07
-0.05877855684
-0.06053314215
4.584510749e-07
3.076331973e-07
3.320905992e-07
3.562597916e-07
3.812767679e-07
4.084534756e-07
4.352087448e-07
4.628139969e-07
4.91260345e-07
5.220526828e-07
5.522380632e-07
0
-0.2288585078
0.2177239102
0
0
0
0
0
0
0
0
0
0
0
0
0
0
0
0
0
0
0
0
0
0
0
0
0
0
0
-0.2388264988
0
0
0
0
0
0
0
0
0
0
0
0
0
0
0
0
0
0
-0.2476243734
0
0
0
0
0
0
0
0
0
0
0
0
0
0
0
0
0
0
-0.2552498873
0
0
0
0
0
0
0
0
0
0
0
0
0
0
0
0
0
0
-0.2617017546
0
0
0
0
0
0
0
0
0
0
0
0
0
0
0
0
0
0
-0.2669793733
0
0
0
0
0
0
0
0
0
0
0
0
0
0
0
0
0
0
-0.2710825895
0
0
0
0
0
0
0
0
0
0
0
0
0
0
0
0
0
0
-0.2740114954
0
0
0
0
0
0
0
0
0
0
0
0
0
0
0
0
0
0
-0.2757662758
0
0
0
0
0
0
0
0
0
0
0
0
0
0
0
0
0
0
0
0
0
0
0
0
0
0
0
0
0
0
0
0
0
0
0
0
0
0
0
0
0
0
0
0
0
0
0
0
0
0
0
0
0
0
0
0
0
0
0
0
0
0
0
0
0
0
0
0
0
0
0
0
0
0
0
0
0
0
0
0
0
0
0
0
0
0
0
0
0
0
0
0
0
0
0
0
0
0
0
0
0
0
0
0
0
0
0
0.05535561772
0
0
0
0
0
0
0
0
0
0
0
0
0
0
0
0
0
0
0
0
0
0
0
0
0
0
0
0
0
0
0
0
0
0
0
0
0
0
0
0
0
0
0
0
0
0
0
0
0
0
0
0
0
0
0
0
0
0
0
0
0
0
0
0
0
0
0
0
-0.01607565366
-0.0009865525453
0.01557193926
-0.01758203684
-0.002944108691
0
0.0007149549262
0
0
0
0
0
0
0
0
0
0
0
0
0
-0.03191166021
0.03092455543
-0.03485622736
-0.01963117071
-0.02286408681
-0.02689883798
-0.03164568452
-0.03699691731
-0.04282800092
-0.04899890634
-3.503589923e-07
0.06053299619
-0.06053299144
3.456019786e-07
-3.531546318e-07
0.05877841837
-0.05877841557
-3.56116895e-07
0.05702384267
-0.05702383971
-3.577965241e-07
0.05526926552
-0.05526926384
-3.58664394e-07
0.05351468884
-0.05351468797
-3.587049779e-07
0.05176011215
-0.05176011211
-3.579182371e-07
0.05000553546
-0.05000553624
-3.563810991e-07
0.04825095884
-0.04825096038
-3.539368939e-07
0.04649638207
-0.04649638451
0.04474180537
-0.04474180865
-2.542190187e-07
0.06053300371
2.467040837e-07
-2.608069425e-07
0.05877842495
-2.667173742e-07
0.05702384858
-2.710930275e-07
0.0552692699
-2.753793085e-07
0.05351469313
-2.785910078e-07
0.05176011536
-2.809481883e-07
0.05000553781
-2.823738431e-07
0.04825096027
-2.830247437e-07
0.04649638272
0.04474180517
-1.552379693e-07
0.06053301396
1.449906409e-07
-1.658855586e-07
0.0587784356
-1.744022484e-07
0.0570238571
-1.832435277e-07
0.05526927874
-1.903488845e-07
0.05351470023
-1.966837751e-07
0.0517601217
-2.02208404e-07
0.05000554334
-2.067921047e-07
0.04825096485
-2.105608988e-07
0.04649638649
0.044741808
-5.73199041e-08
0.06053302701
4.426425908e-08
-7.074731126e-08
0.05877844903
-8.32683797e-08
0.05702386962
-9.36519536e-08
0.05526928912
-1.043793262e-07
0.05351471096
-1.132228428e-07
0.05176013054
-1.220815678e-07
0.0500055522
-1.298276706e-07
0.0482509726
-1.366174552e-07
0.04649639328
0.04474181391
4.211507177e-08
0.06053304358
-5.868397372e-08
2.637457717e-08
0.05877846477
1.144926401e-08
0.05702388454
-3.69097341e-09
0.05526930426
-1.681513223e-08
0.05351472408
-3.013203159e-08
0.05176014386
-4.156277268e-08
0.05000556363
-5.210145582e-08
0.04825098313
-6.189854508e-08
0.04649640307
0.04474182295
1.399022871e-07
0.06053306506
-1.613835963e-07
1.207507585e-07
0.05877848392
1.025104744e-07
0.05702390278
8.64227676e-08
0.05526932035
6.992446027e-08
0.05351474058
5.437947124e-08
0.0517601594
3.974586767e-08
0.05000557826
2.575934339e-08
0.04825099712
1.306967954e-08
0.04649641576
0.04474183464
2.394839082e-07
0.0605330875
-2.619221631e-07
2.165516349e-07
0.05877850685
1.959144175e-07
0.05702392342
1.74863642e-07
0.0552693414
1.560989224e-07
0.05351475935
1.381400872e-07
0.05176017736
1.198953751e-07
0.05000559651
1.037375879e-07
0.04825101328
8.826913013e-08
0.04649643123
0.04474184956
3.344079005e-07
0.06053311381
-3.607129174e-07
3.118474131e-07
0.05877852941
2.873397173e-07
0.05702394793
2.637730442e-07
0.05526936497
2.411168182e-07
0.053514782
2.206699619e-07
0.05176019781
2.010506786e-07
0.05000561612
1.811652625e-07
0.04825103316
1.621943278e-07
0.0464964502
0.0447418667
4.30109327e-07
0.06053314215
-4.584510933e-07
4.026889255e-07
0.05877855684
3.761397084e-07
0.05702397448
3.504935396e-07
0.05526939061
3.257416201e-07
0.05351480676
3.01918658e-07
0.05176022163
2.789593096e-07
0.05000563908
2.568962606e-07
0.04825105523
2.368655922e-07
0.04649647023
0.04474188766
5.220526613e-07
-5.522380782e-07
4.912603819e-07
4.628140284e-07
4.352087714e-07
4.084534835e-07
3.812767586e-07
3.562597531e-07
3.320905959e-07
3.076331793e-07
-5.220526986e-07
0.06053314215
5.522380632e-07
-4.91260345e-07
0.05877855684
-4.628140267e-07
0.05702397448
-4.352087592e-07
0.05526939061
-4.084534617e-07
0.05351480676
-3.812767679e-07
0.05176022163
-3.562597656e-07
0.05000563908
-3.320905991e-07
0.04825105523
-3.076331852e-07
0.04649647023
0.04474188766
-4.301093175e-07
0.06053311381
4.584510915e-07
-4.02688955e-07
0.05877852941
-3.761397018e-07
0.05702394793
-3.504935849e-07
0.05526936497
-3.257416442e-07
0.053514782
-3.019186614e-07
0.05176019781
-2.789593466e-07
0.05000561612
-2.568962531e-07
0.04825103316
-2.368655803e-07
0.0464964502
0.0447418667
-3.344078965e-07
0.0605330875
3.607129006e-07
-3.118474504e-07
0.05877850685
-2.873397056e-07
0.05702392342
-2.63773088e-07
0.0552693414
-2.411168693e-07
0.05351475935
-2.206699561e-07
0.05176017736
-2.010506696e-07
0.05000559651
-1.811652637e-07
0.04825101328
-1.621943388e-07
0.04649643123
0.04474184956
-2.394839169e-07
0.06053306506
2.619221502e-07
-2.165516433e-07
0.05877848392
-1.959144319e-07
0.05702390278
-1.748636285e-07
0.05526932035
-1.560989271e-07
0.05351474058
-1.381400956e-07
0.0517601594
-1.198953933e-07
0.05000557826
-1.037375867e-07
0.04825099712
-8.826916319e-08
0.04649641576
0.04474183464
-1.399022907e-07
0.06053304358
1.613835727e-07
-1.207507381e-07
0.05877846477
-1.025105077e-07
0.05702388454
-8.642277145e-08
0.05526930426
-6.992448127e-08
0.05351472408
-5.437945906e-08
0.05176014386
-3.974583899e-08
0.05000556363
-2.575935957e-08
0.04825098313
-1.30696931e-08
0.04649640307
0.04474182295
-4.211511773e-08
0.06053302701
5.868401796e-08
-2.637457791e-08
0.05877844903
-1.144928104e-08
0.05702386962
3.690944894e-09
0.05526928912
1.681512332e-08
0.05351471096
3.013204836e-08
0.05176013054
4.156279439e-08
0.0500055522
5.210148019e-08
0.0482509726
6.189856208e-08
0.04649639328
0.04474181391
5.731989776e-08
0.06053301396
-4.426428115e-08
7.074729767e-08
0.0587784356
8.326837134e-08
0.05702385709
9.36519726e-08
0.05526927874
1.043793059e-07
0.05351470023
1.132228577e-07
0.0517601217
1.220815539e-07
0.05000554334
1.298276795e-07
0.04825096485
1.36617452e-07
0.04649638649
0.044741808
1.552379819e-07
0.06053300371
-1.449906744e-07
1.658855709e-07
0.05877842495
1.744022087e-07
0.05702384858
1.832435376e-07
0.0552692699
1.903488582e-07
0.05351469313
1.966837573e-07
0.05176011536
2.022083876e-07
0.05000553781
2.067920909e-07
0.04825096027
2.105609044e-07
0.04649638272
0.04474180517
2.542190426e-07
0.06053299619
-2.467041051e-07
2.608069215e-07
0.05877841837
2.667173447e-07
0.05702384267
2.710930512e-07
0.05526926552
2.753793203e-07
0.05351468884
2.785910106e-07
0.05176011215
2.809481803e-07
0.05000553546
2.823738389e-07
0.04825095884
2.830247749e-07
0.04649638207
0.04474180537
3.503589726e-07
-3.456019461e-07
3.531546547e-07
3.561169122e-07
3.577965349e-07
3.58664419e-07
3.587049821e-07
3.579182496e-07
3.563810909e-07
3.539369067e-07
0
0
0
0
0
0
0
0
0
0
0
0
0
0
0
0
0
0
0
0
0
0
0
0
0
0
0
0.2287503475
-0.2176045633
0
0
0
0
0
0
0
0
0
0
0
0
0
0
0
0
0
0
0.2387297673
0
0
0
0
0
0
0
0
0
0
0
0
0
0
0
0
0
0
0.2475392829
0
0
0
0
0
0
0
0
0
0
0
0
0
0
0
0
0
0
0.2551766207
0
0
0
0
0
0
0
0
0
0
0
0
0
0
0
0
0
0
0.2616404669
0
0
0
0
0
0
0
0
0
0
0
0
0
0
0
0
0
0
0.266930192
0
0
0
0
0
0
0
0
0
0
0
0
0
0
0
0
0
0
0.2710456159
0
0
0
0
0
0
0
0
0
0
0
0
0
0
0
0
0
0
0.2739868047
0
0
0
0
0
0
0
0
0
0
0
0
0
0
0
0
0
0
0.275753918
0
0
0
0
0
0
0
0
0
0
0
0
0
0
0
0
0
0
0
0
0
0
0
0
0
0
0
0
0
0
0
0
0
0
0
0
0
0
0
0
0
0
0
0
0
0
0
0
0
0
0
0
0
0
0
0
0
0
0
0
0
0
0
0
0
0
0
0
0
0
0
0
0
0
0
0
0
0
0
0
0
0
0
0
0
0
0
0
0
0
0
0
0
0
0
0
0
0
-0.05538597795
0
0
0
0
0
0
0
0
0
0
0
0
0
0
0
0
0
0
0
0
0
0
0
0
0
0
0
0
0
0
0
0
0
0
0
0
0
0
0
0
0
0
0
0
0
0
0
0
0
0
0
0
0
0
0
0
0
0
0
0
0
0
0
0
0
0
0
0
0
0
0
-0.01758532821
-0.000760897593
-0.01607725297
0.002944108691
0.0009865525453
-0.04902388117
-0.04284828561
-0.03701315542
-0.03165845918
-0.0269086641
-0.02287140423
-0.01963633841
-0.03485622736
-0.03191166021
)
;

boundaryField
{
    left
    {
        type            calculated;
        value           uniform 0;
    }
    right
    {
        type            calculated;
        value           uniform 0;
    }
    down
    {
        type            calculated;
        value           uniform 0;
    }
    up
    {
        type            calculated;
        value           uniform 0;
    }
    cylinder
    {
        type            calculated;
        value           nonuniform List<scalar> 
80
(
-7.640604354e-08
-6.776186426e-08
-5.881883435e-08
-4.942879832e-08
-3.979105038e-08
-2.978214744e-08
-1.976794942e-08
-9.521072841e-09
8.533340171e-10
1.107787729e-08
3.506653644e-07
2.828210885e-07
2.133933204e-07
1.425225936e-07
7.094468757e-08
-1.384090282e-09
-7.334957554e-08
-1.450536196e-07
-2.159005828e-07
-2.853126773e-07
-3.506653809e-07
-2.8282109e-07
-2.133933422e-07
-1.425226079e-07
-7.094467527e-08
1.384085309e-09
7.334956845e-08
1.450536345e-07
2.159005915e-07
2.853126776e-07
-2.853126773e-07
-2.159005946e-07
-1.450536187e-07
-7.334958673e-08
-1.384090282e-09
7.094467701e-08
1.425225908e-07
2.133933221e-07
2.828210921e-07
3.506653687e-07
-3.506653809e-07
-2.8282109e-07
-2.133933422e-07
-1.425226079e-07
-7.094467527e-08
1.384085309e-09
7.334956845e-08
1.450536345e-07
2.159005915e-07
2.853126776e-07
-2.853126773e-07
-2.159005946e-07
-1.450536187e-07
-7.334958673e-08
-1.384090282e-09
7.094467701e-08
1.425225908e-07
2.133933221e-07
2.828210921e-07
3.506653687e-07
2.853126776e-07
2.1590058e-07
1.450536236e-07
7.334956845e-08
1.384083298e-09
-7.094467527e-08
-1.425225876e-07
-2.133933454e-07
-2.828210946e-07
-3.506653809e-07
3.506653644e-07
2.828210885e-07
2.133933204e-07
1.425225936e-07
7.094468757e-08
-1.384090282e-09
-7.334957554e-08
-1.450536196e-07
-2.159005828e-07
-2.853126773e-07
)
;
    }
    defaultFaces
    {
        type            empty;
    }
}


// ************************************************************************* //
