/*--------------------------------*- C++ -*----------------------------------*\
  =========                 |
  \\      /  F ield         | OpenFOAM: The Open Source CFD Toolbox
   \\    /   O peration     | Website:  https://openfoam.org
    \\  /    A nd           | Version:  11
     \\/     M anipulation  |
\*---------------------------------------------------------------------------*/
FoamFile
{
    format      ascii;
    class       volVectorField;
    location    "1.5";
    object      U;
}
// * * * * * * * * * * * * * * * * * * * * * * * * * * * * * * * * * * * * * //

dimensions      [0 1 -1 0 0 0 0];

internalField   nonuniform List<vector> 
1800
(
(0.23753075 -0.2157648382 2.315119568e-21)
(0.09444027598 -0.07519882819 9.614124284e-21)
(0.1078841272 -0.06430882796 -1.110075965e-21)
(0.2013658573 -0.1218455879 -3.398211821e-22)
(0.321639983 -0.1984145695 6.313186705e-21)
(0.4388386979 -0.2691034801 1.393683242e-20)
(0.5398381656 -0.3244417898 -1.416520788e-20)
(0.6209040899 -0.3627006844 1.160833467e-19)
(0.6826711245 -0.385458817 8.538312013e-20)
(0.7240127517 -0.3977322378 -7.52456618e-20)
(0.2632294417 -0.2034857545 1.348374607e-20)
(0.1255855386 -0.08494421312 1.177157288e-20)
(0.1524968849 -0.08051446547 9.678041611e-21)
(0.2627054443 -0.1361818082 2.238686186e-21)
(0.3983739603 -0.2071765299 -1.427898711e-20)
(0.5269884053 -0.2710336539 -2.391457439e-20)
(0.6346169078 -0.3194767652 -2.105215599e-20)
(0.7180666837 -0.3514250575 1.065800635e-19)
(0.7791045514 -0.3691423363 1.664889602e-19)
(0.8186783047 -0.378486574 4.833854712e-20)
(0.2902528106 -0.1897046522 -2.31787781e-20)
(0.1628771342 -0.09326581896 -1.787750402e-20)
(0.2052659581 -0.09419699938 -1.480107175e-20)
(0.3318709285 -0.1460870336 3.636559947e-22)
(0.4807895639 -0.2093196806 4.081809218e-20)
(0.6174407243 -0.2643986776 5.158695973e-20)
(0.7276742646 -0.3045717949 -2.661949983e-20)
(0.8092591779 -0.329566606 -4.722289427e-20)
(0.8654687814 -0.3420531259 2.170653335e-21)
(0.8990680109 -0.3473796838 -3.51540241e-20)
(0.3185153904 -0.1738764 -7.273633377e-21)
(0.2060907433 -0.09847051803 -9.273478948e-22)
(0.2655244424 -0.1029217221 1.233921399e-20)
(0.4076296663 -0.1487661461 -2.449074915e-20)
(0.567213814 -0.2020341365 -7.468950032e-20)
(0.7085309772 -0.2465889979 2.20358365e-21)
(0.8180808061 -0.2773274575 5.081468721e-20)
(0.8952228985 -0.2946953963 0)
(0.944979295 -0.3014673141 8.831113067e-20)
(0.971792324 -0.3024342809 8.27838207e-20)
(0.3477713852 -0.1555804882 1.158759346e-20)
(0.2545391385 -0.09940549958 -9.018000247e-21)
(0.3319337479 -0.1053947533 2.537584337e-21)
(0.4878365055 -0.1433585155 5.308008802e-20)
(0.6546916786 -0.1854045028 3.884633333e-21)
(0.7966529151 -0.2190207841 -9.924231145e-20)
(0.9017752616 -0.2407597135 9.173354622e-21)
(0.9715535197 -0.2516372046 1.024621786e-19)
(1.012913109 -0.2542654829 5.306623442e-22)
(1.031742429 -0.2525901903 -2.033949519e-20)
(0.3775535005 -0.1342699 -8.077818292e-21)
(0.306893304 -0.09453376538 1.664885226e-20)
(0.4021536598 -0.09961692155 7.752450618e-21)
(0.5691967426 -0.127871533 -3.940849967e-20)
(0.7393419377 -0.1577544058 4.619834001e-21)
(0.8779193926 -0.1803852076 -8.243864312e-20)
(0.9754789666 -0.1937524271 -4.672146343e-21)
(1.036074577 -0.1991452394 1.405362366e-19)
(1.068477284 -0.1987151051 1.02584496e-19)
(1.079623959 -0.1954879854 9.347625778e-20)
(0.4072325323 -0.1095991016 -5.149052779e-21)
(0.3614881602 -0.08303604069 -6.925645124e-21)
(0.4735721375 -0.08499854982 2.103239038e-20)
(0.64841833 -0.1025575608 -1.765330111e-20)
(0.8176628979 -0.1205344243 -8.089328062e-20)
(0.949117518 -0.1334051162 9.461302778e-20)
(1.036604076 -0.1401971018 -2.949275984e-20)
(1.08690442 -0.1420670684 -1.122653635e-19)
(1.110297518 -0.1403834365 8.254051957e-20)
(1.114091335 -0.1370993151 8.927258423e-21)
(0.4358397192 -0.08122624003 1.776939012e-21)
(0.4158301769 -0.06409342793 -1.807459222e-20)
(0.5424628572 -0.0608663138 1.03955786e-20)
(0.7210926676 -0.06731492621 1.815209788e-20)
(0.8852930917 -0.07429051391 -4.277780629e-20)
(1.006591911 -0.07906267164 -1.663337759e-21)
(1.082602673 -0.08118421501 -5.369052894e-20)
(1.122733856 -0.08128285439 8.72093205e-22)
(1.138265382 -0.07974659823 5.406165751e-20)
(1.136152077 -0.07747984739 -1.091058298e-20)
(0.4622602142 -0.0490898121 -2.566745015e-20)
(0.4672271942 -0.03765946952 1.445758596e-22)
(0.6052276071 -0.02775729183 6.913813686e-20)
(0.7835988066 -0.02355165443 -1.972303607e-20)
(0.9393864665 -0.02121430067 7.452202396e-20)
(1.048710947 -0.02002828593 -8.347374152e-20)
(1.113073261 -0.01952988134 -1.25869962e-19)
(1.144097947 -0.01950568123 2.700105894e-19)
(1.153434383 -0.01931891575 -1.210961448e-21)
(1.146972081 -0.01893956082 -1.302953018e-19)
(0.4851736917 -0.01335163048 -1.248357868e-20)
(0.5126628799 -0.004157553512 -4.517522769e-20)
(0.6581218882 0.01334663464 -1.769986957e-20)
(0.8325084794 0.02721922077 -4.40211372e-20)
(0.977521991 0.03695693249 -1.062797477e-19)
(1.074242488 0.0420888885 -5.677040833e-20)
(1.127737392 0.04353785148 1.704166011e-19)
(1.151275345 0.04250004285 1.254286103e-19)
(1.156386077 0.04048681846 -9.742580641e-20)
(1.14748237 0.03829688315 -3.169277296e-20)
(0.01366722715 -0.3202879764 -5.332104855e-21)
(-0.003750863907 -0.07330299116 -5.969947686e-21)
(-0.008976254234 0.004648514483 -1.171286443e-21)
(-0.009029345957 0.0004041020938 3.548129222e-21)
(-0.003318495267 -0.02720980837 -1.142698637e-21)
(0.007276043684 -0.05359647421 -1.763419528e-21)
(0.02206694242 -0.07305980827 2.866630953e-20)
(0.0403014328 -0.08656994832 -2.249995719e-20)
(0.06105966502 -0.09597494403 -1.651096638e-20)
(0.08305221722 -0.101768566 2.420159723e-20)
(0.03801371805 -0.3121917264 5.470876252e-21)
(0.001731897331 -0.06515237448 7.115431669e-21)
(-0.008270217825 0.007687223391 -2.26837591e-21)
(-0.006142043169 -0.005465600471 -8.440553499e-21)
(0.003867648347 -0.0439321314 1.866584603e-20)
(0.01863959186 -0.08164465833 2.129420516e-20)
(0.03683554841 -0.111751561 -4.169348166e-20)
(0.05770477343 -0.1344267402 -4.565519943e-20)
(0.08050775069 -0.1509418665 3.126235034e-20)
(0.1038575741 -0.1611728216 3.296563573e-20)
(0.06133272636 -0.3030261323 -3.642101837e-21)
(0.006325166186 -0.05819814349 4.293413915e-21)
(-0.007486958221 0.008941379211 4.97869684e-22)
(-0.001657581453 -0.0128428506 -4.658086895e-21)
(0.01447359046 -0.06149391867 3.809751101e-21)
(0.03529414685 -0.1097377078 -7.108635024e-21)
(0.05864220743 -0.149673949 5.930670969e-21)
(0.08360244236 -0.1807705237 1.852109764e-20)
(0.1095755206 -0.2037935526 -2.340863102e-20)
(0.1351448806 -0.2180973497 -1.917507016e-20)
(0.08370530764 -0.2930228162 -7.341298081e-21)
(0.01050711567 -0.05276405879 5.134843493e-21)
(-0.005993720478 0.008190240427 -5.811651563e-21)
(0.005062858959 -0.0217585865 9.330525097e-21)
(0.02911818092 -0.07965726445 -7.759174383e-21)
(0.05778927507 -0.1373211662 -4.796388297e-20)
(0.08790791191 -0.1859513743 -7.404661179e-21)
(0.1182809332 -0.224423766 -3.479148311e-21)
(0.1484085113 -0.2531197796 -3.455626512e-21)
(0.1770185943 -0.2709861442 1.039633531e-20)
(0.1052705075 -0.2824381572 -7.783587615e-21)
(0.01486841527 -0.04913165672 4.76079525e-21)
(-0.002972030949 0.005203521341 -2.570753526e-21)
(0.01482635879 -0.03222846318 -5.501799206e-21)
(0.0485365621 -0.09816627149 4.284604872e-21)
(0.08672545982 -0.1638365146 -1.37318203e-22)
(0.1250782655 -0.2197017705 3.370265565e-20)
(0.1620228553 -0.2642009574 7.454765217e-21)
(0.1971488309 -0.2975039691 -8.776169415e-21)
(0.22960803 -0.3182780984 6.346845852e-21)
(0.1262980383 -0.2715370537 1.942096365e-21)
(0.0200032317 -0.04751936164 -1.080779004e-20)
(0.002481186335 -0.0002173034307 1.142757675e-20)
(0.02867225569 -0.0442432977 2.481972317e-21)
(0.07363749036 -0.1167702777 -1.776471238e-20)
(0.1229104701 -0.1887294517 -5.649586423e-20)
(0.1708153135 -0.2500613764 3.727111263e-20)
(0.2153315311 -0.2989378485 7.491772318e-20)
(0.2561543745 -0.3355323536 -6.492252134e-21)
(0.2932586001 -0.358384642 -4.683218489e-20)
(0.1473051052 -0.2604537077 1.339101796e-20)
(0.02689634154 -0.04830560902 8.473206637e-21)
(0.01123745751 -0.008335074265 2.396056778e-20)
(0.0478023218 -0.05778933679 6.111362707e-21)
(0.1056429989 -0.1352100833 1.150221826e-20)
(0.1674118343 -0.2115084491 -3.572676117e-20)
(0.225983451 -0.2762859518 7.172580708e-22)
(0.2788329559 -0.3276136875 4.380052788e-20)
(0.3257719407 -0.3659100988 3.370793231e-20)
(0.3680747891 -0.3897554451 4.394185707e-20)
(0.1685756021 -0.2493514282 7.844756854e-21)
(0.0368226918 -0.05174481268 3.232661199e-21)
(0.02485468262 -0.01917308072 -4.840977507e-21)
(0.07349628919 -0.0728192894 2.859777546e-20)
(0.1457308589 -0.1532655871 -4.709192549e-21)
(0.2211502522 -0.2317719684 -5.155134836e-20)
(0.2910950509 -0.2977881413 -5.686828014e-20)
(0.3525036699 -0.34942328 2.563191838e-20)
(0.4053229633 -0.3875507372 1.204166398e-19)
(0.4525751421 -0.410922993 1.008672735e-19)
(0.1904364933 -0.2383107599 -3.877313973e-22)
(0.05074121892 -0.05772215504 -1.47118608e-20)
(0.0447350656 -0.03257824615 -1.841180933e-20)
(0.1070009034 -0.08908899129 4.942054819e-21)
(0.1947666621 -0.1705317709 3.424816879e-20)
(0.2844243917 -0.2489280007 1.620292338e-20)
(0.3656918238 -0.3138112916 -3.637720479e-21)
(0.4349820691 -0.3634432456 -3.73410583e-20)
(0.4923965147 -0.399262717 -5.320462868e-20)
(0.5429717545 -0.4201617288 -2.960142359e-20)
(0.213303116 -0.2272135464 -5.836409727e-21)
(0.0696293133 -0.06578026051 1.29891377e-20)
(0.0720460916 -0.04794491435 4.018593842e-21)
(0.1493268434 -0.1058081392 -1.094122406e-20)
(0.2532612231 -0.1859838983 1.931339166e-20)
(0.3570156327 -0.2617427279 1.385993629e-20)
(0.4487186632 -0.3229721992 -1.527804169e-20)
(0.5243642331 -0.3680820282 -3.586786216e-20)
(0.5840644468 -0.3987540991 -5.062534845e-20)
(0.6339531279 -0.413837194 -4.481287169e-21)
(0.1999131992 -0.09684533483 -2.49200914e-21)
(0.3263599054 -0.08842715577 -1.986653882e-20)
(0.3973834999 -0.06397443685 -2.439598085e-21)
(0.4368835909 -0.05028426708 1.849013015e-21)
(0.4602622295 -0.03929994026 -8.756132428e-22)
(0.4741633183 -0.03045592666 -8.414117369e-22)
(0.4825831122 -0.02343000193 -8.01098145e-22)
(0.4879246277 -0.0173424957 -3.740056717e-23)
(0.4910902412 -0.01360296491 6.539408723e-22)
(0.4938347915 -0.007190206282 3.210188573e-23)
(0.2137306612 -0.1481904346 -2.367874017e-20)
(0.3345894345 -0.1172212918 6.945142136e-21)
(0.4035255807 -0.08032022761 -5.928760835e-23)
(0.4408137806 -0.05967588035 -1.938989904e-21)
(0.4632930055 -0.04475707674 -3.917024779e-21)
(0.4765534309 -0.03369836441 0)
(0.4844914097 -0.02540332938 -8.368700067e-22)
(0.4894548401 -0.01854778834 1.665889615e-22)
(0.4923827612 -0.01440464293 2.639900353e-24)
(0.4948403636 -0.007575569201 -1.549051062e-22)
(0.235333062 -0.1967308238 -1.102801375e-20)
(0.3467011829 -0.1454170005 -6.452207727e-21)
(0.4117040564 -0.09636726911 3.057779907e-21)
(0.4458836191 -0.06891694743 3.021354048e-23)
(0.4669566695 -0.050111524 -1.926483197e-24)
(0.4793064173 -0.03686170948 6.944531545e-23)
(0.4866157228 -0.02730746904 0)
(0.491117062 -0.01969406701 0)
(0.4937624636 -0.01515139474 -3.540020476e-22)
(0.4958960602 -0.007926061329 0)
(0.2653098661 -0.241613758 4.586715871e-20)
(0.3626223972 -0.172577443 1.386133067e-20)
(0.4218617432 -0.1120000477 -5.107782029e-22)
(0.4520729629 -0.07790858922 0)
(0.47123616 -0.05530490434 3.941588818e-21)
(0.4824123584 -0.0399097692 -7.976746063e-22)
(0.4889491536 -0.02911940251 0)
(0.4929053208 -0.02076653988 1.017825155e-21)
(0.4952223925 -0.01583263341 0)
(0.4969967697 -0.008236453997 1.480388331e-22)
(0.3043578525 -0.2820706579 -3.00896935e-20)
(0.3823079121 -0.1980963073 1.364690041e-20)
(0.4338661096 -0.1271141702 4.615337916e-22)
(0.4593301961 -0.08657775559 0)
(0.4760954983 -0.0602911332 1.36788224e-21)
(0.4858515285 -0.04281124509 1.715247561e-21)
(0.4914797285 -0.03081818164 1.901995048e-23)
(0.4948110206 -0.02175120931 -1.615951145e-23)
(0.4967538447 -0.01643816478 -2.173122751e-22)
(0.4981366816 -0.008501960647 7.547288257e-24)
(0.3534405511 -0.3173872752 1.092675172e-20)
(0.4059969448 -0.2210916591 -2.419401693e-20)
(0.4475731445 -0.1415107686 -3.097196367e-22)
(0.4675843307 -0.0948605077 4.848026074e-21)
(0.481481805 -0.06503656751 -2.333411204e-21)
(0.4895925186 -0.04554167131 9.054578123e-22)
(0.4941889269 -0.03238606898 1.886358486e-21)
(0.4968222545 -0.02263534817 -1.778255905e-21)
(0.4983461852 -0.01695869195 3.813106455e-24)
(0.4993093195 -0.008718558379 -2.867590413e-22)
(0.4129825512 -0.3469987351 2.153186939e-21)
(0.4345473661 -0.240535042 9.849261473e-21)
(0.4630671887 -0.1547192713 -1.078247108e-21)
(0.4768312987 -0.1025990364 -1.561261372e-22)
(0.4873597146 -0.06947684944 -3.180039472e-21)
(0.4936025005 -0.04806738588 3.82550198e-23)
(0.4970544243 -0.03380261562 -7.643431045e-22)
(0.498924554 -0.02340540113 2.872614631e-23)
(0.4999871982 -0.01738485143 2.424989818e-22)
(0.5005078074 -0.008882981394 4.276114656e-24)
(0.4811536945 -0.3702602874 -4.748539708e-20)
(0.4691209468 -0.2558596964 9.231252181e-21)
(0.4809375915 -0.1662205353 0)
(0.4872930431 -0.1095535832 8.166081144e-22)
(0.4937979235 -0.07350254017 2.686274282e-21)
(0.4978864225 -0.05033565117 -1.043011966e-22)
(0.5000660521 -0.035040511 -2.516740314e-21)
(0.5011072468 -0.02404573281 6.782433398e-22)
(0.5016657075 -0.01770648915 -1.193765708e-23)
(0.5017257849 -0.008992529983 -1.289224198e-22)
(0.5532630208 -0.3865447441 0)
(0.5094333778 -0.2678556891 -2.407213442e-20)
(0.5019760021 -0.1763373694 6.611546506e-21)
(0.4994471809 -0.1158774394 -6.25011116e-22)
(0.5010468544 -0.07719685841 -5.762047747e-23)
(0.5025472814 -0.05238779458 -2.564505498e-21)
(0.5032589007 -0.03611954763 8.675843334e-22)
(0.5033790282 -0.02456315898 -5.287065991e-24)
(0.5033786298 -0.01792407828 2.323009401e-23)
(0.5029595445 -0.009047102356 1.968264841e-22)
(0.6221390507 -0.3984273846 2.09008397e-20)
(0.5515725571 -0.2781870019 -1.921378322e-20)
(0.5254102504 -0.1861038366 -1.720267283e-21)
(0.5132475635 -0.1223976236 -5.791493231e-21)
(0.5092247444 -0.08109682258 -3.152758938e-21)
(0.5076852817 -0.05451646208 -1.435998439e-21)
(0.5066878773 -0.03718749998 -4.669789597e-22)
(0.5057635123 -0.02502141009 0)
(0.505133039 -0.01806579897 -3.248178499e-22)
(0.5042102797 -0.009047698294 1.997623e-22)
(0.713526906 -0.378215126 1.757300324e-20)
(0.6115620726 -0.2738315985 4.130583788e-21)
(0.5614388109 -0.1858328851 -1.124389173e-20)
(0.5351104967 -0.1232038257 9.944492933e-22)
(0.5222797403 -0.08183951 9.438664543e-22)
(0.5156296406 -0.05493220608 -9.625096318e-22)
(0.5117233189 -0.03730486482 -6.583156107e-22)
(0.5090836839 -0.02495740798 3.885042803e-22)
(0.507460653 -0.01788863425 -1.406803965e-22)
(0.5058189092 -0.008924381898 -1.147385911e-22)
(0.7415252833 -0.3150892653 -2.007456621e-36)
(0.6241824595 -0.2295076728 1.061976696e-21)
(0.573664533 -0.1611622993 6.119363355e-21)
(0.5461921111 -0.1104144351 -1.020369972e-21)
(0.5312545256 -0.07513843697 4.346041484e-21)
(0.5223980509 -0.05126759997 2.90543882e-21)
(0.5166535824 -0.03515941529 1.80927448e-21)
(0.5126111463 -0.02365348614 -2.004107208e-22)
(0.5100630076 -0.01700866946 6.178689387e-22)
(0.5076216379 -0.008485395243 5.844138942e-23)
(0.7652770708 -0.2633592783 -1.830384327e-20)
(0.656324177 -0.2064044726 -1.569774534e-21)
(0.5982130414 -0.150195103 1.173572177e-21)
(0.56328122 -0.1040750386 2.6355079e-37)
(0.542618775 -0.07101023602 -3.509977246e-22)
(0.5299481832 -0.04839979299 -7.042939953e-36)
(0.5217577612 -0.03311667007 1.69453262e-22)
(0.5161131583 -0.02222687491 5.16503828e-36)
(0.5125925716 -0.01594512476 -2.266641445e-23)
(0.5093371894 -0.007940847374 5.837586005e-23)
(0.781287737 -0.2152547347 -3.088066344e-35)
(0.6774202959 -0.1718497888 -3.642777939e-22)
(0.6155266975 -0.1282972229 -1.534290622e-21)
(0.576598947 -0.09114309401 0)
(0.5521695057 -0.06334753322 -1.507607637e-21)
(0.5366025605 -0.04367986385 -1.080313665e-21)
(0.5263805038 -0.03006788038 -8.294030254e-22)
(0.5193274425 -0.0202294489 1.416971565e-35)
(0.5149307769 -0.01452233768 -2.890224979e-22)
(0.5109158877 -0.00723125065 -6.847309805e-23)
(0.7899560948 -0.1729853829 -1.125945164e-20)
(0.6923223476 -0.1432770774 6.471697983e-22)
(0.6293299333 -0.1093916269 0)
(0.5878792733 -0.07886535382 0)
(0.5605010937 -0.05530853221 0)
(0.54249019 -0.0383467476 0)
(0.5305028537 -0.02647813355 5.426685924e-23)
(0.5222058653 -0.01783768465 1.618242527e-35)
(0.5170305285 -0.01281184387 -2.960780261e-23)
(0.5123278497 -0.006380668165 -9.360755356e-36)
(0.7935698381 -0.1346823342 -3.784089353e-21)
(0.7027425432 -0.1144923298 0)
(0.6398815304 -0.08906731982 0)
(0.5969033113 -0.06523726307 0)
(0.5673930927 -0.04624057353 0)
(0.5474647895 -0.03226982592 0)
(0.5340303655 -0.02236370666 -1.123245029e-22)
(0.5246857136 -0.01509088452 3.428684123e-22)
(0.5188464677 -0.0108475355 -3.236502686e-23)
(0.5135466174 -0.005404688803 -1.594264898e-23)
(0.7943124691 -0.1004213511 0)
(0.7097723774 -0.08739518196 2.210099507e-22)
(0.6477491023 -0.06900883931 -3.48816445e-22)
(0.6039091319 -0.05116421065 0)
(0.5728837429 -0.03656500761 -4.890008897e-22)
(0.5514904354 -0.02565152751 -3.772417953e-22)
(0.5369130928 -0.01783291445 -3.869995543e-22)
(0.5267237362 -0.01205178333 -1.777438012e-22)
(0.5203437324 -0.008670093529 1.666967118e-22)
(0.5145507498 -0.004322675175 -1.295603134e-22)
(0.7939779205 -0.06939204072 1.28167089e-21)
(0.7144171545 -0.06144132981 1.026903801e-21)
(0.6533446747 -0.04903650274 -6.564011417e-22)
(0.6090421801 -0.03669393103 -5.150566923e-37)
(0.5769938385 -0.0263917638 2.733510366e-22)
(0.5545442353 -0.0185909964 -2.47573574e-36)
(0.5391180072 -0.01295738314 -1.229773009e-22)
(0.5282898249 -0.008767649019 -2.683433574e-22)
(0.5214977063 -0.006312058639 -3.357638008e-23)
(0.5153246119 -0.003149477039 9.673450233e-23)
(0.7932146382 -0.04101397791 -6.621725949e-21)
(0.717172961 -0.03665223372 -1.495994722e-22)
(0.6569584093 -0.02945839706 1.395674669e-22)
(0.6124632716 -0.02219837918 0)
(0.5797875869 -0.01604086535 2.101366175e-22)
(0.556643949 -0.01133440541 1.652684558e-22)
(0.5406448648 -0.007915412735 -7.253214693e-24)
(0.529377273 -0.005360895959 7.92076969e-23)
(0.5223036556 -0.00386103787 -1.276640424e-22)
(0.5158611212 -0.001928839863 -8.364108069e-23)
(0.792483755 -0.01266419271 0)
(0.718573751 -0.01170841074 0)
(0.6589927889 -0.009617457786 0)
(0.6144792248 -0.00735747904 0)
(0.5814799966 -0.005367285758 0)
(0.5579327902 -0.003811844903 0)
(0.5415897183 -0.002667867666 -1.27591408e-22)
(0.5300479863 -0.001807945066 4.402118936e-37)
(0.5228110842 -0.001298466678 -3.805163015e-23)
(0.5161861883 -0.0006471216446 -1.017495611e-22)
(1.099665274 0.03814677132 4.587779538e-20)
(1.103639047 -0.01138581263 -4.86646998e-21)
(1.100666028 -0.06327703964 -2.38360332e-20)
(1.089338772 -0.1170965328 -2.7796047e-20)
(1.069543291 -0.1706021471 -7.494228824e-20)
(1.0382739 -0.2250823443 4.173272189e-20)
(0.9986531267 -0.2740572566 -6.447136553e-20)
(0.9455782854 -0.3236560369 3.388216683e-20)
(0.8893350901 -0.3595157207 -5.514113996e-20)
(0.8108107208 -0.4003742492 -4.567690315e-20)
(1.033654181 0.01994280756 1.157613275e-20)
(1.038985099 -0.0167281517 -1.919544613e-20)
(1.039248023 -0.05449775604 4.747906928e-21)
(1.03215354 -0.09468486862 4.73822348e-22)
(1.020502863 -0.1339212462 7.815672318e-21)
(1.000338425 -0.177042359 -7.007535724e-21)
(0.9761516229 -0.2133277464 -6.728255324e-21)
(0.9433576596 -0.2591341964 2.842750757e-21)
(0.9076204253 -0.2825862034 -1.379224892e-20)
(0.8596573317 -0.3416750735 6.84621433e-21)
(1.006168627 0.03120003194 -1.226827808e-20)
(1.008466559 0.0005815067596 2.273196489e-20)
(1.007386049 -0.03056617548 2.047347505e-20)
(1.000470814 -0.06451907961 -2.585478013e-20)
(0.9903426601 -0.09637348476 9.667153784e-21)
(0.9736466294 -0.1326538261 1.924539951e-20)
(0.9537512064 -0.161200086 -5.227594079e-21)
(0.9282215021 -0.2007256214 6.646962423e-21)
(0.8996354829 -0.2182715256 7.475160732e-21)
(0.8669207551 -0.2686432237 1.031565525e-20)
(0.9826374426 0.01255081611 -2.061259376e-20)
(0.9859951175 -0.01051030919 4.789721713e-21)
(0.9852304103 -0.03338015155 -1.140944149e-20)
(0.9789514354 -0.0589040707 -7.078218244e-21)
(0.9694288622 -0.08226513838 1.323592554e-21)
(0.9547392808 -0.1101471784 -1.230820197e-20)
(0.9371949195 -0.1309994407 1.207634144e-20)
(0.9157928613 -0.1621711412 3.142024211e-21)
(0.8913968906 -0.1751611253 -8.79068247e-22)
(0.8662371158 -0.2142205281 1.531736094e-21)
(0.9574758746 0.01792570027 5.876048217e-21)
(0.9593435494 -0.001110486658 4.632094272e-21)
(0.9587195407 -0.02012180574 -7.039003162e-21)
(0.9542020308 -0.04138481073 2.554075019e-20)
(0.9467382402 -0.06079892907 1.647802912e-21)
(0.9351945842 -0.08378265992 -1.637883708e-20)
(0.9206901364 -0.1009210472 2.611474304e-21)
(0.9033990012 -0.1259580664 -1.11031148e-20)
(0.8825432988 -0.1370955787 1.396835249e-20)
(0.8624368946 -0.1673186869 1.034310057e-20)
(0.9404223013 0.008957492998 -1.088739665e-20)
(0.9424341966 -0.004697825216 -6.42970582e-21)
(0.9412843107 -0.01807566988 4.413509597e-21)
(0.9366151697 -0.03318924918 9.306670916e-21)
(0.9292206043 -0.04716168849 4.508965103e-21)
(0.918820337 -0.06404414722 -5.003633112e-21)
(0.9057770673 -0.07698886926 4.106309058e-22)
(0.8908836784 -0.09579049832 6.48197247e-21)
(0.8725669677 -0.1048913088 1.223287642e-20)
(0.8556137259 -0.1273507091 -7.316222713e-21)
(0.926197284 0.008820155177 -4.468374939e-21)
(0.9274780461 -0.001823374332 -8.314108853e-21)
(0.9262695481 -0.01240259336 -4.666995393e-21)
(0.9221189345 -0.02401092674 -1.086025125e-20)
(0.9152960565 -0.03464693056 -3.182456054e-21)
(0.9058100281 -0.04706684953 -7.606932875e-22)
(0.8937803964 -0.0567846634 6.128951447e-21)
(0.8801917359 -0.07032967189 -1.919048383e-21)
(0.8636313896 -0.07740371814 -4.715971836e-21)
(0.8481313603 -0.09328298151 1.051122884e-21)
(0.9165798321 0.00528726779 3.483411081e-21)
(0.9176828019 -0.001692527207 4.817076959e-21)
(0.9161892337 -0.008653886779 1.61308408e-21)
(0.9120273058 -0.01636769315 -2.912513776e-21)
(0.9053692987 -0.02360842948 -2.47859746e-21)
(0.8963086996 -0.03201709395 5.247453885e-21)
(0.8849334923 -0.0388057556 -4.397288757e-22)
(0.8720266196 -0.04793472198 -6.040545355e-21)
(0.8566924037 -0.05305611613 1.220869216e-21)
(0.8417791989 -0.06355580278 6.987696726e-21)
(0.9100186478 0.002978104176 -1.404752898e-21)
(0.9108639767 -0.001175842015 1.586769297e-21)
(0.9093146268 -0.005291615263 3.247839361e-21)
(0.9052457018 -0.009785938396 1.536528381e-21)
(0.8987715968 -0.01402657626 -3.578396611e-22)
(0.8899880878 -0.01888989082 8.593444691e-23)
(0.8790503586 -0.02289870741 1.624403332e-21)
(0.8664941557 -0.02816122095 -3.192720371e-21)
(0.8519285748 -0.03126595599 5.107659538e-21)
(0.8372095908 -0.03727119374 1.472729907e-20)
(0.9063417873 0.001620192336 2.480374255e-21)
(0.9071655922 0.0003631785772 1.278176792e-21)
(0.9055701908 -0.0008956437122 9.041942778e-22)
(0.9015285803 -0.002296192062 6.146153217e-22)
(0.895147767 -0.003638670318 -1.350722955e-22)
(0.8865271294 -0.005193657458 1.977992653e-21)
(0.8758236911 -0.006498727638 -1.289435242e-21)
(0.8634284901 -0.008207634254 -1.811441791e-22)
(0.8492177392 -0.009265652003 2.402334131e-22)
(0.8344228572 -0.01121613002 -2.870310927e-22)
(0.6961316632 0.4158804986 2.516606777e-21)
(0.6892202124 0.4355273112 7.948332136e-20)
(0.6809403245 0.4567778139 1.856623279e-20)
(0.6720782292 0.4780264808 -5.118497968e-20)
(0.6577462539 0.4941599796 -2.144755704e-21)
(0.6290213523 0.496764856 -1.539699889e-20)
(0.5768719512 0.4764848258 9.466609067e-22)
(0.5014732523 0.4318029443 -2.002157674e-20)
(0.4276368667 0.3799802467 -1.194814439e-20)
(0.3927293753 0.3678199826 -4.262875048e-20)
(0.7686390035 0.4093341071 -6.848927189e-20)
(0.7660883831 0.4287894789 6.380036112e-21)
(0.7596640763 0.4485607397 7.80500729e-20)
(0.750866929 0.468061389 -3.336144908e-20)
(0.7352976817 0.4825132672 -1.593394817e-19)
(0.7035008169 0.4836715167 -1.20466479e-20)
(0.6452844993 0.4622853934 7.875833441e-20)
(0.560101535 0.416559513 2.657335873e-20)
(0.4738569704 0.361255342 -8.257485112e-20)
(0.4271266515 0.3413762758 -4.982090212e-20)
(0.8311281667 0.3957081425 -1.263196709e-20)
(0.833131873 0.414798844 5.546246823e-21)
(0.8302389214 0.4333648872 2.095010183e-20)
(0.8233164697 0.4511063496 -1.426397434e-20)
(0.8076215802 0.4634978322 3.031659875e-20)
(0.773058068 0.4626404857 2.614873497e-20)
(0.7086302897 0.4397101657 -8.60159376e-20)
(0.6134958001 0.3933230111 -2.733709156e-20)
(0.5150955847 0.335581899 -4.996584174e-20)
(0.4577807592 0.3103755008 2.036704926e-20)
(0.8889368838 0.373133133 6.26925992e-20)
(0.8947708538 0.3915584239 -4.686454006e-20)
(0.894944335 0.4090009338 -1.615100635e-20)
(0.8897434646 0.4250161175 1.544609721e-19)
(0.8737164338 0.4351902783 5.538304126e-20)
(0.8358884696 0.4321206625 -1.626470077e-19)
(0.7646536399 0.407569967 -1.274655281e-19)
(0.6591702424 0.3614531283 4.010662721e-20)
(0.5492585747 0.3029377136 6.771959501e-20)
(0.4832006494 0.2748167721 2.420168753e-20)
(0.9439806766 0.3415348832 -2.647643772e-20)
(0.9525691827 0.3587949495 4.189579684e-21)
(0.9547460351 0.3748187654 8.597272005e-20)
(0.9503292186 0.3889093281 -4.175617264e-20)
(0.9330048067 0.3967446572 -1.760894872e-19)
(0.8908166614 0.3915907272 -9.260822759e-21)
(0.8118492362 0.3658626695 1.319370251e-20)
(0.6954182437 0.3209242711 5.580219975e-20)
(0.5749212969 0.2645195145 5.564441777e-20)
(0.5023934094 0.2360463125 6.974932447e-21)
(0.9957108598 0.3016364317 5.712918652e-20)
(1.006055816 0.3172001041 -1.430900704e-20)
(1.009183822 0.3314479153 8.184770298e-20)
(1.004460131 0.3434081022 1.138289154e-19)
(0.9846487029 0.3489345224 -1.205947648e-19)
(0.9368211719 0.3419574377 -2.08552444e-19)
(0.8486207531 0.3164618578 -1.029252621e-21)
(0.7212219429 0.2733323575 9.97907934e-20)
(0.5912185517 0.2207348529 3.924949532e-20)
(0.5153580754 0.195064258 9.313806336e-21)
(1.042458626 0.2550270746 -1.430170072e-19)
(1.053710069 0.2685021745 -5.674376699e-20)
(1.056807881 0.2807220206 1.196612091e-19)
(1.050759689 0.2903138208 -7.765507006e-21)
(1.027112004 0.2936099017 -7.433844509e-20)
(0.9720903502 0.2856525791 1.202383926e-20)
(0.8736671573 0.2613118991 4.444977111e-20)
(0.7355580712 0.221311834 4.920031971e-20)
(0.5970983403 0.1739494921 -1.005669081e-21)
(0.5220062105 0.1525177907 -3.028694441e-20)
(1.082650016 0.2036181347 -8.787713124e-21)
(1.093939674 0.2148282075 1.523291868e-20)
(1.09620967 0.2248773968 2.858565579e-20)
(1.087729752 0.232025957 0)
(1.058824184 0.2334455886 1.299461165e-19)
(0.9952984038 0.2248583703 9.48766841e-21)
(0.8859163989 0.2024471367 -4.935225284e-20)
(0.7371830526 0.1670638259 -7.350154736e-20)
(0.5923214878 0.1262213804 -6.96458643e-20)
(0.5222099657 0.1093950474 1.767200881e-20)
(1.11525258 0.1492254858 1.336880079e-19)
(1.125736949 0.1578239073 -1.513802755e-22)
(1.125976784 0.1655874558 -1.28522537e-19)
(1.113613816 0.1705813129 -3.425115033e-20)
(1.078015867 0.1704160353 2.688645089e-20)
(1.004655051 0.1619105644 2.294791049e-20)
(0.8836020336 0.1423750162 2.584187642e-22)
(0.7248854002 0.1128662625 -3.419848149e-20)
(0.5764041644 0.07942998803 -2.665133066e-20)
(0.5158940792 0.06672558085 9.172577987e-21)
(1.137184724 0.09414554619 -4.015970205e-20)
(1.147091441 0.09944181775 -1.000496471e-19)
(1.144882624 0.1042542007 -1.971053956e-21)
(1.127450342 0.1071146476 -2.227734812e-20)
(1.083605189 0.1059292289 7.725429658e-21)
(0.9990963809 0.09850659543 2.832381143e-20)
(0.8659898912 0.08315153719 7.500455302e-20)
(0.6984656552 0.06084764713 1.696100818e-20)
(0.54960788 0.03535711094 -4.96498945e-20)
(0.5033592878 0.02549786401 -3.434440887e-21)
(0.2362675662 0.1136379563 -1.706011375e-20)
(0.2163119605 0.1174533746 -3.270393909e-20)
(0.1939543346 0.1214248657 -3.178922418e-20)
(0.1695307942 0.1249071773 2.235842461e-20)
(0.142861571 0.1260820463 7.294776101e-22)
(0.1138472402 0.1218209235 -2.400362951e-20)
(0.08300585849 0.1114645044 2.040980951e-20)
(0.05256662655 0.1096997062 1.040098197e-20)
(0.02856923665 0.1663511545 -9.510285262e-22)
(0.01390845834 0.3641201434 3.098914099e-21)
(0.2510066756 0.1659169085 2.137029789e-20)
(0.2315005666 0.1728021997 -5.807985147e-21)
(0.2097364112 0.1800798098 -1.390332088e-20)
(0.18591789 0.1869219077 -3.435161818e-21)
(0.1596638301 0.1911423686 1.996318742e-20)
(0.1305617929 0.1888448669 -4.484076285e-21)
(0.0989680221 0.1779541456 -7.030576631e-21)
(0.06800280498 0.1707716208 3.969674226e-21)
(0.04710959303 0.2134084333 6.355823721e-21)
(0.04471206749 0.384245923 3.845224777e-21)
(0.2746917675 0.2161587298 6.679903209e-21)
(0.255890289 0.2259646398 -1.49562781e-20)
(0.2350997132 0.2363407342 -2.63474283e-20)
(0.2122805458 0.2463172308 7.641787503e-21)
(0.1867758001 0.2533571455 -1.137002498e-20)
(0.1577502395 0.2528260062 2.695214119e-21)
(0.125192787 0.2412866203 -8.009161911e-21)
(0.09277666495 0.2286939762 -3.625441772e-21)
(0.07286477855 0.2573573096 7.810971552e-21)
(0.07866142099 0.4011667307 6.164940845e-21)
(0.3067157062 0.2633518523 5.423928063e-21)
(0.2888693046 0.2758896568 1.464466569e-20)
(0.2694258798 0.2890818273 -2.236556822e-20)
(0.2479886873 0.3018804107 1.304271226e-20)
(0.2235489225 0.3114210966 -1.541576423e-21)
(0.1947404746 0.3123741053 -1.36998751e-20)
(0.1609914743 0.3000281161 -9.301835653e-22)
(0.1262157028 0.2820918657 5.271393767e-21)
(0.1052357373 0.2970707398 -9.482050843e-21)
(0.115340051 0.4143413254 -1.172641436e-20)
(0.3463339751 0.306320002 -3.689380454e-22)
(0.3296574196 0.3213129551 2.357482556e-21)
(0.3118638695 0.3369646985 2.118487433e-20)
(0.2921183177 0.35222993 2.183327714e-21)
(0.2690023542 0.3639335259 -1.447486123e-20)
(0.24051734 0.3660830506 1.122298724e-20)
(0.2053459634 0.352787303 3.970948907e-21)
(0.167351602 0.3296528907 2.348518969e-20)
(0.1433908667 0.331471773 -6.149156981e-21)
(0.1542227912 0.4232524902 -2.144311553e-21)
(0.3923966733 0.3448300025 -5.239154189e-21)
(0.3771544528 0.3619771494 -3.733610726e-23)
(0.361371557 0.3795862462 2.39543013e-20)
(0.3436405363 0.3967296331 -1.416553942e-20)
(0.3220631405 0.4099722102 4.988472675e-21)
(0.2939245081 0.4127484462 7.26972189e-21)
(0.2570226234 0.3981647663 -1.321356533e-20)
(0.2149444464 0.3699632582 -4.916142846e-21)
(0.1862355263 0.3593912132 -1.694428419e-20)
(0.1946280653 0.4273511464 7.56201897e-21)
(0.4437694585 0.3764083119 7.51741636e-22)
(0.4302599207 0.395290861 1.440669379e-20)
(0.4168280884 0.4144790888 0)
(0.4014708888 0.433194096 -7.504857677e-21)
(0.381717262 0.4477112261 1.116799982e-20)
(0.3539928207 0.4509116579 -6.334189515e-20)
(0.3150468876 0.4350157236 -2.445650733e-20)
(0.26799505 0.402114893 1.129607466e-20)
(0.2328131699 0.3801458769 2.137874073e-20)
(0.2359195467 0.4263423219 3.672880223e-21)
(0.498863327 0.4034299061 1.20998781e-20)
(0.4871782704 0.4231760515 5.924653009e-21)
(0.4761873275 0.4428765775 -1.590304023e-20)
(0.4632483476 0.4621515659 -1.471345858e-20)
(0.4453305709 0.4770249116 -2.970305384e-20)
(0.4179418717 0.4798813363 1.606996904e-21)
(0.3766657989 0.4622505749 6.239833147e-20)
(0.3239937305 0.4249069152 2.584327739e-20)
(0.2811609719 0.3927509662 2.056544148e-21)
(0.2770486276 0.4197934302 -1.282688476e-20)
(0.5547896977 0.4198293249 1.818779363e-20)
(0.546459487 0.440726594 -1.214657125e-20)
(0.5392871251 0.4609562336 -6.918537038e-20)
(0.5296955776 0.4805779675 -2.436280887e-20)
(0.5139755765 0.4955228117 7.830137041e-20)
(0.486738294 0.4978812346 -5.166659813e-21)
(0.4424507018 0.4786948121 2.065568787e-20)
(0.382991469 0.4376640264 5.46808511e-20)
(0.3308254549 0.3969152539 -4.178079761e-20)
(0.3174744441 0.4077219293 -1.953766946e-20)
(0.6112360311 0.427198781 -3.456746004e-20)
(0.6037961335 0.4473619619 -4.871386498e-20)
(0.5993316835 0.4677662262 4.308214401e-20)
(0.5933885307 0.4878350825 1.377208691e-19)
(0.5808168606 0.502859483 1.387946116e-20)
(0.5545579787 0.5046269865 -9.467245373e-20)
(0.5076258019 0.484022397 5.548229055e-20)
(0.4412689914 0.4401421124 -6.834111596e-21)
(0.379297665 0.3925838544 -4.873921241e-20)
(0.3560101578 0.3902222338 4.709248211e-22)
(0.4580689024 0.002431753792 1.780540054e-22)
(0.5380436001 0.01316471298 -1.51814559e-21)
(0.4691248773 0.02136464828 -1.311292697e-21)
(0.5140009566 0.0272017762 0)
(0.4722826973 0.03182093874 1.979889121e-21)
(0.4842350534 0.03902671388 2.977616145e-21)
(0.4578236902 0.04564376558 3.861350685e-21)
(0.4403336528 0.0585972822 8.56515778e-21)
(0.3932243163 0.07045679962 -1.201908459e-20)
(0.3215246012 0.09374457352 1.264293748e-20)
(0.4579588943 0.001971816993 2.580436122e-21)
(0.5381261322 0.01368676102 -5.112823582e-21)
(0.469511483 0.02251911158 -1.769230619e-24)
(0.514880508 0.02881175431 -2.052463659e-21)
(0.4738229272 0.03433671087 1.060528046e-21)
(0.4862491893 0.04238709917 -1.474554155e-21)
(0.4609158707 0.05162925637 -8.378529747e-21)
(0.4440138741 0.0679726671 0)
(0.3991363423 0.08923857674 2.245742186e-20)
(0.33205139 0.1274534952 -1.721011205e-20)
(0.4577709449 0.001548016781 -2.355130134e-21)
(0.538172159 0.01417315273 1.697075428e-21)
(0.4698199749 0.02359479713 3.865481254e-21)
(0.5158460217 0.03030380936 9.961217964e-22)
(0.475442336 0.03672464285 -2.530960162e-21)
(0.4886610194 0.0456695334 1.411177685e-22)
(0.4644654235 0.05740683578 -5.733944036e-21)
(0.449197403 0.07745597727 -6.638993191e-22)
(0.4068466971 0.1073208364 3.134708616e-22)
(0.3491774138 0.1603053281 -1.285829983e-20)
(0.4575048585 0.001186711947 -2.459749972e-21)
(0.538175366 0.01462160721 -6.985322056e-23)
(0.470060474 0.02457815756 3.232213903e-21)
(0.5169001686 0.03166288614 2.25246167e-21)
(0.4771631731 0.03894654781 -1.085526169e-21)
(0.4914520298 0.04885788675 -1.608425076e-21)
(0.4685561202 0.06288730863 8.13078262e-21)
(0.4557393374 0.08710600955 -2.179682486e-22)
(0.4164836477 0.1242976827 -2.522003004e-20)
(0.3725597874 0.1917685597 1.740970567e-20)
(0.4571610902 0.0009115400367 1.952824876e-21)
(0.5381251376 0.01502629833 -3.300195674e-21)
(0.4702451836 0.02545540302 -2.603790711e-21)
(0.518042446 0.0328720276 1.345099384e-21)
(0.4790107981 0.04097387624 0)
(0.4945984865 0.05192163738 0)
(0.4732949236 0.06802544058 6.848139493e-21)
(0.4634415315 0.09684681815 9.127590546e-23)
(0.4282802605 0.1399038359 -1.224967307e-20)
(0.4017955581 0.2213566908 1.928746779e-20)
(0.4567391212 0.0007477543779 5.95194524e-22)
(0.5380123831 0.01537913411 2.543674627e-21)
(0.4703882388 0.0262133412 -6.910274321e-21)
(0.519272756 0.03391228494 -2.438536984e-21)
(0.4810091615 0.04278695995 5.819180548e-23)
(0.4980839213 0.05481657094 6.507269251e-21)
(0.478758705 0.07282386365 1.032228189e-20)
(0.4721146572 0.1064904597 -3.034103587e-23)
(0.4425388434 0.1539219888 1.884423113e-20)
(0.4361840158 0.2491192986 2.706475511e-20)
(0.4562321135 0.0007199361004 -2.863748052e-21)
(0.5378463154 0.01566840185 1.68005049e-21)
(0.4705041944 0.02684017346 -1.793557169e-21)
(0.5205993559 0.03476208625 -5.278711251e-21)
(0.4831776801 0.04437029067 -8.701278315e-23)
(0.5019052525 0.05748361291 -1.667909907e-22)
(0.4849850594 0.07730741242 -3.098793612e-22)
(0.4815622541 0.1158194653 -2.050170363e-20)
(0.459728569 0.1662413803 1.444325327e-20)
(0.474513187 0.2738264515 -1.26589444e-20)
(0.4556169211 0.0008460111772 -4.746139657e-22)
(0.5376919621 0.01587465098 -4.226122635e-21)
(0.4705976491 0.02732715884 3.70748051e-21)
(0.5220601517 0.03539920515 2.682917781e-21)
(0.485522351 0.04571149217 -1.459853877e-23)
(0.5060752817 0.05985424581 -7.275951526e-21)
(0.4919518658 0.08149008906 -5.545806907e-21)
(0.4916862124 0.124641484 3.603605691e-20)
(0.4804407546 0.1770629757 7.899281674e-22)
(0.5173792115 0.2992885599 -6.563315536e-20)
(0.4548463121 0.001119047099 2.586207029e-21)
(0.5377205449 0.01598034309 1.869720191e-21)
(0.4706304697 0.02767161321 4.055871168e-21)
(0.52377294 0.0358345413 -2.912226296e-21)
(0.4879943198 0.04681815877 -6.812829974e-21)
(0.5106137311 0.06188818651 1.024621087e-22)
(0.4994678868 0.08517098872 -7.59580361e-21)
(0.5023382918 0.1314757208 4.480463802e-20)
(0.5054508919 0.1829404052 -1.961174295e-21)
(0.5561761338 0.3155526716 0)
(0.4538367077 0.00163516835 8.271990389e-23)
(0.5381962421 0.01605077489 2.768263243e-21)
(0.4704677274 0.02795806252 1.526068236e-21)
(0.5259409813 0.03614300603 -5.742936413e-21)
(0.4903179763 0.04798537442 -6.665702749e-21)
(0.5152916312 0.06433061947 -6.156224074e-21)
(0.5063481102 0.09060437954 -1.379752055e-20)
(0.5116179629 0.1408565647 -4.23693285e-20)
(0.528212635 0.1983202571 -2.127214027e-20)
(0.6013671141 0.3470164503 9.175594076e-21)
(0.4523876338 0.002115383768 -2.316100233e-22)
(0.5394019815 0.01578746355 -6.304273433e-22)
(0.4701171991 0.02756061672 -1.622202529e-21)
(0.5295074468 0.0355766827 3.571539717e-21)
(0.493887579 0.04786010373 5.179716384e-21)
(0.5232921156 0.06440795759 -4.096481967e-21)
(0.5196613173 0.09125762515 1.354713164e-20)
(0.5288874662 0.1411789181 -4.117508926e-20)
(0.5732688778 0.1875989767 -1.620734039e-20)
(0.62421579 0.3354261956 -1.588072833e-20)
(0.4519025603 0.00216539035 1.838842541e-21)
(0.5404797065 0.01510107302 1.947128214e-21)
(0.4710950133 0.02591199448 -8.766516972e-22)
(0.5327992518 0.03367592376 6.199965659e-21)
(0.4986031331 0.04553251912 8.047811613e-21)
(0.5312749289 0.06062524142 1.184135045e-20)
(0.532770548 0.08662315102 2.786721632e-21)
(0.5453980042 0.1288437814 2.042006389e-20)
(0.6064736502 0.1680867219 2.510250075e-20)
(0.6376905153 0.2889504995 -3.996521214e-21)
(0.451602513 0.002282660114 -2.358922772e-22)
(0.5414431215 0.01422650225 1.156831909e-23)
(0.472522167 0.02401843463 1.544655247e-22)
(0.5358179161 0.03126380421 2.959151145e-22)
(0.503272859 0.04253309176 2.28297418e-35)
(0.539015359 0.05601887013 -6.806157829e-22)
(0.5434694304 0.0809301889 -3.969541579e-35)
(0.5638825611 0.1162286387 1.619803859e-21)
(0.6251970617 0.1471830302 -4.653391691e-21)
(0.6636830742 0.2579666779 -4.933017599e-21)
(0.4513321888 0.002201928055 -1.111865014e-21)
(0.5422943288 0.01300113335 -2.605936005e-37)
(0.4739367244 0.02173074517 -1.808698988e-22)
(0.5385956952 0.02831539442 -2.555274245e-21)
(0.5075686657 0.03868573324 -3.361314493e-21)
(0.5462131799 0.05049586362 -4.002293197e-21)
(0.5521460887 0.07333106835 -5.274475282e-35)
(0.58201133 0.1026017615 -8.450733227e-21)
(0.6349010046 0.1269800105 -1.346850143e-20)
(0.6893239453 0.223517928 8.723591731e-21)
(0.4511007055 0.002035446997 0)
(0.5430051998 0.01149528436 1.361414628e-35)
(0.4751892179 0.01907579546 0)
(0.5410771033 0.02486773444 0)
(0.51137863 0.03403320475 0)
(0.5525537485 0.04418573734 0)
(0.5595123321 0.06392106108 -3.624738522e-35)
(0.5972833081 0.08851884303 0)
(0.641520493 0.1065506795 -1.768094813e-21)
(0.7094171777 0.1857825893 5.183517001e-21)
(0.45091002 0.001782124356 2.538013971e-22)
(0.5435794971 0.009742344877 1.200628567e-21)
(0.4762453862 0.01609081016 -2.230613589e-22)
(0.5432083137 0.02098068464 0)
(0.5146473349 0.02871327513 0)
(0.557856453 0.03719851408 6.082172755e-22)
(0.5659096784 0.05327093719 3.07123007e-21)
(0.608735377 0.07394622024 -1.247766535e-21)
(0.6480948187 0.08597423798 -2.601223948e-21)
(0.7226607171 0.1485276707 1.955240983e-20)
(0.4507593928 0.001463441199 1.599745175e-21)
(0.5440268526 0.007786314665 -6.520738154e-22)
(0.4770972486 0.01282575119 -2.385656753e-22)
(0.5449502231 0.01672093557 -9.623725565e-22)
(0.5173289151 0.0228660332 -1.270016847e-21)
(0.5620655099 0.02961279057 -9.63190404e-22)
(0.5712933629 0.04189163152 -2.373085248e-21)
(0.6167545065 0.05852171025 -3.547951315e-21)
(0.6546616831 0.0659811425 -5.643071151e-21)
(0.730171248 0.1129409408 8.045437679e-21)
(0.4506487681 0.001085435896 -3.401879413e-22)
(0.5443566951 0.005668531338 -5.905630208e-23)
(0.4777426947 0.009326859233 -2.438230148e-22)
(0.5462781396 0.01215418079 -2.985456003e-22)
(0.5193845251 0.01660613954 1.068063027e-36)
(0.5651895077 0.02151176073 6.671189446e-22)
(0.5754841119 0.03008711342 -7.3993733e-35)
(0.6221046421 0.04225909517 -1.287054822e-21)
(0.6603798988 0.04659156625 1.636822995e-21)
(0.7340327045 0.07897650679 2.49968716e-21)
(0.4505775375 0.0007127313546 -3.648242536e-22)
(0.544585624 0.003482970976 2.972962436e-22)
(0.4781858796 0.005738789838 -2.579740577e-22)
(0.5471837662 0.007446976098 4.343310992e-22)
(0.5207946621 0.01020067389 5.753549411e-22)
(0.5672718089 0.01318630248 1.393880289e-21)
(0.5783890522 0.01830450907 1.02866646e-21)
(0.6253793942 0.02577152922 -3.304922913e-22)
(0.6645584993 0.02797133882 -1.218611497e-21)
(0.7359139125 0.04684365451 1.215199126e-20)
(0.4505721406 0.0002007673953 2.603261877e-22)
(0.5447722172 0.001061379634 -6.510885088e-38)
(0.478478428 0.001803683177 -2.622703408e-22)
(0.5477271529 0.002322161026 0)
(0.5216301077 0.003198640087 0)
(0.5684640551 0.004132081168 6.914258556e-22)
(0.5801290349 0.005697404476 -5.641011542e-37)
(0.6271221443 0.008168923427 -1.298435803e-21)
(0.6671043527 0.008707153515 -2.440993049e-21)
(0.7368670234 0.01499700881 5.665396309e-21)
(0.7233009091 0.3790437174 2.132337958e-20)
(0.7760653364 0.3699459924 1.394907946e-21)
(0.825793723 0.3539795405 -2.211473995e-20)
(0.8732450754 0.3305681997 -3.339658347e-20)
(0.9196523904 0.2998341775 4.01895277e-20)
(0.9641362214 0.2626680161 -1.073146672e-20)
(1.004856452 0.2207013211 1.995988442e-20)
(1.039924556 0.1759120472 1.945103198e-20)
(1.068266769 0.1308807534 -7.510781951e-21)
(1.088299124 0.08512770882 3.345698347e-20)
(0.7321329503 0.2961691673 1.165286284e-20)
(0.7727510991 0.2862618678 1.021562309e-20)
(0.8153368623 0.2697804101 -6.156999689e-22)
(0.8560904122 0.2476978684 1.431451235e-20)
(0.8947439619 0.2208608672 -1.70662005e-20)
(0.9302053234 0.1901506837 -2.967429515e-20)
(0.9613910984 0.1571632043 2.920246369e-21)
(0.9870190769 0.1231788643 3.22041272e-20)
(1.006674031 0.08980065629 -1.097711312e-21)
(1.022348217 0.05519195797 -2.210446925e-20)
(0.7533540686 0.2485868667 9.632959969e-21)
(0.7879859996 0.2391268884 1.732762965e-20)
(0.8242808505 0.225864798 -3.316370355e-20)
(0.859627348 0.2094273354 6.93305987e-21)
(0.8926568941 0.1899515057 4.534136214e-20)
(0.9226060451 0.1671944199 -2.388248059e-20)
(0.9487298603 0.1421117782 -5.358861692e-20)
(0.9702505264 0.1150488849 -2.065937931e-20)
(0.9870569202 0.0879893837 3.024590968e-20)
(0.9989062635 0.06005295504 -2.630716272e-20)
(0.7707731857 0.2050050787 3.385516404e-21)
(0.8005801493 0.1942655435 0)
(0.830289409 0.1807062483 1.964112376e-21)
(0.8585944231 0.1640350853 1.718072218e-20)
(0.8847447608 0.1445658788 2.956096727e-20)
(0.9084570728 0.1231090835 1.465206296e-20)
(0.9295743518 0.1007614525 -6.794285529e-21)
(0.9475890028 0.07826947853 -2.20452258e-20)
(0.9624719215 0.05636105192 1.49584304e-20)
(0.9741874243 0.03439136026 7.242207676e-21)
(0.7820469827 0.165717713 1.499446134e-21)
(0.8078826088 0.1556640987 -6.790004246e-21)
(0.8326902498 0.1440044318 -1.271044349e-20)
(0.8563199832 0.1306680974 6.074735938e-21)
(0.8785810753 0.116085444 8.591549224e-23)
(0.8990967005 0.1006976212 7.721783043e-21)
(0.9172771213 0.08488747517 1.556722956e-20)
(0.9323883869 0.06866746002 -1.474657951e-20)
(0.9442003104 0.05233658282 3.144265434e-22)
(0.9523628136 0.03539442139 1.618587683e-20)
(0.7875183146 0.130691012 -2.14819605e-20)
(0.8104524071 0.1220392066 -2.735248029e-20)
(0.8320252642 0.1123223649 5.479663809e-21)
(0.8523793 0.1014617032 2.196567537e-20)
(0.8714615288 0.08949110416 -3.379761846e-21)
(0.888825839 0.07656220899 -7.960839991e-21)
(0.9039839188 0.06298164662 1.178078658e-20)
(0.91665081 0.04913596859 -4.898882575e-21)
(0.9269660179 0.03552131779 -1.548986924e-20)
(0.9349261572 0.02204186873 -6.624062798e-21)
(0.7892682927 0.09856699821 3.469033208e-21)
(0.8102997625 0.09161588808 2.980810108e-22)
(0.8298090091 0.08392673337 -4.866954979e-22)
(0.8480415328 0.07548019617 1.518622329e-20)
(0.8651198369 0.06634130688 1.960996861e-20)
(0.8808162915 0.05673274835 -2.074536467e-20)
(0.8947534641 0.04703702526 -8.155367397e-21)
(0.9065188876 0.0375003205 1.313255987e-20)
(0.9158433442 0.02815845289 9.249164899e-21)
(0.9223291729 0.01861994332 2.392088496e-21)
(0.7892255082 0.06861430085 -1.350848864e-20)
(0.8090988276 0.06356242858 3.257136933e-23)
(0.8273762421 0.0580262039 2.806350355e-20)
(0.8443476686 0.05204144877 6.556166788e-22)
(0.860216496 0.04566763455 -8.145727076e-21)
(0.8747951822 0.03903390492 -1.536481208e-22)
(0.8876485152 0.03230105338 -1.000429475e-20)
(0.8983163125 0.02552740554 4.110021218e-21)
(0.9066691091 0.01876905496 5.773124544e-21)
(0.9127762973 0.01195621054 8.431836622e-21)
(0.7886679651 0.04060125708 -2.663551735e-20)
(0.807923863 0.03751073108 -1.097822541e-21)
(0.825536553 0.03414516539 1.707370502e-20)
(0.8417962326 0.03054020093 -9.520282497e-21)
(0.8569342882 0.02672013377 -1.533741906e-20)
(0.8708070383 0.0227439561 -1.705248861e-21)
(0.8830220636 0.01870910452 1.242296808e-20)
(0.8932044364 0.01468718686 6.376696431e-21)
(0.9011820489 0.01078084898 -1.474104337e-21)
(0.9067832612 0.006901772827 4.463874792e-23)
(0.7882931889 0.01319498859 2.657343532e-21)
(0.8073171892 0.01228124283 3.125149602e-23)
(0.8246166648 0.01128552584 -3.845424663e-23)
(0.8404779562 0.01021479491 0)
(0.8551567746 0.009070703846 2.03539376e-20)
(0.8685553183 0.007866358529 2.968320022e-22)
(0.8803095284 0.006629790211 -1.273342025e-20)
(0.8900718855 0.00537613389 7.668549988e-21)
(0.8976883039 0.004119339697 -1.003753406e-20)
(0.9031265083 0.002842744219 -7.718131716e-21)
(-0.0977524692 -0.007273908888 -8.657428034e-21)
(0.5580891366 -0.01470114685 -1.187139583e-20)
(0.9699290162 -0.03375483888 -7.957309787e-20)
(1.199828149 -0.04847824213 3.513188912e-20)
(1.317549744 -0.05572894304 1.228704166e-19)
(1.372629458 -0.05653591081 -1.24860316e-19)
(1.394293449 -0.05281483357 -4.842439208e-22)
(1.398607288 -0.04644336935 1.361180385e-19)
(1.394262663 -0.03854927616 4.698962923e-20)
(1.385380886 -0.02922151627 -3.30586627e-20)
(-0.1407724815 -0.02100229291 4.863501685e-21)
(0.4760433206 0.01469768758 -1.126700177e-20)
(0.8892439673 0.01632823791 -1.005127484e-19)
(1.139666239 0.006819062262 -2.19183469e-22)
(1.281197553 -0.003250942645 -2.320151567e-20)
(1.356160639 -0.01028371773 -2.646475058e-21)
(1.392100272 -0.01371131352 6.473961852e-20)
(1.405821276 -0.01426756364 2.5238997e-21)
(1.407520712 -0.01317301841 2.440320877e-21)
(1.402847112 -0.01068306252 8.018756676e-22)
(-0.1843690751 -0.04144073545 9.117060746e-21)
(0.377199383 0.03229525646 1.995644576e-20)
(0.7771869197 0.05538504848 -8.600351927e-20)
(1.040991366 0.05402694443 -4.104571694e-20)
(1.206361577 0.04378924213 6.943963667e-20)
(1.305328639 0.03228949065 -1.994850631e-20)
(1.360860697 0.02266623963 -1.184160327e-19)
(1.388649566 0.01574019869 5.71607877e-22)
(1.399376689 0.01117529693 5.707987467e-20)
(1.39952484 0.007743306237 -5.676269974e-20)
(-0.2234065839 -0.06776462536 -1.55714221e-20)
(0.2721039848 0.03679694464 -1.308063015e-20)
(0.6426069717 0.08009315354 7.084254332e-21)
(0.9072041103 0.08931958684 8.918512377e-21)
(1.091351386 0.08238055524 3.685246442e-20)
(1.215774874 0.06957591378 -4.115041229e-20)
(1.296037113 0.05621975549 -3.641269092e-20)
(1.344136604 0.04451565268 -2.22584008e-20)
(1.369821636 0.03556854497 4.606275484e-22)
(1.381044854 0.02944946507 8.190803942e-20)
(-0.2538326963 -0.09808129675 1.1590002e-20)
(0.1717409616 0.02888963045 2.645915352e-23)
(0.4986882917 0.08840981639 -2.591957543e-21)
(0.7481214458 0.108622631 4.530783745e-20)
(0.9398831702 0.1080604016 -2.317186277e-20)
(1.085632822 0.09806333948 -5.695815902e-21)
(1.19251793 0.08507626401 -1.643792602e-21)
(1.266483044 0.07217000984 0)
(1.313801759 0.06148132285 9.715354229e-21)
(1.341873169 0.05541749343 -4.173242725e-20)
(-0.2740368875 -0.1304171915 -5.719730806e-21)
(0.08418197307 0.01031153944 -3.86215327e-20)
(0.3595500339 0.07973990775 1.471227394e-20)
(0.5794244189 0.1085631164 6.795256652e-21)
(0.7641427638 0.1158049924 -3.143177545e-21)
(0.9206602157 0.11268987 5.550337229e-20)
(1.049443077 0.1053523122 6.091021957e-21)
(1.150033468 0.096627073 -2.418573775e-20)
(1.223557333 0.08852292662 -1.676784284e-20)
(1.275437594 0.0879392907 -6.53001713e-20)
(-0.2850481752 -0.1636906179 1.840971678e-20)
(0.01282568912 -0.01708945847 2.172619844e-20)
(0.2363344116 0.05539230966 1.34955178e-20)
(0.418896006 0.08883662076 -4.783823648e-21)
(0.5842011702 0.1035918437 -2.831380618e-20)
(0.73837241 0.1104253574 3.171666337e-20)
(0.8784197224 0.1140266617 2.628348158e-20)
(0.9991951881 0.1158507885 -5.845767012e-20)
(1.09738556 0.1163767774 2.655780235e-21)
(1.175760514 0.128998901 4.301210443e-20)
(-0.2893152846 -0.1979405079 -7.659805629e-21)
(-0.04337519839 -0.05135359048 4.066624531e-21)
(0.1339197699 0.01959981258 2.088691033e-20)
(0.2791869952 0.05447585947 -1.090171227e-20)
(0.4188591707 0.07590175431 -2.029645567e-21)
(0.559964831 0.09424572563 6.54435271e-21)
(0.6987944859 0.1122750516 6.620529163e-21)
(0.8283065039 0.1293525876 3.271503473e-20)
(0.9433123005 0.1450186012 -2.304950928e-20)
(1.045695572 0.1785615017 -5.478109059e-20)
(-0.2882592521 -0.232450906 1.53238273e-20)
(-0.08591577706 -0.08805205913 3.223938911e-20)
(0.05333847408 -0.01937197465 -8.571761355e-21)
(0.1659097287 0.01684480539 -2.67500372e-21)
(0.2793363132 0.04523787403 -1.468558421e-20)
(0.4014763791 0.07565057679 4.884323185e-21)
(0.5291964182 0.1088866707 1.535274437e-20)
(0.6559357436 0.1422681369 -3.848960923e-20)
(0.7782597399 0.1744739282 -8.017857133e-21)
(0.8979450091 0.2331443024 5.468575314e-20)
(-0.2814036682 -0.2656009956 1.6219093e-20)
(-0.1148282069 -0.121822975 -1.240766097e-20)
(-0.006368278144 -0.05317215239 -3.126305921e-21)
(0.07832739306 -0.01383398714 1.183358627e-21)
(0.1666963943 0.02201866804 1.218559149e-21)
(0.2664717886 0.06370060538 2.635729178e-20)
(0.375130124 0.1107700297 -1.576856696e-20)
(0.4877446056 0.1596864229 -5.332951578e-21)
(0.6034968482 0.207436471 2.722093297e-20)
(0.7104187141 0.2686975026 7.305008609e-21)
(-0.2671295382 -0.2935961376 -2.832983652e-20)
(-0.1285955872 -0.1447124262 -4.716149437e-21)
(-0.04475411243 -0.07188248802 -4.580507293e-21)
(0.01635199173 -0.02667790937 -8.371960872e-21)
(0.08193825901 0.01805255246 1.612709267e-20)
(0.1588513034 0.07097065487 -1.853859732e-20)
(0.2447888939 0.130500106 -3.166559579e-20)
(0.3354002749 0.1928004328 8.941622532e-20)
(0.4296568844 0.2541036281 1.771243451e-19)
(0.5277306209 0.308565734 -6.675928724e-20)
(-0.2448858131 -0.3141388922 3.601587078e-21)
(-0.126062224 -0.1543444458 2.492093148e-20)
(-0.0607419359 -0.07525598779 -1.610094437e-20)
(-0.01742086802 -0.02447009373 -2.620487507e-20)
(0.03070420394 0.02624998413 -3.821871197e-21)
(0.08935627046 0.08599414663 -4.462641238e-21)
(0.1567667529 0.1517821957 7.857413557e-21)
(0.2288472123 0.2184596227 9.142976428e-20)
(0.303269957 0.281029979 1.819831071e-19)
(0.380773841 0.3294065326 5.781317625e-20)
(-0.2167396584 -0.3276205271 3.316073657e-20)
(-0.1127714726 -0.1537256412 -9.711693921e-21)
(-0.06091571992 -0.06906817076 4.089258935e-21)
(-0.03012643978 -0.01671986813 2.981180557e-20)
(0.004473178881 0.03446858743 2.560408689e-20)
(0.0491929044 0.09365598753 2.507458732e-20)
(0.1021649779 0.1575838776 6.145449388e-21)
(0.1593629762 0.2200661926 -9.389842077e-21)
(0.2175472757 0.2751205176 -6.351026469e-21)
(0.275192191 0.314553753 -3.799570499e-20)
(-0.1859534192 -0.3351612735 -4.283267626e-21)
(-0.09439402261 -0.1467986083 -3.910914517e-22)
(-0.05247008233 -0.05806207272 7.734235932e-21)
(-0.03114052129 -0.008032466963 1.248651787e-20)
(-0.006873545147 0.03847994073 -1.196372869e-20)
(0.0266078269 0.09163370504 -3.710441694e-21)
(0.06776412232 0.1484463601 -4.619534318e-21)
(0.112885195 0.2025617358 0)
(0.1586118308 0.2479364718 4.555015727e-20)
(0.2021411267 0.2786775655 4.948202582e-20)
(-0.1546609481 -0.3387363584 -1.517904634e-20)
(-0.07504955388 -0.1364792815 -1.470885608e-20)
(-0.04116856806 -0.04560241282 -3.650614908e-21)
(-0.02692687384 -0.0005006847645 -1.020595494e-21)
(-0.01058021312 0.0380477902 -6.720675217e-21)
(0.01400108246 0.08205829943 -2.290509109e-20)
(0.04573088081 0.1293839385 -1.629051267e-20)
(0.08141235458 0.1740908856 3.43901313e-20)
(0.1179240251 0.2106068219 -2.192404114e-21)
(0.1523873862 0.2343986673 -2.044018747e-20)
(-0.1239660196 -0.3397361439 2.157801536e-21)
(-0.05722871288 -0.1250038629 9.106070759e-21)
(-0.03051811317 -0.03357067397 1.199630404e-20)
(-0.02166753032 0.004886523239 1.811154117e-22)
(-0.01124247944 0.03361685121 -8.12993167e-21)
(0.006501345539 0.06687101279 -2.418470215e-20)
(0.03095095154 0.1036854181 1.355685009e-20)
(0.0595020958 0.1388466594 3.523242771e-20)
(0.08938388519 0.1674012217 2.771895898e-20)
(0.1182132405 0.1856172396 3.990563611e-20)
(-0.0942889955 -0.3388975539 6.178329765e-21)
(-0.04192366461 -0.1135633883 8.474508963e-21)
(-0.0220882755 -0.02286673881 -3.155844304e-21)
(-0.01736146133 0.007897939203 1.017309466e-21)
(-0.0111528084 0.02582446203 -1.395203476e-20)
(0.001577987945 0.04749860028 2.162160435e-20)
(0.02063245493 0.07328927098 3.841056582e-21)
(0.04398403162 0.09881735271 -3.06742577e-20)
(0.06926744219 0.1197518887 2.336360733e-20)
(0.09459709041 0.1330014276 1.185350949e-21)
(-0.0657063808 -0.3364826891 -2.105512521e-21)
(-0.02923868341 -0.1025873118 -1.472258681e-20)
(-0.01616382111 -0.01372738785 -8.529899747e-22)
(-0.01444784466 0.008708652637 -1.043951827e-22)
(-0.0108618927 0.01534585079 -1.000326367e-20)
(-0.001414838481 0.02503226056 6.314500508e-21)
(0.01395693304 0.03954729333 -2.074261755e-20)
(0.03372815301 0.05531617798 2.319630268e-21)
(0.05593452782 0.06865707305 1.736303993e-20)
(0.07907415393 0.07709006012 -1.372527813e-21)
(-0.03819305373 -0.332546575 -6.879685705e-21)
(-0.01888723996 -0.09217685618 1.17995963e-21)
(-0.01236685816 -0.006117471 5.997557401e-21)
(-0.01252172358 0.007593763544 -4.897836413e-21)
(-0.009959958052 0.002743607948 8.52676463e-21)
(-0.001977390261 0.0002738221469 -1.767047036e-20)
(0.01141591073 0.003371335418 -2.502061935e-20)
(0.02908658372 0.009300216756 5.983162788e-20)
(0.04953850069 0.01499303972 2.780964269e-21)
(0.07145033819 0.01861511465 -3.206154588e-20)
(-0.01173407505 -0.3271216711 2.377082579e-21)
(-0.01050326869 -0.08238069321 -4.341058441e-21)
(-0.01015799855 9.264024631e-06 -2.85768469e-21)
(-0.01094794233 0.004771875833 -1.632396488e-20)
(-0.00770895709 -0.01156227173 -1.24303435e-20)
(0.0006293994333 -0.02612409969 3.307858742e-20)
(0.01381863199 -0.03443595964 4.336521666e-20)
(0.03097105116 -0.03832935913 3.844728323e-20)
(0.05092681731 -0.04026596551 -1.574310286e-20)
(0.07244468392 -0.04141151534 -2.948775564e-20)
(0.5900947046 0.3546958638 2.565502079e-20)
(0.4937076961 0.1904840237 0)
(0.4637151844 0.08361240585 1.013962707e-21)
(0.4603540555 0.03110303639 4.529662633e-23)
(0.4630544657 0.007630503679 1.224385253e-22)
(0.4687251836 -0.001734344495 5.754546809e-23)
(0.4745291125 -0.004869284465 5.232230543e-23)
(0.479667326 -0.005080560034 3.88510767e-23)
(0.4833289012 -0.004647514236 2.651063817e-22)
(0.4871166346 -0.002560823023 0)
(0.4720789248 0.3437561522 -1.355774485e-20)
(0.4410433269 0.1688562812 -1.218797389e-22)
(0.4428394078 0.07090232127 8.957199448e-23)
(0.4526403039 0.02424045345 1.76601023e-21)
(0.4604393487 0.003958176987 3.33900265e-24)
(0.4681373768 -0.004005625248 -1.930879179e-23)
(0.4746430449 -0.00637719959 1.030277601e-23)
(0.4800203047 -0.006162594508 2.187096378e-22)
(0.4837232137 -0.005508532778 1.083291885e-22)
(0.4875072285 -0.003023655418 -9.780660837e-23)
(0.3722217335 0.3097133812 6.746351941e-20)
(0.4042786256 0.1448817132 4.143859944e-21)
(0.4265327928 0.06042192035 -9.576961911e-22)
(0.4463192297 0.01875825387 -7.042213994e-23)
(0.4582222297 0.0008381852329 -1.473836879e-22)
(0.4676142108 -0.006149227025 -1.884459226e-22)
(0.4748420398 -0.007938914947 7.837907067e-23)
(0.4804527735 -0.007287643458 3.20155496e-22)
(0.4841901634 -0.006390976347 -3.017763437e-22)
(0.4879588729 -0.00349400092 -9.11729374e-24)
(0.3024457073 0.2680308185 1.290525692e-20)
(0.3776933021 0.1176487696 -2.671258163e-21)
(0.4137640775 0.04750699052 4.595765061e-22)
(0.4411478029 0.0114697363 -2.680130129e-24)
(0.4564431221 -0.003437705569 8.511769762e-23)
(0.4673585572 -0.008718211573 -9.200508107e-23)
(0.475175244 -0.009646610024 3.286791772e-22)
(0.4809721241 -0.00846665137 -1.928394571e-24)
(0.4847318297 -0.007291577211 -1.59702045e-22)
(0.4884715203 -0.003970783793 7.066137951e-23)
(0.2574801933 0.2218710595 -1.16535147e-19)
(0.3576621078 0.08803817195 -2.696877711e-21)
(0.4042415061 0.03318104379 -8.645149862e-23)
(0.4372017265 0.003661249579 1.887046242e-22)
(0.4552195865 -0.007859362405 4.820182302e-22)
(0.4673549558 -0.01145053114 2.558697329e-22)
(0.4756518963 -0.01145285462 -1.908151714e-22)
(0.4815888595 -0.00968841758 -6.379147821e-23)
(0.4853550763 -0.00820570138 -2.794296553e-24)
(0.4890467176 -0.004451284975 -4.269097842e-23)
(0.2287397187 0.1718175253 -3.371733259e-20)
(0.3426944739 0.05801325206 -4.877504118e-22)
(0.3975175403 0.01803739302 4.979429443e-22)
(0.4343399419 -0.004627704635 2.563088392e-22)
(0.4545425884 -0.0126357154 -9.257162593e-22)
(0.4676373199 -0.01437387154 6.486032081e-23)
(0.476297651 -0.01335027062 -7.956808747e-22)
(0.4823179408 -0.01094564415 2.207037771e-23)
(0.4860678127 -0.009128493517 -1.043471069e-22)
(0.4896861072 -0.004932359721 0)
(0.2101125124 0.1192892224 -3.00430486e-21)
(0.3318674201 0.02831560255 5.354579828e-21)
(0.3932344866 0.002171036484 8.092099443e-23)
(0.4325667953 -0.01330663003 4.121767093e-22)
(0.4544532382 -0.01768422835 -9.156919676e-22)
(0.4682406859 -0.01744660079 6.424552737e-22)
(0.4771336164 -0.01531700739 4.96328766e-22)
(0.4831707075 -0.0122273204 -3.590358419e-22)
(0.486875597 -0.01005330166 -5.331341502e-24)
(0.4903903465 -0.005410090017 1.090735644e-22)
(0.1985202101 0.06540009224 5.464778229e-21)
(0.3248012387 -0.001010738694 -1.820555811e-21)
(0.3911724709 -0.0142232412 1.854676746e-22)
(0.4319264015 -0.02228737314 1.808528029e-22)
(0.4549721564 -0.0229341735 2.341453973e-22)
(0.4691848359 -0.02062914256 1.325687493e-22)
(0.4781731947 -0.01733119679 7.214435298e-22)
(0.4841544518 -0.01352135737 -5.102076526e-23)
(0.4877814974 -0.01097227477 -7.01547088e-23)
(0.491159031 -0.005879920327 4.612294526e-23)
(0.1928963695 0.01071854036 -2.016527109e-21)
(0.3214775165 -0.03018273134 7.576377432e-21)
(0.3911971482 -0.03083314789 8.122129197e-23)
(0.4324364198 -0.03149193406 -3.48735463e-21)
(0.4561082427 -0.02832611448 5.373018731e-22)
(0.4704818064 -0.02388350685 -1.673143336e-22)
(0.4794249651 -0.01937029144 -2.650310993e-23)
(0.4852735822 -0.01481461644 -4.6686688e-23)
(0.4887865918 -0.01187662919 -2.748952605e-22)
(0.4919908621 -0.006336821144 -6.500732009e-23)
(0.1931577659 -0.04368342923 -1.19255387e-20)
(0.3220072318 -0.05935353258 1.678930882e-21)
(0.3932740179 -0.04745038126 -7.155220522e-23)
(0.4340921254 -0.04085289573 1.335333327e-21)
(0.4578687409 -0.03380190856 1.823212421e-21)
(0.472139718 -0.0271717479 6.229212029e-23)
(0.4808941559 -0.02141108727 6.6424029e-22)
(0.4865302616 -0.01609316023 -1.999542543e-22)
(0.4898902518 -0.01275686125 2.80180279e-22)
(0.4928837414 -0.006775432043 1.456529105e-22)
(0.8743257177 0.03818197491 1.187265904e-20)
(0.6570905463 0.02210271987 5.457497522e-22)
(0.5378587385 0.01029002885 -1.30530564e-21)
(0.4937403828 0.004195206118 7.370915352e-23)
(0.4777569995 0.001356284105 -1.038855709e-22)
(0.4744473228 0.0001483863132 2.496200991e-24)
(0.4762199446 -0.0003067789202 1.026064147e-22)
(0.4796685477 -0.0004052126202 -4.448421576e-24)
(0.4827016921 -0.0003983823894 -6.451723684e-23)
(0.4861792546 -0.0002245440199 2.423199038e-23)
(0.860480991 0.1194331652 6.481990642e-20)
(0.6462829847 0.06620529523 -3.04428325e-21)
(0.5316459897 0.03001885175 -1.011149222e-21)
(0.4907720166 0.01201536356 8.931517329e-23)
(0.4764172683 0.003761945028 -2.136286329e-22)
(0.4738860037 0.0002699883998 -7.773774347e-23)
(0.4760207844 -0.0009848081253 -7.068720064e-25)
(0.4796339579 -0.001241561809 -2.673008657e-24)
(0.4827407877 -0.001206725133 1.585628012e-23)
(0.4862455245 -0.0006780777649 1.093445506e-24)
(0.8265921509 0.1996192321 -2.969584887e-20)
(0.6270679473 0.1097010785 2.669519513e-21)
(0.521989014 0.04907718902 -4.251672986e-22)
(0.4863127667 0.01928998671 1.562795751e-36)
(0.4743966624 0.005907182866 -2.995817178e-23)
(0.4730405543 0.0003212804374 0)
(0.4757314712 -0.001733984039 4.082483264e-23)
(0.4795903948 -0.002113681371 -5.480723054e-36)
(0.482804681 -0.0020325727 8.900646843e-38)
(0.486364469 -0.001136696655 3.656351959e-23)
(0.7671668465 0.2641855219 -1.872610246e-20)
(0.5975015939 0.1416100678 -2.338321314e-21)
(0.5093684682 0.06338075237 0)
(0.480662131 0.02443007444 1.428750833e-21)
(0.4718000054 0.007099655963 0)
(0.4719166691 -7.948416913e-05 0)
(0.4753282573 -0.002629379072 0)
(0.4795459943 -0.003044378055 -3.344478596e-23)
(0.4829034368 -0.002884314963 1.514442e-24)
(0.4865412814 -0.001605702036 -6.081625254e-24)
(0.7305448388 0.345476663 6.430184894e-20)
(0.5719336393 0.1844587594 1.761430551e-21)
(0.4990827156 0.0818592835 0)
(0.475342859 0.03119832706 -2.076704851e-22)
(0.4690730421 0.008760969401 3.255610611e-23)
(0.4707381659 -0.0004680674154 0)
(0.4749415533 -0.003610431085 0)
(0.4795398732 -0.004032136462 -8.547104376e-23)
(0.4830570709 -0.003767448538 -3.336846836e-24)
(0.4867868225 -0.002087702969 -1.834196578e-24)
(1.354334206 -0.002458399878 -5.388734128e-21)
(1.371173578 -0.001315750055 -1.15079244e-21)
(1.377389586 -0.0002712889767 -1.394236746e-21)
(1.372822389 0.001257182644 1.310968358e-20)
(1.362282549 0.002976531088 1.761026009e-20)
(1.334750583 0.007010583483 6.902057516e-21)
(1.304405683 0.008303009332 1.635016004e-20)
(1.262424888 0.01885860935 -5.532525216e-21)
(1.201231524 0.02206840358 1.869211837e-21)
(1.137207553 0.04054447179 2.004885362e-20)
(1.356466733 -0.007172607242 -2.722017192e-20)
(1.374164728 -0.003623819114 4.35661435e-21)
(1.380562059 -0.0001814722931 3.501516391e-22)
(1.375653451 0.004687962218 -3.095102464e-21)
(1.362694279 0.0108425974 -9.048866231e-21)
(1.332515373 0.02197481327 -1.577847433e-20)
(1.301563628 0.02852768114 -5.611425199e-21)
(1.250505667 0.05997405419 8.293783187e-21)
(1.189219433 0.07142969784 -2.3490356e-20)
(1.120179731 0.1279095964 -3.582796942e-20)
(1.360960944 -0.01194822003 -2.354934827e-20)
(1.380012593 -0.005756552282 6.040741001e-22)
(1.386097453 0.0002531389259 3.472334599e-20)
(1.379971879 0.008924077785 8.45425159e-22)
(1.362943198 0.02044346865 2.819941739e-21)
(1.329981346 0.03697454774 -1.468866776e-22)
(1.295159757 0.05259075715 -4.684518465e-21)
(1.22800436 0.09847664897 -7.591903961e-21)
(1.166509925 0.1208393527 1.287754405e-20)
(1.074404411 0.2056841572 2.411619342e-21)
(1.367766986 -0.01693933807 9.539187448e-22)
(1.387719441 -0.007620178088 -8.738196204e-21)
(1.39167664 0.001713957899 1.656269709e-20)
(1.383095279 0.01480506935 1.504814281e-20)
(1.361117431 0.03225545051 3.113347347e-21)
(1.323999134 0.05557549891 1.637917111e-20)
(1.277013753 0.08660641196 1.821024645e-20)
(1.192634376 0.1393974216 2.43127325e-20)
(1.129100507 0.1808605889 -7.619145327e-21)
(1.000161246 0.2734553021 4.821066961e-21)
(1.375306113 -0.02179599533 -1.029248984e-20)
(1.395026999 -0.00868048126 1.471519296e-21)
(1.395705777 0.004753270345 -4.668323856e-20)
(1.384154687 0.02150858148 3.356850907e-20)
(1.357103015 0.04330689264 -6.788287281e-21)
(1.312178988 0.07263914332 -3.263749482e-20)
(1.24400672 0.1165152339 -1.361301151e-20)
(1.141664326 0.1738861441 2.717333011e-20)
(1.052042814 0.2482441465 1.253735984e-20)
(0.8726646551 0.3194989548 -1.646625725e-20)
(0.5602589186 -0.2840864375 -6.136768624e-22)
(0.5565332426 -0.3091004172 3.74402365e-20)
(0.5546016391 -0.3337505403 -1.117141819e-20)
(0.5501333062 -0.3597038965 -5.318984069e-20)
(0.5410614805 -0.3859184348 3.107371883e-20)
(0.5245178996 -0.4087712336 1.357065247e-20)
(0.4918669297 -0.4177538672 6.73152662e-22)
(0.4186347431 -0.3837964979 -2.746924782e-21)
(0.2522664023 -0.2420933156 -1.880194938e-20)
(-0.08876053754 0.1000159987 3.379289276e-20)
(0.5100615265 -0.2653748573 2.047875152e-21)
(0.5005985207 -0.2886839736 6.748275586e-22)
(0.4915846 -0.3121358813 3.358404711e-20)
(0.4804138189 -0.3368943184 -1.825734378e-20)
(0.4657514023 -0.3620767796 -5.167914009e-20)
(0.4455483908 -0.3844435365 -1.645874233e-20)
(0.4127890233 -0.3939135045 4.191819917e-20)
(0.3465879533 -0.3613106547 1.877945008e-20)
(0.2013539218 -0.2203632974 -3.510367678e-21)
(-0.09492001773 0.1245611467 1.216294067e-20)
(0.44858264 -0.2489054595 5.917792826e-21)
(0.4345450668 -0.2692202057 -2.725215874e-21)
(0.421300478 -0.2898948169 1.582484891e-20)
(0.4068224538 -0.3118915084 8.479068619e-21)
(0.3898746189 -0.3344764674 2.19506034e-21)
(0.3686646713 -0.3548478729 -1.564489522e-20)
(0.3374351572 -0.3635621999 -5.183002133e-21)
(0.2788295874 -0.3318516567 1.802236819e-20)
(0.154446696 -0.1929479396 1.197487997e-20)
(-0.09800976275 0.1504860264 -2.212881187e-20)
(0.3942309826 -0.2171839036 -1.247080089e-20)
(0.3787813119 -0.2352684433 5.168921866e-21)
(0.3634012506 -0.2541577762 -2.007983694e-21)
(0.3464778588 -0.2741338058 -1.701647141e-21)
(0.3270577572 -0.2946255787 2.043284801e-21)
(0.3039580563 -0.3135180514 5.634140472e-21)
(0.2729659618 -0.3223711031 -1.26643357e-20)
(0.2203182521 -0.2932677388 1.043931574e-20)
(0.1145608855 -0.1594860705 -1.326278592e-20)
(-0.09711540045 0.1774721421 -1.443054293e-20)
(0.3458582023 -0.1817680893 8.945184401e-21)
(0.3288039868 -0.19703617 -6.537587023e-22)
(0.3110659098 -0.2130638762 -1.093903833e-20)
(0.2915962349 -0.2300493252 -1.566417313e-21)
(0.2698565787 -0.247740544 6.971335951e-21)
(0.2452134949 -0.264679219 4.001708574e-21)
(0.2147252243 -0.2734432536 4.812460743e-21)
(0.1678548923 -0.247281138 -1.021160844e-20)
(0.07979067347 -0.1203960791 -6.794425584e-21)
(-0.09299809683 0.2055990993 -6.577598454e-21)
(0.3048900325 -0.1398964234 -1.514565169e-20)
(0.2866714289 -0.1521235647 3.656866722e-21)
(0.2672093853 -0.1652166479 -1.146177656e-20)
(0.2459373043 -0.1792175249 -1.186420711e-20)
(0.222542169 -0.19412928 1.127277729e-20)
(0.1967400192 -0.2091812257 1.369724616e-20)
(0.1666556705 -0.2181134212 6.177296799e-23)
(0.1247253218 -0.1956488921 -1.249275577e-20)
(0.05241364532 -0.07748100645 -5.554286667e-21)
(-0.08483788307 0.2339046603 1.11661154e-21)
(0.272440723 -0.09395490789 3.294127811e-20)
(0.2533627136 -0.1030287981 1.11506472e-20)
(0.2325537386 -0.1128641799 -2.101814534e-20)
(0.2098218434 -0.1235034803 1.884362886e-21)
(0.1850345399 -0.1352854469 1.002219961e-20)
(0.1581826247 -0.1481929138 -3.266924902e-21)
(0.1282926256 -0.1572444369 -7.946363795e-21)
(0.09047295719 -0.1389317913 -9.043328192e-21)
(0.03208168842 -0.03104582397 3.236741932e-21)
(-0.07287640392 0.2622215074 6.102643457e-21)
(0.2490709346 -0.04448533485 5.669264837e-21)
(0.2293732732 -0.05032160425 -9.299646949e-22)
(0.207585243 -0.05676195894 -5.266081651e-21)
(0.1838072058 -0.06392738338 0)
(0.1580109869 -0.07250626991 -1.919339515e-20)
(0.130340132 -0.08325118167 -9.92678916e-22)
(0.1005110308 -0.09252875439 6.865293995e-21)
(0.06594754472 -0.0788179339 1.457112819e-20)
(0.01943734756 0.01752373833 1.054017322e-20)
(-0.05693561604 0.2898773514 -1.013594352e-21)
(0.235187213 0.00733044203 -2.368263436e-20)
(0.2151374696 0.004742714454 -1.304678301e-22)
(0.1927639116 0.00178239912 2.37631031e-20)
(0.168353467 -0.001815218303 4.941636774e-21)
(0.1419043851 -0.007110713073 -5.097078678e-21)
(0.1135966186 -0.01564884602 -5.032988106e-21)
(0.08362894955 -0.02520657759 1.339271732e-22)
(0.05138676113 -0.01643398583 7.590499457e-21)
(0.01459985532 0.06733687287 6.971738124e-21)
(-0.037092292 0.3164197312 -3.04185564e-22)
(0.2309171222 0.06041784106 1.822342632e-20)
(0.2107804768 0.06106080789 -1.52355494e-20)
(0.188220747 0.06159400435 7.271476056e-22)
(0.1635982739 0.0615689057 1.934624857e-20)
(0.1368609566 0.05954553535 -3.534927137e-20)
(0.1081087885 0.05318349113 -1.060301711e-20)
(0.0778085762 0.04326604364 9.320471576e-21)
(0.0469464004 0.0468478808 5.821149735e-21)
(0.01766245266 0.1172983528 4.249696103e-21)
(-0.01343062733 0.3413337313 1.723313932e-21)
(1.348308192 -0.05040143517 -1.272774513e-19)
(1.361875392 -0.06622542485 7.593519038e-20)
(1.37079802 -0.08106486778 1.441284313e-20)
(1.372458377 -0.09447067644 -8.967891117e-22)
(1.360376755 -0.1053478018 -3.167701422e-20)
(1.320264265 -0.1112264019 2.210918181e-21)
(1.223310444 -0.1081905796 -1.81946624e-20)
(1.016121577 -0.09057581858 -7.640449969e-20)
(0.6163155303 -0.05302365107 2.228139761e-20)
(-0.060250773 -1.242012635e-05 -1.908636665e-21)
(1.295272139 -0.07258206881 -1.489133016e-20)
(1.311498311 -0.09547643366 4.157361715e-20)
(1.323244601 -0.1171305072 1.000430088e-19)
(1.328911601 -0.1371767875 -1.67562497e-20)
(1.323432368 -0.1548271607 -1.587591726e-19)
(1.294326224 -0.1672741015 -1.077872098e-20)
(1.214419036 -0.1689326545 3.551245521e-20)
(1.029145969 -0.1498571305 -7.434771778e-20)
(0.6480102803 -0.09616385545 -2.383085799e-20)
(-0.03197669823 0.002439211174 -9.134100296e-21)
(1.225840803 -0.1012166979 -9.86332785e-20)
(1.245210305 -0.1285462543 9.868869179e-20)
(1.259790987 -0.1557659369 1.532185362e-19)
(1.268379537 -0.181229061 -1.121106458e-19)
(1.267031492 -0.2044113842 1.223427258e-19)
(1.245208725 -0.2224682834 -6.870309569e-21)
(1.178263824 -0.2280778601 -1.459991137e-19)
(1.012991253 -0.2078799325 8.405318348e-21)
(0.6540886239 -0.1400275211 2.54426341e-20)
(-0.01441659279 0.002347887895 -1.120104382e-20)
(1.151587123 -0.1299698746 -8.660742235e-20)
(1.171817082 -0.1601190994 -1.599759631e-19)
(1.186552581 -0.1911222238 2.490679059e-19)
(1.195507132 -0.2208848297 1.368382061e-19)
(1.195561405 -0.2485882505 -1.275936892e-19)
(1.177751917 -0.2714623867 -2.200737772e-21)
(1.119950016 -0.2815995008 -3.732239258e-20)
(0.9719012957 -0.2609573546 4.649186623e-20)
(0.6375351441 -0.1802789161 5.460969286e-20)
(-0.008147486504 0.002409124828 2.5484615e-20)
(1.071580163 -0.1611890108 0)
(1.090187828 -0.192164737 -1.01602545e-19)
(1.10357741 -0.2250514105 1.192811689e-19)
(1.11126718 -0.2575124471 1.25109105e-19)
(1.110916642 -0.2882733402 -2.273813054e-19)
(1.095018845 -0.3144150988 -2.371826189e-20)
(1.043873956 -0.3272673091 -1.037547144e-20)
(0.9102136055 -0.3063840386 -1.457363211e-19)
(0.6012980167 -0.2133219319 1.140329733e-20)
(-0.01156674521 0.005920083319 1.19616027e-20)
(0.9907898211 -0.1935969054 -2.801551493e-20)
(1.00630553 -0.2250471842 -3.792753476e-22)
(1.016227075 -0.2585697211 7.676016767e-20)
(1.020729821 -0.2921586427 6.617496691e-20)
(1.018362707 -0.3242940812 3.179768894e-20)
(1.0027462 -0.3518961149 -5.451371656e-20)
(0.9561726816 -0.3657207878 1.111985759e-19)
(0.8348399276 -0.3431066959 9.323608217e-21)
(0.5507967423 -0.2384513331 -6.778460019e-20)
(-0.02165972483 0.01276834421 -1.327858878e-20)
(0.9079684553 -0.221995808 9.335810621e-21)
(0.9180697263 -0.2525001991 -5.020641897e-22)
(0.9236474421 -0.2855922103 0)
(0.9248412656 -0.3194714506 1.019117657e-20)
(0.9204405841 -0.3522257889 6.038405997e-20)
(0.90479741 -0.3804859284 -1.047387826e-19)
(0.8619427892 -0.3944955562 -1.197180961e-19)
(0.7516568018 -0.3696768881 1.055831453e-19)
(0.4921732993 -0.2545776715 3.777430301e-21)
(-0.03591908995 0.02373682275 -5.531326198e-22)
(0.8237027785 -0.2469636895 2.146059637e-20)
(0.8277210607 -0.275648351 -8.255118471e-21)
(0.8285184869 -0.3072434662 -3.897161876e-20)
(0.826119454 -0.3402582164 2.047244095e-20)
(0.8196238114 -0.3725632354 -3.823886347e-20)
(0.8039323973 -0.4004889825 4.013860646e-20)
(0.7644836336 -0.4137881924 1.110222183e-19)
(0.6645811759 -0.3862312384 -3.588653734e-20)
(0.4293685759 -0.2618496348 -6.063181765e-20)
(-0.05191343806 0.03880988881 1.233025937e-20)
(0.7343325319 -0.2635096476 2.295201524e-20)
(0.7324954955 -0.2900038687 1.655392119e-20)
(0.7301980482 -0.3204058974 -1.027573967e-19)
(0.7262277942 -0.3529171359 -4.019663042e-20)
(0.7191814909 -0.3849601178 5.047983971e-20)
(0.7041939756 -0.4124493373 -3.843053206e-20)
(0.6681501247 -0.4247536271 5.343874786e-20)
(0.5781245087 -0.3943495168 1.100082615e-19)
(0.3666828906 -0.2617886763 -7.295168151e-21)
(-0.06713262107 0.05720379853 2.059601668e-21)
(0.6424737943 -0.2706804373 -5.004321512e-20)
(0.6375896391 -0.2963159305 -7.373165647e-20)
(0.6354074086 -0.326319601 2.520768613e-20)
(0.6318388942 -0.3580855323 1.393696976e-19)
(0.6248177104 -0.3891633467 -1.171979505e-20)
(0.6101455752 -0.4155655697 -1.203051715e-19)
(0.5767151041 -0.4266789288 1.364201593e-20)
(0.4957619974 -0.3940902239 8.077219397e-21)
(0.3073601356 -0.2554693491 1.714126221e-20)
(-0.07957724471 0.07772331783 -5.957340462e-22)
(0.4548800023 0.003211580357 -9.019537384e-22)
(0.5348097954 0.006105034793 -2.610143832e-22)
(0.4601945409 0.007883280129 -5.720700781e-22)
(0.508079281 0.008839219222 1.00278663e-21)
(0.4607385165 0.008229545417 3.009962239e-22)
(0.4801291912 0.005808057987 -1.328808427e-22)
(0.4547822493 -0.003020585973 -1.37283733e-21)
(0.464392074 -0.02631505666 1.196217894e-21)
(0.454719583 -0.06240047977 -4.503617302e-21)
(0.554509094 -0.1889976829 0)
(0.4557043379 0.003819157229 7.189400764e-22)
(0.5348428162 0.006911225957 -1.563938781e-21)
(0.4616574446 0.00928950885 -1.449270119e-22)
(0.5081130018 0.0104760464 -1.825957813e-21)
(0.4618434383 0.01014254262 -1.240104793e-21)
(0.4797267039 0.008660387474 1.135331701e-21)
(0.4533121301 0.001044505084 -1.842316319e-21)
(0.4607798367 -0.01951345948 -1.199374483e-21)
(0.4361008412 -0.05361783857 -1.725168831e-22)
(0.5179182747 -0.1556132266 1.860177388e-21)
(0.456328583 0.004226979638 8.001636201e-22)
(0.5352472812 0.007718761657 1.97074664e-21)
(0.4628937474 0.01068454459 3.108405954e-22)
(0.5085329745 0.01223827221 -3.401957326e-21)
(0.4627290651 0.0121368575 3.606873577e-22)
(0.4793480149 0.01143387569 -1.551804791e-21)
(0.4514735332 0.003999717514 -6.702453875e-22)
(0.456380389 -0.01353573248 0)
(0.4181839189 -0.05052079885 -2.10684733e-21)
(0.4800568199 -0.1440833046 -2.37775115e-20)
(0.4568114098 0.004441490811 -6.632888729e-22)
(0.5358200595 0.008511739942 1.445049587e-21)
(0.463980146 0.01207801524 2.501988418e-22)
(0.5091407833 0.01408072551 -1.483850134e-22)
(0.4635998009 0.01426986911 4.786405405e-21)
(0.479253012 0.0145378131 -2.464900113e-21)
(0.4499825595 0.008080153956 5.152391543e-22)
(0.45192406 -0.00532724786 -1.210480149e-21)
(0.404907448 -0.04163661611 -2.775286009e-21)
(0.4395734494 -0.1193329408 5.657870063e-22)
(0.4571979132 0.004478428259 -1.189625715e-22)
(0.5363881337 0.009280602628 -7.550703021e-23)
(0.4649683629 0.01346681766 -9.575555149e-23)
(0.5097998509 0.01598974863 2.254138322e-21)
(0.4645515553 0.01653175045 -3.704750195e-22)
(0.4793144176 0.01788967312 2.263234067e-21)
(0.449175274 0.01231446161 6.031843587e-21)
(0.4476998054 0.003266611358 -1.161079732e-21)
(0.3958970311 -0.0308813432 7.934995487e-22)
(0.403428236 -0.09501377302 1.1823658e-20)
(0.4575116001 0.004360132363 1.621120764e-22)
(0.536870504 0.01001825672 1.633502188e-21)
(0.465874681 0.01484775345 1.38879982e-21)
(0.5104592664 0.01793543193 -1.829760028e-21)
(0.4656118349 0.01891373595 -3.54604311e-21)
(0.479519856 0.02138955438 1.59652046e-21)
(0.449115445 0.01699761208 1.184655726e-21)
(0.4438554031 0.01231415938 1.897692462e-21)
(0.3901381732 -0.0176780273 -1.205871408e-21)
(0.3727912137 -0.06767316439 -9.144389988e-21)
(0.4577602016 0.0041142308 0)
(0.5372510131 0.01072112495 -2.291859142e-21)
(0.4666993474 0.01621455643 1.307027704e-22)
(0.5111132886 0.01988569811 -6.98503375e-23)
(0.4667803502 0.02140029873 -3.683730913e-21)
(0.4798982807 0.02496073261 -2.01924454e-22)
(0.4497725098 0.02213765803 -2.063213958e-21)
(0.4407084347 0.02151553473 3.082296797e-21)
(0.386924115 -0.002420033022 -9.859868419e-22)
(0.3485981885 -0.03823156486 2.318511438e-21)
(0.4579435221 0.003770048249 0)
(0.5375413023 0.01138723485 0)
(0.4674389796 0.01755918923 -1.413063539e-21)
(0.5117748103 0.02181091504 5.140878753e-21)
(0.4680458544 0.02396928085 -2.032100738e-22)
(0.4805012803 0.02854425791 2.70373414e-21)
(0.4510596774 0.02768112677 -3.849521537e-21)
(0.438550658 0.03075564011 -2.67944282e-21)
(0.3858196243 0.01452671839 0)
(0.3312978981 -0.006854731616 2.643573989e-21)
(0.4580584921 0.003356419297 0)
(0.537759917 0.01201575471 1.363608304e-21)
(0.4680905626 0.01887260685 -1.12343232e-22)
(0.5124634272 0.02368538573 5.281222776e-23)
(0.4693927533 0.02659003461 3.972156096e-21)
(0.4813901461 0.03209710471 -2.257769078e-21)
(0.4528761289 0.03353324244 -1.957701765e-21)
(0.4376639672 0.04000817715 -5.526470455e-21)
(0.3865585086 0.03266164159 6.470617452e-21)
(0.3210254891 0.02598673739 -4.62511084e-21)
(0.4581014168 0.002901368256 9.8131193e-23)
(0.5379235284 0.0126076744 2.598388889e-21)
(0.4686524409 0.02014484062 5.754571983e-23)
(0.513199598 0.02548803675 -3.351346635e-21)
(0.4708072203 0.02922266807 1.690700445e-22)
(0.4826214175 0.03559495211 -1.320336679e-21)
(0.4551446959 0.03956736288 1.271239763e-21)
(0.4382227608 0.04928372788 2.85350721e-21)
(0.3890411776 0.05144414952 -1.003824958e-20)
(0.3177961583 0.05972831912 1.324174582e-20)
(0.45356401 0.0002539884884 1.267603428e-22)
(0.5357788014 0.0005597465014 -2.097795874e-22)
(0.4584038604 0.0006714683898 -8.80399408e-24)
(0.5095245218 0.000777159453 3.089882583e-22)
(0.4607557061 0.0006067088936 3.431368712e-23)
(0.4866356465 0.0003782742948 -2.962548235e-22)
(0.4658975693 -0.0009151346084 2.427450269e-22)
(0.4969030419 -0.002955973871 -9.568551687e-22)
(0.5139285202 -0.006856389792 -8.542452637e-22)
(0.6245938227 -0.0211930476 -1.524386447e-21)
(0.4536297059 0.0008323045049 2.850677601e-22)
(0.5357282566 0.001729096378 3.575091577e-22)
(0.4583918869 0.00211320456 -6.509251632e-23)
(0.5094632699 0.002374772327 2.565027039e-22)
(0.4606288855 0.001886500629 1.758746787e-22)
(0.486051509 0.001074505954 -1.306147767e-22)
(0.465234148 -0.002846331424 8.919687089e-22)
(0.4930390475 -0.009510711417 -2.195136033e-21)
(0.5144420421 -0.02189713875 -6.510201476e-21)
(0.6095955037 -0.06354308203 8.561214424e-21)
(0.4536685982 0.001402537901 9.442952547e-23)
(0.5355941742 0.002854600505 -9.641537551e-23)
(0.4583661184 0.003549992288 8.627179103e-23)
(0.5093352671 0.00394355661 9.846135558e-23)
(0.4604095838 0.003281167318 0)
(0.4851091871 0.001876471622 0)
(0.4640421635 -0.004048554723 0)
(0.4869475663 -0.01582825597 0)
(0.5138706013 -0.03411629022 6.220675597e-22)
(0.5878469074 -0.1031070296 1.085079511e-21)
(0.4537239684 0.001984515282 1.603482078e-23)
(0.5354155646 0.003995057651 -4.878764958e-22)
(0.458433732 0.004990392814 -5.560533017e-22)
(0.5091250056 0.005542472161 0)
(0.4601272705 0.004790388256 0)
(0.4838201333 0.002867296461 0)
(0.4620210885 -0.004386649058 0)
(0.4802384311 -0.02166974547 0)
(0.5060603804 -0.04516492346 0)
(0.5706396654 -0.1395814683 1.450194305e-21)
(0.453940876 0.002579661304 -1.399793476e-23)
(0.535192061 0.005143405337 -5.518784401e-22)
(0.4588143944 0.006444284772 0)
(0.5087439971 0.007215447634 1.287779165e-21)
(0.4599358777 0.006430771004 0)
(0.4823668305 0.00394703187 0)
(0.4593858416 -0.004827411123 -6.018646501e-22)
(0.4744891877 -0.02697164787 4.38938563e-21)
(0.4872926576 -0.05722963766 0)
(0.5512972317 -0.1751657958 0)
(0.7568007817 -0.02293656144 -1.162773857e-20)
(0.809605653 -0.0226735352 -4.337409901e-22)
(0.8700260159 -0.02142816403 2.60506421e-20)
(0.9372576718 -0.0194506576 3.999009454e-20)
(1.009802548 -0.01695712797 1.488811552e-20)
(1.083943689 -0.01403238623 -3.751344814e-20)
(1.158370331 -0.01093327093 -1.912244099e-21)
(1.225372887 -0.007800992857 -5.974565868e-21)
(1.281196277 -0.005491655326 -1.236190118e-20)
(1.323058304 -0.003791437989 1.03969755e-20)
(0.7445010098 -0.07342829959 -2.353443152e-20)
(0.7985979154 -0.07156963648 -2.094468716e-20)
(0.8607247589 -0.06597077167 -1.788925779e-21)
(0.9289908937 -0.05871888885 -2.756235386e-20)
(1.002358769 -0.05058622136 2.5348051e-20)
(1.077516357 -0.04165796428 3.486159368e-20)
(1.152579923 -0.03258878543 2.107163333e-20)
(1.221504617 -0.02337882272 1.978796684e-20)
(1.279735286 -0.01648366951 -1.755754661e-20)
(1.32369313 -0.01132362312 9.125820943e-21)
(0.7251006954 -0.123376789 -7.879392284e-21)
(0.7833373308 -0.1192805734 -3.557126332e-20)
(0.8491275122 -0.1088921453 -3.163089535e-21)
(0.9192691092 -0.09656901354 1.675937424e-20)
(0.9935211171 -0.08337513266 -4.511098091e-20)
(1.069656079 -0.06901353432 -1.009486614e-20)
(1.144964822 -0.05460929365 -2.601958848e-20)
(1.216619632 -0.03967418137 2.302308189e-20)
(1.278592455 -0.02783253733 1.95352721e-20)
(1.325849752 -0.01914211518 -1.357672995e-20)
(0.6983795811 -0.1783457919 1.401509072e-21)
(0.761783227 -0.170674053 9.024570432e-21)
(0.8315129724 -0.1550162764 5.767928626e-21)
(0.9037560113 -0.1370170298 -1.121221181e-20)
(0.9798804777 -0.1177525388 1.106515798e-21)
(1.058960088 -0.09696468692 4.614943273e-21)
(1.136528865 -0.07645869604 -8.091177454e-21)
(1.212449446 -0.0573271828 -7.854219962e-21)
(1.279385852 -0.04026979456 -9.713911046e-21)
(1.330570039 -0.02754248527 6.518028414e-21)
(0.6755353172 -0.22388092 5.836272244e-21)
(0.7483983324 -0.220932312 -5.320996996e-21)
(0.8251662966 -0.2050938733 1.115842723e-21)
(0.9010182844 -0.1819163958 -8.752492711e-21)
(0.9784892627 -0.1561125551 6.523398911e-21)
(1.057794069 -0.1279955325 6.158091638e-21)
(1.136778637 -0.1008099227 5.269756451e-21)
(1.21308177 -0.07651902669 -3.885103876e-20)
(1.282806902 -0.05383177247 5.14754775e-21)
(1.336888336 -0.03668020645 -8.405917909e-21)
)
;

boundaryField
{
    left
    {
        type            fixedValue;
        value           uniform (0.5 0 0);
    }
    right
    {
        type            zeroGradient;
    }
    down
    {
        type            slip;
    }
    up
    {
        type            slip;
    }
    cylinder
    {
        type            movingWallVelocity;
        value           nonuniform List<vector> 
80
(
(0.02150986961 -0.5474626141 -6.481354291e-24)
(0.06439699452 -0.5440873597 0)
(0.1068870926 -0.5373576203 -5.185084076e-23)
(0.1487181975 -0.527314887 0)
(0.1896324058 -0.5140210769 -1.037016909e-22)
(0.229377467 -0.4975581509 0)
(0.267708339 -0.4780276087 1.037016966e-22)
(0.3043886986 -0.455549863 -1.037016979e-22)
(0.3391923984 -0.430263497 0)
(0.3719048614 -0.4023244098 0)
(0.4023243353 -0.3719048103 1.037017439e-22)
(0.4302632843 -0.3391922627 -1.037017138e-22)
(0.4555495384 -0.3043885129 0)
(0.4780272027 -0.2677081332 0)
(0.4975576976 -0.2293772655 0)
(0.5140206138 -0.1896322277 -1.037016601e-22)
(0.527314454 -0.1487180559 5.185083175e-23)
(0.5373572589 -0.1068869943 -5.185083696e-23)
(0.5440871127 -0.06439694004 0)
(0.5474625244 -0.02150985298 6.481357174e-24)
(0.4023243344 0.3719048095 0)
(0.4302632836 0.3391922621 -1.037017137e-22)
(0.4555495378 0.3043885125 0)
(0.4780272022 0.2677081329 -1.037016735e-22)
(0.4975576974 0.2293772654 1.037016633e-22)
(0.5140206138 0.1896322277 1.037016601e-22)
(0.5273144542 0.1487180559 5.18508318e-23)
(0.5373572594 0.1068869944 0)
(0.5440871134 0.06439694013 0)
(0.5474625254 0.02150985302 0)
(0.02150985298 0.5474625244 0)
(0.06439694004 0.5440871127 0)
(0.1068869943 0.5373572589 -5.185083696e-23)
(0.1487180559 0.527314454 5.18508318e-23)
(0.1896322277 0.5140206138 -1.037016601e-22)
(0.2293772655 0.4975576976 0)
(0.2677081332 0.4780272027 0)
(0.3043885129 0.4555495384 0)
(0.3391922627 0.4302632843 -1.037017138e-22)
(0.3719048103 0.4023243353 1.037017439e-22)
(-0.3719048095 0.4023243344 0)
(-0.3391922621 0.4302632836 -1.037017137e-22)
(-0.3043885125 0.4555495378 0)
(-0.2677081329 0.4780272022 -1.037016735e-22)
(-0.2293772654 0.4975576974 1.037016633e-22)
(-0.1896322277 0.5140206138 1.037016601e-22)
(-0.1487180559 0.5273144542 5.18508318e-23)
(-0.1068869944 0.5373572594 0)
(-0.06439694013 0.5440871134 0)
(-0.02150985302 0.5474625254 0)
(-0.5474625244 0.02150985298 0)
(-0.5440871127 0.06439694004 0)
(-0.5373572589 0.1068869943 -5.185083696e-23)
(-0.527314454 0.1487180559 5.18508318e-23)
(-0.5140206138 0.1896322277 -1.037016601e-22)
(-0.4975576976 0.2293772655 0)
(-0.4780272027 0.2677081332 0)
(-0.4555495384 0.3043885129 0)
(-0.4302632843 0.3391922627 -1.037017138e-22)
(-0.4023243353 0.3719048103 1.037017439e-22)
(-0.5474625254 -0.02150985302 0)
(-0.5440871134 -0.06439694013 0)
(-0.5373572594 -0.1068869944 0)
(-0.5273144542 -0.1487180559 5.18508318e-23)
(-0.5140206138 -0.1896322277 1.037016601e-22)
(-0.4975576974 -0.2293772654 1.037016633e-22)
(-0.4780272022 -0.2677081329 -1.037016733e-22)
(-0.4555495378 -0.3043885125 0)
(-0.4302632836 -0.3391922621 -1.037017137e-22)
(-0.4023243344 -0.3719048095 0)
(-0.3719048103 -0.4023243353 1.037017439e-22)
(-0.3391922627 -0.4302632843 -1.037017138e-22)
(-0.3043885129 -0.4555495384 0)
(-0.2677081332 -0.4780272027 0)
(-0.2293772655 -0.4975576976 0)
(-0.1896322277 -0.5140206138 -1.037016601e-22)
(-0.1487180559 -0.527314454 5.185083175e-23)
(-0.1068869943 -0.5373572589 -5.185083696e-23)
(-0.06439694004 -0.5440871127 0)
(-0.02150985298 -0.5474625244 6.481357174e-24)
)
;
    }
    defaultFaces
    {
        type            empty;
    }
}


// ************************************************************************* //
