/*--------------------------------*- C++ -*----------------------------------*\
  =========                 |
  \\      /  F ield         | OpenFOAM: The Open Source CFD Toolbox
   \\    /   O peration     | Website:  https://openfoam.org
    \\  /    A nd           | Version:  11
     \\/     M anipulation  |
\*---------------------------------------------------------------------------*/
FoamFile
{
    format      ascii;
    class       vectorField;
    location    "constant/polyMesh";
    object      points;
}
// * * * * * * * * * * * * * * * * * * * * * * * * * * * * * * * * * * * * * //


2501
(
(0.75 0 0)
(0.7625 0 0)
(0.775 0 0)
(0.7875 0 0)
(0.8 0 0)
(0.8125 0 0)
(0.825 0 0)
(0.8375 0 0)
(0.85 0 0)
(0.8625 0 0)
(0.875 0 0)
(0.8875 0 0)
(0.9 0 0)
(0.9125 0 0)
(0.925 0 0)
(0.9375 0 0)
(0.95 0 0)
(0.9625 0 0)
(0.975 0 0)
(0.9875 0 0)
(1 0 0)
(1.0125 0 0)
(1.025 0 0)
(1.0375 0 0)
(1.05 0 0)
(1.0625 0 0)
(1.075 0 0)
(1.0875 0 0)
(1.1 0 0)
(1.1125 0 0)
(1.125 0 0)
(1.1375 0 0)
(1.15 0 0)
(1.1625 0 0)
(1.175 0 0)
(1.1875 0 0)
(1.2 0 0)
(1.2125 0 0)
(1.225 0 0)
(1.2375 0 0)
(1.25 0 0)
(1.2625 0 0)
(1.275 0 0)
(1.2875 0 0)
(1.3 0 0)
(1.3125 0 0)
(1.325 0 0)
(1.3375 0 0)
(1.35 0 0)
(1.3625 0 0)
(1.375 0 0)
(1.3875 0 0)
(1.4 0 0)
(1.4125 0 0)
(1.425 0 0)
(1.4375 0 0)
(1.45 0 0)
(1.4625 0 0)
(1.475 0 0)
(1.4875 0 0)
(1.5 0 0)
(0.75 0.002497620555 -0.0001090484685)
(0.7625 0.002497620555 -0.0001090484685)
(0.775 0.002497620555 -0.0001090484685)
(0.7875 0.002497620555 -0.0001090484685)
(0.8 0.002497620555 -0.0001090484685)
(0.8125 0.002497620555 -0.0001090484685)
(0.825 0.002497620555 -0.0001090484685)
(0.8375 0.002497620555 -0.0001090484685)
(0.85 0.002497620555 -0.0001090484685)
(0.8625 0.002497620555 -0.0001090484685)
(0.875 0.002497620555 -0.0001090484685)
(0.8875 0.002497620555 -0.0001090484685)
(0.9 0.002497620555 -0.0001090484685)
(0.9125 0.002497620555 -0.0001090484685)
(0.925 0.002497620555 -0.0001090484685)
(0.9375 0.002497620555 -0.0001090484685)
(0.95 0.002497620555 -0.0001090484685)
(0.9625 0.002497620555 -0.0001090484685)
(0.975 0.002497620555 -0.0001090484685)
(0.9875 0.002497620555 -0.0001090484685)
(1 0.002497620555 -0.0001090484685)
(1.0125 0.002497620555 -0.0001090484685)
(1.025 0.002497620555 -0.0001090484685)
(1.0375 0.002497620555 -0.0001090484685)
(1.05 0.002497620555 -0.0001090484685)
(1.0625 0.002497620555 -0.0001090484685)
(1.075 0.002497620555 -0.0001090484685)
(1.0875 0.002497620555 -0.0001090484685)
(1.1 0.002497620555 -0.0001090484685)
(1.1125 0.002497620555 -0.0001090484685)
(1.125 0.002497620555 -0.0001090484685)
(1.1375 0.002497620555 -0.0001090484685)
(1.15 0.002497620555 -0.0001090484685)
(1.1625 0.002497620555 -0.0001090484685)
(1.175 0.002497620555 -0.0001090484685)
(1.1875 0.002497620555 -0.0001090484685)
(1.2 0.002497620555 -0.0001090484685)
(1.2125 0.002497620555 -0.0001090484685)
(1.225 0.002497620555 -0.0001090484685)
(1.2375 0.002497620555 -0.0001090484685)
(1.25 0.002497620555 -0.0001090484685)
(1.2625 0.002497620555 -0.0001090484685)
(1.275 0.002497620555 -0.0001090484685)
(1.2875 0.002497620555 -0.0001090484685)
(1.3 0.002497620555 -0.0001090484685)
(1.3125 0.002497620555 -0.0001090484685)
(1.325 0.002497620555 -0.0001090484685)
(1.3375 0.002497620555 -0.0001090484685)
(1.35 0.002497620555 -0.0001090484685)
(1.3625 0.002497620555 -0.0001090484685)
(1.375 0.002497620555 -0.0001090484685)
(1.3875 0.002497620555 -0.0001090484685)
(1.4 0.002497620555 -0.0001090484685)
(1.4125 0.002497620555 -0.0001090484685)
(1.425 0.002497620555 -0.0001090484685)
(1.4375 0.002497620555 -0.0001090484685)
(1.45 0.002497620555 -0.0001090484685)
(1.4625 0.002497620555 -0.0001090484685)
(1.475 0.002497620555 -0.0001090484685)
(1.4875 0.002497620555 -0.0001090484685)
(1.5 0.002497620555 -0.0001090484685)
(0.75 0.00499524111 -0.000218096937)
(0.7625 0.00499524111 -0.000218096937)
(0.775 0.00499524111 -0.000218096937)
(0.7875 0.00499524111 -0.000218096937)
(0.8 0.00499524111 -0.000218096937)
(0.8125 0.00499524111 -0.000218096937)
(0.825 0.00499524111 -0.000218096937)
(0.8375 0.00499524111 -0.000218096937)
(0.85 0.00499524111 -0.000218096937)
(0.8625 0.00499524111 -0.000218096937)
(0.875 0.00499524111 -0.000218096937)
(0.8875 0.00499524111 -0.000218096937)
(0.9 0.00499524111 -0.000218096937)
(0.9125 0.00499524111 -0.000218096937)
(0.925 0.00499524111 -0.000218096937)
(0.9375 0.00499524111 -0.000218096937)
(0.95 0.00499524111 -0.000218096937)
(0.9625 0.00499524111 -0.000218096937)
(0.975 0.00499524111 -0.000218096937)
(0.9875 0.00499524111 -0.000218096937)
(1 0.00499524111 -0.000218096937)
(1.0125 0.00499524111 -0.000218096937)
(1.025 0.00499524111 -0.000218096937)
(1.0375 0.00499524111 -0.000218096937)
(1.05 0.00499524111 -0.000218096937)
(1.0625 0.00499524111 -0.000218096937)
(1.075 0.00499524111 -0.000218096937)
(1.0875 0.00499524111 -0.000218096937)
(1.1 0.00499524111 -0.000218096937)
(1.1125 0.00499524111 -0.000218096937)
(1.125 0.00499524111 -0.000218096937)
(1.1375 0.00499524111 -0.000218096937)
(1.15 0.00499524111 -0.000218096937)
(1.1625 0.00499524111 -0.000218096937)
(1.175 0.00499524111 -0.000218096937)
(1.1875 0.00499524111 -0.000218096937)
(1.2 0.00499524111 -0.000218096937)
(1.2125 0.00499524111 -0.000218096937)
(1.225 0.00499524111 -0.000218096937)
(1.2375 0.00499524111 -0.000218096937)
(1.25 0.00499524111 -0.000218096937)
(1.2625 0.00499524111 -0.000218096937)
(1.275 0.00499524111 -0.000218096937)
(1.2875 0.00499524111 -0.000218096937)
(1.3 0.00499524111 -0.000218096937)
(1.3125 0.00499524111 -0.000218096937)
(1.325 0.00499524111 -0.000218096937)
(1.3375 0.00499524111 -0.000218096937)
(1.35 0.00499524111 -0.000218096937)
(1.3625 0.00499524111 -0.000218096937)
(1.375 0.00499524111 -0.000218096937)
(1.3875 0.00499524111 -0.000218096937)
(1.4 0.00499524111 -0.000218096937)
(1.4125 0.00499524111 -0.000218096937)
(1.425 0.00499524111 -0.000218096937)
(1.4375 0.00499524111 -0.000218096937)
(1.45 0.00499524111 -0.000218096937)
(1.4625 0.00499524111 -0.000218096937)
(1.475 0.00499524111 -0.000218096937)
(1.4875 0.00499524111 -0.000218096937)
(1.5 0.00499524111 -0.000218096937)
(0.75 0.007492861665 -0.0003271454055)
(0.7625 0.007492861665 -0.0003271454055)
(0.775 0.007492861665 -0.0003271454055)
(0.7875 0.007492861665 -0.0003271454055)
(0.8 0.007492861665 -0.0003271454055)
(0.8125 0.007492861665 -0.0003271454055)
(0.825 0.007492861665 -0.0003271454055)
(0.8375 0.007492861665 -0.0003271454055)
(0.85 0.007492861665 -0.0003271454055)
(0.8625 0.007492861665 -0.0003271454055)
(0.875 0.007492861665 -0.0003271454055)
(0.8875 0.007492861665 -0.0003271454055)
(0.9 0.007492861665 -0.0003271454055)
(0.9125 0.007492861665 -0.0003271454055)
(0.925 0.007492861665 -0.0003271454055)
(0.9375 0.007492861665 -0.0003271454055)
(0.95 0.007492861665 -0.0003271454055)
(0.9625 0.007492861665 -0.0003271454055)
(0.975 0.007492861665 -0.0003271454055)
(0.9875 0.007492861665 -0.0003271454055)
(1 0.007492861665 -0.0003271454055)
(1.0125 0.007492861665 -0.0003271454055)
(1.025 0.007492861665 -0.0003271454055)
(1.0375 0.007492861665 -0.0003271454055)
(1.05 0.007492861665 -0.0003271454055)
(1.0625 0.007492861665 -0.0003271454055)
(1.075 0.007492861665 -0.0003271454055)
(1.0875 0.007492861665 -0.0003271454055)
(1.1 0.007492861665 -0.0003271454055)
(1.1125 0.007492861665 -0.0003271454055)
(1.125 0.007492861665 -0.0003271454055)
(1.1375 0.007492861665 -0.0003271454055)
(1.15 0.007492861665 -0.0003271454055)
(1.1625 0.007492861665 -0.0003271454055)
(1.175 0.007492861665 -0.0003271454055)
(1.1875 0.007492861665 -0.0003271454055)
(1.2 0.007492861665 -0.0003271454055)
(1.2125 0.007492861665 -0.0003271454055)
(1.225 0.007492861665 -0.0003271454055)
(1.2375 0.007492861665 -0.0003271454055)
(1.25 0.007492861665 -0.0003271454055)
(1.2625 0.007492861665 -0.0003271454055)
(1.275 0.007492861665 -0.0003271454055)
(1.2875 0.007492861665 -0.0003271454055)
(1.3 0.007492861665 -0.0003271454055)
(1.3125 0.007492861665 -0.0003271454055)
(1.325 0.007492861665 -0.0003271454055)
(1.3375 0.007492861665 -0.0003271454055)
(1.35 0.007492861665 -0.0003271454055)
(1.3625 0.007492861665 -0.0003271454055)
(1.375 0.007492861665 -0.0003271454055)
(1.3875 0.007492861665 -0.0003271454055)
(1.4 0.007492861665 -0.0003271454055)
(1.4125 0.007492861665 -0.0003271454055)
(1.425 0.007492861665 -0.0003271454055)
(1.4375 0.007492861665 -0.0003271454055)
(1.45 0.007492861665 -0.0003271454055)
(1.4625 0.007492861665 -0.0003271454055)
(1.475 0.007492861665 -0.0003271454055)
(1.4875 0.007492861665 -0.0003271454055)
(1.5 0.007492861665 -0.0003271454055)
(0.75 0.00999048222 -0.000436193874)
(0.7625 0.00999048222 -0.000436193874)
(0.775 0.00999048222 -0.000436193874)
(0.7875 0.00999048222 -0.000436193874)
(0.8 0.00999048222 -0.000436193874)
(0.8125 0.00999048222 -0.000436193874)
(0.825 0.00999048222 -0.000436193874)
(0.8375 0.00999048222 -0.000436193874)
(0.85 0.00999048222 -0.000436193874)
(0.8625 0.00999048222 -0.000436193874)
(0.875 0.00999048222 -0.000436193874)
(0.8875 0.00999048222 -0.000436193874)
(0.9 0.00999048222 -0.000436193874)
(0.9125 0.00999048222 -0.000436193874)
(0.925 0.00999048222 -0.000436193874)
(0.9375 0.00999048222 -0.000436193874)
(0.95 0.00999048222 -0.000436193874)
(0.9625 0.00999048222 -0.000436193874)
(0.975 0.00999048222 -0.000436193874)
(0.9875 0.00999048222 -0.000436193874)
(1 0.00999048222 -0.000436193874)
(1.0125 0.00999048222 -0.000436193874)
(1.025 0.00999048222 -0.000436193874)
(1.0375 0.00999048222 -0.000436193874)
(1.05 0.00999048222 -0.000436193874)
(1.0625 0.00999048222 -0.000436193874)
(1.075 0.00999048222 -0.000436193874)
(1.0875 0.00999048222 -0.000436193874)
(1.1 0.00999048222 -0.000436193874)
(1.1125 0.00999048222 -0.000436193874)
(1.125 0.00999048222 -0.000436193874)
(1.1375 0.00999048222 -0.000436193874)
(1.15 0.00999048222 -0.000436193874)
(1.1625 0.00999048222 -0.000436193874)
(1.175 0.00999048222 -0.000436193874)
(1.1875 0.00999048222 -0.000436193874)
(1.2 0.00999048222 -0.000436193874)
(1.2125 0.00999048222 -0.000436193874)
(1.225 0.00999048222 -0.000436193874)
(1.2375 0.00999048222 -0.000436193874)
(1.25 0.00999048222 -0.000436193874)
(1.2625 0.00999048222 -0.000436193874)
(1.275 0.00999048222 -0.000436193874)
(1.2875 0.00999048222 -0.000436193874)
(1.3 0.00999048222 -0.000436193874)
(1.3125 0.00999048222 -0.000436193874)
(1.325 0.00999048222 -0.000436193874)
(1.3375 0.00999048222 -0.000436193874)
(1.35 0.00999048222 -0.000436193874)
(1.3625 0.00999048222 -0.000436193874)
(1.375 0.00999048222 -0.000436193874)
(1.3875 0.00999048222 -0.000436193874)
(1.4 0.00999048222 -0.000436193874)
(1.4125 0.00999048222 -0.000436193874)
(1.425 0.00999048222 -0.000436193874)
(1.4375 0.00999048222 -0.000436193874)
(1.45 0.00999048222 -0.000436193874)
(1.4625 0.00999048222 -0.000436193874)
(1.475 0.00999048222 -0.000436193874)
(1.4875 0.00999048222 -0.000436193874)
(1.5 0.00999048222 -0.000436193874)
(0.75 0.01248810278 -0.0005452423425)
(0.7625 0.01248810278 -0.0005452423425)
(0.775 0.01248810278 -0.0005452423425)
(0.7875 0.01248810278 -0.0005452423425)
(0.8 0.01248810278 -0.0005452423425)
(0.8125 0.01248810278 -0.0005452423425)
(0.825 0.01248810278 -0.0005452423425)
(0.8375 0.01248810278 -0.0005452423425)
(0.85 0.01248810278 -0.0005452423425)
(0.8625 0.01248810278 -0.0005452423425)
(0.875 0.01248810278 -0.0005452423425)
(0.8875 0.01248810278 -0.0005452423425)
(0.9 0.01248810278 -0.0005452423425)
(0.9125 0.01248810278 -0.0005452423425)
(0.925 0.01248810278 -0.0005452423425)
(0.9375 0.01248810278 -0.0005452423425)
(0.95 0.01248810278 -0.0005452423425)
(0.9625 0.01248810278 -0.0005452423425)
(0.975 0.01248810278 -0.0005452423425)
(0.9875 0.01248810278 -0.0005452423425)
(1 0.01248810278 -0.0005452423425)
(1.0125 0.01248810278 -0.0005452423425)
(1.025 0.01248810278 -0.0005452423425)
(1.0375 0.01248810278 -0.0005452423425)
(1.05 0.01248810278 -0.0005452423425)
(1.0625 0.01248810278 -0.0005452423425)
(1.075 0.01248810278 -0.0005452423425)
(1.0875 0.01248810278 -0.0005452423425)
(1.1 0.01248810278 -0.0005452423425)
(1.1125 0.01248810278 -0.0005452423425)
(1.125 0.01248810278 -0.0005452423425)
(1.1375 0.01248810278 -0.0005452423425)
(1.15 0.01248810278 -0.0005452423425)
(1.1625 0.01248810278 -0.0005452423425)
(1.175 0.01248810278 -0.0005452423425)
(1.1875 0.01248810278 -0.0005452423425)
(1.2 0.01248810278 -0.0005452423425)
(1.2125 0.01248810278 -0.0005452423425)
(1.225 0.01248810278 -0.0005452423425)
(1.2375 0.01248810278 -0.0005452423425)
(1.25 0.01248810278 -0.0005452423425)
(1.2625 0.01248810278 -0.0005452423425)
(1.275 0.01248810278 -0.0005452423425)
(1.2875 0.01248810278 -0.0005452423425)
(1.3 0.01248810278 -0.0005452423425)
(1.3125 0.01248810278 -0.0005452423425)
(1.325 0.01248810278 -0.0005452423425)
(1.3375 0.01248810278 -0.0005452423425)
(1.35 0.01248810278 -0.0005452423425)
(1.3625 0.01248810278 -0.0005452423425)
(1.375 0.01248810278 -0.0005452423425)
(1.3875 0.01248810278 -0.0005452423425)
(1.4 0.01248810278 -0.0005452423425)
(1.4125 0.01248810278 -0.0005452423425)
(1.425 0.01248810278 -0.0005452423425)
(1.4375 0.01248810278 -0.0005452423425)
(1.45 0.01248810278 -0.0005452423425)
(1.4625 0.01248810278 -0.0005452423425)
(1.475 0.01248810278 -0.0005452423425)
(1.4875 0.01248810278 -0.0005452423425)
(1.5 0.01248810278 -0.0005452423425)
(0.75 0.01498572333 -0.000654290811)
(0.7625 0.01498572333 -0.000654290811)
(0.775 0.01498572333 -0.000654290811)
(0.7875 0.01498572333 -0.000654290811)
(0.8 0.01498572333 -0.000654290811)
(0.8125 0.01498572333 -0.000654290811)
(0.825 0.01498572333 -0.000654290811)
(0.8375 0.01498572333 -0.000654290811)
(0.85 0.01498572333 -0.000654290811)
(0.8625 0.01498572333 -0.000654290811)
(0.875 0.01498572333 -0.000654290811)
(0.8875 0.01498572333 -0.000654290811)
(0.9 0.01498572333 -0.000654290811)
(0.9125 0.01498572333 -0.000654290811)
(0.925 0.01498572333 -0.000654290811)
(0.9375 0.01498572333 -0.000654290811)
(0.95 0.01498572333 -0.000654290811)
(0.9625 0.01498572333 -0.000654290811)
(0.975 0.01498572333 -0.000654290811)
(0.9875 0.01498572333 -0.000654290811)
(1 0.01498572333 -0.000654290811)
(1.0125 0.01498572333 -0.000654290811)
(1.025 0.01498572333 -0.000654290811)
(1.0375 0.01498572333 -0.000654290811)
(1.05 0.01498572333 -0.000654290811)
(1.0625 0.01498572333 -0.000654290811)
(1.075 0.01498572333 -0.000654290811)
(1.0875 0.01498572333 -0.000654290811)
(1.1 0.01498572333 -0.000654290811)
(1.1125 0.01498572333 -0.000654290811)
(1.125 0.01498572333 -0.000654290811)
(1.1375 0.01498572333 -0.000654290811)
(1.15 0.01498572333 -0.000654290811)
(1.1625 0.01498572333 -0.000654290811)
(1.175 0.01498572333 -0.000654290811)
(1.1875 0.01498572333 -0.000654290811)
(1.2 0.01498572333 -0.000654290811)
(1.2125 0.01498572333 -0.000654290811)
(1.225 0.01498572333 -0.000654290811)
(1.2375 0.01498572333 -0.000654290811)
(1.25 0.01498572333 -0.000654290811)
(1.2625 0.01498572333 -0.000654290811)
(1.275 0.01498572333 -0.000654290811)
(1.2875 0.01498572333 -0.000654290811)
(1.3 0.01498572333 -0.000654290811)
(1.3125 0.01498572333 -0.000654290811)
(1.325 0.01498572333 -0.000654290811)
(1.3375 0.01498572333 -0.000654290811)
(1.35 0.01498572333 -0.000654290811)
(1.3625 0.01498572333 -0.000654290811)
(1.375 0.01498572333 -0.000654290811)
(1.3875 0.01498572333 -0.000654290811)
(1.4 0.01498572333 -0.000654290811)
(1.4125 0.01498572333 -0.000654290811)
(1.425 0.01498572333 -0.000654290811)
(1.4375 0.01498572333 -0.000654290811)
(1.45 0.01498572333 -0.000654290811)
(1.4625 0.01498572333 -0.000654290811)
(1.475 0.01498572333 -0.000654290811)
(1.4875 0.01498572333 -0.000654290811)
(1.5 0.01498572333 -0.000654290811)
(0.75 0.01748334388 -0.0007633392795)
(0.7625 0.01748334388 -0.0007633392795)
(0.775 0.01748334388 -0.0007633392795)
(0.7875 0.01748334388 -0.0007633392795)
(0.8 0.01748334388 -0.0007633392795)
(0.8125 0.01748334388 -0.0007633392795)
(0.825 0.01748334388 -0.0007633392795)
(0.8375 0.01748334388 -0.0007633392795)
(0.85 0.01748334388 -0.0007633392795)
(0.8625 0.01748334388 -0.0007633392795)
(0.875 0.01748334388 -0.0007633392795)
(0.8875 0.01748334388 -0.0007633392795)
(0.9 0.01748334388 -0.0007633392795)
(0.9125 0.01748334388 -0.0007633392795)
(0.925 0.01748334388 -0.0007633392795)
(0.9375 0.01748334388 -0.0007633392795)
(0.95 0.01748334388 -0.0007633392795)
(0.9625 0.01748334388 -0.0007633392795)
(0.975 0.01748334388 -0.0007633392795)
(0.9875 0.01748334388 -0.0007633392795)
(1 0.01748334388 -0.0007633392795)
(1.0125 0.01748334388 -0.0007633392795)
(1.025 0.01748334388 -0.0007633392795)
(1.0375 0.01748334388 -0.0007633392795)
(1.05 0.01748334388 -0.0007633392795)
(1.0625 0.01748334388 -0.0007633392795)
(1.075 0.01748334388 -0.0007633392795)
(1.0875 0.01748334388 -0.0007633392795)
(1.1 0.01748334388 -0.0007633392795)
(1.1125 0.01748334388 -0.0007633392795)
(1.125 0.01748334388 -0.0007633392795)
(1.1375 0.01748334388 -0.0007633392795)
(1.15 0.01748334388 -0.0007633392795)
(1.1625 0.01748334388 -0.0007633392795)
(1.175 0.01748334388 -0.0007633392795)
(1.1875 0.01748334388 -0.0007633392795)
(1.2 0.01748334388 -0.0007633392795)
(1.2125 0.01748334388 -0.0007633392795)
(1.225 0.01748334388 -0.0007633392795)
(1.2375 0.01748334388 -0.0007633392795)
(1.25 0.01748334388 -0.0007633392795)
(1.2625 0.01748334388 -0.0007633392795)
(1.275 0.01748334388 -0.0007633392795)
(1.2875 0.01748334389 -0.0007633392795)
(1.3 0.01748334388 -0.0007633392795)
(1.3125 0.01748334388 -0.0007633392795)
(1.325 0.01748334388 -0.0007633392795)
(1.3375 0.01748334388 -0.0007633392795)
(1.35 0.01748334388 -0.0007633392795)
(1.3625 0.01748334388 -0.0007633392795)
(1.375 0.01748334388 -0.0007633392795)
(1.3875 0.01748334388 -0.0007633392795)
(1.4 0.01748334388 -0.0007633392795)
(1.4125 0.01748334388 -0.0007633392795)
(1.425 0.01748334388 -0.0007633392795)
(1.4375 0.01748334388 -0.0007633392795)
(1.45 0.01748334388 -0.0007633392795)
(1.4625 0.01748334388 -0.0007633392795)
(1.475 0.01748334389 -0.0007633392795)
(1.4875 0.01748334388 -0.0007633392795)
(1.5 0.01748334388 -0.0007633392795)
(0.75 0.01998096444 -0.000872387748)
(0.7625 0.01998096444 -0.000872387748)
(0.775 0.01998096444 -0.000872387748)
(0.7875 0.01998096444 -0.000872387748)
(0.8 0.01998096444 -0.000872387748)
(0.8125 0.01998096444 -0.000872387748)
(0.825 0.01998096444 -0.000872387748)
(0.8375 0.01998096444 -0.000872387748)
(0.85 0.01998096444 -0.000872387748)
(0.8625 0.01998096444 -0.000872387748)
(0.875 0.01998096444 -0.000872387748)
(0.8875 0.01998096444 -0.000872387748)
(0.9 0.01998096444 -0.000872387748)
(0.9125 0.01998096444 -0.000872387748)
(0.925 0.01998096444 -0.000872387748)
(0.9375 0.01998096444 -0.000872387748)
(0.95 0.01998096444 -0.000872387748)
(0.9625 0.01998096444 -0.000872387748)
(0.975 0.01998096444 -0.000872387748)
(0.9875 0.01998096444 -0.000872387748)
(1 0.01998096444 -0.000872387748)
(1.0125 0.01998096444 -0.000872387748)
(1.025 0.01998096444 -0.000872387748)
(1.0375 0.01998096444 -0.000872387748)
(1.05 0.01998096444 -0.000872387748)
(1.0625 0.01998096444 -0.000872387748)
(1.075 0.01998096444 -0.000872387748)
(1.0875 0.01998096444 -0.000872387748)
(1.1 0.01998096444 -0.000872387748)
(1.1125 0.01998096444 -0.000872387748)
(1.125 0.01998096444 -0.000872387748)
(1.1375 0.01998096444 -0.000872387748)
(1.15 0.01998096444 -0.000872387748)
(1.1625 0.01998096444 -0.000872387748)
(1.175 0.01998096444 -0.000872387748)
(1.1875 0.01998096444 -0.000872387748)
(1.2 0.01998096444 -0.000872387748)
(1.2125 0.01998096444 -0.000872387748)
(1.225 0.01998096444 -0.000872387748)
(1.2375 0.01998096444 -0.000872387748)
(1.25 0.01998096444 -0.000872387748)
(1.2625 0.01998096444 -0.000872387748)
(1.275 0.01998096444 -0.000872387748)
(1.2875 0.01998096444 -0.000872387748)
(1.3 0.01998096444 -0.000872387748)
(1.3125 0.01998096444 -0.000872387748)
(1.325 0.01998096444 -0.000872387748)
(1.3375 0.01998096444 -0.000872387748)
(1.35 0.01998096444 -0.000872387748)
(1.3625 0.01998096444 -0.000872387748)
(1.375 0.01998096444 -0.000872387748)
(1.3875 0.01998096444 -0.000872387748)
(1.4 0.01998096444 -0.000872387748)
(1.4125 0.01998096444 -0.000872387748)
(1.425 0.01998096444 -0.000872387748)
(1.4375 0.01998096444 -0.000872387748)
(1.45 0.01998096444 -0.000872387748)
(1.4625 0.01998096444 -0.000872387748)
(1.475 0.01998096444 -0.000872387748)
(1.4875 0.01998096444 -0.000872387748)
(1.5 0.01998096444 -0.000872387748)
(0.75 0.022478585 -0.0009814362165)
(0.7625 0.02247858499 -0.0009814362165)
(0.775 0.022478585 -0.0009814362165)
(0.7875 0.022478585 -0.0009814362165)
(0.8 0.02247858499 -0.0009814362165)
(0.8125 0.022478585 -0.0009814362165)
(0.825 0.022478585 -0.0009814362165)
(0.8375 0.022478585 -0.0009814362165)
(0.85 0.022478585 -0.0009814362165)
(0.8625 0.022478585 -0.0009814362165)
(0.875 0.02247858499 -0.0009814362165)
(0.8875 0.02247858499 -0.0009814362165)
(0.9 0.022478585 -0.0009814362165)
(0.9125 0.02247858499 -0.0009814362165)
(0.925 0.022478585 -0.0009814362165)
(0.9375 0.02247858499 -0.0009814362165)
(0.95 0.02247858499 -0.0009814362165)
(0.9625 0.02247858499 -0.0009814362165)
(0.975 0.022478585 -0.0009814362165)
(0.9875 0.022478585 -0.0009814362165)
(1 0.022478585 -0.0009814362165)
(1.0125 0.022478585 -0.0009814362165)
(1.025 0.022478585 -0.0009814362165)
(1.0375 0.022478585 -0.0009814362165)
(1.05 0.022478585 -0.0009814362165)
(1.0625 0.02247858499 -0.0009814362165)
(1.075 0.022478585 -0.0009814362165)
(1.0875 0.02247858499 -0.0009814362165)
(1.1 0.02247858499 -0.0009814362165)
(1.1125 0.022478585 -0.0009814362165)
(1.125 0.02247858499 -0.0009814362165)
(1.1375 0.022478585 -0.0009814362165)
(1.15 0.022478585 -0.0009814362165)
(1.1625 0.022478585 -0.0009814362165)
(1.175 0.022478585 -0.0009814362165)
(1.1875 0.022478585 -0.0009814362165)
(1.2 0.022478585 -0.0009814362165)
(1.2125 0.022478585 -0.0009814362165)
(1.225 0.02247858499 -0.0009814362165)
(1.2375 0.022478585 -0.0009814362165)
(1.25 0.02247858499 -0.0009814362165)
(1.2625 0.02247858499 -0.0009814362165)
(1.275 0.02247858499 -0.0009814362165)
(1.2875 0.02247858499 -0.0009814362165)
(1.3 0.022478585 -0.0009814362165)
(1.3125 0.02247858499 -0.0009814362165)
(1.325 0.022478585 -0.0009814362165)
(1.3375 0.022478585 -0.0009814362165)
(1.35 0.022478585 -0.0009814362165)
(1.3625 0.022478585 -0.0009814362165)
(1.375 0.022478585 -0.0009814362165)
(1.3875 0.022478585 -0.0009814362165)
(1.4 0.022478585 -0.0009814362165)
(1.4125 0.022478585 -0.0009814362165)
(1.425 0.022478585 -0.0009814362165)
(1.4375 0.02247858499 -0.0009814362165)
(1.45 0.02247858499 -0.0009814362165)
(1.4625 0.02247858499 -0.0009814362165)
(1.475 0.02247858499 -0.0009814362165)
(1.4875 0.022478585 -0.0009814362165)
(1.5 0.02247858499 -0.0009814362165)
(0.75 0.02497620555 -0.001090484685)
(0.7625 0.02497620555 -0.001090484685)
(0.775 0.02497620555 -0.001090484685)
(0.7875 0.02497620555 -0.001090484685)
(0.8 0.02497620555 -0.001090484685)
(0.8125 0.02497620555 -0.001090484685)
(0.825 0.02497620555 -0.001090484685)
(0.8375 0.02497620555 -0.001090484685)
(0.85 0.02497620555 -0.001090484685)
(0.8625 0.02497620555 -0.001090484685)
(0.875 0.02497620555 -0.001090484685)
(0.8875 0.02497620555 -0.001090484685)
(0.9 0.02497620555 -0.001090484685)
(0.9125 0.02497620555 -0.001090484685)
(0.925 0.02497620555 -0.001090484685)
(0.9375 0.02497620555 -0.001090484685)
(0.95 0.02497620555 -0.001090484685)
(0.9625 0.02497620555 -0.001090484685)
(0.975 0.02497620555 -0.001090484685)
(0.9875 0.02497620555 -0.001090484685)
(1 0.02497620555 -0.001090484685)
(1.0125 0.02497620555 -0.001090484685)
(1.025 0.02497620555 -0.001090484685)
(1.0375 0.02497620555 -0.001090484685)
(1.05 0.02497620555 -0.001090484685)
(1.0625 0.02497620555 -0.001090484685)
(1.075 0.02497620555 -0.001090484685)
(1.0875 0.02497620555 -0.001090484685)
(1.1 0.02497620555 -0.001090484685)
(1.1125 0.02497620555 -0.001090484685)
(1.125 0.02497620555 -0.001090484685)
(1.1375 0.02497620555 -0.001090484685)
(1.15 0.02497620555 -0.001090484685)
(1.1625 0.02497620555 -0.001090484685)
(1.175 0.02497620555 -0.001090484685)
(1.1875 0.02497620555 -0.001090484685)
(1.2 0.02497620555 -0.001090484685)
(1.2125 0.02497620555 -0.001090484685)
(1.225 0.02497620555 -0.001090484685)
(1.2375 0.02497620555 -0.001090484685)
(1.25 0.02497620555 -0.001090484685)
(1.2625 0.02497620555 -0.001090484685)
(1.275 0.02497620555 -0.001090484685)
(1.2875 0.02497620555 -0.001090484685)
(1.3 0.02497620555 -0.001090484685)
(1.3125 0.02497620555 -0.001090484685)
(1.325 0.02497620555 -0.001090484685)
(1.3375 0.02497620555 -0.001090484685)
(1.35 0.02497620555 -0.001090484685)
(1.3625 0.02497620555 -0.001090484685)
(1.375 0.02497620555 -0.001090484685)
(1.3875 0.02497620555 -0.001090484685)
(1.4 0.02497620555 -0.001090484685)
(1.4125 0.02497620555 -0.001090484685)
(1.425 0.02497620555 -0.001090484685)
(1.4375 0.02497620555 -0.001090484685)
(1.45 0.02497620555 -0.001090484685)
(1.4625 0.02497620555 -0.001090484685)
(1.475 0.02497620555 -0.001090484685)
(1.4875 0.02497620555 -0.001090484685)
(1.5 0.02497620555 -0.001090484685)
(0.75 0.02747382611 -0.001199533154)
(0.7625 0.02747382611 -0.001199533154)
(0.775 0.02747382611 -0.001199533154)
(0.7875 0.02747382611 -0.001199533154)
(0.8 0.02747382611 -0.001199533154)
(0.8125 0.02747382611 -0.001199533154)
(0.825 0.02747382611 -0.001199533154)
(0.8375 0.02747382611 -0.001199533154)
(0.85 0.02747382611 -0.001199533154)
(0.8625 0.02747382611 -0.001199533154)
(0.875 0.02747382611 -0.001199533154)
(0.8875 0.02747382611 -0.001199533154)
(0.9 0.02747382611 -0.001199533154)
(0.9125 0.02747382611 -0.001199533154)
(0.925 0.02747382611 -0.001199533154)
(0.9375 0.02747382611 -0.001199533154)
(0.95 0.02747382611 -0.001199533153)
(0.9625 0.02747382611 -0.001199533154)
(0.975 0.02747382611 -0.001199533154)
(0.9875 0.02747382611 -0.001199533154)
(1 0.02747382611 -0.001199533154)
(1.0125 0.02747382611 -0.001199533154)
(1.025 0.02747382611 -0.001199533154)
(1.0375 0.02747382611 -0.001199533154)
(1.05 0.02747382611 -0.001199533154)
(1.0625 0.02747382611 -0.001199533154)
(1.075 0.02747382611 -0.001199533154)
(1.0875 0.02747382611 -0.001199533153)
(1.1 0.02747382611 -0.001199533154)
(1.1125 0.02747382611 -0.001199533154)
(1.125 0.02747382611 -0.001199533154)
(1.1375 0.02747382611 -0.001199533154)
(1.15 0.02747382611 -0.001199533154)
(1.1625 0.02747382611 -0.001199533154)
(1.175 0.02747382611 -0.001199533154)
(1.1875 0.02747382611 -0.001199533154)
(1.2 0.02747382611 -0.001199533154)
(1.2125 0.02747382611 -0.001199533154)
(1.225 0.02747382611 -0.001199533154)
(1.2375 0.02747382611 -0.001199533154)
(1.25 0.02747382611 -0.001199533154)
(1.2625 0.02747382611 -0.001199533154)
(1.275 0.02747382611 -0.001199533154)
(1.2875 0.02747382611 -0.001199533154)
(1.3 0.02747382611 -0.001199533154)
(1.3125 0.02747382611 -0.001199533154)
(1.325 0.02747382611 -0.001199533154)
(1.3375 0.02747382611 -0.001199533154)
(1.35 0.02747382611 -0.001199533154)
(1.3625 0.02747382611 -0.001199533154)
(1.375 0.02747382611 -0.001199533154)
(1.3875 0.02747382611 -0.001199533154)
(1.4 0.02747382611 -0.001199533154)
(1.4125 0.02747382611 -0.001199533154)
(1.425 0.02747382611 -0.001199533154)
(1.4375 0.02747382611 -0.001199533154)
(1.45 0.02747382611 -0.001199533154)
(1.4625 0.02747382611 -0.001199533154)
(1.475 0.02747382611 -0.001199533154)
(1.4875 0.02747382611 -0.001199533154)
(1.5 0.02747382611 -0.001199533154)
(0.75 0.02997144666 -0.001308581622)
(0.7625 0.02997144666 -0.001308581622)
(0.775 0.02997144666 -0.001308581622)
(0.7875 0.02997144666 -0.001308581622)
(0.8 0.02997144666 -0.001308581622)
(0.8125 0.02997144666 -0.001308581622)
(0.825 0.02997144666 -0.001308581622)
(0.8375 0.02997144666 -0.001308581622)
(0.85 0.02997144666 -0.001308581622)
(0.8625 0.02997144666 -0.001308581622)
(0.875 0.02997144666 -0.001308581622)
(0.8875 0.02997144666 -0.001308581622)
(0.9 0.02997144666 -0.001308581622)
(0.9125 0.02997144666 -0.001308581622)
(0.925 0.02997144666 -0.001308581622)
(0.9375 0.02997144666 -0.001308581622)
(0.95 0.02997144666 -0.001308581622)
(0.9625 0.02997144666 -0.001308581622)
(0.975 0.02997144666 -0.001308581622)
(0.9875 0.02997144666 -0.001308581622)
(1 0.02997144666 -0.001308581622)
(1.0125 0.02997144666 -0.001308581622)
(1.025 0.02997144666 -0.001308581622)
(1.0375 0.02997144666 -0.001308581622)
(1.05 0.02997144666 -0.001308581622)
(1.0625 0.02997144666 -0.001308581622)
(1.075 0.02997144666 -0.001308581622)
(1.0875 0.02997144666 -0.001308581622)
(1.1 0.02997144666 -0.001308581622)
(1.1125 0.02997144666 -0.001308581622)
(1.125 0.02997144666 -0.001308581622)
(1.1375 0.02997144666 -0.001308581622)
(1.15 0.02997144666 -0.001308581622)
(1.1625 0.02997144666 -0.001308581622)
(1.175 0.02997144666 -0.001308581622)
(1.1875 0.02997144666 -0.001308581622)
(1.2 0.02997144666 -0.001308581622)
(1.2125 0.02997144666 -0.001308581622)
(1.225 0.02997144666 -0.001308581622)
(1.2375 0.02997144666 -0.001308581622)
(1.25 0.02997144666 -0.001308581622)
(1.2625 0.02997144666 -0.001308581622)
(1.275 0.02997144666 -0.001308581622)
(1.2875 0.02997144666 -0.001308581622)
(1.3 0.02997144666 -0.001308581622)
(1.3125 0.02997144666 -0.001308581622)
(1.325 0.02997144666 -0.001308581622)
(1.3375 0.02997144666 -0.001308581622)
(1.35 0.02997144666 -0.001308581622)
(1.3625 0.02997144666 -0.001308581622)
(1.375 0.02997144666 -0.001308581622)
(1.3875 0.02997144666 -0.001308581622)
(1.4 0.02997144666 -0.001308581622)
(1.4125 0.02997144666 -0.001308581622)
(1.425 0.02997144666 -0.001308581622)
(1.4375 0.02997144666 -0.001308581622)
(1.45 0.02997144666 -0.001308581622)
(1.4625 0.02997144666 -0.001308581622)
(1.475 0.02997144666 -0.001308581622)
(1.4875 0.02997144666 -0.001308581622)
(1.5 0.02997144666 -0.001308581622)
(0.75 0.03246906722 -0.001417630091)
(0.7625 0.03246906722 -0.001417630091)
(0.775 0.03246906722 -0.001417630091)
(0.7875 0.03246906722 -0.001417630091)
(0.8 0.03246906722 -0.001417630091)
(0.8125 0.03246906722 -0.001417630091)
(0.825 0.03246906722 -0.001417630091)
(0.8375 0.03246906722 -0.001417630091)
(0.85 0.03246906722 -0.001417630091)
(0.8625 0.03246906722 -0.001417630091)
(0.875 0.03246906722 -0.00141763009)
(0.8875 0.03246906722 -0.00141763009)
(0.9 0.03246906722 -0.001417630091)
(0.9125 0.03246906722 -0.001417630091)
(0.925 0.03246906722 -0.001417630091)
(0.9375 0.03246906722 -0.00141763009)
(0.95 0.03246906722 -0.001417630091)
(0.9625 0.03246906722 -0.00141763009)
(0.975 0.03246906722 -0.001417630091)
(0.9875 0.03246906722 -0.001417630091)
(1 0.03246906722 -0.001417630091)
(1.0125 0.03246906722 -0.00141763009)
(1.025 0.03246906722 -0.00141763009)
(1.0375 0.03246906722 -0.00141763009)
(1.05 0.03246906722 -0.001417630091)
(1.0625 0.03246906722 -0.00141763009)
(1.075 0.03246906722 -0.00141763009)
(1.0875 0.03246906722 -0.00141763009)
(1.1 0.03246906722 -0.00141763009)
(1.1125 0.03246906722 -0.00141763009)
(1.125 0.03246906722 -0.00141763009)
(1.1375 0.03246906722 -0.00141763009)
(1.15 0.03246906722 -0.001417630091)
(1.1625 0.03246906722 -0.001417630091)
(1.175 0.03246906722 -0.00141763009)
(1.1875 0.03246906722 -0.001417630091)
(1.2 0.03246906722 -0.00141763009)
(1.2125 0.03246906722 -0.00141763009)
(1.225 0.03246906722 -0.00141763009)
(1.2375 0.03246906722 -0.00141763009)
(1.25 0.03246906722 -0.001417630091)
(1.2625 0.03246906722 -0.00141763009)
(1.275 0.03246906722 -0.00141763009)
(1.2875 0.03246906722 -0.00141763009)
(1.3 0.03246906722 -0.00141763009)
(1.3125 0.03246906722 -0.00141763009)
(1.325 0.03246906722 -0.00141763009)
(1.3375 0.03246906722 -0.00141763009)
(1.35 0.03246906722 -0.001417630091)
(1.3625 0.03246906722 -0.001417630091)
(1.375 0.03246906722 -0.001417630091)
(1.3875 0.03246906722 -0.001417630091)
(1.4 0.03246906722 -0.00141763009)
(1.4125 0.03246906722 -0.00141763009)
(1.425 0.03246906722 -0.00141763009)
(1.4375 0.03246906722 -0.001417630091)
(1.45 0.03246906722 -0.001417630091)
(1.4625 0.03246906722 -0.001417630091)
(1.475 0.03246906722 -0.00141763009)
(1.4875 0.03246906722 -0.001417630091)
(1.5 0.03246906722 -0.00141763009)
(0.75 0.03496668777 -0.001526678559)
(0.7625 0.03496668777 -0.001526678559)
(0.775 0.03496668777 -0.001526678559)
(0.7875 0.03496668777 -0.001526678559)
(0.8 0.03496668777 -0.001526678559)
(0.8125 0.03496668777 -0.001526678559)
(0.825 0.03496668777 -0.001526678559)
(0.8375 0.03496668777 -0.001526678559)
(0.85 0.03496668777 -0.001526678559)
(0.8625 0.03496668777 -0.001526678559)
(0.875 0.03496668777 -0.001526678559)
(0.8875 0.03496668777 -0.001526678559)
(0.9 0.03496668777 -0.001526678559)
(0.9125 0.03496668777 -0.001526678559)
(0.925 0.03496668777 -0.001526678559)
(0.9375 0.03496668777 -0.001526678559)
(0.95 0.03496668777 -0.001526678559)
(0.9625 0.03496668777 -0.001526678559)
(0.975 0.03496668777 -0.001526678559)
(0.9875 0.03496668777 -0.001526678559)
(1 0.03496668777 -0.001526678559)
(1.0125 0.03496668777 -0.001526678559)
(1.025 0.03496668777 -0.001526678559)
(1.0375 0.03496668777 -0.001526678559)
(1.05 0.03496668777 -0.001526678559)
(1.0625 0.03496668777 -0.001526678559)
(1.075 0.03496668777 -0.001526678559)
(1.0875 0.03496668777 -0.001526678559)
(1.1 0.03496668777 -0.001526678559)
(1.1125 0.03496668777 -0.001526678559)
(1.125 0.03496668777 -0.001526678559)
(1.1375 0.03496668777 -0.001526678559)
(1.15 0.03496668777 -0.001526678559)
(1.1625 0.03496668777 -0.001526678559)
(1.175 0.03496668777 -0.001526678559)
(1.1875 0.03496668777 -0.001526678559)
(1.2 0.03496668777 -0.001526678559)
(1.2125 0.03496668777 -0.001526678559)
(1.225 0.03496668777 -0.001526678559)
(1.2375 0.03496668777 -0.001526678559)
(1.25 0.03496668777 -0.001526678559)
(1.2625 0.03496668777 -0.001526678559)
(1.275 0.03496668777 -0.001526678559)
(1.2875 0.03496668777 -0.001526678559)
(1.3 0.03496668777 -0.001526678559)
(1.3125 0.03496668777 -0.001526678559)
(1.325 0.03496668777 -0.001526678559)
(1.3375 0.03496668777 -0.001526678559)
(1.35 0.03496668777 -0.001526678559)
(1.3625 0.03496668777 -0.001526678559)
(1.375 0.03496668777 -0.001526678559)
(1.3875 0.03496668777 -0.001526678559)
(1.4 0.03496668777 -0.001526678559)
(1.4125 0.03496668777 -0.001526678559)
(1.425 0.03496668777 -0.001526678559)
(1.4375 0.03496668777 -0.001526678559)
(1.45 0.03496668777 -0.001526678559)
(1.4625 0.03496668777 -0.001526678559)
(1.475 0.03496668777 -0.001526678559)
(1.4875 0.03496668777 -0.001526678559)
(1.5 0.03496668777 -0.001526678559)
(0.75 0.03746430833 -0.001635727027)
(0.7625 0.03746430833 -0.001635727027)
(0.775 0.03746430833 -0.001635727027)
(0.7875 0.03746430833 -0.001635727027)
(0.8 0.03746430833 -0.001635727027)
(0.8125 0.03746430833 -0.001635727027)
(0.825 0.03746430833 -0.001635727027)
(0.8375 0.03746430833 -0.001635727027)
(0.85 0.03746430833 -0.001635727027)
(0.8625 0.03746430833 -0.001635727027)
(0.875 0.03746430833 -0.001635727027)
(0.8875 0.03746430832 -0.001635727027)
(0.9 0.03746430833 -0.001635727027)
(0.9125 0.03746430833 -0.001635727027)
(0.925 0.03746430833 -0.001635727027)
(0.9375 0.03746430833 -0.001635727027)
(0.95 0.03746430833 -0.001635727027)
(0.9625 0.03746430833 -0.001635727027)
(0.975 0.03746430833 -0.001635727027)
(0.9875 0.03746430833 -0.001635727027)
(1 0.03746430833 -0.001635727027)
(1.0125 0.03746430833 -0.001635727027)
(1.025 0.03746430833 -0.001635727027)
(1.0375 0.03746430833 -0.001635727027)
(1.05 0.03746430833 -0.001635727027)
(1.0625 0.03746430833 -0.001635727027)
(1.075 0.03746430833 -0.001635727027)
(1.0875 0.03746430833 -0.001635727027)
(1.1 0.03746430833 -0.001635727027)
(1.1125 0.03746430833 -0.001635727027)
(1.125 0.03746430833 -0.001635727027)
(1.1375 0.03746430833 -0.001635727027)
(1.15 0.03746430833 -0.001635727027)
(1.1625 0.03746430833 -0.001635727027)
(1.175 0.03746430833 -0.001635727027)
(1.1875 0.03746430833 -0.001635727027)
(1.2 0.03746430833 -0.001635727027)
(1.2125 0.03746430833 -0.001635727027)
(1.225 0.03746430833 -0.001635727027)
(1.2375 0.03746430833 -0.001635727027)
(1.25 0.03746430833 -0.001635727027)
(1.2625 0.03746430833 -0.001635727027)
(1.275 0.03746430833 -0.001635727027)
(1.2875 0.03746430833 -0.001635727027)
(1.3 0.03746430833 -0.001635727027)
(1.3125 0.03746430833 -0.001635727027)
(1.325 0.03746430833 -0.001635727027)
(1.3375 0.03746430833 -0.001635727027)
(1.35 0.03746430833 -0.001635727027)
(1.3625 0.03746430833 -0.001635727027)
(1.375 0.03746430833 -0.001635727027)
(1.3875 0.03746430833 -0.001635727027)
(1.4 0.03746430833 -0.001635727027)
(1.4125 0.03746430833 -0.001635727027)
(1.425 0.03746430833 -0.001635727027)
(1.4375 0.03746430832 -0.001635727027)
(1.45 0.03746430833 -0.001635727027)
(1.4625 0.03746430833 -0.001635727027)
(1.475 0.03746430833 -0.001635727027)
(1.4875 0.03746430833 -0.001635727027)
(1.5 0.03746430833 -0.001635727027)
(0.75 0.03996192888 -0.001744775496)
(0.7625 0.03996192888 -0.001744775496)
(0.775 0.03996192888 -0.001744775496)
(0.7875 0.03996192888 -0.001744775496)
(0.8 0.03996192888 -0.001744775496)
(0.8125 0.03996192888 -0.001744775496)
(0.825 0.03996192888 -0.001744775496)
(0.8375 0.03996192888 -0.001744775496)
(0.85 0.03996192888 -0.001744775496)
(0.8625 0.03996192888 -0.001744775496)
(0.875 0.03996192888 -0.001744775496)
(0.8875 0.03996192888 -0.001744775496)
(0.9 0.03996192888 -0.001744775496)
(0.9125 0.03996192888 -0.001744775496)
(0.925 0.03996192888 -0.001744775496)
(0.9375 0.03996192888 -0.001744775496)
(0.95 0.03996192888 -0.001744775496)
(0.9625 0.03996192888 -0.001744775496)
(0.975 0.03996192888 -0.001744775496)
(0.9875 0.03996192888 -0.001744775496)
(1 0.03996192888 -0.001744775496)
(1.0125 0.03996192888 -0.001744775496)
(1.025 0.03996192888 -0.001744775496)
(1.0375 0.03996192888 -0.001744775496)
(1.05 0.03996192888 -0.001744775496)
(1.0625 0.03996192888 -0.001744775496)
(1.075 0.03996192888 -0.001744775496)
(1.0875 0.03996192888 -0.001744775496)
(1.1 0.03996192888 -0.001744775496)
(1.1125 0.03996192888 -0.001744775496)
(1.125 0.03996192888 -0.001744775496)
(1.1375 0.03996192888 -0.001744775496)
(1.15 0.03996192888 -0.001744775496)
(1.1625 0.03996192888 -0.001744775496)
(1.175 0.03996192888 -0.001744775496)
(1.1875 0.03996192888 -0.001744775496)
(1.2 0.03996192888 -0.001744775496)
(1.2125 0.03996192888 -0.001744775496)
(1.225 0.03996192888 -0.001744775496)
(1.2375 0.03996192888 -0.001744775496)
(1.25 0.03996192888 -0.001744775496)
(1.2625 0.03996192888 -0.001744775496)
(1.275 0.03996192888 -0.001744775496)
(1.2875 0.03996192888 -0.001744775496)
(1.3 0.03996192888 -0.001744775496)
(1.3125 0.03996192888 -0.001744775496)
(1.325 0.03996192888 -0.001744775496)
(1.3375 0.03996192888 -0.001744775496)
(1.35 0.03996192888 -0.001744775496)
(1.3625 0.03996192888 -0.001744775496)
(1.375 0.03996192888 -0.001744775496)
(1.3875 0.03996192888 -0.001744775496)
(1.4 0.03996192888 -0.001744775496)
(1.4125 0.03996192888 -0.001744775496)
(1.425 0.03996192888 -0.001744775496)
(1.4375 0.03996192888 -0.001744775496)
(1.45 0.03996192888 -0.001744775496)
(1.4625 0.03996192888 -0.001744775496)
(1.475 0.03996192888 -0.001744775496)
(1.4875 0.03996192888 -0.001744775496)
(1.5 0.03996192888 -0.001744775496)
(0.75 0.04245954944 -0.001853823964)
(0.7625 0.04245954943 -0.001853823964)
(0.775 0.04245954944 -0.001853823964)
(0.7875 0.04245954944 -0.001853823964)
(0.8 0.04245954944 -0.001853823964)
(0.8125 0.04245954944 -0.001853823964)
(0.825 0.04245954944 -0.001853823964)
(0.8375 0.04245954943 -0.001853823964)
(0.85 0.04245954944 -0.001853823964)
(0.8625 0.04245954944 -0.001853823964)
(0.875 0.04245954944 -0.001853823964)
(0.8875 0.04245954944 -0.001853823964)
(0.9 0.04245954944 -0.001853823964)
(0.9125 0.04245954943 -0.001853823964)
(0.925 0.04245954944 -0.001853823964)
(0.9375 0.04245954944 -0.001853823964)
(0.95 0.04245954944 -0.001853823964)
(0.9625 0.04245954944 -0.001853823964)
(0.975 0.04245954944 -0.001853823964)
(0.9875 0.04245954944 -0.001853823964)
(1 0.04245954944 -0.001853823964)
(1.0125 0.04245954944 -0.001853823964)
(1.025 0.04245954944 -0.001853823964)
(1.0375 0.04245954944 -0.001853823964)
(1.05 0.04245954944 -0.001853823964)
(1.0625 0.04245954944 -0.001853823964)
(1.075 0.04245954943 -0.001853823964)
(1.0875 0.04245954944 -0.001853823964)
(1.1 0.04245954944 -0.001853823964)
(1.1125 0.04245954944 -0.001853823964)
(1.125 0.04245954944 -0.001853823964)
(1.1375 0.04245954943 -0.001853823964)
(1.15 0.04245954944 -0.001853823964)
(1.1625 0.04245954944 -0.001853823964)
(1.175 0.04245954944 -0.001853823964)
(1.1875 0.04245954944 -0.001853823964)
(1.2 0.04245954944 -0.001853823964)
(1.2125 0.04245954944 -0.001853823964)
(1.225 0.04245954944 -0.001853823964)
(1.2375 0.04245954944 -0.001853823964)
(1.25 0.04245954944 -0.001853823964)
(1.2625 0.04245954944 -0.001853823964)
(1.275 0.04245954944 -0.001853823964)
(1.2875 0.04245954944 -0.001853823964)
(1.3 0.04245954943 -0.001853823964)
(1.3125 0.04245954944 -0.001853823964)
(1.325 0.04245954944 -0.001853823964)
(1.3375 0.04245954944 -0.001853823964)
(1.35 0.04245954944 -0.001853823964)
(1.3625 0.04245954944 -0.001853823964)
(1.375 0.04245954944 -0.001853823964)
(1.3875 0.04245954944 -0.001853823964)
(1.4 0.04245954944 -0.001853823964)
(1.4125 0.04245954944 -0.001853823964)
(1.425 0.04245954944 -0.001853823964)
(1.4375 0.04245954944 -0.001853823964)
(1.45 0.04245954944 -0.001853823964)
(1.4625 0.04245954944 -0.001853823964)
(1.475 0.04245954944 -0.001853823964)
(1.4875 0.04245954944 -0.001853823964)
(1.5 0.04245954944 -0.001853823964)
(0.75 0.04495716999 -0.001962872433)
(0.7625 0.04495716999 -0.001962872433)
(0.775 0.04495716999 -0.001962872433)
(0.7875 0.04495716999 -0.001962872433)
(0.8 0.04495716999 -0.001962872433)
(0.8125 0.04495716999 -0.001962872433)
(0.825 0.04495716999 -0.001962872433)
(0.8375 0.04495716999 -0.001962872433)
(0.85 0.04495716999 -0.001962872433)
(0.8625 0.04495716999 -0.001962872433)
(0.875 0.04495716999 -0.001962872433)
(0.8875 0.04495716999 -0.001962872433)
(0.9 0.04495716999 -0.001962872433)
(0.9125 0.04495716999 -0.001962872433)
(0.925 0.04495716999 -0.001962872433)
(0.9375 0.04495716999 -0.001962872433)
(0.95 0.04495716999 -0.001962872433)
(0.9625 0.04495716999 -0.001962872433)
(0.975 0.04495716999 -0.001962872433)
(0.9875 0.04495716999 -0.001962872433)
(1 0.04495716999 -0.001962872433)
(1.0125 0.04495716999 -0.001962872433)
(1.025 0.04495716999 -0.001962872433)
(1.0375 0.04495716999 -0.001962872433)
(1.05 0.04495716999 -0.001962872433)
(1.0625 0.04495716999 -0.001962872433)
(1.075 0.04495716999 -0.001962872433)
(1.0875 0.04495716999 -0.001962872433)
(1.1 0.04495716999 -0.001962872433)
(1.1125 0.04495716999 -0.001962872433)
(1.125 0.04495716999 -0.001962872433)
(1.1375 0.04495716999 -0.001962872433)
(1.15 0.04495716999 -0.001962872433)
(1.1625 0.04495716999 -0.001962872433)
(1.175 0.04495716999 -0.001962872433)
(1.1875 0.04495716999 -0.001962872433)
(1.2 0.04495716999 -0.001962872433)
(1.2125 0.04495716999 -0.001962872433)
(1.225 0.04495716999 -0.001962872433)
(1.2375 0.04495716999 -0.001962872433)
(1.25 0.04495716999 -0.001962872433)
(1.2625 0.04495716999 -0.001962872433)
(1.275 0.04495716999 -0.001962872433)
(1.2875 0.04495716999 -0.001962872433)
(1.3 0.04495716999 -0.001962872433)
(1.3125 0.04495716999 -0.001962872433)
(1.325 0.04495716999 -0.001962872433)
(1.3375 0.04495716999 -0.001962872433)
(1.35 0.04495716999 -0.001962872433)
(1.3625 0.04495716999 -0.001962872433)
(1.375 0.04495716999 -0.001962872433)
(1.3875 0.04495716999 -0.001962872433)
(1.4 0.04495716999 -0.001962872433)
(1.4125 0.04495716999 -0.001962872433)
(1.425 0.04495716999 -0.001962872433)
(1.4375 0.04495716999 -0.001962872433)
(1.45 0.04495716999 -0.001962872433)
(1.4625 0.04495716999 -0.001962872433)
(1.475 0.04495716999 -0.001962872433)
(1.4875 0.04495716999 -0.001962872433)
(1.5 0.04495716999 -0.001962872433)
(0.75 0.04745479054 -0.002071920901)
(0.7625 0.04745479054 -0.002071920901)
(0.775 0.04745479055 -0.002071920901)
(0.7875 0.04745479055 -0.002071920902)
(0.8 0.04745479055 -0.002071920901)
(0.8125 0.04745479054 -0.002071920901)
(0.825 0.04745479055 -0.002071920901)
(0.8375 0.04745479054 -0.002071920901)
(0.85 0.04745479054 -0.002071920901)
(0.8625 0.04745479055 -0.002071920901)
(0.875 0.04745479054 -0.002071920901)
(0.8875 0.04745479055 -0.002071920901)
(0.9 0.04745479054 -0.002071920901)
(0.9125 0.04745479055 -0.002071920901)
(0.925 0.04745479054 -0.002071920901)
(0.9375 0.04745479055 -0.002071920901)
(0.95 0.04745479054 -0.002071920901)
(0.9625 0.04745479055 -0.002071920901)
(0.975 0.04745479054 -0.002071920901)
(0.9875 0.04745479054 -0.002071920901)
(1 0.04745479055 -0.002071920902)
(1.0125 0.04745479055 -0.002071920901)
(1.025 0.04745479054 -0.002071920901)
(1.0375 0.04745479054 -0.002071920901)
(1.05 0.04745479054 -0.002071920901)
(1.0625 0.04745479055 -0.002071920901)
(1.075 0.04745479054 -0.002071920901)
(1.0875 0.04745479054 -0.002071920901)
(1.1 0.04745479055 -0.002071920901)
(1.1125 0.04745479054 -0.002071920901)
(1.125 0.04745479055 -0.002071920901)
(1.1375 0.04745479054 -0.002071920901)
(1.15 0.04745479055 -0.002071920901)
(1.1625 0.04745479055 -0.002071920901)
(1.175 0.04745479055 -0.002071920901)
(1.1875 0.04745479055 -0.002071920901)
(1.2 0.04745479054 -0.002071920901)
(1.2125 0.04745479055 -0.002071920901)
(1.225 0.04745479054 -0.002071920901)
(1.2375 0.04745479055 -0.002071920901)
(1.25 0.04745479054 -0.002071920901)
(1.2625 0.04745479055 -0.002071920901)
(1.275 0.04745479054 -0.002071920901)
(1.2875 0.04745479055 -0.002071920901)
(1.3 0.04745479054 -0.002071920901)
(1.3125 0.04745479054 -0.002071920901)
(1.325 0.04745479054 -0.002071920901)
(1.3375 0.04745479055 -0.002071920901)
(1.35 0.04745479054 -0.002071920901)
(1.3625 0.04745479054 -0.002071920901)
(1.375 0.04745479055 -0.002071920901)
(1.3875 0.04745479055 -0.002071920901)
(1.4 0.04745479054 -0.002071920901)
(1.4125 0.04745479054 -0.002071920901)
(1.425 0.04745479055 -0.002071920901)
(1.4375 0.04745479054 -0.002071920901)
(1.45 0.04745479054 -0.002071920901)
(1.4625 0.04745479054 -0.002071920901)
(1.475 0.04745479054 -0.002071920901)
(1.4875 0.04745479054 -0.002071920901)
(1.5 0.04745479055 -0.002071920901)
(0.75 0.0499524111 -0.00218096937)
(0.7625 0.0499524111 -0.00218096937)
(0.775 0.0499524111 -0.00218096937)
(0.7875 0.0499524111 -0.00218096937)
(0.8 0.0499524111 -0.00218096937)
(0.8125 0.0499524111 -0.00218096937)
(0.825 0.0499524111 -0.00218096937)
(0.8375 0.0499524111 -0.00218096937)
(0.85 0.0499524111 -0.00218096937)
(0.8625 0.0499524111 -0.00218096937)
(0.875 0.0499524111 -0.00218096937)
(0.8875 0.0499524111 -0.00218096937)
(0.9 0.0499524111 -0.00218096937)
(0.9125 0.0499524111 -0.00218096937)
(0.925 0.0499524111 -0.00218096937)
(0.9375 0.0499524111 -0.00218096937)
(0.95 0.0499524111 -0.00218096937)
(0.9625 0.0499524111 -0.00218096937)
(0.975 0.0499524111 -0.00218096937)
(0.9875 0.0499524111 -0.00218096937)
(1 0.0499524111 -0.00218096937)
(1.0125 0.0499524111 -0.00218096937)
(1.025 0.0499524111 -0.00218096937)
(1.0375 0.0499524111 -0.00218096937)
(1.05 0.0499524111 -0.00218096937)
(1.0625 0.0499524111 -0.00218096937)
(1.075 0.0499524111 -0.00218096937)
(1.0875 0.0499524111 -0.00218096937)
(1.1 0.0499524111 -0.00218096937)
(1.1125 0.0499524111 -0.00218096937)
(1.125 0.0499524111 -0.00218096937)
(1.1375 0.0499524111 -0.00218096937)
(1.15 0.0499524111 -0.00218096937)
(1.1625 0.0499524111 -0.00218096937)
(1.175 0.0499524111 -0.00218096937)
(1.1875 0.0499524111 -0.00218096937)
(1.2 0.0499524111 -0.00218096937)
(1.2125 0.0499524111 -0.00218096937)
(1.225 0.0499524111 -0.00218096937)
(1.2375 0.0499524111 -0.00218096937)
(1.25 0.0499524111 -0.00218096937)
(1.2625 0.0499524111 -0.00218096937)
(1.275 0.0499524111 -0.00218096937)
(1.2875 0.0499524111 -0.00218096937)
(1.3 0.0499524111 -0.00218096937)
(1.3125 0.0499524111 -0.00218096937)
(1.325 0.0499524111 -0.00218096937)
(1.3375 0.0499524111 -0.00218096937)
(1.35 0.0499524111 -0.00218096937)
(1.3625 0.0499524111 -0.00218096937)
(1.375 0.0499524111 -0.00218096937)
(1.3875 0.0499524111 -0.00218096937)
(1.4 0.0499524111 -0.00218096937)
(1.4125 0.0499524111 -0.00218096937)
(1.425 0.0499524111 -0.00218096937)
(1.4375 0.0499524111 -0.00218096937)
(1.45 0.0499524111 -0.00218096937)
(1.4625 0.0499524111 -0.00218096937)
(1.475 0.0499524111 -0.00218096937)
(1.4875 0.0499524111 -0.00218096937)
(1.5 0.0499524111 -0.00218096937)
(0.75 0.002497620555 0.0001090484685)
(0.7625 0.002497620555 0.0001090484685)
(0.775 0.002497620555 0.0001090484685)
(0.7875 0.002497620555 0.0001090484685)
(0.8 0.002497620555 0.0001090484685)
(0.8125 0.002497620555 0.0001090484685)
(0.825 0.002497620555 0.0001090484685)
(0.8375 0.002497620555 0.0001090484685)
(0.85 0.002497620555 0.0001090484685)
(0.8625 0.002497620555 0.0001090484685)
(0.875 0.002497620555 0.0001090484685)
(0.8875 0.002497620555 0.0001090484685)
(0.9 0.002497620555 0.0001090484685)
(0.9125 0.002497620555 0.0001090484685)
(0.925 0.002497620555 0.0001090484685)
(0.9375 0.002497620555 0.0001090484685)
(0.95 0.002497620555 0.0001090484685)
(0.9625 0.002497620555 0.0001090484685)
(0.975 0.002497620555 0.0001090484685)
(0.9875 0.002497620555 0.0001090484685)
(1 0.002497620555 0.0001090484685)
(1.0125 0.002497620555 0.0001090484685)
(1.025 0.002497620555 0.0001090484685)
(1.0375 0.002497620555 0.0001090484685)
(1.05 0.002497620555 0.0001090484685)
(1.0625 0.002497620555 0.0001090484685)
(1.075 0.002497620555 0.0001090484685)
(1.0875 0.002497620555 0.0001090484685)
(1.1 0.002497620555 0.0001090484685)
(1.1125 0.002497620555 0.0001090484685)
(1.125 0.002497620555 0.0001090484685)
(1.1375 0.002497620555 0.0001090484685)
(1.15 0.002497620555 0.0001090484685)
(1.1625 0.002497620555 0.0001090484685)
(1.175 0.002497620555 0.0001090484685)
(1.1875 0.002497620555 0.0001090484685)
(1.2 0.002497620555 0.0001090484685)
(1.2125 0.002497620555 0.0001090484685)
(1.225 0.002497620555 0.0001090484685)
(1.2375 0.002497620555 0.0001090484685)
(1.25 0.002497620555 0.0001090484685)
(1.2625 0.002497620555 0.0001090484685)
(1.275 0.002497620555 0.0001090484685)
(1.2875 0.002497620555 0.0001090484685)
(1.3 0.002497620555 0.0001090484685)
(1.3125 0.002497620555 0.0001090484685)
(1.325 0.002497620555 0.0001090484685)
(1.3375 0.002497620555 0.0001090484685)
(1.35 0.002497620555 0.0001090484685)
(1.3625 0.002497620555 0.0001090484685)
(1.375 0.002497620555 0.0001090484685)
(1.3875 0.002497620555 0.0001090484685)
(1.4 0.002497620555 0.0001090484685)
(1.4125 0.002497620555 0.0001090484685)
(1.425 0.002497620555 0.0001090484685)
(1.4375 0.002497620555 0.0001090484685)
(1.45 0.002497620555 0.0001090484685)
(1.4625 0.002497620555 0.0001090484685)
(1.475 0.002497620555 0.0001090484685)
(1.4875 0.002497620555 0.0001090484685)
(1.5 0.002497620555 0.0001090484685)
(0.75 0.00499524111 0.000218096937)
(0.7625 0.00499524111 0.000218096937)
(0.775 0.00499524111 0.000218096937)
(0.7875 0.00499524111 0.000218096937)
(0.8 0.00499524111 0.000218096937)
(0.8125 0.00499524111 0.000218096937)
(0.825 0.00499524111 0.000218096937)
(0.8375 0.00499524111 0.000218096937)
(0.85 0.00499524111 0.000218096937)
(0.8625 0.00499524111 0.000218096937)
(0.875 0.00499524111 0.000218096937)
(0.8875 0.00499524111 0.000218096937)
(0.9 0.00499524111 0.000218096937)
(0.9125 0.00499524111 0.000218096937)
(0.925 0.00499524111 0.000218096937)
(0.9375 0.00499524111 0.000218096937)
(0.95 0.00499524111 0.000218096937)
(0.9625 0.00499524111 0.000218096937)
(0.975 0.00499524111 0.000218096937)
(0.9875 0.00499524111 0.000218096937)
(1 0.00499524111 0.000218096937)
(1.0125 0.00499524111 0.000218096937)
(1.025 0.00499524111 0.000218096937)
(1.0375 0.00499524111 0.000218096937)
(1.05 0.00499524111 0.000218096937)
(1.0625 0.00499524111 0.000218096937)
(1.075 0.00499524111 0.000218096937)
(1.0875 0.00499524111 0.000218096937)
(1.1 0.00499524111 0.000218096937)
(1.1125 0.00499524111 0.000218096937)
(1.125 0.00499524111 0.000218096937)
(1.1375 0.00499524111 0.000218096937)
(1.15 0.00499524111 0.000218096937)
(1.1625 0.00499524111 0.000218096937)
(1.175 0.00499524111 0.000218096937)
(1.1875 0.00499524111 0.000218096937)
(1.2 0.00499524111 0.000218096937)
(1.2125 0.00499524111 0.000218096937)
(1.225 0.00499524111 0.000218096937)
(1.2375 0.00499524111 0.000218096937)
(1.25 0.00499524111 0.000218096937)
(1.2625 0.00499524111 0.000218096937)
(1.275 0.00499524111 0.000218096937)
(1.2875 0.00499524111 0.000218096937)
(1.3 0.00499524111 0.000218096937)
(1.3125 0.00499524111 0.000218096937)
(1.325 0.00499524111 0.000218096937)
(1.3375 0.00499524111 0.000218096937)
(1.35 0.00499524111 0.000218096937)
(1.3625 0.00499524111 0.000218096937)
(1.375 0.00499524111 0.000218096937)
(1.3875 0.00499524111 0.000218096937)
(1.4 0.00499524111 0.000218096937)
(1.4125 0.00499524111 0.000218096937)
(1.425 0.00499524111 0.000218096937)
(1.4375 0.00499524111 0.000218096937)
(1.45 0.00499524111 0.000218096937)
(1.4625 0.00499524111 0.000218096937)
(1.475 0.00499524111 0.000218096937)
(1.4875 0.00499524111 0.000218096937)
(1.5 0.00499524111 0.000218096937)
(0.75 0.007492861665 0.0003271454055)
(0.7625 0.007492861665 0.0003271454055)
(0.775 0.007492861665 0.0003271454055)
(0.7875 0.007492861665 0.0003271454055)
(0.8 0.007492861665 0.0003271454055)
(0.8125 0.007492861665 0.0003271454055)
(0.825 0.007492861665 0.0003271454055)
(0.8375 0.007492861665 0.0003271454055)
(0.85 0.007492861665 0.0003271454055)
(0.8625 0.007492861665 0.0003271454055)
(0.875 0.007492861665 0.0003271454055)
(0.8875 0.007492861665 0.0003271454055)
(0.9 0.007492861665 0.0003271454055)
(0.9125 0.007492861665 0.0003271454055)
(0.925 0.007492861665 0.0003271454055)
(0.9375 0.007492861665 0.0003271454055)
(0.95 0.007492861665 0.0003271454055)
(0.9625 0.007492861665 0.0003271454055)
(0.975 0.007492861665 0.0003271454055)
(0.9875 0.007492861665 0.0003271454055)
(1 0.007492861665 0.0003271454055)
(1.0125 0.007492861665 0.0003271454055)
(1.025 0.007492861665 0.0003271454055)
(1.0375 0.007492861665 0.0003271454055)
(1.05 0.007492861665 0.0003271454055)
(1.0625 0.007492861665 0.0003271454055)
(1.075 0.007492861665 0.0003271454055)
(1.0875 0.007492861665 0.0003271454055)
(1.1 0.007492861665 0.0003271454055)
(1.1125 0.007492861665 0.0003271454055)
(1.125 0.007492861665 0.0003271454055)
(1.1375 0.007492861665 0.0003271454055)
(1.15 0.007492861665 0.0003271454055)
(1.1625 0.007492861665 0.0003271454055)
(1.175 0.007492861665 0.0003271454055)
(1.1875 0.007492861665 0.0003271454055)
(1.2 0.007492861665 0.0003271454055)
(1.2125 0.007492861665 0.0003271454055)
(1.225 0.007492861665 0.0003271454055)
(1.2375 0.007492861665 0.0003271454055)
(1.25 0.007492861665 0.0003271454055)
(1.2625 0.007492861665 0.0003271454055)
(1.275 0.007492861665 0.0003271454055)
(1.2875 0.007492861665 0.0003271454055)
(1.3 0.007492861665 0.0003271454055)
(1.3125 0.007492861665 0.0003271454055)
(1.325 0.007492861665 0.0003271454055)
(1.3375 0.007492861665 0.0003271454055)
(1.35 0.007492861665 0.0003271454055)
(1.3625 0.007492861665 0.0003271454055)
(1.375 0.007492861665 0.0003271454055)
(1.3875 0.007492861665 0.0003271454055)
(1.4 0.007492861665 0.0003271454055)
(1.4125 0.007492861665 0.0003271454055)
(1.425 0.007492861665 0.0003271454055)
(1.4375 0.007492861665 0.0003271454055)
(1.45 0.007492861665 0.0003271454055)
(1.4625 0.007492861665 0.0003271454055)
(1.475 0.007492861665 0.0003271454055)
(1.4875 0.007492861665 0.0003271454055)
(1.5 0.007492861665 0.0003271454055)
(0.75 0.00999048222 0.000436193874)
(0.7625 0.00999048222 0.000436193874)
(0.775 0.00999048222 0.000436193874)
(0.7875 0.00999048222 0.000436193874)
(0.8 0.00999048222 0.000436193874)
(0.8125 0.00999048222 0.000436193874)
(0.825 0.00999048222 0.000436193874)
(0.8375 0.00999048222 0.000436193874)
(0.85 0.00999048222 0.000436193874)
(0.8625 0.00999048222 0.000436193874)
(0.875 0.00999048222 0.000436193874)
(0.8875 0.00999048222 0.000436193874)
(0.9 0.00999048222 0.000436193874)
(0.9125 0.00999048222 0.000436193874)
(0.925 0.00999048222 0.000436193874)
(0.9375 0.00999048222 0.000436193874)
(0.95 0.00999048222 0.000436193874)
(0.9625 0.00999048222 0.000436193874)
(0.975 0.00999048222 0.000436193874)
(0.9875 0.00999048222 0.000436193874)
(1 0.00999048222 0.000436193874)
(1.0125 0.00999048222 0.000436193874)
(1.025 0.00999048222 0.000436193874)
(1.0375 0.00999048222 0.000436193874)
(1.05 0.00999048222 0.000436193874)
(1.0625 0.00999048222 0.000436193874)
(1.075 0.00999048222 0.000436193874)
(1.0875 0.00999048222 0.000436193874)
(1.1 0.00999048222 0.000436193874)
(1.1125 0.00999048222 0.000436193874)
(1.125 0.00999048222 0.000436193874)
(1.1375 0.00999048222 0.000436193874)
(1.15 0.00999048222 0.000436193874)
(1.1625 0.00999048222 0.000436193874)
(1.175 0.00999048222 0.000436193874)
(1.1875 0.00999048222 0.000436193874)
(1.2 0.00999048222 0.000436193874)
(1.2125 0.00999048222 0.000436193874)
(1.225 0.00999048222 0.000436193874)
(1.2375 0.00999048222 0.000436193874)
(1.25 0.00999048222 0.000436193874)
(1.2625 0.00999048222 0.000436193874)
(1.275 0.00999048222 0.000436193874)
(1.2875 0.00999048222 0.000436193874)
(1.3 0.00999048222 0.000436193874)
(1.3125 0.00999048222 0.000436193874)
(1.325 0.00999048222 0.000436193874)
(1.3375 0.00999048222 0.000436193874)
(1.35 0.00999048222 0.000436193874)
(1.3625 0.00999048222 0.000436193874)
(1.375 0.00999048222 0.000436193874)
(1.3875 0.00999048222 0.000436193874)
(1.4 0.00999048222 0.000436193874)
(1.4125 0.00999048222 0.000436193874)
(1.425 0.00999048222 0.000436193874)
(1.4375 0.00999048222 0.000436193874)
(1.45 0.00999048222 0.000436193874)
(1.4625 0.00999048222 0.000436193874)
(1.475 0.00999048222 0.000436193874)
(1.4875 0.00999048222 0.000436193874)
(1.5 0.00999048222 0.000436193874)
(0.75 0.01248810278 0.0005452423425)
(0.7625 0.01248810278 0.0005452423425)
(0.775 0.01248810278 0.0005452423425)
(0.7875 0.01248810278 0.0005452423425)
(0.8 0.01248810278 0.0005452423425)
(0.8125 0.01248810278 0.0005452423425)
(0.825 0.01248810278 0.0005452423425)
(0.8375 0.01248810278 0.0005452423425)
(0.85 0.01248810278 0.0005452423425)
(0.8625 0.01248810278 0.0005452423425)
(0.875 0.01248810278 0.0005452423425)
(0.8875 0.01248810278 0.0005452423425)
(0.9 0.01248810278 0.0005452423425)
(0.9125 0.01248810278 0.0005452423425)
(0.925 0.01248810278 0.0005452423425)
(0.9375 0.01248810278 0.0005452423425)
(0.95 0.01248810278 0.0005452423425)
(0.9625 0.01248810278 0.0005452423425)
(0.975 0.01248810278 0.0005452423425)
(0.9875 0.01248810278 0.0005452423425)
(1 0.01248810278 0.0005452423425)
(1.0125 0.01248810278 0.0005452423425)
(1.025 0.01248810278 0.0005452423425)
(1.0375 0.01248810278 0.0005452423425)
(1.05 0.01248810278 0.0005452423425)
(1.0625 0.01248810278 0.0005452423425)
(1.075 0.01248810278 0.0005452423425)
(1.0875 0.01248810278 0.0005452423425)
(1.1 0.01248810278 0.0005452423425)
(1.1125 0.01248810278 0.0005452423425)
(1.125 0.01248810278 0.0005452423425)
(1.1375 0.01248810278 0.0005452423425)
(1.15 0.01248810278 0.0005452423425)
(1.1625 0.01248810278 0.0005452423425)
(1.175 0.01248810278 0.0005452423425)
(1.1875 0.01248810278 0.0005452423425)
(1.2 0.01248810278 0.0005452423425)
(1.2125 0.01248810278 0.0005452423425)
(1.225 0.01248810278 0.0005452423425)
(1.2375 0.01248810278 0.0005452423425)
(1.25 0.01248810278 0.0005452423425)
(1.2625 0.01248810278 0.0005452423425)
(1.275 0.01248810278 0.0005452423425)
(1.2875 0.01248810278 0.0005452423425)
(1.3 0.01248810278 0.0005452423425)
(1.3125 0.01248810278 0.0005452423425)
(1.325 0.01248810278 0.0005452423425)
(1.3375 0.01248810278 0.0005452423425)
(1.35 0.01248810278 0.0005452423425)
(1.3625 0.01248810278 0.0005452423425)
(1.375 0.01248810278 0.0005452423425)
(1.3875 0.01248810278 0.0005452423425)
(1.4 0.01248810278 0.0005452423425)
(1.4125 0.01248810278 0.0005452423425)
(1.425 0.01248810278 0.0005452423425)
(1.4375 0.01248810278 0.0005452423425)
(1.45 0.01248810278 0.0005452423425)
(1.4625 0.01248810278 0.0005452423425)
(1.475 0.01248810278 0.0005452423425)
(1.4875 0.01248810278 0.0005452423425)
(1.5 0.01248810278 0.0005452423425)
(0.75 0.01498572333 0.000654290811)
(0.7625 0.01498572333 0.000654290811)
(0.775 0.01498572333 0.000654290811)
(0.7875 0.01498572333 0.000654290811)
(0.8 0.01498572333 0.000654290811)
(0.8125 0.01498572333 0.000654290811)
(0.825 0.01498572333 0.000654290811)
(0.8375 0.01498572333 0.000654290811)
(0.85 0.01498572333 0.000654290811)
(0.8625 0.01498572333 0.000654290811)
(0.875 0.01498572333 0.000654290811)
(0.8875 0.01498572333 0.000654290811)
(0.9 0.01498572333 0.000654290811)
(0.9125 0.01498572333 0.000654290811)
(0.925 0.01498572333 0.000654290811)
(0.9375 0.01498572333 0.000654290811)
(0.95 0.01498572333 0.000654290811)
(0.9625 0.01498572333 0.000654290811)
(0.975 0.01498572333 0.000654290811)
(0.9875 0.01498572333 0.000654290811)
(1 0.01498572333 0.000654290811)
(1.0125 0.01498572333 0.000654290811)
(1.025 0.01498572333 0.000654290811)
(1.0375 0.01498572333 0.000654290811)
(1.05 0.01498572333 0.000654290811)
(1.0625 0.01498572333 0.000654290811)
(1.075 0.01498572333 0.000654290811)
(1.0875 0.01498572333 0.000654290811)
(1.1 0.01498572333 0.000654290811)
(1.1125 0.01498572333 0.000654290811)
(1.125 0.01498572333 0.000654290811)
(1.1375 0.01498572333 0.000654290811)
(1.15 0.01498572333 0.000654290811)
(1.1625 0.01498572333 0.000654290811)
(1.175 0.01498572333 0.000654290811)
(1.1875 0.01498572333 0.000654290811)
(1.2 0.01498572333 0.000654290811)
(1.2125 0.01498572333 0.000654290811)
(1.225 0.01498572333 0.000654290811)
(1.2375 0.01498572333 0.000654290811)
(1.25 0.01498572333 0.000654290811)
(1.2625 0.01498572333 0.000654290811)
(1.275 0.01498572333 0.000654290811)
(1.2875 0.01498572333 0.000654290811)
(1.3 0.01498572333 0.000654290811)
(1.3125 0.01498572333 0.000654290811)
(1.325 0.01498572333 0.000654290811)
(1.3375 0.01498572333 0.000654290811)
(1.35 0.01498572333 0.000654290811)
(1.3625 0.01498572333 0.000654290811)
(1.375 0.01498572333 0.000654290811)
(1.3875 0.01498572333 0.000654290811)
(1.4 0.01498572333 0.000654290811)
(1.4125 0.01498572333 0.000654290811)
(1.425 0.01498572333 0.000654290811)
(1.4375 0.01498572333 0.000654290811)
(1.45 0.01498572333 0.000654290811)
(1.4625 0.01498572333 0.000654290811)
(1.475 0.01498572333 0.000654290811)
(1.4875 0.01498572333 0.000654290811)
(1.5 0.01498572333 0.000654290811)
(0.75 0.01748334388 0.0007633392795)
(0.7625 0.01748334388 0.0007633392795)
(0.775 0.01748334388 0.0007633392795)
(0.7875 0.01748334388 0.0007633392795)
(0.8 0.01748334388 0.0007633392795)
(0.8125 0.01748334389 0.0007633392795)
(0.825 0.01748334388 0.0007633392795)
(0.8375 0.01748334388 0.0007633392795)
(0.85 0.01748334388 0.0007633392795)
(0.8625 0.01748334388 0.0007633392795)
(0.875 0.01748334388 0.0007633392795)
(0.8875 0.01748334388 0.0007633392795)
(0.9 0.01748334389 0.0007633392795)
(0.9125 0.01748334388 0.0007633392795)
(0.925 0.01748334388 0.0007633392795)
(0.9375 0.01748334388 0.0007633392795)
(0.95 0.01748334388 0.0007633392795)
(0.9625 0.01748334388 0.0007633392795)
(0.975 0.01748334388 0.0007633392795)
(0.9875 0.01748334388 0.0007633392795)
(1 0.01748334388 0.0007633392795)
(1.0125 0.01748334388 0.0007633392795)
(1.025 0.01748334388 0.0007633392795)
(1.0375 0.01748334388 0.0007633392795)
(1.05 0.01748334388 0.0007633392795)
(1.0625 0.01748334389 0.0007633392795)
(1.075 0.01748334388 0.0007633392795)
(1.0875 0.01748334388 0.0007633392795)
(1.1 0.01748334388 0.0007633392795)
(1.1125 0.01748334388 0.0007633392795)
(1.125 0.01748334388 0.0007633392795)
(1.1375 0.01748334388 0.0007633392795)
(1.15 0.01748334388 0.0007633392795)
(1.1625 0.01748334388 0.0007633392795)
(1.175 0.01748334388 0.0007633392795)
(1.1875 0.01748334388 0.0007633392795)
(1.2 0.01748334388 0.0007633392795)
(1.2125 0.01748334388 0.0007633392795)
(1.225 0.01748334388 0.0007633392795)
(1.2375 0.01748334388 0.0007633392795)
(1.25 0.01748334388 0.0007633392795)
(1.2625 0.01748334388 0.0007633392795)
(1.275 0.01748334389 0.0007633392795)
(1.2875 0.01748334389 0.0007633392795)
(1.3 0.01748334388 0.0007633392795)
(1.3125 0.01748334388 0.0007633392795)
(1.325 0.01748334388 0.0007633392795)
(1.3375 0.01748334388 0.0007633392795)
(1.35 0.01748334388 0.0007633392795)
(1.3625 0.01748334389 0.0007633392795)
(1.375 0.01748334388 0.0007633392795)
(1.3875 0.01748334388 0.0007633392795)
(1.4 0.01748334388 0.0007633392795)
(1.4125 0.01748334388 0.0007633392795)
(1.425 0.01748334388 0.0007633392795)
(1.4375 0.01748334388 0.0007633392795)
(1.45 0.01748334388 0.0007633392795)
(1.4625 0.01748334388 0.0007633392795)
(1.475 0.01748334389 0.0007633392795)
(1.4875 0.01748334388 0.0007633392795)
(1.5 0.01748334388 0.0007633392795)
(0.75 0.01998096444 0.000872387748)
(0.7625 0.01998096444 0.000872387748)
(0.775 0.01998096444 0.000872387748)
(0.7875 0.01998096444 0.000872387748)
(0.8 0.01998096444 0.000872387748)
(0.8125 0.01998096444 0.000872387748)
(0.825 0.01998096444 0.000872387748)
(0.8375 0.01998096444 0.000872387748)
(0.85 0.01998096444 0.000872387748)
(0.8625 0.01998096444 0.000872387748)
(0.875 0.01998096444 0.000872387748)
(0.8875 0.01998096444 0.000872387748)
(0.9 0.01998096444 0.000872387748)
(0.9125 0.01998096444 0.000872387748)
(0.925 0.01998096444 0.000872387748)
(0.9375 0.01998096444 0.000872387748)
(0.95 0.01998096444 0.000872387748)
(0.9625 0.01998096444 0.000872387748)
(0.975 0.01998096444 0.000872387748)
(0.9875 0.01998096444 0.000872387748)
(1 0.01998096444 0.000872387748)
(1.0125 0.01998096444 0.000872387748)
(1.025 0.01998096444 0.000872387748)
(1.0375 0.01998096444 0.000872387748)
(1.05 0.01998096444 0.000872387748)
(1.0625 0.01998096444 0.000872387748)
(1.075 0.01998096444 0.000872387748)
(1.0875 0.01998096444 0.000872387748)
(1.1 0.01998096444 0.000872387748)
(1.1125 0.01998096444 0.000872387748)
(1.125 0.01998096444 0.000872387748)
(1.1375 0.01998096444 0.000872387748)
(1.15 0.01998096444 0.000872387748)
(1.1625 0.01998096444 0.000872387748)
(1.175 0.01998096444 0.000872387748)
(1.1875 0.01998096444 0.000872387748)
(1.2 0.01998096444 0.000872387748)
(1.2125 0.01998096444 0.000872387748)
(1.225 0.01998096444 0.000872387748)
(1.2375 0.01998096444 0.000872387748)
(1.25 0.01998096444 0.000872387748)
(1.2625 0.01998096444 0.000872387748)
(1.275 0.01998096444 0.000872387748)
(1.2875 0.01998096444 0.000872387748)
(1.3 0.01998096444 0.000872387748)
(1.3125 0.01998096444 0.000872387748)
(1.325 0.01998096444 0.000872387748)
(1.3375 0.01998096444 0.000872387748)
(1.35 0.01998096444 0.000872387748)
(1.3625 0.01998096444 0.000872387748)
(1.375 0.01998096444 0.000872387748)
(1.3875 0.01998096444 0.000872387748)
(1.4 0.01998096444 0.000872387748)
(1.4125 0.01998096444 0.000872387748)
(1.425 0.01998096444 0.000872387748)
(1.4375 0.01998096444 0.000872387748)
(1.45 0.01998096444 0.000872387748)
(1.4625 0.01998096444 0.000872387748)
(1.475 0.01998096444 0.000872387748)
(1.4875 0.01998096444 0.000872387748)
(1.5 0.01998096444 0.000872387748)
(0.75 0.022478585 0.0009814362165)
(0.7625 0.02247858499 0.0009814362165)
(0.775 0.022478585 0.0009814362165)
(0.7875 0.022478585 0.0009814362165)
(0.8 0.02247858499 0.0009814362165)
(0.8125 0.022478585 0.0009814362165)
(0.825 0.022478585 0.0009814362165)
(0.8375 0.022478585 0.0009814362165)
(0.85 0.022478585 0.0009814362165)
(0.8625 0.022478585 0.0009814362165)
(0.875 0.022478585 0.0009814362165)
(0.8875 0.02247858499 0.0009814362165)
(0.9 0.022478585 0.0009814362165)
(0.9125 0.02247858499 0.0009814362165)
(0.925 0.022478585 0.0009814362165)
(0.9375 0.02247858499 0.0009814362165)
(0.95 0.02247858499 0.0009814362165)
(0.9625 0.022478585 0.0009814362165)
(0.975 0.022478585 0.0009814362165)
(0.9875 0.02247858499 0.0009814362165)
(1 0.022478585 0.0009814362165)
(1.0125 0.02247858499 0.0009814362165)
(1.025 0.022478585 0.0009814362165)
(1.0375 0.022478585 0.0009814362165)
(1.05 0.022478585 0.0009814362165)
(1.0625 0.02247858499 0.0009814362165)
(1.075 0.022478585 0.0009814362165)
(1.0875 0.02247858499 0.0009814362165)
(1.1 0.02247858499 0.0009814362165)
(1.1125 0.022478585 0.0009814362165)
(1.125 0.02247858499 0.0009814362165)
(1.1375 0.022478585 0.0009814362165)
(1.15 0.02247858499 0.0009814362165)
(1.1625 0.022478585 0.0009814362165)
(1.175 0.02247858499 0.0009814362165)
(1.1875 0.022478585 0.0009814362165)
(1.2 0.022478585 0.0009814362165)
(1.2125 0.022478585 0.0009814362165)
(1.225 0.022478585 0.0009814362165)
(1.2375 0.022478585 0.0009814362165)
(1.25 0.02247858499 0.0009814362165)
(1.2625 0.02247858499 0.0009814362165)
(1.275 0.02247858499 0.0009814362165)
(1.2875 0.02247858499 0.0009814362165)
(1.3 0.022478585 0.0009814362165)
(1.3125 0.02247858499 0.0009814362165)
(1.325 0.022478585 0.0009814362165)
(1.3375 0.022478585 0.0009814362165)
(1.35 0.022478585 0.0009814362165)
(1.3625 0.022478585 0.0009814362165)
(1.375 0.02247858499 0.0009814362165)
(1.3875 0.022478585 0.0009814362165)
(1.4 0.022478585 0.0009814362165)
(1.4125 0.022478585 0.0009814362165)
(1.425 0.022478585 0.0009814362165)
(1.4375 0.02247858499 0.0009814362165)
(1.45 0.02247858499 0.0009814362165)
(1.4625 0.02247858499 0.0009814362165)
(1.475 0.02247858499 0.0009814362165)
(1.4875 0.022478585 0.0009814362165)
(1.5 0.02247858499 0.0009814362165)
(0.75 0.02497620555 0.001090484685)
(0.7625 0.02497620555 0.001090484685)
(0.775 0.02497620555 0.001090484685)
(0.7875 0.02497620555 0.001090484685)
(0.8 0.02497620555 0.001090484685)
(0.8125 0.02497620555 0.001090484685)
(0.825 0.02497620555 0.001090484685)
(0.8375 0.02497620555 0.001090484685)
(0.85 0.02497620555 0.001090484685)
(0.8625 0.02497620555 0.001090484685)
(0.875 0.02497620555 0.001090484685)
(0.8875 0.02497620555 0.001090484685)
(0.9 0.02497620555 0.001090484685)
(0.9125 0.02497620555 0.001090484685)
(0.925 0.02497620555 0.001090484685)
(0.9375 0.02497620555 0.001090484685)
(0.95 0.02497620555 0.001090484685)
(0.9625 0.02497620555 0.001090484685)
(0.975 0.02497620555 0.001090484685)
(0.9875 0.02497620555 0.001090484685)
(1 0.02497620555 0.001090484685)
(1.0125 0.02497620555 0.001090484685)
(1.025 0.02497620555 0.001090484685)
(1.0375 0.02497620555 0.001090484685)
(1.05 0.02497620555 0.001090484685)
(1.0625 0.02497620555 0.001090484685)
(1.075 0.02497620555 0.001090484685)
(1.0875 0.02497620555 0.001090484685)
(1.1 0.02497620555 0.001090484685)
(1.1125 0.02497620555 0.001090484685)
(1.125 0.02497620555 0.001090484685)
(1.1375 0.02497620555 0.001090484685)
(1.15 0.02497620555 0.001090484685)
(1.1625 0.02497620555 0.001090484685)
(1.175 0.02497620555 0.001090484685)
(1.1875 0.02497620555 0.001090484685)
(1.2 0.02497620555 0.001090484685)
(1.2125 0.02497620555 0.001090484685)
(1.225 0.02497620555 0.001090484685)
(1.2375 0.02497620555 0.001090484685)
(1.25 0.02497620555 0.001090484685)
(1.2625 0.02497620555 0.001090484685)
(1.275 0.02497620555 0.001090484685)
(1.2875 0.02497620555 0.001090484685)
(1.3 0.02497620555 0.001090484685)
(1.3125 0.02497620555 0.001090484685)
(1.325 0.02497620555 0.001090484685)
(1.3375 0.02497620555 0.001090484685)
(1.35 0.02497620555 0.001090484685)
(1.3625 0.02497620555 0.001090484685)
(1.375 0.02497620555 0.001090484685)
(1.3875 0.02497620555 0.001090484685)
(1.4 0.02497620555 0.001090484685)
(1.4125 0.02497620555 0.001090484685)
(1.425 0.02497620555 0.001090484685)
(1.4375 0.02497620555 0.001090484685)
(1.45 0.02497620555 0.001090484685)
(1.4625 0.02497620555 0.001090484685)
(1.475 0.02497620555 0.001090484685)
(1.4875 0.02497620555 0.001090484685)
(1.5 0.02497620555 0.001090484685)
(0.75 0.02747382611 0.001199533154)
(0.7625 0.02747382611 0.001199533154)
(0.775 0.02747382611 0.001199533154)
(0.7875 0.02747382611 0.001199533154)
(0.8 0.02747382611 0.001199533154)
(0.8125 0.02747382611 0.001199533154)
(0.825 0.02747382611 0.001199533154)
(0.8375 0.02747382611 0.001199533154)
(0.85 0.02747382611 0.001199533154)
(0.8625 0.02747382611 0.001199533154)
(0.875 0.02747382611 0.001199533154)
(0.8875 0.02747382611 0.001199533154)
(0.9 0.02747382611 0.001199533154)
(0.9125 0.02747382611 0.001199533154)
(0.925 0.02747382611 0.001199533154)
(0.9375 0.02747382611 0.001199533154)
(0.95 0.02747382611 0.001199533154)
(0.9625 0.02747382611 0.001199533154)
(0.975 0.02747382611 0.001199533154)
(0.9875 0.02747382611 0.001199533154)
(1 0.02747382611 0.001199533154)
(1.0125 0.02747382611 0.001199533154)
(1.025 0.02747382611 0.001199533154)
(1.0375 0.02747382611 0.001199533154)
(1.05 0.02747382611 0.001199533154)
(1.0625 0.02747382611 0.001199533154)
(1.075 0.02747382611 0.001199533154)
(1.0875 0.02747382611 0.001199533153)
(1.1 0.02747382611 0.001199533154)
(1.1125 0.02747382611 0.001199533154)
(1.125 0.02747382611 0.001199533154)
(1.1375 0.02747382611 0.001199533154)
(1.15 0.02747382611 0.001199533154)
(1.1625 0.02747382611 0.001199533154)
(1.175 0.02747382611 0.001199533154)
(1.1875 0.02747382611 0.001199533154)
(1.2 0.02747382611 0.001199533154)
(1.2125 0.02747382611 0.001199533154)
(1.225 0.02747382611 0.001199533154)
(1.2375 0.02747382611 0.001199533154)
(1.25 0.02747382611 0.001199533154)
(1.2625 0.02747382611 0.001199533154)
(1.275 0.02747382611 0.001199533154)
(1.2875 0.02747382611 0.001199533154)
(1.3 0.02747382611 0.001199533154)
(1.3125 0.02747382611 0.001199533154)
(1.325 0.02747382611 0.001199533154)
(1.3375 0.02747382611 0.001199533154)
(1.35 0.02747382611 0.001199533154)
(1.3625 0.02747382611 0.001199533154)
(1.375 0.02747382611 0.001199533154)
(1.3875 0.02747382611 0.001199533154)
(1.4 0.02747382611 0.001199533154)
(1.4125 0.02747382611 0.001199533154)
(1.425 0.02747382611 0.001199533154)
(1.4375 0.02747382611 0.001199533154)
(1.45 0.02747382611 0.001199533154)
(1.4625 0.02747382611 0.001199533154)
(1.475 0.02747382611 0.001199533154)
(1.4875 0.02747382611 0.001199533154)
(1.5 0.02747382611 0.001199533154)
(0.75 0.02997144666 0.001308581622)
(0.7625 0.02997144666 0.001308581622)
(0.775 0.02997144666 0.001308581622)
(0.7875 0.02997144666 0.001308581622)
(0.8 0.02997144666 0.001308581622)
(0.8125 0.02997144666 0.001308581622)
(0.825 0.02997144666 0.001308581622)
(0.8375 0.02997144666 0.001308581622)
(0.85 0.02997144666 0.001308581622)
(0.8625 0.02997144666 0.001308581622)
(0.875 0.02997144666 0.001308581622)
(0.8875 0.02997144666 0.001308581622)
(0.9 0.02997144666 0.001308581622)
(0.9125 0.02997144666 0.001308581622)
(0.925 0.02997144666 0.001308581622)
(0.9375 0.02997144666 0.001308581622)
(0.95 0.02997144666 0.001308581622)
(0.9625 0.02997144666 0.001308581622)
(0.975 0.02997144666 0.001308581622)
(0.9875 0.02997144666 0.001308581622)
(1 0.02997144666 0.001308581622)
(1.0125 0.02997144666 0.001308581622)
(1.025 0.02997144666 0.001308581622)
(1.0375 0.02997144666 0.001308581622)
(1.05 0.02997144666 0.001308581622)
(1.0625 0.02997144666 0.001308581622)
(1.075 0.02997144666 0.001308581622)
(1.0875 0.02997144666 0.001308581622)
(1.1 0.02997144666 0.001308581622)
(1.1125 0.02997144666 0.001308581622)
(1.125 0.02997144666 0.001308581622)
(1.1375 0.02997144666 0.001308581622)
(1.15 0.02997144666 0.001308581622)
(1.1625 0.02997144666 0.001308581622)
(1.175 0.02997144666 0.001308581622)
(1.1875 0.02997144666 0.001308581622)
(1.2 0.02997144666 0.001308581622)
(1.2125 0.02997144666 0.001308581622)
(1.225 0.02997144666 0.001308581622)
(1.2375 0.02997144666 0.001308581622)
(1.25 0.02997144666 0.001308581622)
(1.2625 0.02997144666 0.001308581622)
(1.275 0.02997144666 0.001308581622)
(1.2875 0.02997144666 0.001308581622)
(1.3 0.02997144666 0.001308581622)
(1.3125 0.02997144666 0.001308581622)
(1.325 0.02997144666 0.001308581622)
(1.3375 0.02997144666 0.001308581622)
(1.35 0.02997144666 0.001308581622)
(1.3625 0.02997144666 0.001308581622)
(1.375 0.02997144666 0.001308581622)
(1.3875 0.02997144666 0.001308581622)
(1.4 0.02997144666 0.001308581622)
(1.4125 0.02997144666 0.001308581622)
(1.425 0.02997144666 0.001308581622)
(1.4375 0.02997144666 0.001308581622)
(1.45 0.02997144666 0.001308581622)
(1.4625 0.02997144666 0.001308581622)
(1.475 0.02997144666 0.001308581622)
(1.4875 0.02997144666 0.001308581622)
(1.5 0.02997144666 0.001308581622)
(0.75 0.03246906722 0.001417630091)
(0.7625 0.03246906722 0.001417630091)
(0.775 0.03246906722 0.001417630091)
(0.7875 0.03246906722 0.001417630091)
(0.8 0.03246906722 0.001417630091)
(0.8125 0.03246906722 0.001417630091)
(0.825 0.03246906722 0.001417630091)
(0.8375 0.03246906722 0.001417630091)
(0.85 0.03246906722 0.001417630091)
(0.8625 0.03246906722 0.001417630091)
(0.875 0.03246906722 0.00141763009)
(0.8875 0.03246906722 0.00141763009)
(0.9 0.03246906722 0.001417630091)
(0.9125 0.03246906722 0.001417630091)
(0.925 0.03246906722 0.001417630091)
(0.9375 0.03246906722 0.00141763009)
(0.95 0.03246906722 0.001417630091)
(0.9625 0.03246906722 0.00141763009)
(0.975 0.03246906722 0.001417630091)
(0.9875 0.03246906722 0.001417630091)
(1 0.03246906722 0.001417630091)
(1.0125 0.03246906722 0.00141763009)
(1.025 0.03246906722 0.00141763009)
(1.0375 0.03246906722 0.00141763009)
(1.05 0.03246906722 0.001417630091)
(1.0625 0.03246906722 0.00141763009)
(1.075 0.03246906722 0.00141763009)
(1.0875 0.03246906722 0.00141763009)
(1.1 0.03246906722 0.00141763009)
(1.1125 0.03246906722 0.00141763009)
(1.125 0.03246906722 0.00141763009)
(1.1375 0.03246906722 0.00141763009)
(1.15 0.03246906722 0.001417630091)
(1.1625 0.03246906722 0.001417630091)
(1.175 0.03246906722 0.001417630091)
(1.1875 0.03246906722 0.001417630091)
(1.2 0.03246906722 0.00141763009)
(1.2125 0.03246906722 0.00141763009)
(1.225 0.03246906722 0.00141763009)
(1.2375 0.03246906722 0.00141763009)
(1.25 0.03246906722 0.001417630091)
(1.2625 0.03246906722 0.00141763009)
(1.275 0.03246906722 0.00141763009)
(1.2875 0.03246906722 0.00141763009)
(1.3 0.03246906722 0.00141763009)
(1.3125 0.03246906722 0.00141763009)
(1.325 0.03246906722 0.00141763009)
(1.3375 0.03246906722 0.00141763009)
(1.35 0.03246906722 0.001417630091)
(1.3625 0.03246906722 0.001417630091)
(1.375 0.03246906722 0.001417630091)
(1.3875 0.03246906722 0.001417630091)
(1.4 0.03246906722 0.00141763009)
(1.4125 0.03246906722 0.00141763009)
(1.425 0.03246906722 0.00141763009)
(1.4375 0.03246906722 0.001417630091)
(1.45 0.03246906722 0.001417630091)
(1.4625 0.03246906722 0.001417630091)
(1.475 0.03246906722 0.00141763009)
(1.4875 0.03246906722 0.001417630091)
(1.5 0.03246906722 0.00141763009)
(0.75 0.03496668777 0.001526678559)
(0.7625 0.03496668777 0.001526678559)
(0.775 0.03496668777 0.001526678559)
(0.7875 0.03496668777 0.001526678559)
(0.8 0.03496668777 0.001526678559)
(0.8125 0.03496668777 0.001526678559)
(0.825 0.03496668777 0.001526678559)
(0.8375 0.03496668777 0.001526678559)
(0.85 0.03496668777 0.001526678559)
(0.8625 0.03496668777 0.001526678559)
(0.875 0.03496668777 0.001526678559)
(0.8875 0.03496668777 0.001526678559)
(0.9 0.03496668777 0.001526678559)
(0.9125 0.03496668777 0.001526678559)
(0.925 0.03496668777 0.001526678559)
(0.9375 0.03496668777 0.001526678559)
(0.95 0.03496668777 0.001526678559)
(0.9625 0.03496668777 0.001526678559)
(0.975 0.03496668777 0.001526678559)
(0.9875 0.03496668777 0.001526678559)
(1 0.03496668777 0.001526678559)
(1.0125 0.03496668777 0.001526678559)
(1.025 0.03496668777 0.001526678559)
(1.0375 0.03496668777 0.001526678559)
(1.05 0.03496668777 0.001526678559)
(1.0625 0.03496668777 0.001526678559)
(1.075 0.03496668777 0.001526678559)
(1.0875 0.03496668777 0.001526678559)
(1.1 0.03496668777 0.001526678559)
(1.1125 0.03496668777 0.001526678559)
(1.125 0.03496668777 0.001526678559)
(1.1375 0.03496668777 0.001526678559)
(1.15 0.03496668777 0.001526678559)
(1.1625 0.03496668777 0.001526678559)
(1.175 0.03496668777 0.001526678559)
(1.1875 0.03496668777 0.001526678559)
(1.2 0.03496668777 0.001526678559)
(1.2125 0.03496668777 0.001526678559)
(1.225 0.03496668777 0.001526678559)
(1.2375 0.03496668777 0.001526678559)
(1.25 0.03496668777 0.001526678559)
(1.2625 0.03496668777 0.001526678559)
(1.275 0.03496668777 0.001526678559)
(1.2875 0.03496668777 0.001526678559)
(1.3 0.03496668777 0.001526678559)
(1.3125 0.03496668777 0.001526678559)
(1.325 0.03496668777 0.001526678559)
(1.3375 0.03496668777 0.001526678559)
(1.35 0.03496668777 0.001526678559)
(1.3625 0.03496668777 0.001526678559)
(1.375 0.03496668777 0.001526678559)
(1.3875 0.03496668777 0.001526678559)
(1.4 0.03496668777 0.001526678559)
(1.4125 0.03496668777 0.001526678559)
(1.425 0.03496668777 0.001526678559)
(1.4375 0.03496668777 0.001526678559)
(1.45 0.03496668777 0.001526678559)
(1.4625 0.03496668777 0.001526678559)
(1.475 0.03496668777 0.001526678559)
(1.4875 0.03496668777 0.001526678559)
(1.5 0.03496668777 0.001526678559)
(0.75 0.03746430833 0.001635727027)
(0.7625 0.03746430833 0.001635727027)
(0.775 0.03746430833 0.001635727027)
(0.7875 0.03746430833 0.001635727027)
(0.8 0.03746430833 0.001635727027)
(0.8125 0.03746430833 0.001635727027)
(0.825 0.03746430833 0.001635727027)
(0.8375 0.03746430833 0.001635727027)
(0.85 0.03746430833 0.001635727027)
(0.8625 0.03746430833 0.001635727027)
(0.875 0.03746430833 0.001635727027)
(0.8875 0.03746430833 0.001635727027)
(0.9 0.03746430833 0.001635727027)
(0.9125 0.03746430833 0.001635727027)
(0.925 0.03746430833 0.001635727027)
(0.9375 0.03746430833 0.001635727027)
(0.95 0.03746430833 0.001635727027)
(0.9625 0.03746430833 0.001635727027)
(0.975 0.03746430833 0.001635727027)
(0.9875 0.03746430833 0.001635727027)
(1 0.03746430833 0.001635727027)
(1.0125 0.03746430833 0.001635727027)
(1.025 0.03746430833 0.001635727027)
(1.0375 0.03746430833 0.001635727027)
(1.05 0.03746430833 0.001635727027)
(1.0625 0.03746430833 0.001635727027)
(1.075 0.03746430833 0.001635727027)
(1.0875 0.03746430833 0.001635727027)
(1.1 0.03746430833 0.001635727027)
(1.1125 0.03746430833 0.001635727027)
(1.125 0.03746430833 0.001635727027)
(1.1375 0.03746430833 0.001635727027)
(1.15 0.03746430833 0.001635727027)
(1.1625 0.03746430833 0.001635727027)
(1.175 0.03746430833 0.001635727028)
(1.1875 0.03746430833 0.001635727027)
(1.2 0.03746430833 0.001635727027)
(1.2125 0.03746430833 0.001635727027)
(1.225 0.03746430833 0.001635727027)
(1.2375 0.03746430833 0.001635727027)
(1.25 0.03746430833 0.001635727027)
(1.2625 0.03746430833 0.001635727027)
(1.275 0.03746430833 0.001635727027)
(1.2875 0.03746430833 0.001635727027)
(1.3 0.03746430833 0.001635727027)
(1.3125 0.03746430833 0.001635727027)
(1.325 0.03746430833 0.001635727027)
(1.3375 0.03746430833 0.001635727028)
(1.35 0.03746430833 0.001635727027)
(1.3625 0.03746430833 0.001635727027)
(1.375 0.03746430833 0.001635727027)
(1.3875 0.03746430833 0.001635727027)
(1.4 0.03746430833 0.001635727027)
(1.4125 0.03746430833 0.001635727027)
(1.425 0.03746430833 0.001635727027)
(1.4375 0.03746430832 0.001635727027)
(1.45 0.03746430833 0.001635727027)
(1.4625 0.03746430833 0.001635727027)
(1.475 0.03746430833 0.001635727027)
(1.4875 0.03746430833 0.001635727027)
(1.5 0.03746430833 0.001635727027)
(0.75 0.03996192888 0.001744775496)
(0.7625 0.03996192888 0.001744775496)
(0.775 0.03996192888 0.001744775496)
(0.7875 0.03996192888 0.001744775496)
(0.8 0.03996192888 0.001744775496)
(0.8125 0.03996192888 0.001744775496)
(0.825 0.03996192888 0.001744775496)
(0.8375 0.03996192888 0.001744775496)
(0.85 0.03996192888 0.001744775496)
(0.8625 0.03996192888 0.001744775496)
(0.875 0.03996192888 0.001744775496)
(0.8875 0.03996192888 0.001744775496)
(0.9 0.03996192888 0.001744775496)
(0.9125 0.03996192888 0.001744775496)
(0.925 0.03996192888 0.001744775496)
(0.9375 0.03996192888 0.001744775496)
(0.95 0.03996192888 0.001744775496)
(0.9625 0.03996192888 0.001744775496)
(0.975 0.03996192888 0.001744775496)
(0.9875 0.03996192888 0.001744775496)
(1 0.03996192888 0.001744775496)
(1.0125 0.03996192888 0.001744775496)
(1.025 0.03996192888 0.001744775496)
(1.0375 0.03996192888 0.001744775496)
(1.05 0.03996192888 0.001744775496)
(1.0625 0.03996192888 0.001744775496)
(1.075 0.03996192888 0.001744775496)
(1.0875 0.03996192888 0.001744775496)
(1.1 0.03996192888 0.001744775496)
(1.1125 0.03996192888 0.001744775496)
(1.125 0.03996192888 0.001744775496)
(1.1375 0.03996192888 0.001744775496)
(1.15 0.03996192888 0.001744775496)
(1.1625 0.03996192888 0.001744775496)
(1.175 0.03996192888 0.001744775496)
(1.1875 0.03996192888 0.001744775496)
(1.2 0.03996192888 0.001744775496)
(1.2125 0.03996192888 0.001744775496)
(1.225 0.03996192888 0.001744775496)
(1.2375 0.03996192888 0.001744775496)
(1.25 0.03996192888 0.001744775496)
(1.2625 0.03996192888 0.001744775496)
(1.275 0.03996192888 0.001744775496)
(1.2875 0.03996192888 0.001744775496)
(1.3 0.03996192888 0.001744775496)
(1.3125 0.03996192888 0.001744775496)
(1.325 0.03996192888 0.001744775496)
(1.3375 0.03996192888 0.001744775496)
(1.35 0.03996192888 0.001744775496)
(1.3625 0.03996192888 0.001744775496)
(1.375 0.03996192888 0.001744775496)
(1.3875 0.03996192888 0.001744775496)
(1.4 0.03996192888 0.001744775496)
(1.4125 0.03996192888 0.001744775496)
(1.425 0.03996192888 0.001744775496)
(1.4375 0.03996192888 0.001744775496)
(1.45 0.03996192888 0.001744775496)
(1.4625 0.03996192888 0.001744775496)
(1.475 0.03996192888 0.001744775496)
(1.4875 0.03996192888 0.001744775496)
(1.5 0.03996192888 0.001744775496)
(0.75 0.04245954944 0.001853823964)
(0.7625 0.04245954944 0.001853823964)
(0.775 0.04245954944 0.001853823964)
(0.7875 0.04245954944 0.001853823965)
(0.8 0.04245954944 0.001853823964)
(0.8125 0.04245954944 0.001853823965)
(0.825 0.04245954944 0.001853823964)
(0.8375 0.04245954944 0.001853823964)
(0.85 0.04245954944 0.001853823964)
(0.8625 0.04245954944 0.001853823964)
(0.875 0.04245954944 0.001853823964)
(0.8875 0.04245954944 0.001853823964)
(0.9 0.04245954943 0.001853823964)
(0.9125 0.04245954944 0.001853823964)
(0.925 0.04245954944 0.001853823964)
(0.9375 0.04245954944 0.001853823964)
(0.95 0.04245954944 0.001853823964)
(0.9625 0.04245954944 0.001853823964)
(0.975 0.04245954944 0.001853823964)
(0.9875 0.04245954944 0.001853823964)
(1 0.04245954944 0.001853823964)
(1.0125 0.04245954944 0.001853823964)
(1.025 0.04245954944 0.001853823964)
(1.0375 0.04245954944 0.001853823964)
(1.05 0.04245954944 0.001853823964)
(1.0625 0.04245954944 0.001853823964)
(1.075 0.04245954944 0.001853823964)
(1.0875 0.04245954944 0.001853823964)
(1.1 0.04245954944 0.001853823964)
(1.1125 0.04245954944 0.001853823964)
(1.125 0.04245954944 0.001853823964)
(1.1375 0.04245954944 0.001853823964)
(1.15 0.04245954944 0.001853823964)
(1.1625 0.04245954944 0.001853823964)
(1.175 0.04245954944 0.001853823964)
(1.1875 0.04245954944 0.001853823964)
(1.2 0.04245954944 0.001853823964)
(1.2125 0.04245954944 0.001853823964)
(1.225 0.04245954944 0.001853823964)
(1.2375 0.04245954944 0.001853823964)
(1.25 0.04245954943 0.001853823964)
(1.2625 0.04245954944 0.001853823964)
(1.275 0.04245954944 0.001853823964)
(1.2875 0.04245954944 0.001853823964)
(1.3 0.04245954944 0.001853823964)
(1.3125 0.04245954944 0.001853823964)
(1.325 0.04245954944 0.001853823964)
(1.3375 0.04245954944 0.001853823964)
(1.35 0.04245954944 0.001853823964)
(1.3625 0.04245954944 0.001853823964)
(1.375 0.04245954944 0.001853823964)
(1.3875 0.04245954944 0.001853823964)
(1.4 0.04245954944 0.001853823964)
(1.4125 0.04245954944 0.001853823964)
(1.425 0.04245954944 0.001853823964)
(1.4375 0.04245954944 0.001853823964)
(1.45 0.04245954944 0.001853823964)
(1.4625 0.04245954944 0.001853823964)
(1.475 0.04245954943 0.001853823964)
(1.4875 0.04245954944 0.001853823964)
(1.5 0.04245954944 0.001853823964)
(0.75 0.04495716999 0.001962872433)
(0.7625 0.04495716999 0.001962872433)
(0.775 0.04495716999 0.001962872433)
(0.7875 0.04495716999 0.001962872433)
(0.8 0.04495716999 0.001962872433)
(0.8125 0.04495716999 0.001962872433)
(0.825 0.04495716999 0.001962872433)
(0.8375 0.04495716999 0.001962872433)
(0.85 0.04495716999 0.001962872433)
(0.8625 0.04495716999 0.001962872433)
(0.875 0.04495716999 0.001962872433)
(0.8875 0.04495716999 0.001962872433)
(0.9 0.04495716999 0.001962872433)
(0.9125 0.04495716999 0.001962872433)
(0.925 0.04495716999 0.001962872433)
(0.9375 0.04495716999 0.001962872433)
(0.95 0.04495716999 0.001962872433)
(0.9625 0.04495716999 0.001962872433)
(0.975 0.04495716999 0.001962872433)
(0.9875 0.04495716999 0.001962872433)
(1 0.04495716999 0.001962872433)
(1.0125 0.04495716999 0.001962872433)
(1.025 0.04495716999 0.001962872433)
(1.0375 0.04495716999 0.001962872433)
(1.05 0.04495716999 0.001962872433)
(1.0625 0.04495716999 0.001962872433)
(1.075 0.04495716999 0.001962872433)
(1.0875 0.04495716999 0.001962872433)
(1.1 0.04495716999 0.001962872433)
(1.1125 0.04495716999 0.001962872433)
(1.125 0.04495716999 0.001962872433)
(1.1375 0.04495716999 0.001962872433)
(1.15 0.04495716999 0.001962872433)
(1.1625 0.04495716999 0.001962872433)
(1.175 0.04495716999 0.001962872433)
(1.1875 0.04495716999 0.001962872433)
(1.2 0.04495716999 0.001962872433)
(1.2125 0.04495716999 0.001962872433)
(1.225 0.04495716999 0.001962872433)
(1.2375 0.04495716999 0.001962872433)
(1.25 0.04495716999 0.001962872433)
(1.2625 0.04495716999 0.001962872433)
(1.275 0.04495716999 0.001962872433)
(1.2875 0.04495716999 0.001962872433)
(1.3 0.04495716999 0.001962872433)
(1.3125 0.04495716999 0.001962872433)
(1.325 0.04495716999 0.001962872433)
(1.3375 0.04495716999 0.001962872433)
(1.35 0.04495716999 0.001962872433)
(1.3625 0.04495716999 0.001962872433)
(1.375 0.04495716999 0.001962872433)
(1.3875 0.04495716999 0.001962872433)
(1.4 0.04495716999 0.001962872433)
(1.4125 0.04495716999 0.001962872433)
(1.425 0.04495716999 0.001962872433)
(1.4375 0.04495716999 0.001962872433)
(1.45 0.04495716999 0.001962872433)
(1.4625 0.04495716999 0.001962872433)
(1.475 0.04495716999 0.001962872433)
(1.4875 0.04495716999 0.001962872433)
(1.5 0.04495716999 0.001962872433)
(0.75 0.04745479054 0.002071920901)
(0.7625 0.04745479054 0.002071920901)
(0.775 0.04745479055 0.002071920901)
(0.7875 0.04745479054 0.002071920902)
(0.8 0.04745479055 0.002071920901)
(0.8125 0.04745479054 0.002071920901)
(0.825 0.04745479054 0.002071920901)
(0.8375 0.04745479054 0.002071920901)
(0.85 0.04745479055 0.002071920901)
(0.8625 0.04745479055 0.002071920901)
(0.875 0.04745479054 0.002071920901)
(0.8875 0.04745479055 0.002071920901)
(0.9 0.04745479054 0.002071920901)
(0.9125 0.04745479055 0.002071920901)
(0.925 0.04745479054 0.002071920901)
(0.9375 0.04745479055 0.002071920901)
(0.95 0.04745479054 0.002071920901)
(0.9625 0.04745479055 0.002071920901)
(0.975 0.04745479054 0.002071920901)
(0.9875 0.04745479054 0.002071920901)
(1 0.04745479055 0.002071920902)
(1.0125 0.04745479055 0.002071920901)
(1.025 0.04745479054 0.002071920901)
(1.0375 0.04745479054 0.002071920901)
(1.05 0.04745479054 0.002071920901)
(1.0625 0.04745479055 0.002071920901)
(1.075 0.04745479054 0.002071920901)
(1.0875 0.04745479054 0.002071920901)
(1.1 0.04745479055 0.002071920901)
(1.1125 0.04745479054 0.002071920901)
(1.125 0.04745479055 0.002071920901)
(1.1375 0.04745479054 0.002071920901)
(1.15 0.04745479055 0.002071920901)
(1.1625 0.04745479055 0.002071920901)
(1.175 0.04745479055 0.002071920901)
(1.1875 0.04745479055 0.002071920901)
(1.2 0.04745479054 0.002071920901)
(1.2125 0.04745479055 0.002071920901)
(1.225 0.04745479054 0.002071920901)
(1.2375 0.04745479055 0.002071920901)
(1.25 0.04745479054 0.002071920901)
(1.2625 0.04745479055 0.002071920901)
(1.275 0.04745479054 0.002071920901)
(1.2875 0.04745479054 0.002071920901)
(1.3 0.04745479054 0.002071920901)
(1.3125 0.04745479054 0.002071920901)
(1.325 0.04745479054 0.002071920901)
(1.3375 0.04745479055 0.002071920901)
(1.35 0.04745479054 0.002071920901)
(1.3625 0.04745479055 0.002071920901)
(1.375 0.04745479055 0.002071920901)
(1.3875 0.04745479055 0.002071920901)
(1.4 0.04745479054 0.002071920901)
(1.4125 0.04745479054 0.002071920901)
(1.425 0.04745479055 0.002071920901)
(1.4375 0.04745479054 0.002071920901)
(1.45 0.04745479054 0.002071920901)
(1.4625 0.04745479054 0.002071920901)
(1.475 0.04745479054 0.002071920901)
(1.4875 0.04745479054 0.002071920901)
(1.5 0.04745479055 0.002071920901)
(0.75 0.0499524111 0.00218096937)
(0.7625 0.0499524111 0.00218096937)
(0.775 0.0499524111 0.00218096937)
(0.7875 0.0499524111 0.00218096937)
(0.8 0.0499524111 0.00218096937)
(0.8125 0.0499524111 0.00218096937)
(0.825 0.0499524111 0.00218096937)
(0.8375 0.0499524111 0.00218096937)
(0.85 0.0499524111 0.00218096937)
(0.8625 0.0499524111 0.00218096937)
(0.875 0.0499524111 0.00218096937)
(0.8875 0.0499524111 0.00218096937)
(0.9 0.0499524111 0.00218096937)
(0.9125 0.0499524111 0.00218096937)
(0.925 0.0499524111 0.00218096937)
(0.9375 0.0499524111 0.00218096937)
(0.95 0.0499524111 0.00218096937)
(0.9625 0.0499524111 0.00218096937)
(0.975 0.0499524111 0.00218096937)
(0.9875 0.0499524111 0.00218096937)
(1 0.0499524111 0.00218096937)
(1.0125 0.0499524111 0.00218096937)
(1.025 0.0499524111 0.00218096937)
(1.0375 0.0499524111 0.00218096937)
(1.05 0.0499524111 0.00218096937)
(1.0625 0.0499524111 0.00218096937)
(1.075 0.0499524111 0.00218096937)
(1.0875 0.0499524111 0.00218096937)
(1.1 0.0499524111 0.00218096937)
(1.1125 0.0499524111 0.00218096937)
(1.125 0.0499524111 0.00218096937)
(1.1375 0.0499524111 0.00218096937)
(1.15 0.0499524111 0.00218096937)
(1.1625 0.0499524111 0.00218096937)
(1.175 0.0499524111 0.00218096937)
(1.1875 0.0499524111 0.00218096937)
(1.2 0.0499524111 0.00218096937)
(1.2125 0.0499524111 0.00218096937)
(1.225 0.0499524111 0.00218096937)
(1.2375 0.0499524111 0.00218096937)
(1.25 0.0499524111 0.00218096937)
(1.2625 0.0499524111 0.00218096937)
(1.275 0.0499524111 0.00218096937)
(1.2875 0.0499524111 0.00218096937)
(1.3 0.0499524111 0.00218096937)
(1.3125 0.0499524111 0.00218096937)
(1.325 0.0499524111 0.00218096937)
(1.3375 0.0499524111 0.00218096937)
(1.35 0.0499524111 0.00218096937)
(1.3625 0.0499524111 0.00218096937)
(1.375 0.0499524111 0.00218096937)
(1.3875 0.0499524111 0.00218096937)
(1.4 0.0499524111 0.00218096937)
(1.4125 0.0499524111 0.00218096937)
(1.425 0.0499524111 0.00218096937)
(1.4375 0.0499524111 0.00218096937)
(1.45 0.0499524111 0.00218096937)
(1.4625 0.0499524111 0.00218096937)
(1.475 0.0499524111 0.00218096937)
(1.4875 0.0499524111 0.00218096937)
(1.5 0.0499524111 0.00218096937)
)


// ************************************************************************* //
