/*--------------------------------*- C++ -*----------------------------------*\
  =========                 |
  \\      /  F ield         | OpenFOAM: The Open Source CFD Toolbox
   \\    /   O peration     | Website:  https://openfoam.org
    \\  /    A nd           | Version:  11
     \\/     M anipulation  |
\*---------------------------------------------------------------------------*/
FoamFile
{
    format      ascii;
    class       volVectorField;
    location    "30";
    object      U;
}
// * * * * * * * * * * * * * * * * * * * * * * * * * * * * * * * * * * * * * //

dimensions      [0 1 -1 0 0 0 0];

internalField   nonuniform List<vector> 
2500
(
(6.462943957e-05 -6.341073718e-05 0)
(0.0002411507818 -0.0001020752012 0)
(0.0004274569916 -8.454401532e-05 0)
(0.0005113444654 -4.554276679e-05 0)
(0.0004619509844 -3.674215422e-06 0)
(0.0002804626387 3.428846458e-05 0)
(-2.284349844e-05 6.706412293e-05 0)
(-0.0004373704703 9.588201249e-05 0)
(-0.000955291053 0.0001225431003 0)
(-0.001572365619 0.0001486627858 0)
(-0.002286898718 0.0001753053058 0)
(-0.003098146978 0.0002028837715 0)
(-0.004004606606 0.0002312015352 0)
(-0.005002424839 0.0002595383926 0)
(-0.006084060259 0.0002867390246 0)
(-0.007237230221 0.0003112915014 0)
(-0.008444157896 0.0003313998744 0)
(-0.009681138513 0.0003450626718 0)
(-0.01091846208 0.000350170588 0)
(-0.01212074444 0.0003446335032 0)
(-0.01324771971 0.0003265406673 0)
(-0.01425553049 0.0002943536082 0)
(-0.0150985422 0.0002471458798 0)
(-0.01573174972 0.0001849228326 0)
(-0.01611352591 0.0001088488569 0)
(-0.01620739004 2.067212192e-05 0)
(-0.01598657607 -7.84010754e-05 0)
(-0.01543705015 -0.0001822184017 0)
(-0.01455820479 -0.0002854413662 0)
(-0.01336610746 -0.0003822837529 0)
(-0.011893735 -0.0004666258974 0)
(-0.01019043048 -0.0005326167269 0)
(-0.008320057249 -0.0005752965288 0)
(-0.006357783287 -0.0005911664593 0)
(-0.004385655533 -0.0005786162452 0)
(-0.002486664671 -0.0005381740894 0)
(-0.0007367536779 -0.0004731220481 0)
(0.0007907536905 -0.0003909305835 0)
(0.002041045514 -0.0002915510703 0)
(0.002982933764 -0.000186167254 0)
(0.003598031263 -8.10469149e-05 0)
(0.003888426708 1.817213133e-05 0)
(0.003873841086 0.000106731891 0)
(0.00358843709 0.0001812723212 0)
(0.003078882994 0.0002384954882 0)
(0.002404770758 0.000274126701 0)
(0.001641858111 0.0002806170004 0)
(0.0008857228427 0.0002442346558 0)
(0.0002629330511 0.0001458532174 0)
(1.625087867e-06 1.367017792e-06 0)
(0.0001077001953 -0.0002445298346 0)
(0.0003393634027 -0.0003345159679 0)
(0.0004826492084 -0.000206110949 0)
(0.0003691882739 1.56925022e-05 0)
(-5.933830291e-05 0.0002617603818 0)
(-0.0008106596338 0.0005007316338 0)
(-0.001873892095 0.0007227867473 0)
(-0.003233331127 0.0009291880342 0)
(-0.004874902636 0.001124963328 0)
(-0.006788025755 0.001314982211 0)
(-0.0089641926 0.001501935418 0)
(-0.01139397728 0.001685560443 0)
(-0.0140635793 0.001862604001 0)
(-0.01695155015 0.002027150986 0)
(-0.02002607262 0.002171112038 0)
(-0.02324299091 0.002284777323 0)
(-0.02654470604 0.002357416009 0)
(-0.02986001885 0.002377936471 0)
(-0.03310498809 0.002335628239 0)
(-0.03618484928 0.002220992149 0)
(-0.03899699361 0.002026639931 0)
(-0.0414349198 0.001748221817 0)
(-0.04339300382 0.001385327441 0)
(-0.04477214253 0.0009422448772 0)
(-0.04548636462 0.0004283232185 0)
(-0.04546835318 -0.0001422495425 0)
(-0.04467099908 -0.0007492944152 0)
(-0.04307657616 -0.001367341811 0)
(-0.04070205268 -0.001968291928 0)
(-0.037597149 -0.002522033898 0)
(-0.03384568335 -0.002998352593 0)
(-0.0295639557 -0.003369274998 0)
(-0.02489658941 -0.003611502845 0)
(-0.02001015061 -0.003708701428 0)
(-0.01508474078 -0.003653339675 0)
(-0.0103037746 -0.003447846676 0)
(-0.005842457322 -0.003105633462 0)
(-0.001858989596 -0.002652350064 0)
(0.001513856796 -0.002110661922 0)
(0.004183358979 -0.001517313828 0)
(0.006098375715 -0.0009091485764 0)
(0.007246527155 -0.0003193699026 0)
(0.007657793508 0.0002220472571 0)
(0.007400171972 0.0006888285329 0)
(0.006576520113 0.001057170499 0)
(0.005324225469 0.001300855256 0)
(0.003814677278 0.001385862132 0)
(0.002249950824 0.001265124291 0)
(0.0008872492133 0.0008843615505 0)
(0.0001468726452 0.0002634130433 0)
(8.967932067e-05 -0.0004385684532 0)
(0.0001871335744 -0.0004750648094 0)
(1.982239629e-05 -8.225243295e-05 0)
(-0.0005575428517 0.0005041100625 0)
(-0.001600777564 0.001151643512 0)
(-0.003118684492 0.001793650946 0)
(-0.005100371355 0.002405578523 0)
(-0.007528919662 0.002985666308 0)
(-0.01038757741 0.003540706746 0)
(-0.01366075806 0.004077339239 0)
(-0.01733168307 0.004597385221 0)
(-0.02137838566 0.005095912847 0)
(-0.02576932579 0.005561034002 0)
(-0.03045943339 0.005974701791 0)
(-0.03538708538 0.006314043017 0)
(-0.04047231637 0.00655297831 0)
(-0.04561643472 0.006664026157 0)
(-0.0507031281 0.006620255414 0)
(-0.05560106387 0.006397358559 0)
(-0.06016790443 0.005975787658 0)
(-0.06425555794 0.005342851983 0)
(-0.06771638302 0.004494641948 0)
(-0.07041006467 0.003437617128 0)
(-0.07221100659 0.002189639335 0)
(-0.07301553346 0.0007803161455 0)
(-0.0727455828 -0.0007488117214 0)
(-0.07135606054 -0.002343008605 0)
(-0.06884180753 -0.003942454159 0)
(-0.06523772838 -0.005479723308 0)
(-0.06062033747 -0.006884310078 0)
(-0.05510769752 -0.008087048994 0)
(-0.04885690927 -0.009024701357 0)
(-0.04205936514 -0.009644757578 0)
(-0.03493372966 -0.009910050924 0)
(-0.02771668014 -0.009802663484 0)
(-0.02065165935 -0.009326588317 0)
(-0.01397622357 -0.008508854848 0)
(-0.007909223389 -0.007398770269 0)
(-0.002638196422 -0.006062025444 0)
(0.001692140286 -0.00457569948 0)
(0.004989761044 -0.003026534353 0)
(0.007218520453 -0.001499910848 0)
(0.008398297949 -7.555350293e-05 0)
(0.008605619436 0.001173303387 0)
(0.007969929078 0.002179018193 0)
(0.0066708464 0.002872776704 0)
(0.004934663583 0.003177184573 0)
(0.003024527573 0.003001245968 0)
(0.001276313762 0.002249742303 0)
(0.0002459473437 0.0008899290921 0)
(3.870576268e-05 -0.0005039341664 0)
(-0.0001216391319 -0.0002890860051 0)
(-0.0007945642063 0.0005394828434 0)
(-0.002041983102 0.001642165832 0)
(-0.003893675824 0.002832237112 0)
(-0.006348469449 0.004013961616 0)
(-0.009390367827 0.005150807824 0)
(-0.01300021275 0.006238132825 0)
(-0.01715892683 0.007282558566 0)
(-0.02184580856 0.008289037835 0)
(-0.02703442298 0.009253893616 0)
(-0.03268758822 0.0101620553 0)
(-0.03875256471 0.01098706764 0)
(-0.0451572243 0.01169279088 0)
(-0.05180768497 0.01223606612 0)
(-0.05858768357 0.01256991775 0)
(-0.06535979831 0.01264705641 0)
(-0.07196848814 0.0124235308 0)
(-0.07824477599 0.01186238342 0)
(-0.08401227183 0.01093713481 0)
(-0.08909412081 0.009634891298 0)
(-0.09332039375 0.007958866308 0)
(-0.09653550891 0.005930135756 0)
(-0.09860550379 0.003588528809 0)
(-0.09942445233 0.0009926335015 0)
(-0.09891750641 -0.001781230518 0)
(-0.09704721468 -0.004642102214 0)
(-0.09381926612 -0.00748702062 0)
(-0.08928066508 -0.01020454627 0)
(-0.08352219076 -0.01268017066 0)
(-0.07667815846 -0.01480227424 0)
(-0.06892439262 -0.01646871762 0)
(-0.06047439607 -0.01759384512 0)
(-0.05157335461 -0.01811540607 0)
(-0.04248974072 -0.01800073185 0)
(-0.03350451392 -0.01725137446 0)
(-0.02489824883 -0.01590539881 0)
(-0.01693682734 -0.01403658468 0)
(-0.009856218411 -0.01174983733 0)
(-0.003848360216 -0.009173946097 0)
(0.0009507964007 -0.006452043309 0)
(0.004470001287 -0.003732851294 0)
(0.006706599628 -0.001160447129 0)
(0.007727434942 0.001130104746 0)
(0.007666675872 0.003011875166 0)
(0.006722274546 0.00436054119 0)
(0.005149733215 0.005045012627 0)
(0.003249648527 0.004920501291 0)
(0.001411052465 0.00383321666 0)
(0.0002822452589 0.001654150342 0)
(-3.234119502e-05 -0.0003698134315 0)
(-0.0005329953779 0.0003712786684 0)
(-0.001854017168 0.001835277739 0)
(-0.003931206931 0.003607237523 0)
(-0.00674398898 0.005465458152 0)
(-0.01027136836 0.007299150483 0)
(-0.01448672713 0.009067697031 0)
(-0.01936595474 0.01076625758 0)
(-0.0248863292 0.01240001904 0)
(-0.03102085339 0.01396832631 0)
(-0.03773182872 0.01545654992 0)
(-0.04496487607 0.01683343481 0)
(-0.05264418359 0.01805210301 0)
(-0.06066954118 0.01905331026 0)
(-0.06891545667 0.01976999004 0)
(-0.0772324392 0.02013246471 0)
(-0.08545035435 0.02007391364 0)
(-0.09338357676 0.01953577828 0)
(-0.1008375039 0.01847280562 0)
(-0.1076158805 0.0168574392 0)
(-0.1135283427 0.01468330136 0)
(-0.1183976364 0.0119675741 0)
(-0.1220661332 0.008752173527 0)
(-0.1244015636 0.005103788979 0)
(-0.1253017435 0.001113106383 0)
(-0.1246972397 -0.003107087946 0)
(-0.1225544562 -0.007427556722 0)
(-0.1188809586 -0.01170320267 0)
(-0.1137241041 -0.01577936576 0)
(-0.1071738014 -0.01949786705 0)
(-0.0993633729 -0.0227040253 0)
(-0.09046926965 -0.02525478063 0)
(-0.08070928941 -0.02702763947 0)
(-0.0703386604 -0.02792994044 0)
(-0.05964343128 -0.0279076619 0)
(-0.04893081056 -0.02695272116 0)
(-0.0385164376 -0.025107547 0)
(-0.02870897266 -0.02246574188 0)
(-0.01979276655 -0.01916807146 0)
(-0.01201037764 -0.01539419703 0)
(-0.005546806634 -0.01135029734 0)
(-0.0005168810757 -0.007255336379 0)
(0.003042647147 -0.003328225007 0)
(0.005176346686 0.0002214002238 0)
(0.006008974875 0.003195077932 0)
(0.005741539975 0.005401532871 0)
(0.00464359383 0.006645995164 0)
(0.003039989185 0.006719736976 0)
(0.001354185813 0.005396333314 0)
(0.0002765317282 0.002433429199 0)
(-0.0001140833131 6.786161208e-06 0)
(-0.001014145786 0.001605910574 0)
(-0.003088864688 0.003931533198 0)
(-0.006110719045 0.006532293996 0)
(-0.009995122834 0.009177760355 0)
(-0.01469253362 0.01176099141 0)
(-0.02016024344 0.01424872257 0)
(-0.02636606383 0.0166405968 0)
(-0.03328163341 0.01893991002 0)
(-0.04087200954 0.02113661516 0)
(-0.04908672899 0.02319967779 0)
(-0.05785311968 0.0250759171 0)
(-0.06707214943 0.02669306688 0)
(-0.0766169812 0.02796535442 0)
(-0.08633416683 0.02880041162 0)
(-0.09604722074 0.02910670724 0)
(-0.1055621457 0.02880090319 0)
(-0.1146743237 0.02781464381 0)
(-0.1231760735 0.02610036069 0)
(-0.1308641676 0.02363577235 0)
(-0.1375467039 0.02042689752 0)
(-0.1430489345 0.0165095495 0)
(-0.1472178841 0.01194940527 0)
(-0.149925788 0.006840962518 0)
(-0.1510726939 0.001306042969 0)
(-0.1505896162 -0.004508419433 0)
(-0.1484385482 -0.01043746165 0)
(-0.144617231 -0.01629757907 0)
(-0.1391601333 -0.02189368221 0)
(-0.1321417725 -0.02702526405 0)
(-0.1236795516 -0.03149398374 0)
(-0.1139359975 -0.03511291027 0)
(-0.1031197703 -0.03771725978 0)
(-0.09148455568 -0.03917618857 0)
(-0.07932492616 -0.03940477809 0)
(-0.06696839389 -0.03837490302 0)
(-0.05476321332 -0.03612331693 0)
(-0.04306202041 -0.03275521106 0)
(-0.03220211208 -0.02844186646 0)
(-0.02248411661 -0.02341202363 0)
(-0.0141513854 -0.01793742096 0)
(-0.007372492376 -0.01231478075 0)
(-0.002228909978 -0.006847749567 0)
(0.001290899471 -0.001832556049 0)
(0.003292057104 0.002448583243 0)
(0.003969040756 0.005725492538 0)
(0.003596420728 0.007729426368 0)
(0.002515114603 0.008178756036 0)
(0.001168418616 0.006767280671 0)
(0.0002466884121 0.00314300618 0)
(-0.0002045419638 0.0006569395024 0)
(-0.001544628959 0.00348326094 0)
(-0.004443706207 0.006917071525 0)
(-0.008486721619 0.01050922526 0)
(-0.01351331214 0.01405303487 0)
(-0.01943908528 0.0174688348 0)
(-0.02620113134 0.02074474449 0)
(-0.03375647985 0.02389092827 0)
(-0.0420691404 0.02690897485 0)
(-0.05109465595 0.02977606554 0)
(-0.06076881566 0.03243989677 0)
(-0.0710007074 0.03482067558 0)
(-0.08166972105 0.03681741608 0)
(-0.09262610991 0.03831654621 0)
(-0.1036945258 0.03920145683 0)
(-0.1146798121 0.03936202776 0)
(-0.1253742404 0.03870339126 0)
(-0.1355653178 0.03715334814 0)
(-0.1450433165 0.03466802199 0)
(-0.1536078369 0.03123555709 0)
(-0.1610729939 0.02687791177 0)
(-0.167271148 0.02165100038 0)
(-0.1720552993 0.01564355463 0)
(-0.1753002457 0.008975229529 0)
(-0.1769033738 0.001794669711 0)
(-0.1767889743 -0.005722777794 0)
(-0.174906062 -0.01338111027 0)
(-0.1712322085 -0.02096344448 0)
(-0.1657779704 -0.02823785868 0)
(-0.1585908211 -0.03496316694 0)
(-0.1497602348 -0.04089653421 0)
(-0.1394227452 -0.04580341872 0)
(-0.1277661905 -0.04946990514 0)
(-0.1150320636 -0.051717146 0)
(-0.1015146867 -0.05241705529 0)
(-0.08755592667 -0.05150774203 0)
(-0.07353442318 -0.04900654951 0)
(-0.05984888793 -0.0450182231 0)
(-0.04689598947 -0.03973590706 0)
(-0.03504457544 -0.03343357229 0)
(-0.02460906973 -0.02644996585 0)
(-0.01582547823 -0.01916629577 0)
(-0.008833262941 -0.01198182691 0)
(-0.003665251162 -0.00529264306 0)
(-0.0002454913229 0.0005215876102 0)
(0.001606265763 0.005099048557 0)
(0.002163819135 0.008086440021 0)
(0.001778898879 0.009122053101 0)
(0.0009049207441 0.007818509612 0)
(0.0002054416046 0.00372828431 0)
(-0.0003015906842 0.001602125192 0)
(-0.002107438947 0.00605145307 0)
(-0.005871660757 0.01084840737 0)
(-0.01097619912 0.0155919302 0)
(-0.01717700524 0.02013557072 0)
(-0.02435083288 0.02445297565 0)
(-0.03241190283 0.02856918685 0)
(-0.04130447641 0.03251168458 0)
(-0.05098333347 0.03628101054 0)
(-0.06139339431 0.03983881664 0)
(-0.07245651915 0.04310771763 0)
(-0.08406484341 0.0459782051 0)
(-0.09607939065 0.04831927741 0)
(-0.108332855 0.04999054709 0)
(-0.1206353515 0.05085435919 0)
(-0.1327819297 0.05078690233 0)
(-0.1445607016 0.04968755709 0)
(-0.1557605569 0.04748596487 0)
(-0.1661776619 0.04414659071 0)
(-0.1756202746 0.03967088404 0)
(-0.183911807 0.0340974382 0)
(-0.1908924255 0.02750072893 0)
(-0.1964195405 0.01998904676 0)
(-0.2003673305 0.01170221437 0)
(-0.2026265114 0.002809566182 0)
(-0.2031090443 -0.006492044283 0)
(-0.201745492 -0.01598103662 0)
(-0.1984876758 -0.02541283674 0)
(-0.1933154323 -0.03452289238 0)
(-0.1862413568 -0.04303168283 0)
(-0.1773177531 -0.05065172198 0)
(-0.1666443782 -0.05709759792 0)
(-0.1543761412 -0.06209941592 0)
(-0.1407295823 -0.06541967435 0)
(-0.125986505 -0.06687291114 0)
(-0.1104928887 -0.06634657025 0)
(-0.09465124697 -0.06382056313 0)
(-0.07890510079 -0.05938220244 0)
(-0.06371532693 -0.05323296697 0)
(-0.04952978929 -0.04568424691 0)
(-0.03674948301 -0.03714103975 0)
(-0.02569583927 -0.02807539247 0)
(-0.0165842028 -0.0189943952 0)
(-0.009507357746 -0.01040962659 0)
(-0.004430393883 -0.002815115846 0)
(-0.001195457589 0.003320754778 0)
(0.0004652988313 0.007548367012 0)
(0.0009113181833 0.009419222602 0)
(0.0006016558269 0.008465745742 0)
(0.0001614386651 0.004160599866 0)
(-0.0004024001922 0.002855489344 0)
(-0.002685237245 0.009334962628 0)
(-0.007327511566 0.01575003518 0)
(-0.01349961018 0.02179794665 0)
(-0.02086984652 0.02743190414 0)
(-0.02927426096 0.03270647249 0)
(-0.03860283698 0.03769984113 0)
(-0.04878583043 0.04246390474 0)
(-0.05976773235 0.04699921187 0)
(-0.07148236339 0.05124994149 0)
(-0.0838383327 0.05511117291 0)
(-0.09671315335 0.05844239808 0)
(-0.109953709 0.06108333226 0)
(-0.123381146 0.06286964424 0)
(-0.1367983545 0.06364720371 0)
(-0.1499984191 0.06328396155 0)
(-0.1627727097 0.06167890048 0)
(-0.1749176392 0.05876782301 0)
(-0.186239533 0.05452612638 0)
(-0.196557504 0.0489690796 0)
(-0.2057046289 0.04215036463 0)
(-0.2135279697 0.03415971 0)
(-0.2198878833 0.0251203324 0)
(-0.2246567423 0.01518665923 0)
(-0.2277182118 0.004542532258 0)
(-0.2289708887 -0.006599902543 0)
(-0.2283266603 -0.01799966823 0)
(-0.2257118043 -0.02939075552 0)
(-0.2210735404 -0.04048135133 0)
(-0.2143857621 -0.05095778336 0)
(-0.2056568745 -0.06049003735 0)
(-0.194939769 -0.06874095431 0)
(-0.182342941 -0.07537980423 0)
(-0.1680416774 -0.08010079702 0)
(-0.1522874429 -0.08264634741 0)
(-0.1354129991 -0.08283380962 0)
(-0.1178304388 -0.08058300887 0)
(-0.1000195104 -0.07594046834 0)
(-0.08250462364 -0.06909527396 0)
(-0.0658208995 -0.06038166645 0)
(-0.05047234843 -0.05026523881 0)
(-0.03688795886 -0.03931319349 0)
(-0.02538304188 -0.02815364553 0)
(-0.01613254944 -0.01743280128 0)
(-0.009160028344 -0.007780205466 0)
(-0.004341623342 0.0002096294607 0)
(-0.001421763062 0.005975856707 0)
(-3.521813087e-05 0.008974643825 0)
(0.0002830011052 0.00865725981 0)
(0.0001199134805 0.004429135683 0)
(-0.0005038623561 0.004421366264 0)
(-0.00325976465 0.0133356931 0)
(-0.008765162424 0.02161575012 0)
(-0.0159777999 0.02911010803 0)
(-0.02447779993 0.03591254911 0)
(-0.03406031466 0.04218667057 0)
(-0.04459072206 0.04808003231 0)
(-0.0559846449 0.05367603598 0)
(-0.06817573716 0.0589766694 0)
(-0.08108683711 0.06390764086 0)
(-0.0946146558 0.06833550321 0)
(-0.1086250033 0.07208919779 0)
(-0.1229550778 0.0749815327 0)
(-0.1374200532 0.07682828197 0)
(-0.151821579 0.07746382778 0)
(-0.1659563276 0.07675286573 0)
(-0.179623299 0.07459806014 0)
(-0.1926291747 0.07094390977 0)
(-0.2047915508 0.06577746556 0)
(-0.2159403121 0.05912681975 0)
(-0.2259176741 0.0510583721 0)
(-0.2345774739 0.04167377243 0)
(-0.2417840665 0.03110717754 0)
(-0.247410787 0.01952307649 0)
(-0.2513385544 0.007114787463 0)
(-0.2534572006 -0.005895364736 0)
(-0.2536654707 -0.0192532123 0)
(-0.2518696273 -0.0326792896 0)
(-0.2479870426 -0.04586187816 0)
(-0.2419530498 -0.05846035184 0)
(-0.2337282015 -0.07010818476 0)
(-0.2233097153 -0.08041992356 0)
(-0.2107455603 -0.08900333294 0)
(-0.1961505498 -0.09547800496 0)
(-0.1797225254 -0.09950106698 0)
(-0.1617557451 -0.1007994047 0)
(-0.142647679 -0.09920604491 0)
(-0.1228949999 -0.09469617044 0)
(-0.1030751151 -0.08741618808 0)
(-0.08381155801 -0.07769828081 0)
(-0.06572505184 -0.06605400572 0)
(-0.04937644584 -0.05314446901 0)
(-0.03521141864 -0.03973098286 0)
(-0.02351781717 -0.02661675974 0)
(-0.01440352686 -0.0145940355 0)
(-0.007796694471 -0.004409841194 0)
(-0.003463744205 0.003242671264 0)
(-0.001036567091 0.007711054261 0)
(-3.976806693e-05 0.008360608508 0)
(8.337965027e-05 0.004533149082 0)
(-0.0006023529989 0.006293707504 0)
(-0.00381143052 0.01803255023 0)
(-0.01013727259 0.02840940337 0)
(-0.01833171152 0.03747823028 0)
(-0.02788915063 0.04551422747 0)
(-0.03856489011 0.05281757423 0)
(-0.05019996809 0.05962085557 0)
(-0.06269512258 0.06604588176 0)
(-0.07597297374 0.07209791055 0)
(-0.08994588916 0.07768416396 0)
(-0.1045003508 0.08264302864 0)
(-0.1194933837 0.08677471118 0)
(-0.1347563704 0.08986848796 0)
(-0.1501027248 0.09172462041 0)
(-0.1653366649 0.09217053389 0)
(-0.1802611999 0.09107150353 0)
(-0.194684303 0.08833642956 0)
(-0.2084229627 0.08391958543 0)
(-0.2213053323 0.07781945838 0)
(-0.2331714707 0.07007586184 0)
(-0.2438731892 0.06076635417 0)
(-0.2532733862 0.05000273103 0)
(-0.2612449985 0.03792805775 0)
(-0.2676692416 0.02471437891 0)
(-0.2724326914 0.01056121781 0)
(-0.2754252763 -0.004303617821 0)
(-0.2765435324 -0.01961924683 0)
(-0.2756837368 -0.0351024205 0)
(-0.2727394719 -0.05043120796 0)
(-0.2676118293 -0.0652490075 0)
(-0.2602133732 -0.0791637949 0)
(-0.2504798936 -0.09175107068 0)
(-0.2383864748 -0.1025625808 0)
(-0.2239679517 -0.1111427722 0)
(-0.207342165 -0.1170547609 0)
(-0.188733085 -0.1199164511 0)
(-0.168489344 -0.1194454668 0)
(-0.1470923912 -0.115508671 0)
(-0.1251480783 -0.1081686655 0)
(-0.1033568148 -0.09771684453 0)
(-0.08246115298 -0.08468198886 0)
(-0.06317571117 -0.06980678191 0)
(-0.04611110368 -0.05399257685 0)
(-0.03170785934 -0.03822328642 0)
(-0.02019502179 -0.02348771403 0)
(-0.01158050529 -0.01072113256 0)
(-0.005668866306 -0.0007795807603 0)
(-0.002093969096 0.005554397715 0)
(-0.0003661711132 0.007548626116 0)
(5.173331001e-05 0.004474712815 0)
(-0.0006938128019 0.008455395353 0)
(-0.004319749704 0.02338112298 0)
(-0.01139618919 0.03606578152 0)
(-0.02048374053 0.0468210909 0)
(-0.0309962595 0.05614253457 0)
(-0.04265100793 0.0644927765 0)
(-0.05526522578 0.0722040507 0)
(-0.06872463044 0.07944318957 0)
(-0.08294073944 0.08622096732 0)
(-0.09781607362 0.09242701519 0)
(-0.1132284579 0.09787297769 0)
(-0.1290285006 0.1023329732 0)
(-0.1450444493 0.1055764058 0)
(-0.1610903053 0.1073920028 0)
(-0.176974284 0.1076037574 0)
(-0.1925059455 0.1060800555 0)
(-0.2075013717 0.1027374282 0)
(-0.2217864949 0.09754043324 0)
(-0.2351990495 0.09049910423 0)
(-0.2475896334 0.08166516583 0)
(-0.2588221324 0.07112785311 0)
(-0.2687735042 0.05900984177 0)
(-0.2773327376 0.04546364195 0)
(-0.2843984817 0.03066879731 0)
(-0.2898741253 0.01483001929 0)
(-0.2936611007 -0.001824278789 0)
(-0.2956674509 -0.01904280522 0)
(-0.2957919384 -0.03653599708 0)
(-0.2939134252 -0.05398749482 0)
(-0.2899076172 -0.07104012804 0)
(-0.2836439759 -0.0872924678 0)
(-0.2749964036 -0.1022965254 0)
(-0.2638598005 -0.1155609838 0)
(-0.2501733226 -0.1265627225 0)
(-0.2339497155 -0.1347698588 0)
(-0.2153083363 -0.1396786856 0)
(-0.194507378 -0.1408650274 0)
(-0.171968425 -0.1380472073 0)
(-0.148284617 -0.1311531361 0)
(-0.1242035035 -0.1203788889 0)
(-0.10057855 -0.1062224902 0)
(-0.07829015649 -0.08947762073 0)
(-0.05814718467 -0.07118010625 0)
(-0.04078967893 -0.05251482471 0)
(-0.02661685377 -0.03470648292 0)
(-0.01575712788 -0.01892560471 0)
(-0.008079566994 -0.006234750067 0)
(-0.003230889286 0.002419962447 0)
(-0.0007057403263 0.006187083779 0)
(2.299417231e-05 0.004252933302 0)
(-0.000773995635 0.01087788904 0)
(-0.004764249213 0.02931402486 0)
(-0.01249561315 0.04449209617 0)
(-0.02236001024 0.05702890022 0)
(-0.03369830351 0.06767501236 0)
(-0.04619194733 0.07707876144 0)
(-0.05963490452 0.08568523964 0)
(-0.07389762008 0.09371257946 0)
(-0.08888034785 0.1011797291 0)
(-0.1044762298 0.107960381 0)
(-0.1205555774 0.113841548 0)
(-0.1369640602 0.1185741832 0)
(-0.1535280575 0.1219111697 0)
(-0.1700626841 0.1236328357 0)
(-0.1863796514 0.1235621596 0)
(-0.202293652 0.12157221 0)
(-0.2176270751 0.117588161 0)
(-0.2322134419 0.1115858501 0)
(-0.2459000515 0.1035883769 0)
(-0.25855006 0.09366170382 0)
(-0.2700438261 0.0819097555 0)
(-0.2802790637 0.06846928089 0)
(-0.2891692445 0.05350482558 0)
(-0.2966398899 0.03720440046 0)
(-0.3026234153 0.01977617422 0)
(-0.3070540543 0.001445330661 0)
(-0.3098524138 -0.01754693806 0)
(-0.3109271353 -0.03692241231 0)
(-0.3101673809 -0.05638296016 0)
(-0.3074326916 -0.07558740726 0)
(-0.3025592824 -0.09414452672 0)
(-0.2953658095 -0.1116040122 0)
(-0.2856679506 -0.1274521285 0)
(-0.2733017915 -0.1411153316 0)
(-0.2581567531 -0.1519764888 0)
(-0.240216818 -0.1594081206 0)
(-0.2196064326 -0.1628258185 0)
(-0.1966341297 -0.1617618182 0)
(-0.1718233816 -0.155953217 0)
(-0.1459176378 -0.1454317335 0)
(-0.1198470126 -0.1305941673 0)
(-0.09465009749 -0.1122287872 0)
(-0.0713568516 -0.09147815104 0)
(-0.05085485641 -0.06973638562 0)
(-0.03377342759 -0.04850435759 0)
(-0.02041763948 -0.0292462814 0)
(-0.01076183023 -0.01329122855 0)
(-0.004486237051 -0.001798371883 0)
(-0.001074436915 0.00422639551 0)
(-5.947158261e-06 0.003859802976 0)
(-0.00083876538 0.01352142802 0)
(-0.005125555594 0.03574211323 0)
(-0.01339258902 0.05357024215 0)
(-0.02389304968 0.06796634071 0)
(-0.03590443882 0.07996464601 0)
(-0.04907480046 0.09041857391 0)
(-0.06317512274 0.09989754383 0)
(-0.07806005112 0.1086769091 0)
(-0.09361816576 0.1167868376 0)
(-0.109733372 0.1240873073 0)
(-0.1262690354 0.1303431394 0)
(-0.143066441 0.1352848934 0)
(-0.1599501535 0.1386516456 0)
(-0.1767356476 0.1402175548 0)
(-0.193236614 0.139806196 0)
(-0.2092710345 0.137296588 0)
(-0.2246661568 0.1326240359 0)
(-0.2392628283 0.1257779633 0)
(-0.2529194412 0.1167980085 0)
(-0.2655152793 0.1057689337 0)
(-0.2769526465 0.09281450092 0)
(-0.2871569956 0.07809049448 0)
(-0.2960744421 0.06177738851 0)
(-0.3036666304 0.04407345316 0)
(-0.3099037239 0.02518914304 0)
(-0.3147551009 0.00534435662 0)
(-0.3181740042 -0.0152282914 0)
(-0.3200951647 -0.03628273923 0)
(-0.3204224306 -0.05754916785 0)
(-0.3190162268 -0.07871945639 0)
(-0.3156954896 -0.09943388095 0)
(-0.3102382005 -0.1192647641 0)
(-0.3023919139 -0.1377030785 0)
(-0.2918941234 -0.1541515765 0)
(-0.2785050158 -0.1679301386 0)
(-0.2620531468 -0.1782997874 0)
(-0.2424923273 -0.1845116789 0)
(-0.2199641163 -0.1858851317 0)
(-0.1948551861 -0.1819133472 0)
(-0.1678334756 -0.1723862129 0)
(-0.1398438068 -0.1575074526 0)
(-0.11204614 -0.1379721997 0)
(-0.08569169144 -0.1149688107 0)
(-0.06195422689 -0.09008431797 0)
(-0.04175851173 -0.0651275518 0)
(-0.02565788711 -0.04192298322 0)
(-0.01379068997 -0.02214461391 0)
(-0.005906623836 -0.007234613376 0)
(-0.00149218592 0.001594942551 0)
(-3.896214807e-05 0.003276971406 0)
(-0.000884400535 0.01633589882 0)
(-0.005386509333 0.04255665853 0)
(-0.01404953331 0.06315985572 0)
(-0.02502449714 0.07947617984 0)
(-0.03753697011 0.09284378702 0)
(-0.05120402952 0.1043358833 0)
(-0.06577369519 0.114655664 0)
(-0.08108395064 0.1241412588 0)
(-0.0970109909 0.1328374702 0)
(-0.1134292789 0.1405932121 0)
(-0.1301953013 0.1471536413 0)
(-0.1471458587 0.1522313391 0)
(-0.1641030868 0.1555536327 0)
(-0.1808816349 0.1568901002 0)
(-0.1972957167 0.1560662669 0)
(-0.2131654585 0.1529687629 0)
(-0.2283227996 0.1475456207 0)
(-0.2426172257 0.139803802 0)
(-0.2559211695 0.1298047934 0)
(-0.2681343888 0.1176583728 0)
(-0.2791863578 0.1035145073 0)
(-0.2890358005 0.08755370707 0)
(-0.2976669613 0.06997670425 0)
(-0.3050829248 0.05099466316 0)
(-0.3112965351 0.03082127702 0)
(-0.3163182226 0.009668762502 0)
(-0.3201406913 -0.01225054983 0)
(-0.3227342844 -0.03472095349 0)
(-0.3240298949 -0.05751451008 0)
(-0.3239039682 -0.08037201494 0)
(-0.3221767171 -0.1029856742 0)
(-0.3186062543 -0.1249761665 0)
(-0.3128929205 -0.1458699725 0)
(-0.3046933289 -0.1650804515 0)
(-0.2936484094 -0.1818988794 0)
(-0.2794281442 -0.1955035536 0)
(-0.2617940582 -0.2049964405 0)
(-0.2406766527 -0.2094763477 0)
(-0.2162589408 -0.2081535401 0)
(-0.1890493866 -0.2005013628 0)
(-0.1599196811 -0.1864248527 0)
(-0.1300792063 -0.1664070003 0)
(-0.1009653633 -0.141578676 0)
(-0.07405266297 -0.1136633928 0)
(-0.05062109172 -0.08478612712 0)
(-0.03155540004 -0.05719750508 0)
(-0.01723666645 -0.03301234001 0)
(-0.007538831333 -0.01404988514 0)
(-0.00197882139 -0.0018004526 0)
(-7.95344468e-05 0.002475342169 0)
(-0.000907879525 0.01926235117 0)
(-0.00553319821 0.04963242465 0)
(-0.0144360967 0.0731021218 0)
(-0.02570755879 0.09138341099 0)
(-0.03853421657 0.1061284781 0)
(-0.05250468914 0.1186394508 0)
(-0.06734378531 0.1297604823 0)
(-0.08287167683 0.1398976683 0)
(-0.09895122139 0.1491142406 0)
(-0.1154470107 0.1572510674 0)
(-0.1322084856 0.1640361893 0)
(-0.1490676812 0.1691663054 0)
(-0.1658437281 0.1723586356 0)
(-0.1823497151 0.1733795838 0)
(-0.1983999027 0.1720582934 0)
(-0.2138168723 0.1682915608 0)
(-0.2284387594 0.1620440658 0)
(-0.2421264759 0.1533456837 0)
(-0.2547702683 0.1422862053 0)
(-0.2662945304 0.1290072362 0)
(-0.2766597639 0.1136912867 0)
(-0.2858609578 0.09654876053 0)
(-0.2939223669 0.0778042422 0)
(-0.3008893997 0.05768377807 0)
(-0.3068180828 0.03640479084 0)
(-0.3117611067 0.01417043384 0)
(-0.3157519739 -0.008829648733 0)
(-0.3188016319 -0.03241402251 0)
(-0.3208769231 -0.05640493928 0)
(-0.3218834728 -0.08060286005 0)
(-0.3216613906 -0.1047679722 0)
(-0.3199728455 -0.128592105 0)
(-0.3164989489 -0.1516676475 0)
(-0.3108447999 -0.1734564592 0)
(-0.3025583963 -0.1932646179 0)
(-0.2911682667 -0.2102319188 0)
(-0.2762441039 -0.2233481185 0)
(-0.2574816319 -0.2315098655 0)
(-0.2348069375 -0.2336309441 0)
(-0.2084860567 -0.2288110496 0)
(-0.1792135984 -0.2165517958 0)
(-0.148143091 -0.1969824456 0)
(-0.1168194761 -0.1710280331 0)
(-0.08699247307 -0.1404373743 0)
(-0.06033492122 -0.1076158778 0)
(-0.03814759835 -0.07528946664 0)
(-0.02115115637 -0.04612091043 0)
(-0.009420862682 -0.02242705671 0)
(-0.002552179116 -0.006075103665 0)
(-0.0001319626068 0.001415019699 0)
(-0.0009071219924 0.02223509111 0)
(-0.005555824108 0.05683154373 0)
(-0.01453071005 0.08322421823 0)
(-0.02590902541 0.1034998328 0)
(-0.03885283797 0.1196231154 0)
(-0.05292502713 0.1331279587 0)
(-0.06782685925 0.1450041617 0)
(-0.08335939926 0.1557306125 0)
(-0.09937112585 0.1653931989 0)
(-0.1157163309 0.1738281876 0)
(-0.1322373668 0.1807491767 0)
(-0.1487615676 0.1858389939 0)
(-0.1651051776 0.1888063626 0)
(-0.1810801196 0.189416206 0)
(-0.1965017467 0.1875036769 0)
(-0.2111971074 0.1829793499 0)
(-0.2250135618 0.1758295728 0)
(-0.237827179 0.1661132917 0)
(-0.2495498242 0.1539552261 0)
(-0.2601336404 0.139535074 0)
(-0.2695719014 0.12307308 0)
(-0.2778958358 0.1048132546 0)
(-0.2851678488 0.08500622435 0)
(-0.2914722685 0.06389387881 0)
(-0.2969041216 0.04169767524 0)
(-0.3015541519 0.01861179643 0)
(-0.3054924008 -0.005197499451 0)
(-0.3087718454 -0.0295846273 0)
(-0.3113989186 -0.05442506037 0)
(-0.3133159418 -0.07958337163 0)
(-0.3143985345 -0.1048972426 0)
(-0.3144360792 -0.1301462335 0)
(-0.3131209617 -0.155014199 0)
(-0.3100433438 -0.1790476878 0)
(-0.3046976311 -0.201614528 0)
(-0.2965072942 -0.2218711082 0)
(-0.2848754572 -0.2387516307 0)
(-0.2692671574 -0.2509973102 0)
(-0.2493243242 -0.2572459935 0)
(-0.2250050062 -0.2561994458 0)
(-0.1967236504 -0.2468716686 0)
(-0.1654511206 -0.2288923522 0)
(-0.1327185369 -0.2027956659 0)
(-0.1004731982 -0.170181715 0)
(-0.07077673916 -0.1336348357 0)
(-0.04541536963 -0.09636477112 0)
(-0.02555733179 -0.06168680555 0)
(-0.0115798655 -0.03256095544 0)
(-0.003226191391 -0.01136146995 0)
(-0.000198865148 4.708176332e-05 0)
(-0.0008811661168 0.02518421949 0)
(-0.005449339547 0.06400799974 0)
(-0.01432170772 0.0933442316 0)
(-0.02561070869 0.1156289323 0)
(-0.03846944577 0.1331253315 0)
(-0.05243823142 0.1475950811 0)
(-0.06719461445 0.1601756 0)
(-0.08251931673 0.1714230205 0)
(-0.09824550199 0.1814506348 0)
(-0.1142169793 0.1900941282 0)
(-0.1302694358 0.197055691 0)
(-0.1462263368 0.2020065336 0)
(-0.1619022862 0.2046488512 0)
(-0.1771098861 0.2047484055 0)
(-0.1916682313 0.2021496113 0)
(-0.2054123117 0.1967813046 0)
(-0.2182027151 0.1886570743 0)
(-0.2299345948 0.1778710273 0)
(-0.2405445051 0.1645886123 0)
(-0.2500138067 0.1490323667 0)
(-0.2583678935 0.1314634973 0)
(-0.2656712861 0.1121612774 0)
(-0.2720194141 0.09140279465 0)
(-0.2775284571 0.06944560356 0)
(-0.2823241285 0.04651549397 0)
(-0.2865276182 0.0227997407 0)
(-0.2902375589 -0.001558474673 0)
(-0.2935448768 -0.0264659246 0)
(-0.2964920755 -0.05182433694 0)
(-0.2990607404 -0.07756765659 0)
(-0.3011722672 -0.1036145956 0)
(-0.3026615308 -0.1298404591 0)
(-0.3032598226 -0.1560373599 0)
(-0.3025799093 -0.1818655767 0)
(-0.3001085395 -0.2067984254 0)
(-0.2952143705 -0.2300675502 0)
(-0.2871812121 -0.2506215125 0)
(-0.2752769884 -0.2671178669 0)
(-0.2588661228 -0.2779757294 0)
(-0.2375651135 -0.2815185416 0)
(-0.2114259199 -0.2762291613 0)
(-0.1811088862 -0.2611130649 0)
(-0.1479802733 -0.2361133457 0)
(-0.1140534456 -0.2024496399 0)
(-0.08171617585 -0.1627011247 0)
(-0.05327229667 -0.1204999519 0)
(-0.03044244637 -0.07989214125 0)
(-0.01402668196 -0.04464309213 0)
(-0.004009824335 -0.01779894822 0)
(-0.0002825220247 -0.001683340875 0)
(-0.0008302615405 0.02803846614 0)
(-0.005213800547 0.07101251479 0)
(-0.01380795364 0.1032763665 0)
(-0.02481020544 0.1275709225 0)
(-0.0373813796 0.1464309485 0)
(-0.0510431511 0.1618346139 0)
(-0.06544962679 0.1750659882 0)
(-0.08036023607 0.1867624737 0)
(-0.09559218249 0.1970701299 0)
(-0.1109790467 0.2058288582 0)
(-0.1263509567 0.212733119 0)
(-0.1415293223 0.2174453268 0)
(-0.1563296007 0.2196637542 0)
(-0.1705682992 0.2191580682 0)
(-0.1840721793 0.2157859158 0)
(-0.1966885253 0.2094992976 0)
(-0.2082953832 0.2003444541 0)
(-0.218810356 0.1884558332 0)
(-0.228196435 0.1740437697 0)
(-0.2364637421 0.1573761998 0)
(-0.2436668403 0.1387560696 0)
(-0.2498981279 0.1184971595 0)
(-0.2552784146 0.09690133753 0)
(-0.2599458877 0.07423989915 0)
(-0.2640449013 0.05074095593 0)
(-0.2677179961 0.02658281376 0)
(-0.2711022163 0.001888784355 0)
(-0.274291239 -0.02327499044 0)
(-0.2773471698 -0.04885645475 0)
(-0.2803112878 -0.07484689379 0)
(-0.2831481938 -0.1012389995 0)
(-0.2857474195 -0.1280015936 0)
(-0.2878994271 -0.1550407043 0)
(-0.2892718838 -0.1821480374 0)
(-0.2893886623 -0.2089365344 0)
(-0.2876192471 -0.2347669179 0)
(-0.2831896738 -0.2586757846 0)
(-0.2752289317 -0.2793251874 0)
(-0.2628649402 -0.2950046056 0)
(-0.2453793116 -0.3037256893 0)
(-0.2224170023 -0.3034518021 0)
(-0.1942227529 -0.2924872334 0)
(-0.1618408825 -0.2700004559 0)
(-0.1271779966 -0.2365635645 0)
(-0.09281992347 -0.1944808652 0)
(-0.06156092618 -0.1476473819 0)
(-0.03575423506 -0.100858496 0)
(-0.01675451041 -0.05884618248 0)
(-0.004906845902 -0.02552767882 0)
(-0.0003847160879 -0.003834886925 0)
(-0.0007558726142 0.03072815394 0)
(-0.004854418518 0.0776976181 0)
(-0.01299894269 0.1128362614 0)
(-0.02352095653 0.1391277687 0)
(-0.03560660529 0.1593388184 0)
(-0.04876392454 0.1756454216 0)
(-0.06262461011 0.1894741291 0)
(-0.07692635111 0.2015470924 0)
(-0.09147016792 0.2120491657 0)
(-0.1060801852 0.2208302289 0)
(-0.1205828034 0.2275815887 0)
(-0.1348001318 0.2319604855 0)
(-0.1485520382 0.2336646243 0)
(-0.1616631578 0.2324712881 0)
(-0.1739725296 0.2282556826 0)
(-0.1853442365 0.2209977073 0)
(-0.1956775042 0.2107807995 0)
(-0.204914602 0.1977833457 0)
(-0.2130450806 0.1822625745 0)
(-0.2201055275 0.1645319305 0)
(-0.2261749429 0.1449344226 0)
(-0.231366672 0.123815376 0)
(-0.2358182495 0.1014979755 0)
(-0.2396804662 0.07826411273 0)
(-0.2431073458 0.0543416551 0)
(-0.2462496969 0.02989802373 0)
(-0.2492492807 0.005041357644 0)
(-0.2522179328 -0.02016852628 0)
(-0.2552433722 -0.04573876404 0)
(-0.2583893628 -0.07170158007 0)
(-0.2616665488 -0.09811113859 0)
(-0.2650226576 -0.1250192334 0)
(-0.2683184397 -0.1524404013 0)
(-0.2712989285 -0.1803022026 0)
(-0.2735617267 -0.2083772486 0)
(-0.2745290398 -0.236196862 0)
(-0.2734345691 -0.2629528338 0)
(-0.2693412002 -0.2874042644 0)
(-0.2612087502 -0.307820782 0)
(-0.2480301625 -0.3220094973 0)
(-0.2290455645 -0.3274853852 0)
(-0.2040217549 -0.3218418738 0)
(-0.1735459619 -0.3033404411 0)
(-0.1392294944 -0.2716409148 0)
(-0.1036717527 -0.2284353335 0)
(-0.0700566215 -0.1776069417 0)
(-0.04140029111 -0.1246210274 0)
(-0.01973826624 -0.0753068799 0)
(-0.005915601078 -0.03467902639 0)
(-0.0005066437093 -0.006466989497 0)
(-0.0006605940588 0.03318809788 0)
(-0.00438131717 0.08392265133 0)
(-0.01191439065 0.121846209 0)
(-0.0217716249 0.1501080302 0)
(-0.0331827705 0.1716553562 0)
(-0.04564856122 0.1888359396 0)
(-0.05878034793 0.2032111587 0)
(-0.07229431039 0.215590622 0)
(-0.08597554091 0.2262046308 0)
(-0.09963995312 0.2349198833 0)
(-0.1131126358 0.2414301726 0)
(-0.1262198378 0.2453920911 0)
(-0.1387900529 0.2465068195 0)
(-0.1506607004 0.244563336 0)
(-0.16168772 0.2394586143 0)
(-0.1717559636 0.231204431 0)
(-0.180788475 0.2199245323 0)
(-0.1887529109 0.2058428439 0)
(-0.1956638297 0.1892631769 0)
(-0.2015804064 0.1705422469 0)
(-0.2066000884 0.1500593432 0)
(-0.210849447 0.1281866861 0)
(-0.214473767 0.105264094 0)
(-0.2176268126 0.08158026857 0)
(-0.2204622472 0.05736129765 0)
(-0.2231279059 0.03276605934 0)
(-0.2257607756 0.007888949623 0)
(-0.2284791364 -0.01723364996 0)
(-0.2313835942 -0.04262903701 0)
(-0.2345542447 -0.06836479664 0)
(-0.2380375595 -0.09454289861 0)
(-0.2418338827 -0.1212821536 0)
(-0.2458750805 -0.1486910669 0)
(-0.2499939109 -0.1768247254 0)
(-0.2538854856 -0.2056196241 0)
(-0.2570653939 -0.2348020242 0)
(-0.2588341325 -0.263770896 0)
(-0.2582639178 -0.2914669785 0)
(-0.2542302879 -0.316255816 0)
(-0.2455144854 -0.3358741591 0)
(-0.2309992051 -0.3475119962 0)
(-0.2099638689 -0.3481165571 0)
(-0.1824490336 -0.3349883329 0)
(-0.1495981809 -0.3066563523 0)
(-0.113808368 -0.2638350283 0)
(-0.07847995975 -0.2100106249 0)
(-0.0472506552 -0.1511065 0)
(-0.02293475978 -0.09410917208 0)
(-0.007028974112 -0.04536640424 0)
(-0.0006489189803 -0.00963716925 0)
(-0.0005479869385 0.035360263 0)
(-0.003809020227 0.08955848758 0)
(-0.01058336142 0.1301401032 0)
(-0.01960486787 0.1603313666 0)
(-0.03016552815 0.1831985974 0)
(-0.04176663462 0.2012280113 0)
(-0.05400252215 0.2161043686 0)
(-0.06656890168 0.228726327 0)
(-0.0792356561 0.2393767389 0)
(-0.09181205098 0.2479470328 0)
(-0.104124586 0.2541402392 0)
(-0.1160073767 0.2576177041 0)
(-0.1273019042 0.2580886287 0)
(-0.1378628722 0.2553577737 0)
(-0.1475671614 0.2493474941 0)
(-0.156323324 0.2401041858 0)
(-0.1640794643 0.22779322 0)
(-0.1708277938 0.2126835169 0)
(-0.1766048693 0.1951229438 0)
(-0.1814874575 0.1755072333 0)
(-0.1855848793 0.1542465413 0)
(-0.1890292869 0.1317341503 0)
(-0.1919654872 0.10832102 0)
(-0.1945417418 0.08429823671 0)
(-0.1969027224 0.0598875712 0)
(-0.1991851143 0.03523921632 0)
(-0.2015147594 0.01043529954 0)
(-0.2040046755 -0.01450464506 0)
(-0.2067564066 -0.03962079397 0)
(-0.209859033 -0.0650024545 0)
(-0.2133831853 -0.0907826321 0)
(-0.2173712259 -0.11712764 0)
(-0.2218185318 -0.1442191179 0)
(-0.22664428 -0.1722210683 0)
(-0.2316504924 -0.2012232851 0)
(-0.2364712351 -0.2311525339 0)
(-0.2405189439 -0.2616463979 0)
(-0.2429422051 -0.2918938758 0)
(-0.2426181141 -0.3204635667 0)
(-0.2382102813 -0.345165432 0)
(-0.2283264087 -0.3630240589 0)
(-0.211800485 -0.3704725951 0)
(-0.1880948757 -0.3638873993 0)
(-0.1577568173 -0.3405322635 0)
(-0.1227676621 -0.2998032823 0)
(-0.08651820234 -0.2443257524 0)
(-0.05314438636 -0.1801190486 0)
(-0.02628404339 -0.1152701604 0)
(-0.008234488693 -0.05767671535 0)
(-0.0008115456424 -0.01339829908 0)
(-0.0004223506019 0.03719603229 0)
(-0.003155717373 0.0944917726 0)
(-0.009043012392 0.1375679668 0)
(-0.01707562118 0.1696326031 0)
(-0.02662629753 0.1938016735 0)
(-0.03720633061 0.2126599162 0)
(-0.04839778849 0.2279999419 0)
(-0.05987785322 0.2408094666 0)
(-0.07140232193 0.2514311231 0)
(-0.08277547798 0.2597899057 0)
(-0.09382791389 0.2656058699 0)
(-0.1044051808 0.2685512664 0)
(-0.114365755 0.2683481156 0)
(-0.1235854734 0.2648206998 0)
(-0.131965199 0.2579193889 0)
(-0.1394388254 0.2477263939 0)
(-0.1459793285 0.2344480984 0)
(-0.1516012879 0.2183958245 0)
(-0.1563592001 0.1999570804 0)
(-0.160341871 0.1795608583 0)
(-0.1636639792 0.1576417664 0)
(-0.1664563416 0.1346078249 0)
(-0.1688564376 0.1108155713 0)
(-0.1710004847 0.0865542177 0)
(-0.1730179579 0.06203864835 0)
(-0.1750287814 0.03740969125 0)
(-0.1771426084 0.01273919514 0)
(-0.1794598561 -0.01196356967 0)
(-0.182074527 -0.03674653577 0)
(-0.1850759852 -0.06170899614 0)
(-0.1885475583 -0.08699923687 0)
(-0.1925607436 -0.1128110877 0)
(-0.197161376 -0.1393756572 0)
(-0.20234457 -0.1669406568 0)
(-0.2080155529 -0.1957269602 0)
(-0.2139355204 -0.2258501233 0)
(-0.2196560279 -0.2571956318 0)
(-0.2244528997 -0.2892433069 0)
(-0.2272810173 -0.320851685 0)
(-0.226783045 -0.3500398058 0)
(-0.2213943113 -0.3738423025 0)
(-0.2095858815 -0.3883602036 0)
(-0.1902681161 -0.3891692536 0)
(-0.1633241626 -0.3722397141 0)
(-0.1301413083 -0.3353844067 0)
(-0.09385456027 -0.2798796095 0)
(-0.05890065121 -0.2113371899 0)
(-0.02971237198 -0.1387300832 0)
(-0.009514684855 -0.07166300293 0)
(-0.000993851304 -0.01779593707 0)
(-0.0002884509981 0.03865797949 0)
(-0.002442369261 0.09862852798 0)
(-0.007337060736 0.1439999468 0)
(-0.01424903803 0.1778652922 0)
(-0.02264966642 0.2033156616 0)
(-0.03207114258 0.2229885439 0)
(-0.04208950953 0.2387645496 0)
(-0.05236632283 0.2517183179 0)
(-0.06264475895 0.2622591346 0)
(-0.07272566968 0.2703550259 0)
(-0.08244604078 0.275751716 0)
(-0.09166586396 0.2781390824 0)
(-0.10026386 0.2772567809 0)
(-0.108139864 0.2729517326 0)
(-0.1152205734 0.2652037384 0)
(-0.1214655707 0.2541303661 0)
(-0.1268712869 0.2399765485 0)
(-0.1314715153 0.22309165 0)
(-0.1353340967 0.2038969739 0)
(-0.1385543323 0.1828480844 0)
(-0.1412463431 0.160397255 0)
(-0.1435338678 0.1369610423 0)
(-0.1455418969 0.1128964822 0)
(-0.147390206 0.08848729222 0)
(-0.1491894164 0.06393943402 0)
(-0.15103967 0.03938393138 0)
(-0.1530315582 0.0148839407 0)
(-0.1552489404 -0.009557334178 0)
(-0.1577730409 -0.03399032809 0)
(-0.1606864648 -0.05851526487 0)
(-0.1640752163 -0.08328268574 0)
(-0.1680269602 -0.1084960246 0)
(-0.1726225166 -0.1344126545 0)
(-0.1779166884 -0.1613362078 0)
(-0.1839042402 -0.1895891044 0)
(-0.190467664 -0.2194504343 0)
(-0.1973065163 -0.2510425069 0)
(-0.2038548082 -0.2841525909 0)
(-0.2092038787 -0.3179886207 0)
(-0.2120625637 -0.3508932434 0)
(-0.2108013257 -0.3800826244 0)
(-0.2036358889 -0.4015347122 0)
(-0.1889981469 -0.4102175025 0)
(-0.1661024258 -0.4008882572 0)
(-0.1356207375 -0.3696241366 0)
(-0.1002012705 -0.3159035466 0)
(-0.06433396279 -0.2443242155 0)
(-0.03313709387 -0.1643484735 0)
(-0.01084802135 -0.08733923842 0)
(-0.001194465481 -0.02286598108 0)
(-0.0001512554928 0.03972117101 0)
(-0.001691740957 0.1018969603 0)
(-0.005514080979 0.1493296992 0)
(-0.01119823161 0.1849047608 0)
(-0.01833064269 0.2116118428 0)
(-0.02647650454 0.2320907717 0)
(-0.03521354839 0.2482858952 0)
(-0.04419161775 0.2613538897 0)
(-0.05314304472 0.2717765976 0)
(-0.06186652069 0.2795747461 0)
(-0.07020707298 0.2845289679 0)
(-0.0780412674 0.2863538709 0)
(-0.08527029761 0.2848114079 0)
(-0.09181972793 0.2797734884 0)
(-0.09764276779 0.2712494823 0)
(-0.1027239397 0.2593902789 0)
(-0.1070808497 0.244475292 0)
(-0.1107628645 0.2268861989 0)
(-0.1138465669 0.2070713207 0)
(-0.1164287203 0.1855057193 0)
(-0.1186179759 0.1626526964 0)
(-0.1205266769 0.1389317324 0)
(-0.1222639182 0.114696135 0)
(-0.1239306484 0.0902214151 0)
(-0.1256171926 0.06570333707 0)
(-0.1274031659 0.04126313371 0)
(-0.1293594985 0.01695658801 0)
(-0.1315522329 -0.00721647233 0)
(-0.1340473669 -0.03130503658 0)
(-0.136916269 -0.05540384107 0)
(-0.1402400334 -0.07965598772 0)
(-0.1441111986 -0.104260169 0)
(-0.1486303013 -0.1294797555 0)
(-0.1538932703 -0.1556474838 0)
(-0.1599647225 -0.1831549711 0)
(-0.1668318544 -0.2124109199 0)
(-0.174335244 -0.2437471717 0)
(-0.1820780573 -0.277250902 0)
(-0.1893254223 -0.3125088852 0)
(-0.1949215824 -0.348271789 0)
(-0.1972717737 -0.3820886791 0)
(-0.1944532274 -0.4100278355 0)
(-0.1845248955 -0.426687487 0)
(-0.1660823618 -0.4257877225 0)
(-0.1390263508 -0.4016463005 0)
(-0.105329997 -0.3515891604 0)
(-0.06927185534 -0.2785515327 0)
(-0.03647338286 -0.191907699 0)
(-0.01221043644 -0.1046781792 0)
(-0.001411394965 -0.0286329441 0)
(-1.586762518e-05 0.04037397136 0)
(-0.0009275775421 0.1042493109 0)
(-0.003625707231 0.1534771991 0)
(-0.00800194953 0.1906506726 0)
(-0.01377193647 0.2185834585 0)
(-0.02054661328 0.2398641921 0)
(-0.02791446064 0.2564724046 0)
(-0.03551858133 0.2696385984 0)
(-0.04308258239 0.2799214083 0)
(-0.05040391927 0.2874035988 0)
(-0.05733650207 0.2919102229 0)
(-0.06377455753 0.2931879321 0)
(-0.06964284377 0.2910254026 0)
(-0.07489326282 0.2853211164 0)
(-0.07950520498 0.276112976 0)
(-0.08348660769 0.2635818138 0)
(-0.08687354272 0.2480362073 0)
(-0.0897273123 0.2298834909 0)
(-0.09212910404 0.2095917697 0)
(-0.09417300636 0.1876485898 0)
(-0.09595853739 0.1645221745 0)
(-0.09758382284 0.1406301901 0)
(-0.09914028966 0.1163190372 0)
(-0.100709374 0.09185433689 0)
(-0.1023613854 0.06742121852 0)
(-0.1041563856 0.04313162509 0)
(-0.1061468417 0.0190351808 0)
(-0.1083817919 -0.004869869256 0)
(-0.1109118091 -0.0286286166 0)
(-0.1137950327 -0.05232643603 0)
(-0.1171028402 -0.07609274187 0)
(-0.120924047 -0.1001113442 0)
(-0.1253657273 -0.1246357745 0)
(-0.1305469417 -0.1500046743 0)
(-0.1365802673 -0.1766476324 0)
(-0.1435346223 -0.2050654118 0)
(-0.1513728936 -0.2357612681 0)
(-0.159861041 -0.2690949349 0)
(-0.1684538441 -0.3050327841 0)
(-0.176178154 -0.3427838832 0)
(-0.1815568538 -0.3803503558 0)
(-0.182641494 -0.4140893745 0)
(-0.1772397079 -0.4384871647 0)
(-0.1634191234 -0.446474466 0)
(-0.140314161 -0.4307108885 0)
(-0.1090928704 -0.3861462474 0)
(-0.07357226778 -0.3134317638 0)
(-0.0396422384 -0.2211240117 0)
(-0.01357753811 -0.1236130044 0)
(-0.001642218613 -0.0351092008 0)
(0.0001123347347 0.04061635708 0)
(-0.0001738570913 0.105663175 0)
(-0.001724671708 0.1563914069 0)
(-0.004742355053 0.195029406 0)
(-0.00908140583 0.2241471533 0)
(-0.01441161077 0.2462273934 0)
(-0.02034231608 0.2632523331 0)
(-0.0265159327 0.2765142513 0)
(-0.03264991205 0.2866504236 0)
(-0.03854110991 0.2938140427 0)
(-0.044052339 0.2978839917 0)
(-0.04909549066 0.2986463384 0)
(-0.05361885862 0.2959206864 0)
(-0.05760029256 0.289633041 0)
(-0.06104427651 0.2798478718 0)
(-0.06398022165 0.2667715724 0)
(-0.06645994905 0.2507357292 0)
(-0.06855348467 0.2321661858 0)
(-0.07034330977 0.2115435447 0)
(-0.07191784585 0.1893612069 0)
(-0.07336516269 0.1660869568 0)
(-0.07476777241 0.1421328887 0)
(-0.0761990626 0.1178363819 0)
(-0.07772157972 0.09345248035 0)
(-0.07938709307 0.0691560383 0)
(-0.0812381982 0.04505068364 0)
(-0.08331123591 0.02118109282 0)
(-0.08564038515 -0.002454849491 0)
(-0.08826223292 -0.02589693401 0)
(-0.09122175062 -0.04921961342 0)
(-0.09457834971 -0.0725354507 0)
(-0.09841153451 -0.09600737812 0)
(-0.1028248647 -0.1198682517 0)
(-0.1079451046 -0.1444446124 0)
(-0.1139117972 -0.1701768598 0)
(-0.1208503257 -0.1976210856 0)
(-0.1288201005 -0.2274086309 0)
(-0.1377304627 -0.2601304031 0)
(-0.1472227755 -0.2961086555 0)
(-0.1565310849 -0.3350274716 0)
(-0.1643571577 -0.3754249664 0)
(-0.168826001 -0.4141166966 0)
(-0.1676179584 -0.4457318194 0)
(-0.1583888692 -0.4627048636 0)
(-0.1395616213 -0.4562461549 0)
(-0.1114304344 -0.4188523685 0)
(-0.07713702762 -0.3483559993 0)
(-0.04257854759 -0.2516647398 0)
(-0.01492718633 -0.1440429314 0)
(-0.001884384005 -0.04229548243 0)
(0.0002302623076 0.04046126207 0)
(0.0005488881196 0.1061418164 0)
(0.0001368808556 0.158050157 0)
(-0.001503551512 0.1979965112 0)
(-0.004370035604 0.2282445812 0)
(-0.008205280184 0.2511201269 0)
(-0.01265025882 0.2685726027 0)
(-0.01735368314 0.281939695 0)
(-0.02202997135 0.2919360703 0)
(-0.02647592074 0.2987921237 0)
(-0.03056258183 0.3024494545 0)
(-0.03421852859 0.3027408356 0)
(-0.03741456082 0.2995208572 0)
(-0.04015327691 0.2927436016 0)
(-0.04246268345 0.2824975485 0)
(-0.04439164049 0.269009673 0)
(-0.04600534293 0.2526279993 0)
(-0.04738006585 0.2337896283 0)
(-0.04859732895 0.2129806239 0)
(-0.04973815297 0.190694188 0)
(-0.05087817173 0.1673931169 0)
(-0.05208415965 0.1434811094 0)
(-0.05341221294 0.1192853457 0)
(-0.05490752755 0.09505044737 0)
(-0.056605524 0.07094201793 0)
(-0.05853399705 0.04705676497 0)
(-0.0607160385 0.0234357422 0)
(-0.06317359739 7.738987971e-05 0)
(-0.06593185445 -0.02305249812 0)
(-0.06902419504 -0.04601716456 0)
(-0.07249771023 -0.06891166596 0)
(-0.07641982301 -0.09187572291 0)
(-0.08088395053 -0.115115517 0)
(-0.08601275821 -0.1389332628 0)
(-0.09195476885 -0.1637588664 0)
(-0.09886761479 -0.1901712311 0)
(-0.1068787402 -0.2188863077 0)
(-0.1160132319 -0.2506769332 0)
(-0.1260811902 -0.2861789614 0)
(-0.1365279009 -0.3255378479 0)
(-0.1462722062 -0.3678717833 0)
(-0.1535921617 -0.4105860848 0)
(-0.1561568718 -0.4486868899 0)
(-0.1513382344 -0.4744254494 0)
(-0.1369386704 -0.4778550082 0)
(-0.112365694 -0.4490865271 0)
(-0.07991865193 -0.3827283065 0)
(-0.04523795273 -0.283168805 0)
(-0.01624218958 -0.1658423791 0)
(-0.002135578144 -0.05018274911 0)
(0.0003341022402 0.03993526156 0)
(0.001220444117 0.1057170723 0)
(0.001910732015 0.1584619007 0)
(0.001632554706 0.1995345237 0)
(0.0002492914899 0.2308424481 0)
(-0.002063663414 0.25450365 0)
(-0.004992927354 0.2723977506 0)
(-0.008201617652 0.2858884658 0)
(-0.01140471831 0.2957630022 0)
(-0.01439966891 0.3023333779 0)
(-0.01706467094 0.3056118005 0)
(-0.01934323274 0.3054847876 0)
(-0.02122682667 0.3018459337 0)
(-0.02274100378 0.294677838 0)
(-0.02393547903 0.2840902261 0)
(-0.02487670919 0.2703254889 0)
(-0.02564146768 0.2537414896 0)
(-0.02631072569 0.234779547 0)
(-0.02696393956 0.2139246125 0)
(-0.027674248 0.1916642948 0)
(-0.02850507996 0.1684526202 0)
(-0.02950841951 0.1446828481 0)
(-0.03072466324 0.1206714984 0)
(-0.03218377469 0.09665352363 0)
(-0.03390733917 0.07278675897 0)
(-0.03591112616 0.04916268448 0)
(-0.03820790523 0.02582017405 0)
(-0.04081044828 0.002759005522 0)
(-0.04373520996 -0.02004976616 0)
(-0.04700609326 -0.0426587637 0)
(-0.05065925971 -0.06514658108 0)
(-0.05474951802 -0.08763025582 0)
(-0.05935662416 -0.1102874538 0)
(-0.06459121251 -0.1333894001 0)
(-0.07059690923 -0.1573407559 0)
(-0.07754268136 -0.1827171105 0)
(-0.08559635419 -0.2102794239 0)
(-0.09486747831 -0.2409311098 0)
(-0.1053070956 -0.2755673677 0)
(-0.1165589453 -0.3147567133 0)
(-0.1277753143 -0.3582045868 0)
(-0.1374447909 -0.4039948182 0)
(-0.1433263454 -0.4477106106 0)
(-0.1426366393 -0.4817306699 0)
(-0.1326721399 -0.4953007576 0)
(-0.1119866699 -0.4763439628 0)
(-0.08191898067 -0.4159923588 0)
(-0.04760164877 -0.3152673089 0)
(-0.01751293374 -0.1888727786 0)
(-0.002394148088 -0.05875544447 0)
(0.0004218949806 0.03907395149 0)
(0.001820581361 0.1044434519 0)
(0.003545482132 0.1576671238 0)
(0.004586133974 0.1996576028 0)
(0.004668010052 0.2319338134 0)
(0.003877705754 0.2563599698 0)
(0.002474332777 0.2747086612 0)
(0.0007711659683 0.2883467507 0)
(-0.0009529774478 0.2981252666 0)
(-0.002497473312 0.3044395232 0)
(-0.003746483761 0.3073787268 0)
(-0.004656256964 0.3068896984 0)
(-0.005236557502 0.3029090632 0)
(-0.005533711079 0.2954485244 0)
(-0.005617275379 0.2846364644 0)
(-0.005569788614 0.2707257664 0)
(-0.00547850446 0.2540779083 0)
(-0.005428506432 0.2351319098 0)
(-0.005497206627 0.2143656588 0)
(-0.005750525985 0.1922564151 0)
(-0.006240973507 0.1692462429 0)
(-0.007007556188 0.1457164248 0)
(-0.008077173428 0.1219727754 0)
(-0.009467002614 0.09824165784 0)
(-0.01118736922 0.07467485384 0)
(-0.01324464681 0.05136045692 0)
(-0.0156439507 0.028336637 0)
(-0.01839168227 0.005605255575 0)
(-0.02149819474 -0.01685747587 0)
(-0.02498019616 -0.03909509815 0)
(-0.02886504579 -0.06117170716 0)
(-0.0331960721 -0.0831841028 0)
(-0.0380383576 -0.1052827788 0)
(-0.0434860891 -0.1277061231 0)
(-0.04966847912 -0.1508251165 0)
(-0.05674945046 -0.1751933293 0)
(-0.06491286607 -0.2015837581 0)
(-0.07432161603 -0.2309817121 0)
(-0.0850346587 -0.2644819434 0)
(-0.09686913976 -0.3030197093 0)
(-0.1092082839 -0.3468624925 0)
(-0.1207865716 -0.3948179942 0)
(-0.1295350976 -0.4432041122 0)
(-0.1326370368 -0.4848178495 0)
(-0.1270101714 -0.5084800066 0)
(-0.1104228807 -0.5002342078 0)
(-0.08318102256 -0.4476475857 0)
(-0.04967803844 -0.3476008949 0)
(-0.01873959472 -0.2129956953 0)
(-0.002659495879 -0.06799599131 0)
(0.0004915328087 0.03792061794 0)
(0.002333858844 0.1023961103 0)
(0.004997180421 0.1557385171 0)
(0.007278864654 0.1984154639 0)
(0.008776397366 0.2315411279 0)
(0.009483841103 0.2566934927 0)
(0.009597140609 0.2755024182 0)
(0.009396723205 0.289311632 0)
(0.009149104122 0.2990234875 0)
(0.009050651445 0.3051150265 0)
(0.009211820902 0.3077568704 0)
(0.009665810123 0.3069619199 0)
(0.0103871555 0.3027138657 0)
(0.01131111436 0.29505449 0)
(0.01235011447 0.2841287607 0)
(0.01340671074 0.2701956831 0)
(0.01438362008 0.2536147036 0)
(0.01519133176 0.2348166354 0)
(0.01575341069 0.2142669769 0)
(0.01600943361 0.1924284835 0)
(0.01591561493 0.1697285758 0)
(0.01544345179 0.1465353901 0)
(0.01457696144 0.1231441922 0)
(0.0133091862 0.0997738947 0)
(0.01163859154 0.07657191686 0)
(0.00956584697 0.05362475658 0)
(0.007091232631 0.03097133627 0)
(0.004212498402 0.008616377836 0)
(0.0009229765966 -0.01345877124 0)
(-0.002788998123 -0.03529003417 0)
(-0.0069441773 -0.05693005086 0)
(-0.01157653144 -0.07845847285 0)
(-0.0167372391 -0.1000021079 0)
(-0.02250237722 -0.1217684163 0)
(-0.02898122051 -0.1440918721 0)
(-0.0363211963 -0.1674927289 0)
(-0.04470254103 -0.1927311263 0)
(-0.05431331192 -0.2208317368 0)
(-0.06528624737 -0.253029236 0)
(-0.07757930724 -0.2905582246 0)
(-0.0907892068 -0.3341967305 0)
(-0.1039113477 -0.3834805442 0)
(-0.1151108698 -0.4355727319 0)
(-0.121647099 -0.4839460653 0)
(-0.1201910567 -0.5173903783 0)
(-0.1078200389 -0.5204674103 0)
(-0.08377554798 -0.4772538688 0)
(-0.05150086079 -0.379830613 0)
(-0.01993395012 -0.2380853484 0)
(-0.002932414596 -0.07789022637 0)
(0.0005415578914 0.03652623748 0)
(0.002747534344 0.09967266811 0)
(0.006226769519 0.1527772271 0)
(0.009637568511 0.1958886201 0)
(0.01246792613 0.2297174573 0)
(0.01462032571 0.2555335243 0)
(0.01622047378 0.2747931497 0)
(0.01750681211 0.2887904375 0)
(0.0187263709 0.2984632021 0)
(0.02006755975 0.3043649569 0)
(0.02163501769 0.3067496634 0)
(0.02345303697 0.305700923 0)
(0.02548291939 0.301253407 0)
(0.02764383658 0.2934804233 0)
(0.02983186458 0.2825421775 0)
(0.03193542123 0.268700222 0)
(0.03384702506 0.2523071107 0)
(0.0354716813 0.2337802728 0)
(0.03673210567 0.2135681299 0)
(0.03757095178 0.1921152908 0)
(0.03795035744 0.1698322062 0)
(0.0378493755 0.1470728631 0)
(0.03726005636 0.1241221128 0)
(0.03618300516 0.1011923923 0)
(0.03462313237 0.07842822649 0)
(0.03258611638 0.05591610711 0)
(0.03007584832 0.03369708899 0)
(0.02709264244 0.01177963867 0)
(0.02363176731 -0.009849825919 0)
(0.01968426169 -0.03122182627 0)
(0.0152341589 -0.05237918497 0)
(0.01025502933 -0.07338835974 0)
(0.004707391235 -0.09435721762 0)
(-0.00146706797 -0.1154662896 0)
(-0.008355361013 -0.13701611 0)
(-0.01608148373 -0.1594885043 0)
(-0.02480751014 -0.1836141611 0)
(-0.03472324792 -0.2104229888 0)
(-0.04600324877 -0.241234617 0)
(-0.05871046506 -0.2775110407 0)
(-0.0726271032 -0.3204699438 0)
(-0.08700710993 -0.3703427325 0)
(-0.1002914773 -0.4251993352 0)
(-0.109910267 -0.4794025538 0)
(-0.1124186674 -0.5220985732 0)
(-0.1043162746 -0.536833315 0)
(-0.08378382471 -0.5044251058 0)
(-0.05312333562 -0.4116415328 0)
(-0.02112133341 -0.2640386151 0)
(-0.003215616602 -0.08843354891 0)
(0.0005712671587 0.03494765766 0)
(0.003051062942 0.09639024533 0)
(0.00719910275 0.1489139926 0)
(0.01159385507 0.1921910493 0)
(0.01563965052 0.2265468302 0)
(0.0191540665 0.2529342172 0)
(0.02218889433 0.2726123547 0)
(0.02493216928 0.2868005985 0)
(0.02760315749 0.2964540239 0)
(0.0303769027 0.3021939366 0)
(0.03335023313 0.3043566294 0)
(0.03653909379 0.3030993619 0)
(0.03989338821 0.29851123 0)
(0.043318197 0.2906988567 0)
(0.04669466631 0.2798371205 0)
(0.04989756315 0.2661875146 0)
(0.05280865701 0.2500918356 0)
(0.05532594548 0.2319498628 0)
(0.05736896554 0.2121889847 0)
(0.05888054415 0.1912324924 0)
(0.05982553141 0.1694717205 0)
(0.0601872878 0.1472454237 0)
(0.05996285335 0.1248279062 0)
(0.05915773364 0.1024257343 0)
(0.05778108873 0.08018161186 0)
(0.05584188697 0.05818327555 0)
(0.05334636896 0.03647505602 0)
(0.05029629364 0.01506995806 0)
(0.0466862921 -0.006040330015 0)
(0.04251001125 -0.02688305565 0)
(0.03775543545 -0.04749209388 0)
(0.03240053836 -0.06792511102 0)
(0.0264159044 -0.08827620283 0)
(0.01975868763 -0.108704811 0)
(0.01236404695 -0.1294823063 0)
(0.004135577151 -0.1510527846 0)
(-0.005061519411 -0.1741085113 0)
(-0.01540104818 -0.1996603815 0)
(-0.02707178586 -0.2290653664 0)
(-0.04020634416 -0.263941976 0)
(-0.05473826042 -0.3058644197 0)
(-0.07016376773 -0.3556964194 0)
(-0.08522280281 -0.4124286274 0)
(-0.09759435888 -0.4714779514 0)
(-0.1038440274 -0.5227122631 0)
(-0.1000212514 -0.5491770634 0)
(-0.08328011036 -0.5288139954 0)
(-0.05460931706 -0.4427381577 0)
(-0.02234181633 -0.2907816871 0)
(-0.003514978699 -0.0996379921 0)
(0.0005804609713 0.03324609952 0)
(0.003235627786 0.09268297131 0)
(0.007882172484 0.1443081966 0)
(0.01308303174 0.1874710933 0)
(0.0181913637 0.2221464628 0)
(0.02295289541 0.2489767899 0)
(0.0273460916 0.2690101676 0)
(0.0315016121 0.2833696983 0)
(0.03560189486 0.2930086872 0)
(0.03980128438 0.2986045776 0)
(0.04418469481 0.3005718142 0)
(0.0487585874 0.299142032 0)
(0.05346219428 0.294461209 0)
(0.05818788796 0.2866711368 0)
(0.06280299892 0.2759615302 0)
(0.0671689478 0.2625922424 0)
(0.07115603796 0.2468915127 0)
(0.07465354216 0.2292381387 0)
(0.07757527336 0.2100352183 0)
(0.07986111832 0.1896819646 0)
(0.08147525597 0.1685485619 0)
(0.08240199559 0.1469572945 0)
(0.08264028467 0.1251714274 0)
(0.08219790255 0.1033917775 0)
(0.08108617778 0.08175977655 0)
(0.0793158457 0.06036515959 0)
(0.07689453254 0.0392561267 0)
(0.07382506266 0.0184497105 0)
(0.07009907841 -0.002058729291 0)
(0.06571348259 -0.02228174131 0)
(0.06065941029 -0.04225773443 0)
(0.05491686171 -0.0620381326 0)
(0.0484647172 -0.08170712599 0)
(0.04127378 -0.1014096574 0)
(0.03329996674 -0.1213938071 0)
(0.02447508188 -0.1420707946 0)
(0.01469613721 -0.1640923921 0)
(0.00381756634 -0.1884345276 0)
(-0.008341194016 -0.2164540697 0)
(-0.02195095554 -0.249860538 0)
(-0.03706035143 -0.2904960313 0)
(-0.05338156356 -0.3397692223 0)
(-0.06995994978 -0.3975605272 0)
(-0.08478484524 -0.4604500976 0)
(-0.09455147556 -0.519357648 0)
(-0.09499795553 -0.5573753468 0)
(-0.08231426426 -0.5500912236 0)
(-0.05602298008 -0.4728301793 0)
(-0.02365187089 -0.3182727568 0)
(-0.003841529248 -0.1115408599 0)
(0.0005690804593 0.03148636979 0)
(0.003293017337 0.08870071186 0)
(0.008245226547 0.1391468314 0)
(0.01404193416 0.1819115652 0)
(0.02002376898 0.2166682282 0)
(0.02588421324 0.2437715468 0)
(0.03153381588 0.2640569818 0)
(0.03704097448 0.2785361913 0)
(0.04254181912 0.2881427603 0)
(0.04816067824 0.2935964883 0)
(0.05396393581 0.2953826178 0)
(0.05994518127 0.2938051424 0)
(0.06603208808 0.2890677778 0)
(0.07210475935 0.281348896 0)
(0.07801739402 0.2708536183 0)
(0.08361825459 0.2578394458 0)
(0.08876549862 0.2426192635 0)
(0.09333805137 0.2255484717 0)
(0.09724156259 0.2070033161 0)
(0.1004099675 0.1873565805 0)
(0.1028034869 0.1669553741 0)
(0.1044041107 0.1461041071 0)
(0.1052096976 0.1250541317 0)
(0.1052277566 0.1040001255 0)
(0.104469783 0.083082258 0)
(0.1029467206 0.06239257162 0)
(0.1006657293 0.04198370566 0)
(0.09762871728 0.02187788055 0)
(0.09383668955 0.002075614486 0)
(0.08928000024 -0.017431574 0)
(0.08394284483 -0.0366793954 0)
(0.07781738494 -0.05571593874 0)
(0.07088893807 -0.07462111564 0)
(0.06313920076 -0.09353179916 0)
(0.05454260017 -0.11268054 0)
(0.04505764516 -0.1324525892 0)
(0.03461475292 -0.1534622007 0)
(0.02310317886 -0.1766417386 0)
(0.01036605222 -0.2033206058 0)
(-0.003779145565 -0.2352433159 0)
(-0.01946153958 -0.2744312339 0)
(-0.03657682181 -0.3227338673 0)
(-0.05446811779 -0.3808502685 0)
(-0.07147981475 -0.4465751605 0)
(-0.08454745888 -0.5121631307 0)
(-0.08924649582 -0.5613149131 0)
(-0.08089393531 -0.5679211929 0)
(-0.05741639188 -0.5016090052 0)
(-0.02512717141 -0.3464976975 0)
(-0.004214768169 -0.124215769 0)
(0.0005367368908 0.02973694376 0)
(0.003213627986 0.08460923159 0)
(0.008255102693 0.1336443696 0)
(0.01440468615 0.175729819 0)
(0.02103477353 0.210299294 0)
(0.02781231284 0.2374589847 0)
(0.03459019633 0.2578445645 0)
(0.04137207714 0.2723500433 0)
(0.04823819674 0.281874595 0)
(0.05527165448 0.2871656882 0)
(0.06251096699 0.2887690902 0)
(0.06993079124 0.2870560005 0)
(0.07744427938 0.2822864294 0)
(0.08491839726 0.2746756079 0)
(0.09219428696 0.2644445102 0)
(0.09910713995 0.2518481081 0)
(0.1055024986 0.2371829698 0)
(0.1112476862 0.2207795375 0)
(0.1162381737 0.2029853378 0)
(0.1203993505 0.184144812 0)
(0.1236845654 0.1645802169 0)
(0.1260705325 0.1445765584 0)
(0.1275512721 0.1243720527 0)
(0.1281316783 0.1041543469 0)
(0.1278216081 0.08406179049 0)
(0.1266311113 0.06418847768 0)
(0.124567073 0.04459155064 0)
(0.1216316393 0.02529932316 0)
(0.1178237916 0.00631844292 0)
(0.1131350441 -0.0123659924 0)
(0.1075542769 -0.03077920302 0)
(0.1010742595 -0.048968615 0)
(0.09368630906 -0.0670147869 0)
(0.08538270595 -0.08505250327 0)
(0.07615456358 -0.1033063231 0)
(0.06598471962 -0.1221434551 0)
(0.05483572362 -0.142146268 0)
(0.04263368485 -0.164201844 0)
(0.02925367789 -0.1895934867 0)
(0.01452116354 -0.2200549381 0)
(-0.001742499837 -0.2577050103 0)
(-0.01958232489 -0.3047203437 0)
(-0.03862017725 -0.3625128377 0)
(-0.0575837375 -0.4300843535 0)
(-0.0737495708 -0.5012487269 0)
(-0.08268833855 -0.5608743939 0)
(-0.07896582421 -0.5819355851 0)
(-0.05881395194 -0.5287151009 0)
(-0.02686569989 -0.3754557662 0)
(-0.004668279456 -0.1377875831 0)
(0.0004819578292 0.0280714432 0)
(0.002983162926 0.0805926373 0)
(0.007870007008 0.128044244 0)
(0.01409530733 0.1691779833 0)
(0.02111284535 0.2032617476 0)
(0.02859360547 0.2302094246 0)
(0.0363470418 0.2504858622 0)
(0.04431168465 0.2648725288 0)
(0.05250229416 0.2742248977 0)
(0.0609477963 0.2793039224 0)
(0.06964680929 0.2807031937 0)
(0.07854615095 0.27885258 0)
(0.0875391094 0.2740639602 0)
(0.09647703638 0.2665877704 0)
(0.1051872861 0.2566604685 0)
(0.1134919237 0.2445343589 0)
(0.1212237242 0.2304892679 0)
(0.1282377382 0.2148298353 0)
(0.1344179416 0.1978736649 0)
(0.1396792904 0.179935416 0)
(0.1439659922 0.161310938 0)
(0.1472470707 0.1422642676 0)
(0.1495103809 0.123019001 0)
(0.1507561626 0.1037544276 0)
(0.1509910284 0.08460595765 0)
(0.1502230357 0.06566883083 0)
(0.1484581875 0.04700383664 0)
(0.1456985811 0.02864376982 0)
(0.1419425416 0.01059910343 0)
(0.1371829012 -0.007140086383 0)
(0.1314130272 -0.02460057374 0)
(0.124628682 -0.04183083271 0)
(0.116826775 -0.05891431219 0)
(0.1080094567 -0.07598818343 0)
(0.09818271144 -0.09327545361 0)
(0.08735067414 -0.1111328786 0)
(0.07550449662 -0.1301178305 0)
(0.06260490909 -0.1510742709 0)
(0.04856133916 -0.1752288869 0)
(0.03321800305 -0.20426917 0)
(0.01637084084 -0.2403393414 0)
(-0.002139995218 -0.2858288914 0)
(-0.02218820212 -0.3427295123 0)
(-0.04289728858 -0.411184235 0)
(-0.0619732578 -0.4867203006 0)
(-0.07514864999 -0.5559098391 0)
(-0.0763941525 -0.5917056519 0)
(-0.06019224021 -0.5536954388 0)
(-0.02898916972 -0.4051313006 0)
(-0.005258381173 -0.1524527796 0)
(0.0004008214111 0.02657237923 0)
(0.002577105066 0.0768596596 0)
(0.007029409028 0.1226229324 0)
(0.01301573841 0.1625434708 0)
(0.02012619309 0.1958105767 0)
(0.02806883547 0.2222201072 0)
(0.03662559267 0.2421123305 0)
(0.04567029126 0.256174182 0)
(0.05514222493 0.2652152224 0)
(0.06500162494 0.269997493 0)
(0.07519278345 0.2711478972 0)
(0.08562310791 0.2691429785 0)
(0.0961582939 0.2643385079 0)
(0.1066298735 0.2570157494 0)
(0.1168497397 0.2474246791 0)
(0.1266265618 0.2358142106 0)
(0.1357805437 0.2224471198 0)
(0.1441545057 0.2076018826 0)
(0.1516205111 0.1915655582 0)
(0.1580821403 0.1746220813 0)
(0.1634730848 0.1570396535 0)
(0.1677530439 0.1390598707 0)
(0.17090202 0.1208901046 0)
(0.1729140548 0.102699657 0)
(0.1737912844 0.08461944295 0)
(0.1735389672 0.06674444034 0)
(0.1721618837 0.04913786627 0)
(0.1696623831 0.03183595188 0)
(0.1660401681 0.01485203522 0)
(0.1612898132 -0.001821591563 0)
(0.155409582 -0.01820894892 0)
(0.1484006377 -0.03436590709 0)
(0.1402666529 -0.05038120533 0)
(0.1310195189 -0.06639760965 0)
(0.1206783534 -0.08264144697 0)
(0.1092649843 -0.09946518484 0)
(0.09679377396 -0.1174076157 0)
(0.08325404725 -0.1372734328 0)
(0.06858579381 -0.1602278197 0)
(0.05265505239 -0.1878874569 0)
(0.03524715462 -0.2223613819 0)
(0.01611752059 -0.2661431421 0)
(-0.004826138186 -0.3216549057 0)
(-0.02710041386 -0.3900584594 0)
(-0.04891343962 -0.4686668443 0)
(-0.06633387004 -0.5462439208 0)
(-0.07293358352 -0.5967146593 0)
(-0.06145262029 -0.5759515083 0)
(-0.03163799602 -0.4354455129 0)
(-0.006075976451 -0.168505556 0)
(0.0002845688367 0.0253380068 0)
(0.00195150291 0.07365655749 0)
(0.005637934935 0.1176982264 0)
(0.01102733531 0.1561498433 0)
(0.01790636179 0.1882289847 0)
(0.02605142205 0.213708223 0)
(0.0352303053 0.2328671883 0)
(0.0452506638 0.246329543 0)
(0.05596486695 0.2548644457 0)
(0.06724840721 0.2592251435 0)
(0.07897501183 0.2600560371 0)
(0.09099908209 0.2578649619 0)
(0.103149053 0.2530396919 0)
(0.1152309083 0.245884566 0)
(0.1270385014 0.2366587761 0)
(0.1383665925 0.2256058701 0)
(0.1490233399 0.2129708768 0)
(0.1588401263 0.1990059146 0)
(0.1676776893 0.1839673097 0)
(0.1754284022 0.1681078114 0)
(0.1820151692 0.1516671204 0)
(0.1873877562 0.1348631408 0)
(0.1915175323 0.1178854381 0)
(0.194391581 0.1008915287 0)
(0.1960070108 0.08400594764 0)
(0.1963660995 0.06732155988 0)
(0.1954726762 0.05090230108 0)
(0.1933299155 0.03478640224 0)
(0.1899397346 0.01898900433 0)
(0.1853053071 0.003503092327 0)
(0.1794281734 -0.01169763478 0)
(0.1723132228 -0.02667404376 0)
(0.1639764368 -0.04152199324 0)
(0.154439449 -0.05639260097 0)
(0.1437322443 -0.07151855293 0)
(0.1318897938 -0.0872518733 0)
(0.1189423809 -0.1041172519 0)
(0.1048984358 -0.1228836746 0)
(0.08971899308 -0.1446531615 0)
(0.07328680532 -0.1709556009 0)
(0.05538246157 -0.2038186233 0)
(0.03569879341 -0.2457424173 0)
(0.01396030489 -0.299423468 0)
(-0.009724495419 -0.3668698257 0)
(-0.03411773345 -0.4471578533 0)
(-0.05580213994 -0.5316582299 0)
(-0.06819379246 -0.5963338596 0)
(-0.06238232532 -0.5946812256 0)
(-0.03495036295 -0.4661825611 0)
(-0.007259666001 -0.1863669567 0)
(0.0001164876705 0.02449525174 0)
(0.001028581052 0.07129068743 0)
(0.003539656187 0.1136430322 0)
(0.007923130758 0.1503576726 0)
(0.01422488684 0.1808193561 0)
(0.0223115409 0.2048977967 0)
(0.03194075505 0.2228925811 0)
(0.04284644421 0.2354070659 0)
(0.05477925373 0.2431820908 0)
(0.06751229939 0.246954379 0)
(0.0808316143 0.2473687948 0)
(0.09452415954 0.2449458002 0)
(0.10837052 0.2400892575 0)
(0.1221445571 0.2331150779 0)
(0.1356189532 0.2242844901 0)
(0.1485739208 0.2138318738 0)
(0.1608064338 0.2019829278 0)
(0.1721379685 0.1889630225 0)
(0.1824195578 0.1749977805 0)
(0.1915337495 0.160308701 0)
(0.1993936786 0.1451065313 0)
(0.205939856 0.1295845243 0)
(0.2111354769 0.1139129794 0)
(0.2149610762 0.09823575892 0)
(0.2174092805 0.08266887395 0)
(0.2184802417 0.06730080627 0)
(0.2181781583 0.05219395406 0)
(0.216509091 0.03738645327 0)
(0.2134801764 0.02289358624 0)
(0.2091010907 0.008707751587 0)
(0.2033815368 -0.005205548001 0)
(0.1963371151 -0.01890739148 0)
(0.1879927526 -0.03250310989 0)
(0.1783792502 -0.04615299786 0)
(0.1675350126 -0.0600964754 0)
(0.155502325 -0.07468585949 0)
(0.1423180106 -0.09043311396 0)
(0.1279969323 -0.1080730648 0)
(0.1125066782 -0.128643832 0)
(0.0957340974 -0.1535788307 0)
(0.07745095155 -0.184791563 0)
(0.05730056623 -0.2247095206 0)
(0.03485901485 -0.2761520765 0)
(0.009892727912 -0.3417628147 0)
(-0.01694562162 -0.4222418257 0)
(-0.04292615007 -0.5118888015 0)
(-0.06159471972 -0.5898051365 0)
(-0.06259781954 -0.6088183447 0)
(-0.03900988341 -0.4968847643 0)
(-0.009002795104 -0.206608652 0)
(-0.0001345907354 0.02424276269 0)
(-0.0003284841767 0.07016025158 0)
(0.0004771357995 0.1108999834 0)
(0.003388357122 0.1455612548 0)
(0.008762565843 0.1738870426 0)
(0.01655700541 0.1959980585 0)
(0.02650312955 0.2123082248 0)
(0.03824216811 0.2234523606 0)
(0.05140245878 0.2301573304 0)
(0.06563558371 0.233135596 0)
(0.08062322881 0.2330136224 0)
(0.09607143176 0.230302592 0)
(0.1117030786 0.2254026699 0)
(0.1272537524 0.2186261106 0)
(0.1424720807 0.2102259451 0)
(0.1571233822 0.2004214279 0)
(0.1709948107 0.1894160763 0)
(0.1839002624 0.1774075756 0)
(0.1956837742 0.1645908219 0)
(0.2062207798 0.1511562191 0)
(0.215417163 0.13728542 0)
(0.2232064565 0.1231463362 0)
(0.229545766 0.1088886883 0)
(0.23441108 0.09464079878 0)
(0.2377925867 0.08050782933 0)
(0.2396905066 0.06657128748 0)
(0.2401117986 0.05288936544 0)
(0.2390679336 0.03949751971 0)
(0.2365737208 0.02640862524 0)
(0.2326475068 0.01361192516 0)
(0.2273115441 0.001068992114 0)
(0.2205916868 -0.01128725747 0)
(0.2125199804 -0.02356937798 0)
(0.2031356852 -0.03594458886 0)
(0.1924808975 -0.0486567021 0)
(0.1805971157 -0.06205565767 0)
(0.1675160288 -0.07663834445 0)
(0.1532435578 -0.09310380865 0)
(0.137735544 -0.1124245049 0)
(0.1208643428 -0.1359314214 0)
(0.1023796976 -0.1654029278 0)
(0.08187698157 -0.2031345792 0)
(0.05881172107 -0.2519340471 0)
(0.03266881835 -0.3148495492 0)
(0.00349398353 -0.3939678005 0)
(-0.02684335821 -0.4866336175 0)
(-0.05231060828 -0.5762227682 0)
(-0.06146459993 -0.6169625491 0)
(-0.04374599438 -0.5267088729 0)
(-0.01153845918 -0.2299520799 0)
(-0.0005591091572 0.02487905316 0)
(-0.002387053779 0.0708144585 0)
(-0.003960308218 0.110008596 0)
(-0.003044206615 0.142172945 0)
(0.001077952665 0.167714674 0)
(0.008416317441 0.187173305 0)
(0.01862624644 0.2011816338 0)
(0.03121947932 0.2104639662 0)
(0.04567185059 0.2157430256 0)
(0.06149414045 0.2176937049 0)
(0.07824979151 0.2169015583 0)
(0.09555381843 0.21384321 0)
(0.1130646118 0.2088919081 0)
(0.1304756433 0.2023377929 0)
(0.1475102209 0.1944127127 0)
(0.1639195925 0.1853127345 0)
(0.1794834762 0.1752149249 0)
(0.1940116098 0.1642875438 0)
(0.2073450369 0.1526944061 0)
(0.2193563114 0.1405949518 0)
(0.229948301 0.1281417308 0)
(0.2390516665 0.1154767988 0)
(0.2466213478 0.1027281248 0)
(0.2526325158 0.09000667674 0)
(0.2570764538 0.07740444409 0)
(0.2599567703 0.06499333943 0)
(0.2612862289 0.05282468612 0)
(0.2610843552 0.04092884664 0)
(0.2593758124 0.02931445936 0)
(0.2561895886 0.01796674724 0)
(0.2515590109 0.006843787173 0)
(0.2455193399 -0.004128837745 0)
(0.2381090971 -0.01506564847 0)
(0.2293694404 -0.02613696549 0)
(0.2193387306 -0.03758597692 0)
(0.2080477665 -0.04975423811 0)
(0.1955098162 -0.06311751007 0)
(0.1817050412 -0.07833384165 0)
(0.1665574121 -0.09630584966 0)
(0.1499027484 -0.1182572528 0)
(0.1314488984 -0.1458189 0)
(0.1107351533 -0.1811154696 0)
(0.08711483745 -0.2268350585 0)
(0.05984198118 -0.2861990481 0)
(0.02841152953 -0.3623665989 0)
(-0.00635843889 -0.4555995998 0)
(-0.03918208092 -0.5544959979 0)
(-0.05799380328 -0.6172881754 0)
(-0.04878653097 -0.5542290313 0)
(-0.01507829732 -0.2571972336 0)
(-0.001302606104 0.02690409523 0)
(-0.00558460532 0.07405205362 0)
(-0.01042633106 0.1116359203 0)
(-0.01204538968 0.1406159253 0)
(-0.009400468179 0.1625020454 0)
(-0.002556353844 0.1784748835 0)
(0.00800023915 0.1894895584 0)
(0.02158828516 0.1963636381 0)
(0.03748412154 0.1998358119 0)
(0.05504075561 0.200517525 0)
(0.07369720651 0.198923664 0)
(0.0929743033 0.1954670232 0)
(0.11246515 0.1904679903 0)
(0.1318220743 0.1841739278 0)
(0.1507453152 0.1767806147 0)
(0.1689753722 0.1684512824 0)
(0.1862887833 0.1593310588 0)
(0.2024961242 0.1495562015 0)
(0.217440939 0.1392586045 0)
(0.2309986386 0.1285666782 0)
(0.2430748132 0.1176038793 0)
(0.2536027787 0.1064860593 0)
(0.2625404456 0.09531853362 0)
(0.2698667541 0.08419345154 0)
(0.2755779784 0.0731877391 0)
(0.2796841839 0.06236162629 0)
(0.2822060466 0.05175757239 0)
(0.2831721562 0.04139926384 0)
(0.2826168016 0.03129026664 0)
(0.2805781535 0.02141187923 0)
(0.2770967738 0.01171949687 0)
(0.2722137685 0.002136619575 0)
(0.2659683584 -0.007451201142 0)
(0.2583946951 -0.01721034323 0)
(0.249518389 -0.02737558957 0)
(0.2393486016 -0.03827140476 0)
(0.2278668754 -0.05034338903 0)
(0.2150116911 -0.06420008639 0)
(0.2006561965 -0.08066698942 0)
(0.1845777705 -0.1008544048 0)
(0.1664192199 -0.1262374314 0)
(0.1456463568 -0.1587475152 0)
(0.1215134102 -0.2008801819 0)
(0.09308960712 -0.2558304905 0)
(0.05941901078 -0.3274438208 0)
(0.02019746909 -0.4185635872 0)
(-0.02054288763 -0.5233627044 0)
(-0.05071413039 -0.6074774798 0)
(-0.05327320042 -0.5771816732 0)
(-0.01967260061 -0.2890022481 0)
(-0.002654860189 0.03120303946 0)
(-0.0106636997 0.08100958488 0)
(-0.01987664236 0.1165523692 0)
(-0.02450541289 0.1412414386 0)
(-0.02333809516 0.1582950005 0)
(-0.01674592367 0.1697812237 0)
(-0.005538732704 0.177033257 0)
(0.009348634186 0.1809579734 0)
(0.0269759437 0.1822518496 0)
(0.04650436916 0.1814440502 0)
(0.06725608979 0.1789408691 0)
(0.08866667197 0.1750570182 0)
(0.1102726938 0.1700324106 0)
(0.1316936129 0.1640503781 0)
(0.1526141093 0.1572553131 0)
(0.1727708349 0.1497674813 0)
(0.1919437254 0.1416940836 0)
(0.2099506344 0.133136378 0)
(0.2266439378 0.1241932473 0)
(0.2419080177 0.1149619815 0)
(0.2556568904 0.1055371775 0)
(0.2678315858 0.09600860579 0)
(0.2783971554 0.08645872635 0)
(0.2873393735 0.07696031415 0)
(0.2946612825 0.06757443098 0)
(0.3003797613 0.05834878152 0)
(0.30452226 0.04931633469 0)
(0.3071237838 0.04049397201 0)
(0.308224121 0.03188083361 0)
(0.3078652302 0.02345597916 0)
(0.3060886549 0.01517492056 0)
(0.3029325762 0.006964339911 0)
(0.2984290858 -0.00128517058 0)
(0.2925976927 -0.009729773275 0)
(0.285441403 -0.0185862755 0)
(0.2769383256 -0.02815154205 0)
(0.2670280768 -0.03883015317 0)
(0.2555959631 -0.0511702448 0)
(0.2424504733 -0.06590973202 0)
(0.2272934351 -0.08403620297 0)
(0.2096815134 -0.1068599782 0)
(0.1889852761 -0.1361053964 0)
(0.1643448434 -0.1740316695 0)
(0.1346541501 -0.2236547452 0)
(0.09858809148 -0.2890939114 0)
(0.05510492182 -0.3752155469 0)
(0.006003946826 -0.4819562535 0)
(-0.03742391864 -0.5847987164 0)
(-0.05560418328 -0.5922072574 0)
(-0.02495262306 -0.3255277589 0)
(-0.00516632559 0.03934057886 0)
(-0.01882610644 0.09327132994 0)
(-0.03355982133 0.1255207769 0)
(-0.0412683055 0.1441391205 0)
(-0.04104419852 0.1548265926 0)
(-0.03397011164 0.1606805797 0)
(-0.02136715926 0.1633711306 0)
(-0.004536641458 0.1638446375 0)
(0.01534498224 0.1626596026 0)
(0.03728299987 0.1602044036 0)
(0.06048589731 0.1567333698 0)
(0.08432788608 0.1524281851 0)
(0.1083110478 0.1474218139 0)
(0.1320393694 0.1418142725 0)
(0.1551954401 0.1356850908 0)
(0.1775224508 0.129102799 0)
(0.1988118347 0.1221315929 0)
(0.2188951589 0.1148353715 0)
(0.2376387825 0.1072794773 0)
(0.2549400878 0.09953063146 0)
(0.2707244256 0.09165562652 0)
(0.2849422387 0.08371931899 0)
(0.2975661002 0.07578237468 0)
(0.3085875871 0.06789907934 0)
(0.318014032 0.06011538532 0)
(0.3258652399 0.05246722409 0)
(0.3321702577 0.04497899738 0)
(0.3369642386 0.03766206971 0)
(0.340285378 0.03051300644 0)
(0.3421718588 0.02351125814 0)
(0.3426585989 0.01661598562 0)
(0.3417735728 0.009761332146 0)
(0.3395333269 0.002849897368 0)
(0.3359369896 -0.004257156548 0)
(0.3309620643 -0.01175264639 0)
(0.3245510699 -0.01989486419 0)
(0.3165977272 -0.02903573982 0)
(0.3069307217 -0.03965059714 0)
(0.2952891055 -0.05237640124 0)
(0.2812916094 -0.06806444447 0)
(0.2643954457 -0.08784625298 0)
(0.2438578694 -0.1132247448 0)
(0.2186828704 -0.1461967466 0)
(0.1876038482 -0.1895031955 0)
(0.1490135335 -0.2471474666 0)
(0.1011319852 -0.3251722424 0)
(0.04362081755 -0.4291684007 0)
(-0.0144017927 -0.5462175452 0)
(-0.0530524843 -0.5947883102 0)
(-0.02976011282 -0.3662575676 0)
(-0.009837816221 0.05411667377 0)
(-0.03184238727 0.1128260357 0)
(-0.05253251027 0.1388731167 0)
(-0.06198433743 0.1486694863 0)
(-0.06077542849 0.1510796163 0)
(-0.05131423116 0.1501116557 0)
(-0.03564229777 0.1475561643 0)
(-0.01548049071 0.1442077169 0)
(0.007769552818 0.1403953268 0)
(0.03300477254 0.1362592083 0)
(0.05937888176 0.1318522083 0)
(0.08625214602 0.1271912752 0)
(0.1131318837 0.1222814599 0)
(0.139637097 0.117125986 0)
(0.165470277 0.1117311409 0)
(0.1903963757 0.1061089803 0)
(0.2142283979 0.1002786514 0)
(0.2368178617 0.09426661745 0)
(0.2580484866 0.08810595413 0)
(0.2778318465 0.08183490891 0)
(0.2961040781 0.0754949576 0)
(0.3128230507 0.06912860726 0)
(0.3279656512 0.06277716696 0)
(0.3415250307 0.05647864582 0)
(0.3535077718 0.05026586384 0)
(0.3639309961 0.04416477546 0)
(0.3728194419 0.0381929304 0)
(0.3802025188 0.0323579352 0)
(0.3861112923 0.02665570029 0)
(0.3905753943 0.02106825255 0)
(0.3936193552 0.01556108666 0)
(0.3952583251 0.01007931505 0)
(0.3954931492 0.004542731475 0)
(0.3943004701 -0.0011639064 0)
(0.3916360753 -0.007203137084 0)
(0.3874134695 -0.01378706761 0)
(0.3814854653 -0.02120520548 0)
(0.3736311346 -0.02984719601 0)
(0.3635269562 -0.04023347892 0)
(0.3507145747 -0.05306110449 0)
(0.3345509939 -0.06926057782 0)
(0.3141742374 -0.09008870475 0)
(0.2884260962 -0.117249223 0)
(0.2558633359 -0.1531619301 0)
(0.2145926626 -0.2014843854 0)
(0.1623092047 -0.2685774418 0)
(0.09683032988 -0.3641427845 0)
(0.02359106777 -0.4889327764 0)
(-0.04142465405 -0.5796006964 0)
(-0.03162518209 -0.4097497056 0)
(-0.01836293547 0.08026716714 0)
(-0.05168060448 0.1410205036 0)
(-0.07517757817 0.1549451418 0)
(-0.08066093238 0.1519598436 0)
(-0.07296657938 0.1440157885 0)
(-0.05652872843 0.1353417645 0)
(-0.03416767022 0.1273133188 0)
(-0.007915550348 0.120238347 0)
(0.02075193556 0.1140245261 0)
(0.05078131158 0.1084705511 0)
(0.08141821759 0.1033797272 0)
(0.1121180133 0.09858526847 0)
(0.1424764081 0.09395853835 0)
(0.1721880813 0.08940587728 0)
(0.2010181044 0.08486276387 0)
(0.2287823178 0.08028835689 0)
(0.2553344796 0.07566088466 0)
(0.2805580964 0.07097378064 0)
(0.3043612652 0.06623235068 0)
(0.3266733246 0.06145078208 0)
(0.3474424833 0.05664939263 0)
(0.3666338812 0.05185209441 0)
(0.3842277519 0.04708408599 0)
(0.400217516 0.04236979397 0)
(0.4146077348 0.03773106173 0)
(0.4274119058 0.03318555005 0)
(0.4386500999 0.02874527554 0)
(0.4483463895 0.02441515202 0)
(0.4565260183 0.02019142918 0)
(0.4632126 0.01605966488 0)
(0.4684243499 0.01199231879 0)
(0.4721702723 0.007945634333 0)
(0.4744412482 0.003859091918 0)
(0.475198022 -0.0003574618479 0)
(0.4743878782 -0.004814382961 0)
(0.4719055547 -0.009681750003 0)
(0.4675786679 -0.01518207374 0)
(0.4611554592 -0.02160821629 0)
(0.4522690095 -0.02934895499 0)
(0.4404074317 -0.03892750393 0)
(0.4248456712 -0.05104377878 0)
(0.404624001 -0.06666712987 0)
(0.3784067071 -0.08714333112 0)
(0.344562152 -0.1145028579 0)
(0.3008078928 -0.1519044867 0)
(0.2445675051 -0.2053008079 0)
(0.1718658253 -0.2862924358 0)
(0.08422791143 -0.4097149464 0)
(-0.01379774441 -0.5399075383 0)
(-0.02508521278 -0.4501285125 0)
(-0.03266035602 0.1246042432 0)
(-0.07636479111 0.1728434522 0)
(-0.08543975103 0.163394363 0)
(-0.07027285629 0.1436416495 0)
(-0.04405985972 0.1249824797 0)
(-0.01238322081 0.1096404952 0)
(0.02211049891 0.09759882238 0)
(0.05783550377 0.08823757846 0)
(0.09383037457 0.08086561476 0)
(0.1295298628 0.07490696902 0)
(0.1645831468 0.06993163733 0)
(0.1987586294 0.06562551474 0)
(0.2318914391 0.06176283808 0)
(0.2638565271 0.05818416138 0)
(0.2945537349 0.05477931625 0)
(0.323899395 0.05147449479 0)
(0.3518220559 0.04822268676 0)
(0.3782606993 0.04499668278 0)
(0.4031643009 0.04178387684 0)
(0.426491993 0.03858226636 0)
(0.4482133669 0.0353972524 0)
(0.4683086304 0.03223900456 0)
(0.4867684563 0.02912025502 0)
(0.5035934452 0.0260544393 0)
(0.5187931826 0.02305412121 0)
(0.532384897 0.02012964434 0)
(0.5443917057 0.01728794432 0)
(0.5548404778 0.01453144078 0)
(0.5637590852 0.01185693002 0)
(0.571173496 0.009254249148 0)
(0.5771036291 0.006703875052 0)
(0.5815638118 0.004172949047 0)
(0.5845435078 0.001610894072 0)
(0.5860189526 -0.001024395686 0)
(0.5859301419 -0.003806855273 0)
(0.5841551672 -0.00685464991 0)
(0.5805242815 -0.01031544231 0)
(0.5747845523 -0.01438021465 0)
(0.5665567492 -0.01929863067 0)
(0.5553208796 -0.02540804439 0)
(0.5403168612 -0.03315434788 0)
(0.5205642358 -0.04317614319 0)
(0.4945821655 -0.05636566934 0)
(0.4606306503 -0.0742064145 0)
(0.4158264788 -0.09909832982 0)
(0.3574307217 -0.1360794649 0)
(0.2792676002 -0.1960094445 0)
(0.1798002809 -0.3045311263 0)
(0.04328880822 -0.4620343606 0)
(0.003475000265 -0.4661009172 0)
(-0.04436230703 0.2147864719 0)
(-0.06274590186 0.1867281428 0)
(-0.003334728396 0.1342599589 0)
(0.05844330123 0.102822229 0)
(0.1146541812 0.0812050346 0)
(0.1659316754 0.06546370428 0)
(0.2128674579 0.05423271299 0)
(0.2559730052 0.04628227675 0)
(0.2958100501 0.04053794773 0)
(0.3329055959 0.03623982808 0)
(0.3676720143 0.03289753007 0)
(0.4004037871 0.03019086301 0)
(0.4313028442 0.02790447234 0)
(0.4605032429 0.02589252562 0)
(0.4880896112 0.02405730168 0)
(0.5141112785 0.02233446968 0)
(0.5385936123 0.02068284018 0)
(0.5615470465 0.01907737346 0)
(0.5829740815 0.01750437633 0)
(0.6028745824 0.0159580848 0)
(0.6212496753 0.01443812792 0)
(0.6381044599 0.01294757837 0)
(0.6534497027 0.01149141539 0)
(0.667302639 0.01007529253 0)
(0.6796870062 0.008704535073 0)
(0.6906324024 0.0073833139 0)
(0.7001730662 0.006113936803 0)
(0.708346091 0.004896249848 0)
(0.7151890294 0.003727064081 0)
(0.7207363081 0.002599925676 0)
(0.7250139771 0.001505106497 0)
(0.7280326388 0.0004311050442 0)
(0.7298165381 -0.0006399860493 0)
(0.730350447 -0.001752583777 0)
(0.7295615877 -0.002957478128 0)
(0.7273492106 -0.004301613336 0)
(0.7235612719 -0.005851730029 0)
(0.7179727547 -0.007701287175 0)
(0.71023782 -0.009969899986 0)
(0.699900634 -0.01282000909 0)
(0.6862595163 -0.01645603687 0)
(0.6684763558 -0.02118863532 0)
(0.6450927951 -0.02742336998 0)
(0.614608644 -0.03595696198 0)
(0.5735427547 -0.04801805448 0)
(0.5192606236 -0.06698031341 0)
(0.441493856 -0.09974079297 0)
(0.3386757912 -0.1728441614 0)
(0.1643449164 -0.3217430084 0)
(0.08784754147 -0.4044550592 0)
(0.2328979086 0.1477265214 0)
(0.2847895547 0.1148804806 0)
(0.4114431721 0.07509868434 0)
(0.5037089517 0.05096343095 0)
(0.5657653178 0.03578116753 0)
(0.6114445109 0.02558465238 0)
(0.6475892345 0.01873390514 0)
(0.6772769743 0.01419366107 0)
(0.7023741974 0.01117295223 0)
(0.7241895031 0.009121221888 0)
(0.7435979701 0.007685790342 0)
(0.7611565229 0.006644105575 0)
(0.7772179135 0.005853750672 0)
(0.7920080779 0.005222993835 0)
(0.8056717922 0.004693102733 0)
(0.8183009328 0.004226911896 0)
(0.8299534928 0.003801299164 0)
(0.8406667118 0.003402303531 0)
(0.8504660686 0.003021966479 0)
(0.8593713826 0.002656251827 0)
(0.8674008972 0.002303636434 0)
(0.8745739058 0.00196412718 0)
(0.8809122757 0.001638557312 0)
(0.8864411105 0.001328071004 0)
(0.8911887395 0.00103374028 0)
(0.8951861505 0.0007562664763 0)
(0.8984660315 0.0004957572388 0)
(0.9010613913 0.0002514837272 0)
(0.9030041888 2.183840921e-05 0)
(0.904323492 -0.0001959547479 0)
(0.9050447304 -0.0004039441087 0)
(0.9051836979 -0.0006033183022 0)
(0.9047334928 -0.0007845275157 0)
(0.9036675685 -0.0009841819285 0)
(0.9019675345 -0.001219654408 0)
(0.8995730816 -0.001496968291 0)
(0.896376295 -0.00182965595 0)
(0.8922303892 -0.00224100011 0)
(0.8869156149 -0.002760006911 0)
(0.8801611447 -0.00342725622 0)
(0.8715286152 -0.004288009894 0)
(0.8605679983 -0.005420588657 0)
(0.8463132226 -0.006906899825 0)
(0.8281121868 -0.008958293682 0)
(0.8030614663 -0.0118520086 0)
(0.7704749107 -0.01651454058 0)
(0.7169830721 -0.02521508721 0)
(0.6446247238 -0.04372256675 0)
(0.4652961838 -0.09997363066 0)
(0.3339836334 -0.1627056972 0)
)
;

boundaryField
{
    movingWall
    {
        type            fixedValue;
        value           uniform (1 0 0);
    }
    fixedWalls
    {
        type            noSlip;
    }
    frontAndBack
    {
        type            empty;
    }
}


// ************************************************************************* //
