/*--------------------------------*- C++ -*----------------------------------*\
  =========                 |
  \\      /  F ield         | OpenFOAM: The Open Source CFD Toolbox
   \\    /   O peration     | Website:  https://openfoam.org
    \\  /    A nd           | Version:  11
     \\/     M anipulation  |
\*---------------------------------------------------------------------------*/
FoamFile
{
    format      ascii;
    class       volVectorField;
    location    "20";
    object      U;
}
// * * * * * * * * * * * * * * * * * * * * * * * * * * * * * * * * * * * * * //

dimensions      [0 1 -1 0 0 0 0];

internalField   nonuniform List<vector> 
2500
(
(6.743442451e-05 -6.512510948e-05 0)
(0.0003350211412 -0.0001453113764 0)
(0.0007222024099 -0.0001554686678 0)
(0.001042902028 -0.0001295659464 0)
(0.001243984905 -9.265471994e-05 0)
(0.001308933198 -5.595008297e-05 0)
(0.0012335595 -2.197011477e-05 0)
(0.001015737589 1.012727459e-05 0)
(0.0006495150854 4.259155332e-05 0)
(0.00012332716 7.808175043e-05 0)
(-0.0005799088679 0.0001190435601 0)
(-0.001481193509 0.0001675095154 0)
(-0.002603014232 0.0002248476954 0)
(-0.003966235946 0.0002915957701 0)
(-0.005586240979 0.0003672325641 0)
(-0.007468625635 0.0004499287868 0)
(-0.009604686192 0.0005362978728 0)
(-0.0119670877 0.0006211915538 0)
(-0.01450624554 0.0006976195447 0)
(-0.01714804656 0.0007568787476 0)
(-0.01979352774 0.0007889848562 0)
(-0.0223210337 0.000783583099 0)
(-0.02459132404 0.0007315078045 0)
(-0.02645623979 0.0006269606051 0)
(-0.0277710545 0.0004690433981 0)
(-0.02840498834 0.0002590922898 0)
(-0.02823587709 -6.25352885e-06 0)
(-0.02718249568 -0.0003163182599 0)
(-0.02524148865 -0.0006362442585 0)
(-0.02244402817 -0.0009388377205 0)
(-0.01889126342 -0.001196415627 0)
(-0.01474780262 -0.00138183087 0)
(-0.01023333917 -0.001472604233 0)
(-0.005605509823 -0.001455239055 0)
(-0.001134943372 -0.001330492207 0)
(0.002904301379 -0.00111560948 0)
(0.006277688043 -0.0008203775048 0)
(0.008828968458 -0.0004952080874 0)
(0.01048026943 -0.0001746139238 0)
(0.0112407918 0.0001086966966 0)
(0.01120122509 0.0003302208216 0)
(0.0105091045 0.0004821193393 0)
(0.009337465453 0.0005670517142 0)
(0.007858307991 0.0005969368844 0)
(0.006221914204 0.0005879923032 0)
(0.004549737187 0.0005529215192 0)
(0.002945688532 0.000492806818 0)
(0.001516321213 0.0003892868531 0)
(0.0004008669223 0.0002048745068 0)
(-2.884176685e-05 -3.884513558e-05 0)
(0.0001543688145 -0.0003390332832 0)
(0.0006212043289 -0.0006126262929 0)
(0.001187255051 -0.0005967276264 0)
(0.001561576494 -0.0004261822974 0)
(0.001638242835 -0.0001895564622 0)
(0.001367776896 7.186774532e-05 0)
(0.0007188245093 0.0003415706838 0)
(-0.0003366871571 0.0006221540389 0)
(-0.001830853933 0.0009217033756 0)
(-0.00380278205 0.001249550573 0)
(-0.006297187688 0.001613327783 0)
(-0.009359365378 0.002017005436 0)
(-0.01302790149 0.002459208035 0)
(-0.01732557959 0.0029319087 0)
(-0.02224916744 0.003419389512 0)
(-0.02775923938 0.003897686215 0)
(-0.03377143731 0.004334751337 0)
(-0.04015074827 0.0046915772 0)
(-0.04671031333 0.004924463691 0)
(-0.05321582831 0.004988485115 0)
(-0.05939565426 0.00484197918 0)
(-0.06495575104 0.004451612148 0)
(-0.06959823899 0.003797507589 0)
(-0.07304326735 0.002877027498 0)
(-0.07505424446 0.00170588856 0)
(-0.07545596393 0.0003229907386 0)
(-0.07411561741 -0.00119391516 0)
(-0.07093932011 -0.002785223752 0)
(-0.06599402293 -0.004347981466 0)
(-0.05941342522 -0.005778108196 0)
(-0.05141830299 -0.006970224233 0)
(-0.04231567245 -0.007825910414 0)
(-0.03248953739 -0.008264884318 0)
(-0.02238219925 -0.008236773116 0)
(-0.01246664539 -0.007734044176 0)
(-0.003213487926 -0.006800658725 0)
(0.00491936419 -0.005509734781 0)
(0.01157362285 -0.003984746451 0)
(0.01652907556 -0.002384787212 0)
(0.01968450588 -0.0008545429683 0)
(0.02109478536 0.0004815345387 0)
(0.02094548069 0.001541022274 0)
(0.01951020525 0.002296743603 0)
(0.01711384448 0.002760857675 0)
(0.01408712981 0.002973185253 0)
(0.01073873878 0.002974597189 0)
(0.007353661198 0.002775860037 0)
(0.004201467213 0.002331866581 0)
(0.001598584234 0.001544319469 0)
(0.0002403793713 0.0004151422266 0)
(0.000166486103 -0.0007399468556 0)
(0.0005790875342 -0.00117814553 0)
(0.000938376521 -0.001015002173 0)
(0.0009514010053 -0.0005252651118 0)
(0.0004981684894 0.0001279565156 0)
(-0.0004966783507 0.0008639383675 0)
(-0.002093702272 0.001654081992 0)
(-0.00434909984 0.002500649719 0)
(-0.007327031742 0.003417782344 0)
(-0.01109380904 0.00442014222 0)
(-0.01571329128 0.005515681139 0)
(-0.02123715733 0.006700145957 0)
(-0.02769202762 0.007952711651 0)
(-0.03506490331 0.009232938566 0)
(-0.04328896783 0.01047955105 0)
(-0.05223244351 0.01161171616 0)
(-0.06169331455 0.01253336053 0)
(-0.07140213249 0.01314062654 0)
(-0.08103367708 0.01333187677 0)
(-0.09022627556 0.01301891787 0)
(-0.09860576965 0.01213757747 0)
(-0.1058100976 0.0106557618 0)
(-0.1115117779 0.008578026871 0)
(-0.1154368451 0.00594661219 0)
(-0.1173726375 0.002841148388 0)
(-0.117158088 -0.000616629046 0)
(-0.1147303141 -0.004260574476 0)
(-0.1100752725 -0.007942573506 0)
(-0.1032832398 -0.01148181702 0)
(-0.09451221003 -0.01468263321 0)
(-0.08400433192 -0.01734850811 0)
(-0.07208320574 -0.01929588468 0)
(-0.05915139888 -0.02037075707 0)
(-0.04568121065 -0.02046788455 0)
(-0.03219772107 -0.01955096052 0)
(-0.01925255265 -0.01766978414 0)
(-0.007392021523 -0.01496738344 0)
(0.002883566979 -0.01164910602 0)
(0.01119199153 -0.008009245995 0)
(0.01729801921 -0.004356480775 0)
(0.02112474674 -0.0009833405529 0)
(0.02277788837 0.001884942958 0)
(0.02250537462 0.004116624953 0)
(0.02065675237 0.005677474167 0)
(0.01764466938 0.006596334147 0)
(0.01389603811 0.006927515256 0)
(0.009829949445 0.006691652167 0)
(0.005845987369 0.005825504215 0)
(0.002399021079 0.004173926655 0)
(0.0004376947205 0.001606453727 0)
(0.0001277510755 -0.001043672341 0)
(0.0002973288926 -0.001458382488 0)
(0.0001500908307 -0.0009703603431 0)
(-0.0005273999653 1.063627526e-05 0)
(-0.001847894271 0.001260422584 0)
(-0.00389966445 0.002670497508 0)
(-0.006769026043 0.00421075953 0)
(-0.01054535043 0.005884761978 0)
(-0.01532102029 0.007708708825 0)
(-0.0211820895 0.009693408979 0)
(-0.02819623209 0.01183221441 0)
(-0.03639700113 0.01409182729 0)
(-0.04576601603 0.01640577933 0)
(-0.05621605541 0.01867171966 0)
(-0.06757903507 0.02075392057 0)
(-0.07960290358 0.02249188698 0)
(-0.09196006238 0.02371473352 0)
(-0.1042671512 0.02425938616 0)
(-0.1161127757 0.02398926994 0)
(-0.1270874948 0.02280976398 0)
(-0.1368102137 0.02067762492 0)
(-0.1449469536 0.01760349138 0)
(-0.1512211195 0.01364898671 0)
(-0.1554164397 0.008922670352 0)
(-0.1573728541 0.003578560718 0)
(-0.1569832666 -0.002191162801 0)
(-0.1542050489 -0.008187088977 0)
(-0.1490333089 -0.01417650917 0)
(-0.1415385406 -0.01990544408 0)
(-0.1318405217 -0.02510546384 0)
(-0.120132271 -0.02950170111 0)
(-0.1066846141 -0.03282898801 0)
(-0.09185354679 -0.03485222125 0)
(-0.07608228111 -0.03539287819 0)
(-0.05989546278 -0.03435859215 0)
(-0.04388247636 -0.03177095759 0)
(-0.02866620479 -0.02778522769 0)
(-0.01485814264 -0.02268917446 0)
(-0.002992332135 -0.01687761774 0)
(0.006519614175 -0.01082444307 0)
(0.01344618437 -0.005000910909 0)
(0.01776426999 0.0001887207549 0)
(0.01963940177 0.004454621516 0)
(0.01938890927 0.007661872717 0)
(0.01743749601 0.009779625886 0)
(0.01427567135 0.0108410677 0)
(0.0104143446 0.01085761732 0)
(0.006357690901 0.009739375876 0)
(0.002678196883 0.007254455427 0)
(0.0005070995762 0.003071843149 0)
(5.491207394e-05 -0.001139682184 0)
(-0.0001669170676 -0.001229212788 0)
(-0.001068008735 -0.0001849553999 0)
(-0.00270733149 0.001479795739 0)
(-0.005171701035 0.003509798398 0)
(-0.008557502625 0.005796175819 0)
(-0.01297370247 0.008314164205 0)
(-0.01853815837 0.01107171242 0)
(-0.02536401241 0.01407857176 0)
(-0.03354179669 0.01732501955 0)
(-0.04311992877 0.02076635973 0)
(-0.05408404444 0.02431175503 0)
(-0.06633811411 0.0278188781 0)
(-0.07969223578 0.031096916 0)
(-0.09386217996 0.03391952054 0)
(-0.1084835416 0.03604682307 0)
(-0.1231390835 0.03725261371 0)
(-0.1373933737 0.03735066315 0)
(-0.1508264402 0.03621423298 0)
(-0.1630593575 0.03378539191 0)
(-0.1737685601 0.03007424697 0)
(-0.1826893138 0.02515081537 0)
(-0.1896103088 0.01913406836 0)
(-0.1943626355 0.01218445289 0)
(-0.1968123036 0.004503271672 0)
(-0.1968725604 -0.003673294913 0)
(-0.1944919315 -0.01210445129 0)
(-0.1896304429 -0.02051822591 0)
(-0.182299792 -0.02860810362 0)
(-0.1725490335 -0.03604573396 0)
(-0.16048934 -0.04248365927 0)
(-0.1463068105 -0.04757271672 0)
(-0.1302784368 -0.05098368948 0)
(-0.1127866375 -0.05244019566 0)
(-0.09432617123 -0.05175850999 0)
(-0.07550008097 -0.04889003408 0)
(-0.05699710769 -0.04395770719 0)
(-0.03954625378 -0.037274595 0)
(-0.02384900014 -0.02933054899 0)
(-0.01050457843 -0.02074989552 0)
(6.733171131e-05 -0.01219395842 0)
(0.007678038654 -0.004279152236 0)
(0.0123880445 0.002515178243 0)
(0.01445789223 0.007880799672 0)
(0.01429847586 0.01169482477 0)
(0.01243662187 0.01393166908 0)
(0.009447969822 0.01456541417 0)
(0.005922782086 0.0134638708 0)
(0.002528974393 0.01030730882 0)
(0.0004791959989 0.004557936236 0)
(-4.824147672e-05 -0.0009403769833 0)
(-0.0007853172369 -0.0003071220143 0)
(-0.00264264942 0.001568692826 0)
(-0.005464396653 0.004125586341 0)
(-0.009294403054 0.007125273191 0)
(-0.01423293177 0.01048849652 0)
(-0.02040815559 0.01420883359 0)
(-0.02795796627 0.01829445284 0)
(-0.03700187003 0.02273339359 0)
(-0.04761321986 0.0274714327 0)
(-0.05979420448 0.03239651013 0)
(-0.07345471975 0.03733022315 0)
(-0.08839965817 0.04203014255 0)
(-0.1043302489 0.04620593628 0)
(-0.1208625494 0.0495484387 0)
(-0.1375607456 0.05176585116 0)
(-0.1539772132 0.05261803558 0)
(-0.1696888876 0.05194034534 0)
(-0.1843218631 0.04965275879 0)
(-0.1975618705 0.04575577329 0)
(-0.2091536675 0.0403181044 0)
(-0.2188935874 0.03346139474 0)
(-0.2266167129 0.02534632919 0)
(-0.2321805157 0.01616473134 0)
(-0.2354586328 0.006139890457 0)
(-0.2363652139 -0.004473267408 0)
(-0.2348397494 -0.01540078532 0)
(-0.2308056396 -0.02634869584 0)
(-0.2242090565 -0.03697459892 0)
(-0.2150247857 -0.04690555908 0)
(-0.2032686242 -0.05573094737 0)
(-0.1890203304 -0.06301977898 0)
(-0.1724448786 -0.06834023954 0)
(-0.1538216616 -0.07129581885 0)
(-0.1335678444 -0.07157381898 0)
(-0.1122540788 -0.06900409909 0)
(-0.09060022139 -0.06361833125 0)
(-0.06944180924 -0.05569540121 0)
(-0.04966094442 -0.04577337465 0)
(-0.03208640352 -0.03461053504 0)
(-0.01737904182 -0.02308515273 0)
(-0.005938456731 -0.01206451026 0)
(0.002132845115 -0.002274208725 0)
(0.007030298707 0.005769272394 0)
(0.009166508185 0.01178825851 0)
(0.009086875632 0.01566622226 0)
(0.007425206151 0.01731591531 0)
(0.004850467227 0.01655114631 0)
(0.002105300653 0.01296894615 0)
(0.0003959654825 0.005868807306 0)
(-0.0001793591118 -0.0003689296895 0)
(-0.00153780694 0.001469700111 0)
(-0.004516614407 0.004479684778 0)
(-0.008691833885 0.008141502787 0)
(-0.0140510616 0.01229703536 0)
(-0.02069650665 0.0169301026 0)
(-0.02876974908 0.02206186329 0)
(-0.03841613238 0.02769042136 0)
(-0.04974202894 0.033759725 0)
(-0.06277926378 0.04014222177 0)
(-0.07745939503 0.04662920519 0)
(-0.09359911636 0.05293218938 0)
(-0.1109015217 0.05870048372 0)
(-0.1289765173 0.06355557468 0)
(-0.1473777839 0.06713567813 0)
(-0.165646975 0.06913855794 0)
(-0.1833530007 0.06935114472 0)
(-0.2001175579 0.06766029131 0)
(-0.2156248956 0.0640467201 0)
(-0.2296199236 0.05856918959 0)
(-0.2419011253 0.0513461184 0)
(-0.2523118508 0.04253874558 0)
(-0.2607279098 0.03233778543 0)
(-0.2670400664 0.02095543853 0)
(-0.2711448391 0.008625562065 0)
(-0.2729642885 -0.004387996286 0)
(-0.2724482291 -0.01778889827 0)
(-0.2695135113 -0.03129109156 0)
(-0.2640541042 -0.04453571904 0)
(-0.2559792025 -0.05712742707 0)
(-0.2452026234 -0.06861382849 0)
(-0.2316782776 -0.07849791059 0)
(-0.2154212075 -0.08625113301 0)
(-0.1965517383 -0.09134623118 0)
(-0.1753374403 -0.09330970589 0)
(-0.152235711 -0.09179360184 0)
(-0.1279201088 -0.08666079504 0)
(-0.1032762673 -0.07806774603 0)
(-0.07934919992 -0.06651902513 0)
(-0.05723314197 -0.05286087339 0)
(-0.03791365428 -0.03818901508 0)
(-0.02210354824 -0.02367956127 0)
(-0.010134611 -0.01039084924 0)
(-0.001940277404 0.0008885971572 0)
(0.002874641854 0.009662327435 0)
(0.004904880716 0.01567669829 0)
(0.004853147311 0.01877069454 0)
(0.003472193979 0.01870338444 0)
(0.001569277703 0.01500963773 0)
(0.0002977308351 0.00689609128 0)
(-0.0003321974695 0.0006548274533 0)
(-0.002400858817 0.004233735288 0)
(-0.006630533397 0.008691386881 0)
(-0.01227584743 0.01366526431 0)
(-0.01926511145 0.01915092424 0)
(-0.02770018431 0.02522978435 0)
(-0.03772739052 0.03195369113 0)
(-0.04948346078 0.03929337976 0)
(-0.06304017743 0.04712148975 0)
(-0.0783658294 0.05520851956 0)
(-0.09530539365 0.06322706535 0)
(-0.1135792136 0.07077059129 0)
(-0.1328024042 0.07739100602 0)
(-0.1525227685 0.08265011896 0)
(-0.1722678444 0.08617160133 0)
(-0.1915878784 0.08767878556 0)
(-0.2100847898 0.08701030332 0)
(-0.2274251316 0.0841152708 0)
(-0.2433413347 0.07903601896 0)
(-0.2576272459 0.0718867477 0)
(-0.2701324479 0.06283318015 0)
(-0.2807556351 0.05207553673 0)
(-0.2894323053 0.03983514507 0)
(-0.2961131858 0.02634456046 0)
(-0.3007442436 0.01184359629 0)
(-0.3032790977 -0.003410480021 0)
(-0.303718041 -0.01912833456 0)
(-0.3020033528 -0.03505164191 0)
(-0.2979844221 -0.05083170577 0)
(-0.29152454 -0.06608044324 0)
(-0.2824427171 -0.08034084268 0)
(-0.2705610051 -0.09308184224 0)
(-0.2557193266 -0.1037041783 0)
(-0.2378290085 -0.1115602474 0)
(-0.216930385 -0.1160027939 0)
(-0.1932633786 -0.1164598271 0)
(-0.1673336194 -0.1125414322 0)
(-0.1399567931 -0.1041641923 0)
(-0.1122519615 -0.0916668928 0)
(-0.08555565547 -0.07587245701 0)
(-0.0612422569 -0.05804288599 0)
(-0.04047756998 -0.03969888524 0)
(-0.02398762694 -0.02234012888 0)
(-0.01194809495 -0.007178077848 0)
(-0.004040263337 0.004987292567 0)
(0.0003826191367 0.01371063687 0)
(0.002130141811 0.01873712616 0)
(0.002059629069 0.01978000598 0)
(0.00105335716 0.01634754565 0)
(0.0002157124002 0.007622784361 0)
(-0.0005117148306 0.002191735171 0)
(-0.003357157453 0.008079910683 0)
(-0.008911635674 0.01429656277 0)
(-0.01608350347 0.02077322388 0)
(-0.02473591422 0.0277422634 0)
(-0.03496602879 0.03541486751 0)
(-0.04691361512 0.04386953942 0)
(-0.06068900511 0.05302665164 0)
(-0.07630951509 0.0626594902 0)
(-0.09366422067 0.07241368763 0)
(-0.1125060708 0.08183308982 0)
(-0.1324672764 0.09040050458 0)
(-0.1530952739 0.09759434099 0)
(-0.1739008843 0.1029497877 0)
(-0.1944054395 0.1061075348 0)
(-0.214175614 0.1068386659 0)
(-0.2328427432 0.1050452049 0)
(-0.2501107336 0.1007442889 0)
(-0.2657579738 0.094045388 0)
(-0.2796358548 0.08512611437 0)
(-0.2916638326 0.07420893732 0)
(-0.3018199679 0.06154115173 0)
(-0.3101246351 0.04737946477 0)
(-0.316615257 0.03197795569 0)
(-0.3213169375 0.01557576984 0)
(-0.3242377739 -0.001610837528 0)
(-0.3254423114 -0.01937077363 0)
(-0.3249125916 -0.03739601005 0)
(-0.3224823412 -0.05542205147 0)
(-0.3179977996 -0.07309962763 0)
(-0.3112136091 -0.09001746676 0)
(-0.3018390155 -0.1056569161 0)
(-0.2895470925 -0.1193950454 0)
(-0.2740232601 -0.1305015691 0)
(-0.2550292168 -0.1381734612 0)
(-0.2324922288 -0.141600154 0)
(-0.2066102907 -0.1400762735 0)
(-0.1779548134 -0.1331569364 0)
(-0.1475386368 -0.1208403565 0)
(-0.116803818 -0.1037306047 0)
(-0.08747923611 -0.08310114887 0)
(-0.06128955344 -0.06077428801 0)
(-0.03957595538 -0.03878945126 0)
(-0.02299084567 -0.01897078584 0)
(-0.01143704326 -0.002616080123 0)
(-0.004261708249 0.00953511628 0)
(-0.0005288813569 0.01709553184 0)
(0.0007726178662 0.01974628983 0)
(0.0006368481588 0.01700788677 0)
(0.0001675360911 0.008095569326 0)
(-0.0007076383298 0.004278237012 0)
(-0.004364227182 0.01306200955 0)
(-0.0112664283 0.02133177967 0)
(-0.01995906785 0.02947595428 0)
(-0.03023752554 0.03805171522 0)
(-0.04218861285 0.04742706763 0)
(-0.0559325464 0.05769655171 0)
(-0.07153610541 0.06870450568 0)
(-0.08894667011 0.08010025107 0)
(-0.1079661332 0.09139080325 0)
(-0.1282582751 0.1019933502 0)
(-0.1493799224 0.1112977675 0)
(-0.1708278851 0.1187364243 0)
(-0.1920896329 0.1238459574 0)
(-0.2126854561 0.1263057944 0)
(-0.2321968435 0.1259491323 0)
(-0.2502837747 0.1227526912 0)
(-0.2666950688 0.1168146381 0)
(-0.2812730675 0.1083271739 0)
(-0.2939513321 0.0975466143 0)
(-0.3047440125 0.08476357723 0)
(-0.3137276535 0.07027722524 0)
(-0.3210180721 0.05437670241 0)
(-0.3267469725 0.03732798479 0)
(-0.3310438043 0.01935912547 0)
(-0.3340179518 0.0006451329611 0)
(-0.3357059936 -0.01866272155 0)
(-0.3361236435 -0.03829228694 0)
(-0.3352057524 -0.05806644784 0)
(-0.3327820408 -0.07771279461 0)
(-0.3285954717 -0.09690402092 0)
(-0.3222879214 -0.1151910728 0)
(-0.3134148335 -0.131989892 0)
(-0.3014697745 -0.146555491 0)
(-0.2859423669 -0.157988602 0)
(-0.2664067865 -0.1652755861 0)
(-0.2426474545 -0.1673837645 0)
(-0.214812133 -0.1634241912 0)
(-0.1835663405 -0.1528824567 0)
(-0.1501957101 -0.1358872937 0)
(-0.1165794598 -0.1134379104 0)
(-0.08495459375 -0.08745186446 0)
(-0.05744748756 -0.06049607038 0)
(-0.03551042936 -0.03520733378 0)
(-0.01957104583 -0.01367529681 0)
(-0.009124700685 0.002834758848 0)
(-0.003125711544 0.01371190766 0)
(-0.0003607798138 0.01859968734 0)
(0.0003378582237 0.01705856568 0)
(0.0001570378914 0.008388224832 0)
(-0.0009092644788 0.006937353585 0)
(-0.00537300392 0.01918736087 0)
(-0.01358684843 0.02977371134 0)
(-0.02372967606 0.03971663286 0)
(-0.03552709884 0.04998478253 0)
(-0.04904779838 0.06112363534 0)
(-0.06437890101 0.07322846651 0)
(-0.08152914627 0.08604267883 0)
(-0.1003662417 0.09907340669 0)
(-0.1206036835 0.1116848644 0)
(-0.141823446 0.1231784153 0)
(-0.1635191044 0.1328726501 0)
(-0.1851480732 0.1401789789 0)
(-0.2061811742 0.1446575333 0)
(-0.2261417451 0.1460442316 0)
(-0.2446338588 0.1442512322 0)
(-0.2613627285 0.1393493371 0)
(-0.2761473218 0.1315392926 0)
(-0.2889222398 0.1211155398 0)
(-0.2997270183 0.1084260419 0)
(-0.3086843025 0.09383376416 0)
(-0.3159714821 0.07768562389 0)
(-0.3217928394 0.06029186418 0)
(-0.3263597813 0.04191390347 0)
(-0.3298777447 0.02275720445 0)
(-0.3325163921 0.002974293367 0)
(-0.3343476612 -0.01730754934 0)
(-0.335410572 -0.0379628871 0)
(-0.335705215 -0.05886598125 0)
(-0.3351059626 -0.07985578436 0)
(-0.3333915108 -0.1007104518 0)
(-0.3302104418 -0.1211003924 0)
(-0.3250815629 -0.1405463928 0)
(-0.317393587 -0.1583758462 0)
(-0.3064377705 -0.1736923767 0)
(-0.2914758484 -0.1853747153 0)
(-0.2718599165 -0.192129124 0)
(-0.2472065551 -0.1926237815 0)
(-0.2176152031 -0.185726603 0)
(-0.1838929226 -0.1708487014 0)
(-0.1477020035 -0.1483424552 0)
(-0.1115026623 -0.1198125828 0)
(-0.07815834878 -0.08809849543 0)
(-0.05019227363 -0.05671899956 0)
(-0.02900061677 -0.02891207705 0)
(-0.01456589548 -0.006864925547 0)
(-0.005855999596 0.008351918391 0)
(-0.001439559919 0.01628571873 0)
(0.000116741729 0.01655670146 0)
(0.0001782905762 0.008569579957 0)
(-0.001103654294 0.01015847058 0)
(-0.006327877123 0.02640816655 0)
(-0.01575605379 0.0395367436 0)
(-0.02721522197 0.05137211104 0)
(-0.04035880211 0.06337539228 0)
(-0.05522760096 0.07628413984 0)
(-0.07186298596 0.09017724535 0)
(-0.09020524764 0.1046760348 0)
(-0.1100385539 0.1191347592 0)
(-0.1309919318 0.1327785209 0)
(-0.1525750904 0.1448085656 0)
(-0.1742295245 0.1544942116 0)
(-0.1953835267 0.1612484376 0)
(-0.2155018474 0.164676008 0)
(-0.2341260552 0.1645911901 0)
(-0.250906391 0.1610101051 0)
(-0.2656239728 0.1541242696 0)
(-0.2781987999 0.1442596602 0)
(-0.288680426 0.1318260569 0)
(-0.2972232714 0.1172645264 0)
(-0.3040526043 0.1010019112 0)
(-0.3094288865 0.08341823793 0)
(-0.3136189607 0.06482820069 0)
(-0.3168803341 0.04547465281 0)
(-0.3194523759 0.02553270553 0)
(-0.3215296736 0.005123908585 0)
(-0.3232138411 -0.01566814872 0)
(-0.3245692269 -0.03680544314 0)
(-0.3256423577 -0.05823974664 0)
(-0.326374119 -0.07991425472 0)
(-0.3266162048 -0.101724617 0)
(-0.3260913318 -0.123483168 0)
(-0.3243740284 -0.1448659425 0)
(-0.3208646047 -0.1653532082 0)
(-0.3147856787 -0.1841660038 0)
(-0.3052105849 -0.200216477 0)
(-0.2911475491 -0.2120972207 0)
(-0.2716967786 -0.218148049 0)
(-0.2462900627 -0.2166450631 0)
(-0.2149982354 -0.2061515683 0)
(-0.1788497925 -0.1860323097 0)
(-0.1400311505 -0.1570424845 0)
(-0.1017595241 -0.1217314036 0)
(-0.06761521242 -0.08423299442 0)
(-0.04038852584 -0.04917753342 0)
(-0.02110452086 -0.02022975855 0)
(-0.009055446658 0.000621771869 0)
(-0.002639791617 0.0126396927 0)
(-9.622807583e-05 0.01548881124 0)
(0.000214140597 0.008676283475 0)
(-0.001276237573 0.01389661063 0)
(-0.00717040291 0.03462064949 0)
(-0.01765671151 0.05047516608 0)
(-0.03024065389 0.06425807196 0)
(-0.04450021922 0.07799405657 0)
(-0.06043736993 0.09262269064 0)
(-0.07803726813 0.1081906494 0)
(-0.09716625544 0.1241818806 0)
(-0.1175266825 0.1397944373 0)
(-0.1386713074 0.154123885 0)
(-0.1600495935 0.1662897869 0)
(-0.1810647933 0.1755346083 0)
(-0.2011320125 0.1812965659 0)
(-0.2197306076 0.1832509213 0)
(-0.2364483845 0.1813195432 0)
(-0.2510152769 0.1756528426 0)
(-0.2633203157 0.1665882161 0)
(-0.273406458 0.1545902781 0)
(-0.2814443516 0.1401829536 0)
(-0.2876927435 0.1238865385 0)
(-0.2924553566 0.1061700805 0)
(-0.2960429477 0.08742294064 0)
(-0.2987475586 0.0679437493 0)
(-0.300831845 0.04794331768 0)
(-0.3025257831 0.02755927295 0)
(-0.3040122544 0.00687684618 0)
(-0.3054006119 -0.01406126276 0)
(-0.306770452 -0.03527354812 0)
(-0.3081927704 -0.05677480591 0)
(-0.3096719118 -0.07858669425 0)
(-0.3111456064 -0.1007066602 0)
(-0.3124500512 -0.1230821356 0)
(-0.3132858705 -0.1455606815 0)
(-0.3131721427 -0.1678249813 0)
(-0.3114069461 -0.1893081631 0)
(-0.3070475945 -0.209101325 0)
(-0.2989371627 -0.2258745987 0)
(-0.2858066252 -0.2378519677 0)
(-0.2664817569 -0.2428983568 0)
(-0.2402097867 -0.2387916137 0)
(-0.2070864249 -0.2237447565 0)
(-0.1684957037 -0.1971811905 0)
(-0.1273582154 -0.160595166 0)
(-0.08784692035 -0.1180068306 0)
(-0.05424886014 -0.07526808224 0)
(-0.0292641304 -0.0380666613 0)
(-0.01309451379 -0.0100409891 0)
(-0.004172934634 0.00736080414 0)
(-0.000384820145 0.01373740422 0)
(0.0002500415035 0.008693916539 0)
(-0.001412393574 0.0180724262 0)
(-0.007844526681 0.04366795573 0)
(-0.01918014894 0.06238929431 0)
(-0.03264861498 0.07813803172 0)
(-0.04774856226 0.09356020909 0)
(-0.06443193242 0.1098047639 0)
(-0.0826205522 0.1268744852 0)
(-0.1021066289 0.1441077428 0)
(-0.1225177815 0.1605498559 0)
(-0.143343171 0.1751810424 0)
(-0.1639882762 0.187060287 0)
(-0.1838375554 0.1954280913 0)
(-0.2023168189 0.1997761591 0)
(-0.2189496494 0.1998820968 0)
(-0.2334037315 0.1958083004 0)
(-0.2455198932 0.1878671047 0)
(-0.2553155206 0.1765566463 0)
(-0.262960501 0.1624782961 0)
(-0.2687332854 0.1462529948 0)
(-0.2729697493 0.1284532408 0)
(-0.2760163343 0.1095598469 0)
(-0.2781951423 0.08994354753 0)
(-0.2797849255 0.06986598446 0)
(-0.281017081 0.04949400905 0)
(-0.2820787654 0.02892258788 0)
(-0.2831121304 0.008198625701 0)
(-0.2842117812 -0.01266971278 0)
(-0.285455151 -0.03372708428 0)
(-0.286915928 -0.05502353847 0)
(-0.2886408487 -0.07662415395 0)
(-0.2906432463 -0.09859372387 0)
(-0.2928755994 -0.1209818559 0)
(-0.2951920008 -0.1437867376 0)
(-0.2972932388 -0.1668973536 0)
(-0.2986626462 -0.1900050045 0)
(-0.2985035935 -0.2124855715 0)
(-0.2957028828 -0.2332646083 0)
(-0.2888549161 -0.2506981827 0)
(-0.2763901775 -0.2625294244 0)
(-0.2568499366 -0.2660114132 0)
(-0.2293298068 -0.2583110938 0)
(-0.1940635978 -0.2372992628 0)
(-0.1530103124 -0.2027220275 0)
(-0.1101129684 -0.1574172177 0)
(-0.07067308354 -0.1076212312 0)
(-0.03942279851 -0.06118704636 0)
(-0.01829676546 -0.02433217655 0)
(-0.006231849589 1.090261179e-05 0)
(-0.0008282753071 0.01108701946 0)
(0.0002696728051 0.008562965157 0)
(-0.001499121753 0.02257483955 0)
(-0.008301680683 0.0533467367 0)
(-0.02023476658 0.07503484256 0)
(-0.0343105571 0.09273537064 0)
(-0.04994435248 0.1097576947 0)
(-0.06702776305 0.1274671998 0)
(-0.08541615257 0.1458176609 0)
(-0.1048327875 0.1640013993 0)
(-0.1248428799 0.1809206746 0)
(-0.1448892644 0.1954588164 0)
(-0.1643544962 0.2066387423 0)
(-0.1826292565 0.2137277293 0)
(-0.1991791789 0.216303614 0)
(-0.2136036288 0.2142804418 0)
(-0.2256788639 0.2078907438 0)
(-0.2353748133 0.1976260349 0)
(-0.2428391723 0.1841447133 0)
(-0.2483534601 0.168166985 0)
(-0.2522749359 0.1503807135 0)
(-0.2549797932 0.1313755762 0)
(-0.2568185093 0.1116107987 0)
(-0.2580885003 0.09141159456 0)
(-0.2590244376 0.07098484592 0)
(-0.2598022366 0.05044505841 0)
(-0.2605492294 0.02984344899 0)
(-0.2613544295 0.009192284864 0)
(-0.2622798712 -0.01152452781 0)
(-0.2633822117 -0.03235435501 0)
(-0.2647242821 -0.05335507939 0)
(-0.2663712029 -0.07460265618 0)
(-0.2683859479 -0.09618952449 0)
(-0.270811743 -0.1182219018 0)
(-0.2736409163 -0.1408019038 0)
(-0.2767634021 -0.1639874629 0)
(-0.2798946989 -0.1877171642 0)
(-0.2824873833 -0.2116908141 0)
(-0.2836429226 -0.2352042299 0)
(-0.2820564185 -0.2569564422 0)
(-0.2760439223 -0.2748783703 0)
(-0.2637128901 -0.2860740263 0)
(-0.2433333095 -0.2870137228 0)
(-0.2139390259 -0.2741583889 0)
(-0.1761122938 -0.2451769655 0)
(-0.1327278451 -0.2007090749 0)
(-0.0891094384 -0.1459509721 0)
(-0.05168608599 -0.09020071059 0)
(-0.02487930726 -0.04299825307 0)
(-0.008959836857 -0.009950484468 0)
(-0.001482252159 0.007238566537 0)
(0.0002653061345 0.008189538946 0)
(-0.001526528517 0.02726679364 0)
(-0.00850503911 0.06341697038 0)
(-0.02075263898 0.08813469189 0)
(-0.0351349189 0.1077473304 0)
(-0.05098074997 0.1262519817 0)
(-0.06811289856 0.1452393288 0)
(-0.08632137768 0.1646172623 0)
(-0.1052706634 0.1834395486 0)
(-0.1244803231 0.2004808133 0)
(-0.1433679499 0.2145500382 0)
(-0.1613178027 0.2246617496 0)
(-0.1777542334 0.2301416126 0)
(-0.192211053 0.2306871943 0)
(-0.2043886422 0.2263794187 0)
(-0.2141874539 0.2176407117 0)
(-0.2217068855 0.2051443176 0)
(-0.2272085313 0.1896927227 0)
(-0.2310556229 0.1720943802 0)
(-0.2336469592 0.1530666493 0)
(-0.2353609928 0.1331796997 0)
(-0.2365185895 0.1128408132 0)
(-0.237366262 0.09230865407 0)
(-0.2380767692 0.07172422467 0)
(-0.2387609518 0.05114698376 0)
(-0.2394839985 0.03058795792 0)
(-0.2402821022 0.01003373423 0)
(-0.2411788887 -0.010542097 0)
(-0.2422029449 -0.03117819343 0)
(-0.2433985841 -0.05192146602 0)
(-0.2448291086 -0.07283386929 0)
(-0.2465783096 -0.09400175074 0)
(-0.2487423306 -0.1155438918 0)
(-0.2514103504 -0.1376115959 0)
(-0.2546258077 -0.1603712586 0)
(-0.2583224687 -0.1839546315 0)
(-0.2622308189 -0.2083591857 0)
(-0.2657605857 -0.2332831977 0)
(-0.2678828904 -0.2578941885 0)
(-0.2670585331 -0.2805584754 0)
(-0.261281842 -0.2986081977 0)
(-0.2483217083 -0.3082857272 0)
(-0.2262333767 -0.3050800365 0)
(-0.1941728028 -0.2847314821 0)
(-0.1534270218 -0.2451387839 0)
(-0.1082776941 -0.1889561039 0)
(-0.06576733909 -0.1252306098 0)
(-0.03292374076 -0.06671133094 0)
(-0.01244416632 -0.02311471697 0)
(-0.002381068427 0.001839607882 0)
(0.0002333150079 0.007454563962 0)
(-0.00148894001 0.03199339178 0)
(-0.008432465492 0.07361392371 0)
(-0.02069362579 0.1013918359 0)
(-0.03507154258 0.1228595134 0)
(-0.05080761934 0.1427071794 0)
(-0.06764966574 0.1627627787 0)
(-0.08532724295 0.182900678 0)
(-0.1034600421 0.2020513966 0)
(-0.1215417688 0.2188823747 0)
(-0.1389879974 0.2321538526 0)
(-0.1552099559 0.2409012108 0)
(-0.1696908505 0.2445400329 0)
(-0.1820543581 0.2429173498 0)
(-0.192115061 0.2363023723 0)
(-0.1998970824 0.2253135995 0)
(-0.2056129411 0.2107935716 0)
(-0.2096084636 0.1936603186 0)
(-0.2122915732 0.1747729632 0)
(-0.2140651407 0.1548400272 0)
(-0.2152777182 0.1343797622 0)
(-0.216197202 0.1137248636 0)
(-0.2170056253 0.09305551365 0)
(-0.2178093989 0.07244404784 0)
(-0.2186576115 0.05189846383 0)
(-0.2195618518 0.0313970613 0)
(-0.2205147082 0.01091075322 0)
(-0.2215071388 -0.009586978321 0)
(-0.2225422696 -0.03012002343 0)
(-0.22364304 -0.05071319898 0)
(-0.2248583653 -0.0714006739 0)
(-0.2262694767 -0.09224109514 0)
(-0.2279891126 -0.1133330537 0)
(-0.2301548691 -0.1348290568 0)
(-0.2329074201 -0.1569398657 0)
(-0.236344981 -0.1799151531 0)
(-0.2404429859 -0.2039786212 0)
(-0.2449331881 -0.2291909909 0)
(-0.2491502971 -0.2552185416 0)
(-0.2518813395 -0.2810075649 0)
(-0.2512861892 -0.3044129719 0)
(-0.2449849337 -0.3219034928 0)
(-0.2304171412 -0.3285616706 0)
(-0.2055596681 -0.3187094949 0)
(-0.1700245618 -0.2875811342 0)
(-0.1263618478 -0.2343324202 0)
(-0.08088594277 -0.1656163397 0)
(-0.04234346511 -0.09589705318 0)
(-0.01672154364 -0.04005892995 0)
(-0.003543775639 -0.005485445236 0)
(0.0001714658561 0.006226966784 0)
(-0.001385520686 0.03659126298 0)
(-0.008077969868 0.08366087125 0)
(-0.02004686349 0.1145021868 0)
(-0.03411226963 0.1377594787 0)
(-0.04943026474 0.1588012092 0)
(-0.06567018211 0.1797079928 0)
(-0.0825088422 0.2003424013 0)
(-0.09953744931 0.2195341641 0)
(-0.1162447476 0.235867783 0)
(-0.1320672377 0.2480815583 0)
(-0.1464656586 0.2552600838 0)
(-0.1590009222 0.2569364644 0)
(-0.1693978966 0.25312878 0)
(-0.1775847625 0.244303741 0)
(-0.1836942471 0.2312681341 0)
(-0.1880239257 0.2150092976 0)
(-0.190968059 0.1965252054 0)
(-0.1929426417 0.1766872305 0)
(-0.1943233288 0.1561614282 0)
(-0.1954067648 0.1353901903 0)
(-0.1963965033 0.1146190464 0)
(-0.1974087058 0.09394726183 0)
(-0.1984900105 0.07338318887 0)
(-0.1996396831 0.05289182849 0)
(-0.2008303387 0.03242843096 0)
(-0.2020252734 0.01195722044 0)
(-0.2031933832 -0.008542095852 0)
(-0.2043191808 -0.02907546785 0)
(-0.2054070605 -0.04964193373 0)
(-0.2064872201 -0.07024418893 0)
(-0.2076238502 -0.09090441462 0)
(-0.2089193342 -0.1116830671 0)
(-0.2105176646 -0.1327008952 0)
(-0.2125991149 -0.154159742 0)
(-0.2153571467 -0.1763515036 0)
(-0.2189430963 -0.1996342351 0)
(-0.2233634158 -0.2243423837 0)
(-0.2283216527 -0.2505911717 0)
(-0.2330204314 -0.2779454249 0)
(-0.2359793818 -0.3049624161 0)
(-0.2349693891 -0.3286968498 0)
(-0.227191407 -0.3443699323 0)
(-0.2098272838 -0.3455462653 0)
(-0.1810543253 -0.3253320854 0)
(-0.1415046387 -0.2792221661 0)
(-0.09578852074 -0.20977179 0)
(-0.05281426624 -0.1305178561 0)
(-0.02177869333 -0.06126841491 0)
(-0.004979445361 -0.01511430849 0)
(7.493581127e-05 0.004368382946 0)
(-0.001220243689 0.04089848236 0)
(-0.007451463823 0.09328179304 0)
(-0.01882958809 0.1271664672 0)
(-0.03228789204 0.1521485084 0)
(-0.04690345746 0.1742379708 0)
(-0.06226610094 0.1957860788 0)
(-0.0780090862 0.2166739908 0)
(-0.0937118696 0.2356591939 0)
(-0.1088782934 0.2512697181 0)
(-0.1229860511 0.2622476188 0)
(-0.1355625332 0.2677513568 0)
(-0.1462566799 0.2674519066 0)
(-0.1548946898 0.2615492362 0)
(-0.1615056341 0.250704044 0)
(-0.1663056889 0.235891958 0)
(-0.1696440408 0.2182132258 0)
(-0.1719281464 0.1987088003 0)
(-0.1735514561 0.1782283044 0)
(-0.1748408679 0.1573702126 0)
(-0.1760304496 0.1364874478 0)
(-0.1772591011 0.1157357026 0)
(-0.1785849816 0.09513880349 0)
(-0.1800080742 0.07465120435 0)
(-0.1814934831 0.05420616686 0)
(-0.1829908663 0.0337458889 0)
(-0.1844488337 0.01323532186 0)
(-0.1858255946 -0.007335511746 0)
(-0.1870952228 -0.02795499717 0)
(-0.1882492167 -0.04859880132 0)
(-0.1893005645 -0.06924119516 0)
(-0.1902909313 -0.08986899653 0)
(-0.1912974215 -0.110499832 0)
(-0.1924420935 -0.1312064748 0)
(-0.1938991332 -0.1521468516 0)
(-0.1958923108 -0.1735941538 0)
(-0.1986684741 -0.1959509546 0)
(-0.2024268977 -0.2197148805 0)
(-0.2071833119 -0.2453453871 0)
(-0.212561182 -0.2729739834 0)
(-0.2175412249 -0.3019233309 0)
(-0.220260456 -0.330071768 0)
(-0.2180044022 -0.3532273954 0)
(-0.2075551186 -0.3648477339 0)
(-0.1860389131 -0.3566513081 0)
(-0.1523524986 -0.3209253793 0)
(-0.109025135 -0.2553908737 0)
(-0.06370351256 -0.1698737747 0)
(-0.02754096823 -0.08703091263 0)
(-0.006685323979 -0.02739433202 0)
(-5.950897581e-05 0.001737897675 0)
(-0.001001367194 0.04476420479 0)
(-0.006577228484 0.1022133033 0)
(-0.017083966 0.1391005318 0)
(-0.02966251522 0.1657507915 0)
(-0.04332234276 0.1887556679 0)
(-0.05757490521 0.2107553341 0)
(-0.07201912228 0.2316871025 0)
(-0.08623808991 0.2502695206 0)
(-0.09976830849 0.2650011012 0)
(-0.1121445385 0.2746502118 0)
(-0.1229711852 0.2784676694 0)
(-0.1319868302 0.2762733535 0)
(-0.1391095102 0.268448583 0)
(-0.144448081 0.2558334248 0)
(-0.1482722625 0.2395450726 0)
(-0.1509497675 0.220762456 0)
(-0.1528713898 0.2005360612 0)
(-0.1543863951 0.1796677651 0)
(-0.155761905 0.1586735586 0)
(-0.1571688344 0.1378133623 0)
(-0.1586892262 0.1171585317 0)
(-0.1603363555 0.09666844752 0)
(-0.1620790155 0.07625644838 0)
(-0.1638636635 0.05583568374 0)
(-0.1656310326 0.03534403476 0)
(-0.1673268032 0.01475242189 0)
(-0.1689079382 -0.005937021314 0)
(-0.1703457128 -0.02669726007 0)
(-0.1716248622 -0.04748646049 0)
(-0.1727454635 -0.0682571109 0)
(-0.1737278391 -0.0889677462 0)
(-0.1746195162 -0.1095979508 0)
(-0.1755069904 -0.1301704874 0)
(-0.1765301555 -0.1507833968 0)
(-0.1778947792 -0.1716518942 0)
(-0.1798717004 -0.1931512823 0)
(-0.1827625247 -0.2158350093 0)
(-0.1868032336 -0.240376382 0)
(-0.1919784341 -0.2673573761 0)
(-0.1977455074 -0.2968259327 0)
(-0.2027318027 -0.327595254 0)
(-0.204551023 -0.3563848179 0)
(-0.1999327087 -0.3771070439 0)
(-0.1853558943 -0.3808551321 0)
(-0.1583367576 -0.357474477 0)
(-0.1193804803 -0.2999750548 0)
(-0.07410788297 -0.2125578261 0)
(-0.03382585635 -0.117312766 0)
(-0.008644846044 -0.04259939223 0)
(-0.0002338296548 -0.001802332554 0)
(-0.0007404998164 0.04805684999 0)
(-0.005491444565 0.110214811 0)
(-0.01487264369 0.1500433785 0)
(-0.02632644866 0.1783194685 0)
(-0.03881188708 0.2021310019 0)
(-0.0517651261 0.2244226294 0)
(-0.06475873204 0.245230512 0)
(-0.07739206023 0.2632709791 0)
(-0.08924805906 0.2770390195 0)
(-0.09992922749 0.2853471809 0)
(-0.1091206767 0.2875493336 0)
(-0.1166449338 0.2836153956 0)
(-0.1224956961 0.2740971942 0)
(-0.1268363894 0.2599913845 0)
(-0.1299603725 0.2425258632 0)
(-0.1322252406 0.2229260525 0)
(-0.133983141 0.2022254132 0)
(-0.1355270036 0.1811617436 0)
(-0.1370623152 0.1601636531 0)
(-0.1387035602 0.1394028799 0)
(-0.1404882597 0.1188775462 0)
(-0.1423995762 0.09849620133 0)
(-0.1443897796 0.07814397564 0)
(-0.1463996207 0.05772408164 0)
(-0.1483713614 0.0371766897 0)
(-0.1502556078 0.01648167827 0)
(-0.1520140993 -0.004347068885 0)
(-0.1536214332 -0.02527022566 0)
(-0.1550607453 -0.04623443073 0)
(-0.1563238911 -0.06717817259 0)
(-0.1574147054 -0.08804117707 0)
(-0.158354115 -0.108774918 0)
(-0.1591912261 -0.1293597007 0)
(-0.1600201311 -0.1498333483 0)
(-0.1610007462 -0.1703358011 0)
(-0.1623765774 -0.1911686674 0)
(-0.1644728869 -0.2128543682 0)
(-0.1676458574 -0.2361512692 0)
(-0.1721431267 -0.2619422604 0)
(-0.1778450991 -0.2908830945 0)
(-0.1839076129 -0.3227160375 0)
(-0.1884293921 -0.355263494 0)
(-0.1883630683 -0.3833354067 0)
(-0.1799079589 -0.3980952627 0)
(-0.1595940753 -0.3878022914 0)
(-0.126176332 -0.3413902062 0)
(-0.08308358743 -0.2566798975 0)
(-0.04030071406 -0.1516600845 0)
(-0.0108308986 -0.0608868061 0)
(-0.0004472450124 -0.006376704158 0)
(-0.0004513791461 0.05067040001 0)
(-0.004239201753 0.1170766815 0)
(-0.01227377754 0.159763048 0)
(-0.02238874796 0.1896400112 0)
(-0.03351646897 0.2141800287 0)
(-0.04502260025 0.2366410622 0)
(-0.05645917992 0.2572033783 0)
(-0.0674507076 0.2746199519 0)
(-0.07763601906 0.2874062764 0)
(-0.086691029 0.2944315095 0)
(-0.09437969184 0.2951552204 0)
(-0.1005976282 0.2896892856 0)
(-0.1053946399 0.2787369278 0)
(-0.1089632425 0.2634237262 0)
(-0.1115939854 0.2450575423 0)
(-0.1136123241 0.2248832371 0)
(-0.1153180762 0.2038992459 0)
(-0.1169438835 0.1827725729 0)
(-0.1186383291 0.1618480222 0)
(-0.1204702748 0.1412198483 0)
(-0.1224464313 0.120826882 0)
(-0.1245336651 0.1005405843 0)
(-0.1266797746 0.08022910054 0)
(-0.1288291857 0.05979339782 0)
(-0.1309323478 0.03918012647 0)
(-0.1329492729 0.01837926945 0)
(-0.1348494496 -0.002585271963 0)
(-0.1366141005 -0.02366586394 0)
(-0.1382280507 -0.04480171352 0)
(-0.1396793864 -0.06592457101 0)
(-0.1409612232 -0.08696460333 0)
(-0.1420744316 -0.1078564752 0)
(-0.1430362645 -0.1285502682 0)
(-0.143895978 -0.1490334415 0)
(-0.1447580248 -0.1693711128 0)
(-0.1458101302 -0.1897703186 0)
(-0.1473452595 -0.2106647033 0)
(-0.1497524996 -0.2327902729 0)
(-0.1534337295 -0.2571773259 0)
(-0.1585943782 -0.2849259593 0)
(-0.1648839926 -0.3166082236 0)
(-0.1709595592 -0.3512114512 0)
(-0.1741924933 -0.3847532761 0)
(-0.1708090171 -0.4090565472 0)
(-0.1567297316 -0.4116264981 0)
(-0.1293129737 -0.3781850937 0)
(-0.0899291998 -0.3002786879 0)
(-0.04649660483 -0.189181355 0)
(-0.01319606039 -0.08225142442 0)
(-0.000692344938 -0.01208428425 0)
(-0.0001486391191 0.05252975292 0)
(-0.002871121273 0.1226249042 0)
(-0.009376037092 0.168059993 0)
(-0.01797016151 0.1995307741 0)
(-0.02759065917 0.2247558073 0)
(-0.03753890909 0.247304327 0)
(-0.04734983692 0.2675455681 0)
(-0.05667794212 0.2843092225 0)
(-0.0652228362 0.2961533252 0)
(-0.07273493467 0.3020106424 0)
(-0.0790513021 0.3014412303 0)
(-0.08412739275 0.294682969 0)
(-0.08804926196 0.2825657303 0)
(-0.09101560421 0.2663146609 0)
(-0.09329306992 0.2472898071 0)
(-0.09516002875 0.2267351868 0)
(-0.09685752729 0.205604863 0)
(-0.09855991442 0.1844966429 0)
(-0.1003673412 0.1636813479 0)
(-0.1023151149 0.143189794 0)
(-0.1043919395 0.1229160224 0)
(-0.1065597822 0.1027066372 0)
(-0.1087708001 0.08242142989 0)
(-0.1109790214 0.06196404238 0)
(-0.113146477 0.04128948011 0)
(-0.1152445387 0.02039766139 0)
(-0.1172516778 -0.0006794006982 0)
(-0.1191560357 -0.02189151414 0)
(-0.1209453961 -0.04317114009 0)
(-0.1226078322 -0.06444954245 0)
(-0.1241308131 -0.08565492535 0)
(-0.1255023014 -0.1067152029 0)
(-0.1267163263 -0.1275631265 0)
(-0.1277854485 -0.1481502894 0)
(-0.1287620056 -0.1684788577 0)
(-0.1297691461 -0.1886610919 0)
(-0.1310365301 -0.2090138254 0)
(-0.1329230016 -0.2301754594 0)
(-0.1358870725 -0.2531893986 0)
(-0.1403443765 -0.2794216589 0)
(-0.1463509045 -0.3101112089 0)
(-0.1531213532 -0.3453611452 0)
(-0.1585634144 -0.3825705551 0)
(-0.1591657218 -0.414687194 0)
(-0.1505713524 -0.4292155074 0)
(-0.1291052962 -0.4095926891 0)
(-0.09432583337 -0.3416856267 0)
(-0.05192158904 -0.2286569965 0)
(-0.01565567191 -0.1064994043 0)
(-0.0009606778745 -0.01898570552 0)
(0.0001506156343 0.05360167118 0)
(-0.001439897478 0.1267257675 0)
(-0.006273310397 0.1747708934 0)
(-0.01319767165 0.2078432076 0)
(-0.02119230469 0.2337451347 0)
(-0.02950337251 0.2563407594 0)
(-0.03764975091 0.2762291223 0)
(-0.04531641147 0.2923565822 0)
(-0.05226436798 0.3033438685 0)
(-0.05831668518 0.3081896489 0)
(-0.06337608399 0.306543343 0)
(-0.06744393283 0.2987475269 0)
(-0.07062441257 0.2857304227 0)
(-0.07310378654 0.2687878946 0)
(-0.07510977493 0.2493086716 0)
(-0.07686521081 0.2285226141 0)
(-0.07855141766 0.2073377344 0)
(-0.08028995487 0.1862906671 0)
(-0.08214222948 0.1655920616 0)
(-0.08412123822 0.1452246494 0)
(-0.08620822722 0.1250512702 0)
(-0.0883687187 0.1049036205 0)
(-0.09056501842 0.0846390133 0)
(-0.0927639252 0.06416613106 0)
(-0.09493998449 0.04344808397 0)
(-0.09707589839 0.02249275399 0)
(-0.09916183365 0.001338106006 0)
(-0.1011887136 -0.01996186635 0)
(-0.1031464629 -0.04134044647 0)
(-0.1050276557 -0.06273102527 0)
(-0.1068172487 -0.08406467969 0)
(-0.1084961786 -0.1052700411 0)
(-0.1100438926 -0.126273523 0)
(-0.111446983 -0.1470056523 0)
(-0.1127160953 -0.1674226815 0)
(-0.1139146016 -0.1875553107 0)
(-0.1151989795 -0.2076001067 0)
(-0.1168613955 -0.2280567655 0)
(-0.1193433631 -0.2498809745 0)
(-0.1231621149 -0.2745380363 0)
(-0.1286663114 -0.3037385537 0)
(-0.135568133 -0.3385678999 0)
(-0.1423583366 -0.3778533865 0)
(-0.1459533404 -0.4160013318 0)
(-0.1419907905 -0.4411620509 0)
(-0.1260984937 -0.4353892069 0)
(-0.09631268482 -0.3797116876 0)
(-0.05620129741 -0.2687574883 0)
(-0.01807197034 -0.1332606585 0)
(-0.001249235879 -0.02708627717 0)
(0.0004161204361 0.0538523829 0)
(-1.295964027e-05 0.1292846104 0)
(-0.003056179837 0.1797696949 0)
(-0.008198947496 0.2144580384 0)
(-0.0144775518 0.2410626537 0)
(-0.02109690166 0.2637052188 0)
(-0.02756168069 0.2832472735 0)
(-0.0335839712 0.298791259 0)
(-0.03898285534 0.3090407953 0)
(-0.04364935789 0.3130601773 0)
(-0.04754331109 0.3105721781 0)
(-0.05070022613 0.3019963869 0)
(-0.05322814395 0.2883310315 0)
(-0.05528718517 0.2709162705 0)
(-0.05705694204 0.2511511317 0)
(-0.0587013377 0.2302444031 0)
(-0.06034445658 0.2090623064 0)
(-0.06206193138 0.1880925412 0)
(-0.06388548178 0.167501362 0)
(-0.06581495607 0.1472386593 0)
(-0.06783190966 0.1271480363 0)
(-0.06991104453 0.107053862 0)
(-0.07202816685 0.08681443879 0)
(-0.07416430404 0.06634387223 0)
(-0.07630677078 0.04561181456 0)
(-0.07844861241 0.0246314708 0)
(-0.08058707692 0.003444501807 0)
(-0.0827185901 -0.01789104003 0)
(-0.08483767437 -0.03931431009 0)
(-0.08693742148 -0.06076215995 0)
(-0.08900338888 -0.08217138293 0)
(-0.09101398314 -0.1034761574 0)
(-0.09294109939 -0.1246046123 0)
(-0.09475554113 -0.1454786552 0)
(-0.09643889252 -0.1660259979 0)
(-0.09800681833 -0.1862152595 0)
(-0.09954734428 -0.2061358568 0)
(-0.1012725122 -0.2261371515 0)
(-0.1035610558 -0.247024553 0)
(-0.1069443112 -0.2702266207 0)
(-0.1119468949 -0.2977273303 0)
(-0.1186793517 -0.3314052928 0)
(-0.1262016097 -0.371457668 0)
(-0.1319577805 -0.4139492909 0)
(-0.1317897074 -0.4482054316 0)
(-0.1209245451 -0.4557285988 0)
(-0.09617673584 -0.4136512357 0)
(-0.0591620096 -0.3082603519 0)
(-0.02027472215 -0.1620360397 0)
(-0.001562678138 -0.03632744603 0)
(0.0006606679375 0.05331063695 0)
(0.00137920767 0.1302746207 0)
(0.0001730025494 0.1829664141 0)
(-0.003106956527 0.2192888512 0)
(-0.00759776919 0.2466482978 0)
(-0.01249108261 0.2693742718 0)
(-0.01727365358 0.2886104286 0)
(-0.02167638186 0.3036518814 0)
(-0.02556907311 0.3133044268 0)
(-0.02890554076 0.3166951117 0)
(-0.03169874453 0.3136026471 0)
(-0.0340078758 0.3044973139 0)
(-0.03593173864 0.29041844 0)
(-0.03759665326 0.2727265296 0)
(-0.03913002603 0.252815987 0)
(-0.04063740684 0.2318720515 0)
(-0.04219016389 0.2107274011 0)
(-0.04382477447 0.189835554 0)
(-0.04555050892 0.1693348558 0)
(-0.04736050206 0.1491568049 0)
(-0.04924154179 0.129136035 0)
(-0.05118067074 0.1090951798 0)
(-0.053168703 0.08889519638 0)
(-0.05520113682 0.06845463359 0)
(-0.05727748694 0.04774744882 0)
(-0.05939997447 0.02678986496 0)
(-0.06157176804 0.005624768481 0)
(-0.06379403142 -0.0156912358 0)
(-0.06606485597 -0.03710004503 0)
(-0.06837840974 -0.05854410215 0)
(-0.07072155913 -0.07996755175 0)
(-0.07307274644 -0.1013127835 0)
(-0.07540108957 -0.1225147685 0)
(-0.07766961956 -0.1434957224 0)
(-0.07984254083 -0.1641696145 0)
(-0.08190205273 -0.1844632026 0)
(-0.08388036072 -0.2043804203 0)
(-0.08591230657 -0.2241297184 0)
(-0.0882931013 -0.244339156 0)
(-0.09150791205 -0.2663041943 0)
(-0.09615506899 -0.2921045814 0)
(-0.1026283487 -0.3241972776 0)
(-0.110494383 -0.3640106343 0)
(-0.1177674077 -0.409345095 0)
(-0.1206449071 -0.4511070769 0)
(-0.1142007835 -0.4709894201 0)
(-0.09431860754 -0.4431834916 0)
(-0.06083350473 -0.3461780016 0)
(-0.02212677802 -0.1922570855 0)
(-0.001905457468 -0.04659369874 0)
(0.0008675017473 0.05203542174 0)
(0.002687133395 0.1296931967 0)
(0.003331840507 0.184299732 0)
(0.001955864812 0.2222603276 0)
(-0.0007034957977 0.2504601227 0)
(-0.00384507622 0.2733392496 0)
(-0.006953655599 0.2923348661 0)
(-0.009765171063 0.3069704399 0)
(-0.01218992722 0.3161758395 0)
(-0.0142374206 0.3191384646 0)
(-0.01596707863 0.3156886841 0)
(-0.01745489232 0.30629071 0)
(-0.01878550386 0.2920150648 0)
(-0.02004815495 0.2742183198 0)
(-0.02131849729 0.2542799441 0)
(-0.02264635199 0.2333630993 0)
(-0.02405521119 0.2122772937 0)
(-0.02554789434 0.1914569973 0)
(-0.02711613675 0.1710284614 0)
(-0.02875005536 0.1509180067 0)
(-0.0304440444 0.130960089 0)
(-0.03219866375 0.1109797944 0)
(-0.03401996566 0.0908412741 0)
(-0.03591752618 0.07046575414 0)
(-0.03790232508 0.04982874929 0)
(-0.03998500192 0.02894672737 0)
(-0.04217412417 0.007861031768 0)
(-0.04447465811 -0.01337470381 0)
(-0.0468873818 -0.03470615207 0)
(-0.04940778566 -0.05608179506 0)
(-0.05202421355 -0.0774535309 0)
(-0.05471656011 -0.09877303554 0)
(-0.05745387839 -0.1199849279 0)
(-0.06019686632 -0.1410167488 0)
(-0.06290167453 -0.161779849 0)
(-0.06553031046 -0.1821768181 0)
(-0.06807423975 -0.2021501255 0)
(-0.07060348998 -0.2217884001 0)
(-0.07332778668 -0.2415431588 0)
(-0.07665208572 -0.2625208838 0)
(-0.08117024638 -0.2867551936 0)
(-0.08744677428 -0.3170674906 0)
(-0.09546112859 -0.3559240974 0)
(-0.1037921877 -0.4028359043 0)
(-0.1090923607 -0.450572467 0)
(-0.1064777111 -0.4816565815 0)
(-0.09115907528 -0.4682612645 0)
(-0.06139821199 -0.3818267232 0)
(-0.02358573944 -0.2233444156 0)
(-0.002265803248 -0.05773575426 0)
(0.001030554263 0.05009786553 0)
(0.00385887103 0.1275909897 0)
(0.006319110441 0.1837567156 0)
(0.006879162965 0.223332929 0)
(0.006077373743 0.2524720569 0)
(0.004685932579 0.2756007076 0)
(0.003233953472 0.2944461343 0)
(0.001985384802 0.3087915161 0)
(0.0009998338219 0.3177068125 0)
(0.0002350239916 0.3204371613 0)
(-0.000440615233 0.3168255721 0)
(-0.001116511624 0.3073577452 0)
(-0.001832196881 0.2930867302 0)
(-0.00265833557 0.2753469278 0)
(-0.003619001426 0.2554920777 0)
(-0.004712891473 0.2346630366 0)
(-0.005921225891 0.2136558712 0)
(-0.007217669577 0.1929015494 0)
(-0.008578930198 0.1725301084 0)
(-0.009993058682 0.1524751559 0)
(-0.01146210848 0.132578795 0)
(-0.01299968444 0.1126720502 0)
(-0.01462636296 0.09262240804 0)
(-0.01636505233 0.07235182924 0)
(-0.01823750979 0.05183455228 0)
(-0.02026265915 0.03108451698 0)
(-0.02245421909 0.01013877414 0)
(-0.02482039712 -0.01095312568 0)
(-0.02736436705 -0.03214188622 0)
(-0.03008292355 -0.05338218403 0)
(-0.03296595563 -0.07463356152 0)
(-0.03599580119 -0.09585717811 0)
(-0.03914219007 -0.1170087532 0)
(-0.042366744 -0.1380222468 0)
(-0.04562474496 -0.1588140686 0)
(-0.04886896512 -0.1792767403 0)
(-0.05206367085 -0.1993140577 0)
(-0.05523004734 -0.218918334 0)
(-0.05850278103 -0.2383843781 0)
(-0.06219347341 -0.2586094177 0)
(-0.06683958183 -0.2814806741 0)
(-0.07307939895 -0.309991807 0)
(-0.08119801919 -0.3474257366 0)
(-0.09029460717 -0.3948979211 0)
(-0.0975306036 -0.4472062818 0)
(-0.0982135646 -0.4882386369 0)
(-0.087104193 -0.4890226651 0)
(-0.06111949623 -0.4148270109 0)
(-0.02469498448 -0.2547533209 0)
(-0.002612366404 -0.06959556966 0)
(0.001146921302 0.04758793944 0)
(0.004861951401 0.1240555149 0)
(0.009052449905 0.1813718508 0)
(0.01153995589 0.2225015441 0)
(0.01260735149 0.2526645465 0)
(0.01296601003 0.2761592719 0)
(0.01315595867 0.2949622442 0)
(0.01344518848 0.3091351851 0)
(0.01387348614 0.3179096003 0)
(0.01435581523 0.3205930244 0)
(0.01474487758 0.317013509 0)
(0.01493723501 0.3076849015 0)
(0.01488694481 0.293604106 0)
(0.01455948554 0.2760688666 0)
(0.01397294361 0.2563996956 0)
(0.01317405507 0.2357163554 0)
(0.01222129588 0.2148101918 0)
(0.0111690294 0.1941218572 0)
(0.01005494327 0.1737989186 0)
(0.008893422767 0.1537934592 0)
(0.007676222532 0.1339624523 0)
(0.006378515222 0.1141462042 0)
(0.004966707284 0.09421584362 0)
(0.00340554509 0.0740924552 0)
(0.001663181301 0.05374636667 0)
(-0.0002879648808 0.03318597736 0)
(-0.002466984066 0.01244321102 0)
(-0.004885020557 -0.00843914831 0)
(-0.007547824822 -0.02941808887 0)
(-0.01045356426 -0.05045444004 0)
(-0.01359403567 -0.07151509979 0)
(-0.01695542277 -0.09257001197 0)
(-0.02050658993 -0.1135859255 0)
(-0.02421198177 -0.1345037569 0)
(-0.02803248921 -0.1552486101 0)
(-0.03192052685 -0.1757130173 0)
(-0.03582102564 -0.195782345 0)
(-0.03972216079 -0.2153721869 0)
(-0.0437026559 -0.234651714 0)
(-0.04798102796 -0.2543155492 0)
(-0.05300946768 -0.27604473 0)
(-0.05942541348 -0.3028477155 0)
(-0.06771403719 -0.338598055 0)
(-0.07742273911 -0.3858496869 0)
(-0.0862393899 -0.4414927118 0)
(-0.08977552368 -0.4912101345 0)
(-0.08252650732 -0.5056905653 0)
(-0.06026052393 -0.4449643505 0)
(-0.02553391702 -0.2860226201 0)
(-0.002923150867 -0.08202710331 0)
(0.001215696756 0.04461164899 0)
(0.005672864184 0.1192159799 0)
(0.01145988859 0.177211031 0)
(0.01582314138 0.2197799355 0)
(0.01874970795 0.2510430699 0)
(0.02085136394 0.2750265695 0)
(0.02266425276 0.2938978591 0)
(0.02446657226 0.3080031146 0)
(0.02629055535 0.3167640211 0)
(0.02802354215 0.319561913 0)
(0.02950711844 0.31623039 0)
(0.03062237087 0.3072337331 0)
(0.03131094085 0.2935181599 0)
(0.03156419947 0.2763277962 0)
(0.0314332846 0.2569432018 0)
(0.03100292326 0.2364654769 0)
(0.03036704362 0.2156895997 0)
(0.02960682315 0.19507663 0)
(0.02877543623 0.1748025973 0)
(0.02789223055 0.1548476302 0)
(0.02694592177 0.1350904273 0)
(0.02590350825 0.1153842507 0)
(0.02472075443 0.09560479266 0)
(0.02335139619 0.07567132425 0)
(0.02175358433 0.05554830373 0)
(0.01989240246 0.03523599334 0)
(0.01774258777 0.01475937987 0)
(0.01528789673 -0.005847011509 0)
(0.01252070183 -0.02654782515 0)
(0.009441263469 -0.04731050878 0)
(0.006055486444 -0.06810942973 0)
(0.002372168901 -0.08892180092 0)
(-0.001576656108 -0.1097185492 0)
(-0.005758423449 -0.1304597032 0)
(-0.01014431005 -0.1510736685 0)
(-0.01469560861 -0.1714575564 0)
(-0.01933757938 -0.19149029 0)
(-0.02403970319 -0.2110383463 0)
(-0.02884928389 -0.2301744836 0)
(-0.03389812361 -0.2494129882 0)
(-0.03954194499 -0.2702042898 0)
(-0.04636644758 -0.295454592 0)
(-0.05496268957 -0.3294162255 0)
(-0.06523893265 -0.375875724 0)
(-0.0753987612 -0.4337947888 0)
(-0.08143981217 -0.4909820127 0)
(-0.07774366427 -0.5185219108 0)
(-0.05909385541 -0.4721687854 0)
(-0.02624235182 -0.3168783657 0)
(-0.003191821349 -0.09493136844 0)
(0.001238819869 0.04128460129 0)
(0.006275243218 0.1132416729 0)
(0.01347834613 0.1713832288 0)
(0.01962224488 0.215211742 0)
(0.024372162 0.2476253256 0)
(0.0281976043 0.2722216351 0)
(0.03161030189 0.2912782136 0)
(0.03490326703 0.3054182494 0)
(0.03811535779 0.314278168 0)
(0.04112081438 0.3173310323 0)
(0.04374475927 0.3144130807 0)
(0.04584946134 0.3059221235 0)
(0.04736611413 0.2927356774 0)
(0.04829893109 0.2760298222 0)
(0.04872127283 0.2570369847 0)
(0.04874683924 0.2368386764 0)
(0.04849912773 0.2162382095 0)
(0.04808408541 0.195725042 0)
(0.04757186868 0.1755127868 0)
(0.0469905175 0.1556181405 0)
(0.04633019818 0.1359482449 0)
(0.04555390724 0.1163736292 0)
(0.04461000169 0.09677648647 0)
(0.04344325913 0.07707431313 0)
(0.04200281406 0.05722466323 0)
(0.04024627953 0.03721862491 0)
(0.03814197182 0.01707083109 0)
(0.03566747921 -0.003193306323 0)
(0.03281252788 -0.02354634066 0)
(0.02957461459 -0.04396369125 0)
(0.02595698062 -0.06442717368 0)
(0.0219695782 -0.08492086197 0)
(0.0176335585 -0.1054193994 0)
(0.01297634515 -0.125897171 0)
(0.008026326167 -0.1462907555 0)
(0.002804138408 -0.1665018405 0)
(-0.002604793773 -0.1863872545 0)
(-0.008160049237 -0.2058337239 0)
(-0.01389180307 -0.2248186801 0)
(-0.01985808535 -0.2437079315 0)
(-0.0263203565 -0.2637279356 0)
(-0.03378283897 -0.2876041498 0)
(-0.04286520237 -0.31978174 0)
(-0.053744773 -0.3650535612 0)
(-0.06510918787 -0.4243633526 0)
(-0.0733990195 -0.4878812576 0)
(-0.07300540998 -0.527752549 0)
(-0.05786516157 -0.4964363091 0)
(-0.02700660772 -0.3471790374 0)
(-0.003438700867 -0.1082854338 0)
(0.001221116675 0.03772595333 0)
(0.006661539889 0.1063351347 0)
(0.01505582144 0.164045025 0)
(0.02283902909 0.2088782345 0)
(0.02934610941 0.2424470625 0)
(0.03486205371 0.2677694277 0)
(0.03984777557 0.2871304973 0)
(0.04461010628 0.3014035258 0)
(0.04920632193 0.3104557017 0)
(0.05350963062 0.3138716866 0)
(0.05732918251 0.311493459 0)
(0.06050591212 0.3036532044 0)
(0.06295652271 0.2911442074 0)
(0.06468562752 0.27506057 0)
(0.06577685036 0.256576436 0)
(0.0663625005 0.2367487636 0)
(0.06658855561 0.2163893305 0)
(0.06658286391 0.1960201889 0)
(0.06643369602 0.1758991078 0)
(0.06618166672 0.1560865521 0)
(0.06582348204 0.1365245939 0)
(0.06532315725 0.1171059767 0)
(0.06462577748 0.09772248669 0)
(0.0636700693 0.07829117894 0)
(0.06239779841 0.05876268511 0)
(0.06075932929 0.03911796627 0)
(0.0587163919 0.0193599976 0)
(0.05624041174 -0.0004966650741 0)
(0.05331695538 -0.02043138667 0)
(0.04993908739 -0.04042992436 0)
(0.04610693699 -0.06048057758 0)
(0.04182754797 -0.08057324865 0)
(0.03711487366 -0.1006933311 0)
(0.03198817395 -0.1208162769 0)
(0.02647014144 -0.1408899061 0)
(0.0205906463 -0.1608232183 0)
(0.01439706156 -0.1804657233 0)
(0.007929727507 -0.1997116086 0)
(0.001206860357 -0.2184852634 0)
(-0.005794464749 -0.237038888 0)
(-0.01324859918 -0.2564059499 0)
(-0.02156165711 -0.2790823445 0)
(-0.03132492612 -0.3095515048 0)
(-0.04289853414 -0.3533812224 0)
(-0.05540689593 -0.4133526513 0)
(-0.06577022007 -0.4821492471 0)
(-0.06849413497 -0.5335756756 0)
(-0.05678838377 -0.5177928017 0)
(-0.02804435609 -0.3768897856 0)
(-0.003721609605 -0.122178425 0)
(0.001169238581 0.03405290566 0)
(0.006833721517 0.09872412056 0)
(0.01615453986 0.1554002159 0)
(0.02538564748 0.2009037174 0)
(0.03354638435 0.2355693856 0)
(0.04070068735 0.2617036105 0)
(0.04722655596 0.2814805646 0)
(0.05343544513 0.2959748732 0)
(0.05941065189 0.3052896482 0)
(0.06503609805 0.3091433723 0)
(0.07011049409 0.3073973312 0)
(0.07445236004 0.3003229789 0)
(0.07795696063 0.2886208911 0)
(0.08061657687 0.2732917348 0)
(0.08251201083 0.255440445 0)
(0.08378243984 0.2360913281 0)
(0.0845878206 0.2160604672 0)
(0.08507370366 0.1959023957 0)
(0.08534647759 0.1759221713 0)
(0.08546252163 0.1562291212 0)
(0.08543006534 0.1368059878 0)
(0.0852195968 0.1175730277 0)
(0.08477784889 0.09843576546 0)
(0.08404131165 0.07931350028 0)
(0.08294687965 0.06015119415 0)
(0.08143868299 0.04091981229 0)
(0.07947170737 0.02161058484 0)
(0.07701321208 0.002226779541 0)
(0.07404163269 -0.01722145875 0)
(0.07054311013 -0.03672834966 0)
(0.06651484844 -0.05628872445 0)
(0.06195865773 -0.0758982013 0)
(0.05688124885 -0.09554830072 0)
(0.05129365115 -0.1152180141 0)
(0.04521081866 -0.1348610494 0)
(0.03865486072 -0.1543932555 0)
(0.03165860364 -0.1736909946 0)
(0.02425909864 -0.1926201222 0)
(0.01648890806 -0.2110930135 0)
(0.008351227907 -0.2292830241 0)
(-0.0002464225876 -0.2480581109 0)
(-0.009599037423 -0.2696845587 0)
(-0.0202358796 -0.2985613553 0)
(-0.03262564294 -0.3408033093 0)
(-0.0462735368 -0.4008389877 0)
(-0.05859989536 -0.4739425596 0)
(-0.0643199374 -0.5361174106 0)
(-0.05603061643 -0.5362460709 0)
(-0.02958090713 -0.4060339892 0)
(-0.004142086854 -0.1368415769 0)
(0.001090602008 0.03037600885 0)
(0.006802358049 0.09065314461 0)
(0.01675312014 0.1456974073 0)
(0.02718805527 0.1914607335 0)
(0.03685296799 0.2270864553 0)
(0.04556634468 0.2540726214 0)
(0.05358830438 0.2743571236 0)
(0.06121689195 0.289146398 0)
(0.06856293612 0.2987707466 0)
(0.0755315445 0.3031036054 0)
(0.08191909977 0.3020464161 0)
(0.08752274814 0.2958204688 0)
(0.09220996775 0.285031737 0)
(0.09594858102 0.270579371 0)
(0.0988028525 0.2534884307 0)
(0.1009057817 0.2347402256 0)
(0.1024210545 0.2151471685 0)
(0.1035057351 0.1952918 0)
(0.1042823984 0.1755256718 0)
(0.1048248533 0.156009261 0)
(0.1051569712 0.1367702759 0)
(0.1052610139 0.1177615742 0)
(0.1050907218 0.0989072477 0)
(0.1045849781 0.08013271044 0)
(0.103679301 0.06137985896 0)
(0.1023138839 0.04261104779 0)
(0.10043826 0.023806449 0)
(0.09801345897 0.004958189976 0)
(0.09501100285 -0.01393626384 0)
(0.09141151031 -0.03287813576 0)
(0.08720545552 -0.05186865462 0)
(0.08238755031 -0.07090863751 0)
(0.0769562955 -0.08999390542 0)
(0.07091356612 -0.1091071611 0)
(0.0642647795 -0.1282072533 0)
(0.05702138019 -0.1472186818 0)
(0.04920341706 -0.1660294742 0)
(0.04084082641 -0.184508633 0)
(0.03197128685 -0.2025668189 0)
(0.02262313879 -0.2203309193 0)
(0.01276382547 -0.2385332171 0)
(0.002204126639 -0.2592254947 0)
(-0.009485354533 -0.2866436003 0)
(-0.02282403615 -0.3272337033 0)
(-0.03764140622 -0.3868435242 0)
(-0.05186635927 -0.4633465664 0)
(-0.06051781436 -0.5354318193 0)
(-0.0556990089 -0.5517554856 0)
(-0.03181698853 -0.4346399768 0)
(-0.004844252806 -0.1526678469 0)
(0.0009925760134 0.0267955638 0)
(0.006584729848 0.08237440574 0)
(0.01684722219 0.1352258585 0)
(0.02818945546 0.1807750475 0)
(0.03915452128 0.2171347774 0)
(0.04931018309 0.2449482571 0)
(0.0587657071 0.2657982139 0)
(0.06777986287 0.2809361547 0)
(0.07648426772 0.2908937435 0)
(0.08481182984 0.2957142067 0)
(0.09256548161 0.2953638802 0)
(0.09952461914 0.2900314895 0)
(0.1055250528 0.2802336351 0)
(0.110499933 0.2667641196 0)
(0.1144836994 0.2505586793 0)
(0.1175894065 0.232543914 0)
(0.1199725609 0.2135173928 0)
(0.1217932376 0.1940810727 0)
(0.1231857241 0.1746281056 0)
(0.1242406216 0.1553690634 0)
(0.1249998569 0.1363787359 0)
(0.1254618334 0.1176467174 0)
(0.125592485 0.09912057857 0)
(0.1253381401 0.08073651521 0)
(0.1246372022 0.06243713794 0)
(0.1234290308 0.04417881463 0)
(0.1216595105 0.02593215296 0)
(0.1192841665 0.007678579674 0)
(0.1162673135 -0.01059420618 0)
(0.1125832194 -0.0288966247 0)
(0.1082145408 -0.04723548344 0)
(0.1031470782 -0.06561581093 0)
(0.09736968732 -0.08403661642 0)
(0.09087387336 -0.1024835413 0)
(0.0836539794 -0.1209199183 0)
(0.07570948526 -0.1392784307 0)
(0.06704876014 -0.1574591501 0)
(0.05769357183 -0.1753437919 0)
(0.0476816176 -0.1928517847 0)
(0.03705911869 -0.2100909623 0)
(0.02584514279 -0.2277045674 0)
(0.01394538767 -0.2475469761 0)
(0.001047084622 -0.2736394166 0)
(-0.01336562941 -0.3125764288 0)
(-0.02939395217 -0.3713554922 0)
(-0.04547716492 -0.4503924712 0)
(-0.05703840383 -0.5314999383 0)
(-0.05581718106 -0.5642034578 0)
(-0.03488675282 -0.4626812372 0)
(-0.006004276921 -0.1702120534 0)
(0.0008818279958 0.02339935542 0)
(0.006202116529 0.07413880763 0)
(0.01644805206 0.1243086943 0)
(0.02835260266 0.1691286437 0)
(0.04035265624 0.2059030598 0)
(0.05178525748 0.234435933 0)
(0.06258410766 0.2558580237 0)
(0.07293763991 0.2713696457 0)
(0.08298193079 0.2816595709 0)
(0.09267758207 0.2869444252 0)
(0.1018415531 0.2872797968 0)
(0.1102412808 0.2828453312 0)
(0.1176803532 0.2740808603 0)
(0.1240500995 0.2616763435 0)
(0.1293435894 0.2464712708 0)
(0.133640498 0.2293256938 0)
(0.1370752298 0.211008956 0)
(0.1398002705 0.1921303296 0)
(0.1419544178 0.1731157102 0)
(0.1436415916 0.1542210437 0)
(0.1449217115 0.1355674764 0)
(0.1458118905 0.1171837164 0)
(0.1462944462 0.09904504556 0)
(0.1463279632 0.08110331631 0)
(0.1458583303 0.06330644597 0)
(0.1448279144 0.04560859592 0)
(0.143181655 0.02797366569 0)
(0.1408715342 0.01037452791 0)
(0.1378542899 -0.007209326478 0)
(0.13409795 -0.02479705163 0)
(0.1295771679 -0.0424000226 0)
(0.1242673248 -0.06002673918 0)
(0.1181463837 -0.0776784699 0)
(0.1111944656 -0.09534311498 0)
(0.1033939966 -0.1129881191 0)
(0.09473232465 -0.1305541581 0)
(0.08520649483 -0.147954521 0)
(0.07482994078 -0.1650899466 0)
(0.06363922422 -0.1819003447 0)
(0.05169487437 -0.1984982521 0)
(0.03905932261 -0.2154751782 0)
(0.02572554686 -0.2345244531 0)
(0.01149507384 -0.2594206668 0)
(-0.004096214858 -0.2967441164 0)
(-0.02136438585 -0.3543586333 0)
(-0.03926516819 -0.4350857024 0)
(-0.05373676965 -0.5242451518 0)
(-0.05629501761 -0.5733803158 0)
(-0.03881013913 -0.4900228437 0)
(-0.007806934972 -0.1901645579 0)
(0.000763688936 0.02026206578 0)
(0.00567600863 0.06618864993 0)
(0.01557752738 0.1132936726 0)
(0.02765899673 0.1568588822 0)
(0.04036515422 0.1936404418 0)
(0.05285086647 0.2226856747 0)
(0.06486470112 0.244614804 0)
(0.07649286701 0.2604829995 0)
(0.08785037978 0.2710759261 0)
(0.09891624024 0.2767721354 0)
(0.1095244723 0.2777351631 0)
(0.1194369511 0.274161664 0)
(0.1284277783 0.266433697 0)
(0.1363432453 0.2551449328 0)
(0.1431266188 0.2410356545 0)
(0.1488124687 0.2248889876 0)
(0.1535013003 0.2074318792 0)
(0.1573260966 0.1892663583 0)
(0.1604205867 0.1708387957 0)
(0.1628956016 0.1524421446 0)
(0.1648260276 0.1342399148 0)
(0.1662476996 0.116299832 0)
(0.1671616405 0.09862763055 0)
(0.1675424214 0.08119515851 0)
(0.167347662 0.06396046874 0)
(0.1665268368 0.04688006519 0)
(0.1650273245 0.02991489222 0)
(0.1628006374 0.01303241397 0)
(0.1597958472 -0.003794809249 0)
(0.1559762583 -0.02058918251 0)
(0.1513088081 -0.03736806987 0)
(0.1457579872 -0.05414294012 0)
(0.1392904889 -0.07091604713 0)
(0.131874576 -0.08767692709 0)
(0.1234806136 -0.1043970583 0)
(0.1140842941 -0.1210256179 0)
(0.1036723551 -0.1374912394 0)
(0.09225121117 -0.1537186751 0)
(0.07985711964 -0.1696785371 0)
(0.06656364546 -0.1855083065 0)
(0.05247123784 -0.2017825154 0)
(0.0376506129 -0.2200725681 0)
(0.0220128112 -0.2439005793 0)
(0.005177080398 -0.2796786377 0)
(-0.01333348862 -0.3358595754 0)
(-0.03298322268 -0.4174390503 0)
(-0.05035834243 -0.5135591081 0)
(-0.05689531242 -0.5789830745 0)
(-0.04344762852 -0.5163863533 0)
(-0.01040102095 -0.2132927434 0)
(0.0006413002599 0.01744697971 0)
(0.005022684927 0.05875412666 0)
(0.01425861599 0.1025431911 0)
(0.02610224663 0.1443528203 0)
(0.03912548776 0.1806606012 0)
(0.05237613261 0.2099020705 0)
(0.06542895487 0.2321800479 0)
(0.07824111151 0.2483275928 0)
(0.09087420144 0.2591580507 0)
(0.1033058198 0.2651836816 0)
(0.1153824597 0.2666838269 0)
(0.1268647102 0.263895943 0)
(0.1375020859 0.2571671382 0)
(0.1470967986 0.247008118 0)
(0.1555381359 0.2340620197 0)
(0.1628070467 0.2190277535 0)
(0.1689589811 0.202576618 0)
(0.1740954925 0.1852878488 0)
(0.1783342146 0.1676136331 0)
(0.1817840205 0.1498724041 0)
(0.1845287697 0.132262739 0)
(0.1866200625 0.1148883627 0)
(0.1880773833 0.09778600738 0)
(0.1888931077 0.08095053469 0)
(0.189039672 0.06435446993 0)
(0.1884772061 0.04796142779 0)
(0.1871590534 0.03173372698 0)
(0.1850388938 0.01563732505 0)
(0.1820630633 -0.0003610386631 0)
(0.1781904874 -0.01627786303 0)
(0.1733783051 -0.03214011535 0)
(0.1675836296 -0.04796070019 0)
(0.1607630172 -0.06374140126 0)
(0.1528730355 -0.07947302632 0)
(0.1438727321 -0.09513137652 0)
(0.1337276029 -0.110675259 0)
(0.1224161271 -0.1260512657 0)
(0.1099402877 -0.1412132536 0)
(0.09633854903 -0.1561719621 0)
(0.08169845867 -0.1711070917 0)
(0.0661545549 -0.1866059752 0)
(0.04984573156 -0.2041574266 0)
(0.03278864176 -0.2270393329 0)
(0.01469186014 -0.2613753426 0)
(-0.00502289149 -0.3159098966 0)
(-0.02629873216 -0.3975084094 0)
(-0.04652962274 -0.4993410421 0)
(-0.05721110788 -0.5806346917 0)
(-0.04846829693 -0.5413371141 0)
(-0.01382386503 -0.2403424176 0)
(0.0005140234149 0.01501116497 0)
(0.004244987974 0.05205627637 0)
(0.01249914407 0.09242644595 0)
(0.02367251127 0.1320368043 0)
(0.036575034 0.1673390261 0)
(0.05024025346 0.1963499405 0)
(0.0641033972 0.2187070018 0)
(0.07797676308 0.2349759306 0)
(0.09183359024 0.2459301211 0)
(0.1056205603 0.2521727892 0)
(0.1191821922 0.2540921081 0)
(0.1322765773 0.251982366 0)
(0.1446334603 0.2461782415 0)
(0.1560153177 0.2371248138 0)
(0.1662580359 0.2253753087 0)
(0.1752849351 0.2115414846 0)
(0.183098542 0.1962283802 0)
(0.1897587101 0.1799776234 0)
(0.1953559606 0.1632316094 0)
(0.1999869546 0.1463205456 0)
(0.2037361751 0.1294679343 0)
(0.2066651923 0.1128075227 0)
(0.2088088619 0.09640496673 0)
(0.2101766935 0.08027916883 0)
(0.2107572016 0.06442022055 0)
(0.2105234685 0.04880305731 0)
(0.209438131 0.0333960953 0)
(0.2074576595 0.01816819955 0)
(0.2045363554 0.003087587044 0)
(0.200626094 -0.01186311832 0)
(0.195672823 -0.02671360051 0)
(0.189633169 -0.04147424991 0)
(0.1824554042 -0.05614612961 0)
(0.174085695 -0.07072157953 0)
(0.164473955 -0.08518140725 0)
(0.1535783682 -0.09949583724 0)
(0.1413726514 -0.1136327172 0)
(0.1278584666 -0.127580447 0)
(0.1130803872 -0.1413984977 0)
(0.0971421531 -0.1553230369 0)
(0.0802093739 -0.1699782484 0)
(0.06247889143 -0.1868053903 0)
(0.04405889119 -0.2088573857 0)
(0.02475065402 -0.2418880451 0)
(0.003926410313 -0.294624074 0)
(-0.01878923368 -0.3754233037 0)
(-0.04175910759 -0.4815383273 0)
(-0.05666511029 -0.5779135525 0)
(-0.05334203203 -0.5642729667 0)
(-0.01790354078 -0.2718907753 0)
(0.0003741095241 0.01301614587 0)
(0.003319027338 0.04631992259 0)
(0.01026690137 0.08331735823 0)
(0.02032903072 0.1203625376 0)
(0.03264387805 0.154100849 0)
(0.04632561383 0.1823511782 0)
(0.06072252704 0.2043944873 0)
(0.07550074264 0.2205266288 0)
(0.09051312185 0.2314270944 0)
(0.1056394626 0.2377389957 0)
(0.1206979551 0.2399362888 0)
(0.1354350244 0.2383737012 0)
(0.1495623699 0.2333905821 0)
(0.1628085094 0.2253844057 0)
(0.1749607111 0.2148297127 0)
(0.1858857876 0.20225296 0)
(0.1955301403 0.1881863191 0)
(0.2039050466 0.1731214581 0)
(0.2110646896 0.1574761142 0)
(0.2170834708 0.1415777784 0)
(0.2220370218 0.1256628379 0)
(0.2259890288 0.1098865814 0)
(0.2289840981 0.09433889052 0)
(0.2310456199 0.07906136732 0)
(0.2321771976 0.06406292678 0)
(0.2323656384 0.04933265238 0)
(0.2315854431 0.03484906548 0)
(0.2298003178 0.02058735638 0)
(0.2269708397 0.00652338312 0)
(0.2230421348 -0.007363064876 0)
(0.2179631702 -0.02109776263 0)
(0.211690007 -0.03468689764 0)
(0.2041640207 -0.04813156772 0)
(0.1953248681 -0.06142540459 0)
(0.1851176883 -0.07455491899 0)
(0.1734981797 -0.08750409984 0)
(0.1604406893 -0.100265886 0)
(0.1459523513 -0.1128687334 0)
(0.130088588 -0.1254281827 0)
(0.1129715435 -0.1382474943 0)
(0.09479341275 -0.1520047027 0)
(0.07579555755 -0.168121935 0)
(0.05615499976 -0.1894525024 0)
(0.03576170508 -0.2213280816 0)
(0.01397877944 -0.2721815008 0)
(-0.009923638181 -0.3513993724 0)
(-0.03544181207 -0.4601774921 0)
(-0.054528294 -0.5703720941 0)
(-0.0573668241 -0.5843795749 0)
(-0.02219421397 -0.3081672721 0)
(0.0002004845097 0.0115470249 0)
(0.002172574107 0.04180222814 0)
(0.007453196099 0.07560180781 0)
(0.01595880019 0.1097915132 0)
(0.02721722138 0.1413974564 0)
(0.04049990286 0.1682678006 0)
(0.05512656214 0.1894804528 0)
(0.07062854022 0.2051048507 0)
(0.08671395538 0.2156961811 0)
(0.1031587721 0.2218865141 0)
(0.1197236558 0.2241993815 0)
(0.1361259577 0.2230385779 0)
(0.1520554398 0.2187550475 0)
(0.1672112616 0.2117130158 0)
(0.1813393588 0.2023209362 0)
(0.1942558069 0.191025809 0)
(0.2058529431 0.1782848959 0)
(0.2160913273 0.1645313648 0)
(0.2249831058 0.1501458253 0)
(0.2325724062 0.1354393852 0)
(0.2389170962 0.1206487095 0)
(0.244074441 0.1059405568 0)
(0.2480916111 0.09142218441 0)
(0.2510005782 0.07715421928 0)
(0.2528168661 0.06316354973 0)
(0.2535397554 0.04945436598 0)
(0.2531560825 0.03601787187 0)
(0.2516385559 0.02283696781 0)
(0.2489599294 0.009896874931 0)
(0.2450582552 -0.002828516553 0)
(0.2398909778 -0.01532853792 0)
(0.2334172376 -0.02762559849 0)
(0.2255773904 -0.03972347726 0)
(0.2163118266 -0.05161574443 0)
(0.2055670912 -0.06329519158 0)
(0.1933032932 -0.07476203933 0)
(0.1795027537 -0.08603798878 0)
(0.1641851997 -0.09719619131 0)
(0.1474211634 -0.1084129673 0)
(0.1293514021 -0.1200642573 0)
(0.110185645 -0.1328902147 0)
(0.09019115271 -0.1483125652 0)
(0.06958007613 -0.1690098863 0)
(0.04831295623 -0.1998707778 0)
(0.02577102474 -0.2488079311 0)
(0.000986887691 -0.3257221992 0)
(-0.02684121479 -0.4353883604 0)
(-0.04992376685 -0.5575264265 0)
(-0.05973824955 -0.6005465306 0)
(-0.02603461042 -0.3488951844 0)
(-5.066237468e-05 0.01075105006 0)
(0.0006518588871 0.03884122735 0)
(0.003820517597 0.06969551431 0)
(0.01032172362 0.1007787212 0)
(0.0200880737 0.1296711585 0)
(0.03258591238 0.1544680279 0)
(0.04715151643 0.1742192297 0)
(0.06319648643 0.188852409 0)
(0.08026868275 0.1987942139 0)
(0.09800907889 0.2046227742 0)
(0.1160889335 0.2068680045 0)
(0.1341736848 0.2059571709 0)
(0.1519213234 0.2022467743 0)
(0.1690029325 0.1960743934 0)
(0.1851305436 0.1877928563 0)
(0.2000782701 0.1777774832 0)
(0.2136911244 0.1664125715 0)
(0.2258819555 0.1540686064 0)
(0.2366198608 0.1410802198 0)
(0.2459143227 0.1277307914 0)
(0.253798867 0.1142455577 0)
(0.2603168317 0.1007923212 0)
(0.2655106435 0.08748758405 0)
(0.2694146765 0.07440550281 0)
(0.2720516295 0.06158800734 0)
(0.2734308292 0.04905360242 0)
(0.2735490369 0.03680666899 0)
(0.2723906859 0.02484063297 0)
(0.269929517 0.01315009505 0)
(0.2661366735 0.001716837602 0)
(0.2609695278 -0.009437975821 0)
(0.2543660067 -0.02033765238 0)
(0.2462926094 -0.03098308872 0)
(0.2367032096 -0.04137227743 0)
(0.2255538701 -0.05150790295 0)
(0.2128180989 -0.06140962238 0)
(0.1984944291 -0.07113075797 0)
(0.1826219753 -0.08079145121 0)
(0.165287263 -0.09062867219 0)
(0.1466449431 -0.1010896265 0)
(0.1269045748 -0.1129742701 0)
(0.1063337271 -0.1277113558 0)
(0.08513256619 -0.1478248313 0)
(0.06330397503 -0.1777677071 0)
(0.04024099339 -0.2247677552 0)
(0.01486743341 -0.2987394038 0)
(-0.01500972511 -0.4074354276 0)
(-0.0417525351 -0.5388284728 0)
(-0.05963805479 -0.6113325023 0)
(-0.02874463149 -0.3931637006 0)
(-0.000469814104 0.01092433671 0)
(-0.001535770911 0.0379088124 0)
(-0.001068347298 0.06607026148 0)
(0.002987366732 0.09375060512 0)
(0.01090443574 0.1193077064 0)
(0.02232404521 0.1412738738 0)
(0.03661191346 0.1588378986 0)
(0.05306475736 0.1719046756 0)
(0.07105735695 0.1807790548 0)
(0.09007714172 0.1859569139 0)
(0.109681188 0.1879319645 0)
(0.129460495 0.1871191499 0)
(0.1490283758 0.1838618619 0)
(0.1680256714 0.1784676148 0)
(0.1861362437 0.1712387226 0)
(0.2031018272 0.1624857598 0)
(0.2187298468 0.1525243185 0)
(0.2328927991 0.1416618699 0)
(0.2455205093 0.130182255 0)
(0.2565879208 0.1183331121 0)
(0.2661012979 0.1063187258 0)
(0.2740851496 0.0942984587 0)
(0.2805713632 0.08238973977 0)
(0.2855911167 0.07067379753 0)
(0.2891695406 0.05920299443 0)
(0.2913228979 0.04800783086 0)
(0.2920568595 0.03710399587 0)
(0.2913685055 0.02649772822 0)
(0.2892433401 0.01618955038 0)
(0.2856711091 0.006182885191 0)
(0.2806103981 -0.003537351148 0)
(0.2740242332 -0.0129468293 0)
(0.2658961098 -0.02205514732 0)
(0.2561993041 -0.03087244918 0)
(0.2449125477 -0.0394135813 0)
(0.232034265 -0.04772049113 0)
(0.2175858055 -0.05587830957 0)
(0.2016291375 -0.06405150301 0)
(0.1842594921 -0.0725294637 0)
(0.1656327949 -0.08182003946 0)
(0.1459273102 -0.09276811394 0)
(0.1253788833 -0.1068053042 0)
(0.1041127686 -0.1263128019 0)
(0.08215066103 -0.1553432438 0)
(0.05884009466 -0.2003576193 0)
(0.03304876866 -0.2708140137 0)
(0.001408333022 -0.3765154209 0)
(-0.02853720704 -0.5136883936 0)
(-0.05624712978 -0.6151652822 0)
(-0.02973638129 -0.4392518556 0)
(-0.00127379722 0.01260273728 0)
(-0.004928842244 0.03971963345 0)
(-0.00791928903 0.06528084141 0)
(-0.006727054382 0.0890704902 0)
(-0.0008714341523 0.110557158 0)
(0.009341950619 0.1289150147 0)
(0.02328661903 0.1434712754 0)
(0.04012214933 0.1543431276 0)
(0.05902188715 0.1616831178 0)
(0.0793275739 0.1658896951 0)
(0.100469318 0.1673818609 0)
(0.1219481044 0.1665221606 0)
(0.1433224179 0.1636137348 0)
(0.1641998668 0.1589214774 0)
(0.1842400469 0.1526955178 0)
(0.2031610035 0.1451854759 0)
(0.2207431369 0.1366426968 0)
(0.2368284409 0.127313764 0)
(0.2513149162 0.1174304125 0)
(0.2641473117 0.107200048 0)
(0.2753059696 0.09679934184 0)
(0.2847955676 0.08637158809 0)
(0.2926350317 0.07602758912 0)
(0.2988495033 0.06584892722 0)
(0.3034643016 0.05589282829 0)
(0.3065013928 0.0461974719 0)
(0.3079767893 0.03678685829 0)
(0.3079008494 0.02767633669 0)
(0.3062773035 0.01887283533 0)
(0.3031054938 0.01038445426 0)
(0.2983886297 0.002200629364 0)
(0.2921211222 -0.005659252221 0)
(0.2842842363 -0.01320193062 0)
(0.2748944273 -0.02044688208 0)
(0.2639640136 -0.02741614546 0)
(0.2515220229 -0.03417641908 0)
(0.2376110131 -0.04084039082 0)
(0.2223121209 -0.04760797446 0)
(0.2057074081 -0.0548025645 0)
(0.1879339341 -0.06297221884 0)
(0.1690894233 -0.07297745681 0)
(0.1493471027 -0.08623814736 0)
(0.1286665987 -0.1049916368 0)
(0.107063817 -0.1329485242 0)
(0.08367217593 -0.1758331506 0)
(0.05759692391 -0.2423798618 0)
(0.02444543959 -0.3430856393 0)
(-0.008459687089 -0.4817417 0)
(-0.04848678427 -0.6101293114 0)
(-0.02810816668 -0.4843056324 0)
(-0.002830944061 0.0167751828 0)
(-0.01040535238 0.04537866427 0)
(-0.01782415956 0.06797547463 0)
(-0.01980883021 0.08701087189 0)
(-0.01594179077 0.1034658534 0)
(-0.006843906607 0.1172805518 0)
(0.006896588126 0.1281754281 0)
(0.02430105638 0.1361744029 0)
(0.04419403543 0.1414906974 0)
(0.06584019149 0.1444063241 0)
(0.088544557 0.145213245 0)
(0.1117174046 0.1441803936 0)
(0.1348618148 0.1415408955 0)
(0.1575527285 0.1374989096 0)
(0.1794297297 0.1322450499 0)
(0.2001952893 0.1259679306 0)
(0.2196133759 0.1188576942 0)
(0.2375067925 0.1111028811 0)
(0.2537522533 0.1028839222 0)
(0.2682731452 0.0943661703 0)
(0.2810306765 0.08569455867 0)
(0.2920146425 0.076990578 0)
(0.3012346061 0.06835193284 0)
(0.3087126405 0.05985392138 0)
(0.314477195 0.0515525203 0)
(0.3185595472 0.04348765522 0)
(0.3209902605 0.03568713755 0)
(0.321799367 0.02816953119 0)
(0.3210139535 0.02094725594 0)
(0.3186620477 0.01402712595 0)
(0.3147702145 0.007415150761 0)
(0.3093703217 0.001097474724 0)
(0.3024835744 -0.004923638427 0)
(0.2941626872 -0.01068251229 0)
(0.2844401041 -0.01619392675 0)
(0.2733671638 -0.02154597848 0)
(0.2609907839 -0.02686380352 0)
(0.2474023476 -0.03236789831 0)
(0.2326297538 -0.03838686609 0)
(0.216777253 -0.04548093071 0)
(0.1997888837 -0.05448069466 0)
(0.1817702507 -0.06676948917 0)
(0.1623760447 -0.08441588478 0)
(0.1416464844 -0.1108441509 0)
(0.1181983832 -0.1511004818 0)
(0.09171507615 -0.2130765026 0)
(0.05689167322 -0.3069880967 0)
(0.02101922089 -0.442745113 0)
(-0.03472531573 -0.5941941183 0)
(-0.02249579279 -0.5244328425 0)
(-0.005824407976 0.02538467293 0)
(-0.01939153282 0.05651348217 0)
(-0.03235343625 0.07483219613 0)
(-0.03755044654 0.08763213101 0)
(-0.03526545954 0.0978241479 0)
(-0.02662753642 0.1060945496 0)
(-0.01265578908 0.1126102533 0)
(0.005503375804 0.1172033777 0)
(0.02663675129 0.1200734773 0)
(0.0497562358 0.1214369925 0)
(0.07406365645 0.1214034508 0)
(0.09891396944 0.1201119208 0)
(0.1237719196 0.1176984294 0)
(0.1481897833 0.114287433 0)
(0.1717969605 0.1100000745 0)
(0.1942917394 0.1049609792 0)
(0.2154347651 0.09930005156 0)
(0.2350439145 0.09314988129 0)
(0.2529890978 0.08664090994 0)
(0.2691861366 0.07989595036 0)
(0.2835894525 0.07302578279 0)
(0.2961846025 0.06612594859 0)
(0.3069804496 0.05927589574 0)
(0.3160031145 0.05253878762 0)
(0.3232893713 0.04596375689 0)
(0.3288842192 0.03958684644 0)
(0.3328349088 0.03343493276 0)
(0.335193686 0.02752556778 0)
(0.336009453 0.02187216944 0)
(0.3353392375 0.01648007002 0)
(0.3332285767 0.01135404738 0)
(0.3297427308 0.006485702179 0)
(0.3249080247 0.001866417803 0)
(0.3188352665 -0.002524072896 0)
(0.3115444654 -0.006761249411 0)
(0.3030982945 -0.01091279312 0)
(0.2935053291 -0.01507690408 0)
(0.2828690382 -0.01947579704 0)
(0.2710966421 -0.0244052332 0)
(0.2582922818 -0.03040843816 0)
(0.2441295769 -0.03822275678 0)
(0.2287298852 -0.04915724758 0)
(0.2111943598 -0.06504574081 0)
(0.1917644668 -0.08904741719 0)
(0.1679930775 -0.1255768229 0)
(0.1407560994 -0.1817648717 0)
(0.1027703285 -0.2668250021 0)
(0.06326094795 -0.3950040921 0)
(-0.01188148637 -0.5641280523 0)
(-0.01025103466 -0.5533645635 0)
(-0.01173213623 0.04205199752 0)
(-0.03442001871 0.07451891027 0)
(-0.05364879715 0.08544867535 0)
(-0.06102320745 0.09019149502 0)
(-0.05891460876 0.09296556947 0)
(-0.04946888623 0.09489248241 0)
(-0.03418615194 0.09630181485 0)
(-0.01450469779 0.09714514523 0)
(0.008354806111 0.09734312954 0)
(0.0333199034 0.09699914911 0)
(0.05946643426 0.09602881254 0)
(0.0861637183 0.09442444906 0)
(0.1128786417 0.09220558376 0)
(0.1391673281 0.08940320609 0)
(0.1646696164 0.08606154021 0)
(0.189096717 0.08223873409 0)
(0.2122210018 0.07800488136 0)
(0.2338691682 0.07343821904 0)
(0.2539165494 0.06862070539 0)
(0.2722818122 0.06363306717 0)
(0.2889202358 0.05855115871 0)
(0.3038182099 0.05344242783 0)
(0.3169852137 0.04836519233 0)
(0.3284505678 0.04336682416 0)
(0.3382540692 0.03848614415 0)
(0.3464483585 0.03375160625 0)
(0.353085632 0.02918649657 0)
(0.3582306417 0.02480470864 0)
(0.3619362326 0.02061937287 0)
(0.3642760908 0.01663314843 0)
(0.3652943838 0.01285146181 0)
(0.3650769289 0.009265401029 0)
(0.3636471317 0.005867678348 0)
(0.3610991466 0.002636524033 0)
(0.357401301 -0.00048799024 0)
(0.352730669 -0.003583940654 0)
(0.3469564542 -0.006711357487 0)
(0.340251036 -0.01007766953 0)
(0.332275513 -0.01389629499 0)
(0.3232974176 -0.01866897357 0)
(0.3124875254 -0.02496232858 0)
(0.3002901215 -0.0339603927 0)
(0.2847526892 -0.0471387975 0)
(0.2668559484 -0.06732130017 0)
(0.2420043082 -0.09822162196 0)
(0.2131963282 -0.1463056616 0)
(0.1690342703 -0.2200460487 0)
(0.1236132701 -0.3350429519 0)
(0.02530922703 -0.5132778928 0)
(0.01348456539 -0.5610884138 0)
(-0.02513866471 0.06511218122 0)
(-0.06229380339 0.1046345288 0)
(-0.08141888077 0.1040277115 0)
(-0.08257300081 0.09510211198 0)
(-0.07401639417 0.08753554181 0)
(-0.05855961156 0.08186652127 0)
(-0.03802099748 0.07769831147 0)
(-0.01393541999 0.07459933298 0)
(0.01263866082 0.07220811685 0)
(0.04082653116 0.07018741255 0)
(0.0698070151 0.06831170063 0)
(0.09910483732 0.06641531498 0)
(0.1282949321 0.06438977858 0)
(0.1570133854 0.06217079461 0)
(0.184961093 0.05972756368 0)
(0.2118942825 0.05705517772 0)
(0.2376160227 0.05416856166 0)
(0.2619721689 0.05109663637 0)
(0.2848468432 0.04787756002 0)
(0.3061604393 0.04455358504 0)
(0.325862886 0.04116814243 0)
(0.343933326 0.03776172513 0)
(0.360368947 0.03437186161 0)
(0.3751904473 0.03102943091 0)
(0.3884228512 0.02776214078 0)
(0.4001144364 0.02458933883 0)
(0.4103007314 0.02153005027 0)
(0.4190506544 0.01859294591 0)
(0.4263947362 0.01579151405 0)
(0.4324242881 0.01312391623 0)
(0.4371463631 0.01060114239 0)
(0.4406857325 0.008206846965 0)
(0.4429941918 0.005950998953 0)
(0.4442548396 0.003786310377 0)
(0.4443132467 0.00173042323 0)
(0.4434826855 -0.000322552017 0)
(0.4413848505 -0.002392135461 0)
(0.4385007201 -0.004671205981 0)
(0.4339729855 -0.007252667725 0)
(0.4286490508 -0.01057224194 0)
(0.4206796173 -0.01494843675 0)
(0.4115961533 -0.0213609901 0)
(0.397392983 -0.0307690497 0)
(0.3810874653 -0.04544745008 0)
(0.353947263 -0.06820589274 0)
(0.3230881971 -0.1044967186 0)
(0.2687031381 -0.1625242824 0)
(0.2138186624 -0.2567204916 0)
(0.08729077918 -0.4291901843 0)
(0.05677223851 -0.5288114498 0)
(-0.07372713765 0.1588059608 0)
(-0.08414158945 0.117539207 0)
(-0.05744841793 0.08589612931 0)
(-0.02648374617 0.07040959193 0)
(0.006167633151 0.05939005678 0)
(0.03907790282 0.05112927508 0)
(0.07184645758 0.04526628824 0)
(0.104341227 0.04122399791 0)
(0.1365036321 0.0384521427 0)
(0.1683509458 0.03638638588 0)
(0.1997617693 0.03475113278 0)
(0.2306424614 0.03335037586 0)
(0.2608758411 0.03204817179 0)
(0.2903245637 0.03075618143 0)
(0.3188467065 0.02942016732 0)
(0.3463062372 0.02801049116 0)
(0.3725771404 0.02651621763 0)
(0.397550106 0.0249397106 0)
(0.4211324812 0.02329294488 0)
(0.4432556233 0.02159307907 0)
(0.4638672144 0.01986085542 0)
(0.4829427067 0.01811658601 0)
(0.50046539 0.01638117297 0)
(0.5164508206 0.01467140127 0)
(0.5309053509 0.01300458901 0)
(0.5438798654 0.01139107381 0)
(0.5553867542 0.009844493853 0)
(0.5655129436 0.008367601986 0)
(0.5742549052 0.006972330993 0)
(0.5817474193 0.005652126766 0)
(0.5879380014 0.00442041522 0)
(0.5930383853 0.003257221221 0)
(0.5968875979 0.002183637627 0)
(0.5998287238 0.001160629347 0)
(0.6014777354 0.0002301319493 0)
(0.6024817429 -0.0006900994387 0)
(0.6019915669 -0.001594435823 0)
(0.6011281944 -0.002658420184 0)
(0.5981239164 -0.00386774015 0)
(0.595039938 -0.005542838819 0)
(0.5882413517 -0.007751897875 0)
(0.5815611381 -0.01114244115 0)
(0.567483569 -0.01611397648 0)
(0.5532788337 -0.02399676321 0)
(0.5231448994 -0.03643860328 0)
(0.4919966404 -0.05662873339 0)
(0.4254078427 -0.09222894096 0)
(0.3624172813 -0.1542337464 0)
(0.2022064303 -0.2944238093 0)
(0.1393188518 -0.4180425011 0)
(0.1852048163 0.1435363049 0)
(0.2229203 0.1050753896 0)
(0.3181233252 0.07194155972 0)
(0.3891423203 0.05208270727 0)
(0.4403340629 0.03919942885 0)
(0.4804193505 0.03013436386 0)
(0.5139750463 0.02364231653 0)
(0.5431777233 0.01901536081 0)
(0.5692620919 0.01572705168 0)
(0.593114228 0.01335652851 0)
(0.6153138912 0.01161665853 0)
(0.6362220355 0.01030869126 0)
(0.6560471359 0.009292815804 0)
(0.6748949424 0.008470741545 0)
(0.6928044547 0.007773852186 0)
(0.7097755559 0.007154793273 0)
(0.7257845605 0.006582086199 0)
(0.7408003397 0.006035664275 0)
(0.7547883151 0.005504212647 0)
(0.7677241912 0.004981994626 0)
(0.779586899 0.004467930835 0)
(0.7903761526 0.003962721252 0)
(0.8000903186 0.003469673184 0)
(0.8087579382 0.00299117455 0)
(0.816390755 0.002531884512 0)
(0.8230469055 0.002093171231 0)
(0.8287376933 0.001680061514 0)
(0.8335550118 0.001291237718 0)
(0.8374880382 0.0009325179166 0)
(0.8406774021 0.0005981838066 0)
(0.8430544778 0.0002963406484 0)
(0.8448451891 1.435276773e-05 0)
(0.845858412 -0.0002336289894 0)
(0.8464824269 -0.0004686418889 0)
(0.8462678153 -0.000659743649 0)
(0.8459105604 -0.0008395437718 0)
(0.8444099757 -0.0009982623192 0)
(0.8431152253 -0.001215137588 0)
(0.8399573364 -0.00146237978 0)
(0.8375339777 -0.001857930645 0)
(0.8314842436 -0.002388145906 0)
(0.8269635488 -0.003255439337 0)
(0.8147526405 -0.004545231485 0)
(0.8053335757 -0.006592286179 0)
(0.7786547672 -0.009883847994 0)
(0.7566119124 -0.01516655786 0)
(0.6925890513 -0.02512848707 0)
(0.6360044621 -0.0434273991 0)
(0.4573954707 -0.08628536534 0)
(0.3306829562 -0.1519123445 0)
)
;

boundaryField
{
    movingWall
    {
        type            fixedValue;
        value           uniform (1 0 0);
    }
    fixedWalls
    {
        type            noSlip;
    }
    frontAndBack
    {
        type            empty;
    }
}


// ************************************************************************* //
