/*--------------------------------*- C++ -*----------------------------------*\
  =========                 |
  \\      /  F ield         | OpenFOAM: The Open Source CFD Toolbox
   \\    /   O peration     | Website:  https://openfoam.org
    \\  /    A nd           | Version:  11
     \\/     M anipulation  |
\*---------------------------------------------------------------------------*/
FoamFile
{
    format      ascii;
    class       surfaceScalarField;
    location    "1000";
    object      phi;
}
// * * * * * * * * * * * * * * * * * * * * * * * * * * * * * * * * * * * * * //

dimensions      [0 3 -1 0 0 0 0];

internalField   nonuniform List<scalar> 
2320
(
4.612332908e-07
-7.082428081e-10
4.619353991e-07
-7.021083095e-10
4.626314208e-07
-6.9602173e-10
4.633214037e-07
-6.899828857e-10
4.640053953e-07
-6.839915878e-10
4.646834429e-07
-6.780476424e-10
4.653555938e-07
-6.721508569e-10
4.660218948e-07
-6.663010405e-10
4.666823928e-07
-6.604979983e-10
4.673371343e-07
-6.547415296e-10
4.679861658e-07
-6.49031437e-10
4.686295333e-07
-6.433675154e-10
4.692672829e-07
-6.377495629e-10
4.698994602e-07
-6.321773665e-10
4.70526111e-07
-6.26650723e-10
4.711472804e-07
-6.211694091e-10
4.717630136e-07
-6.157332134e-10
4.723733555e-07
-6.10341915e-10
4.729783508e-07
-6.049952892e-10
4.735780439e-07
-5.996931116e-10
4.74172479e-07
-5.944351514e-10
4.747617002e-07
-5.892211759e-10
4.753457512e-07
-5.840509498e-10
4.759246754e-07
-5.789242372e-10
4.764985162e-07
-5.738407964e-10
4.770673166e-07
-5.6880038e-10
4.776311193e-07
-5.638027465e-10
4.78189967e-07
-5.588476428e-10
4.787439018e-07
-5.539348192e-10
4.792929658e-07
-5.490640238e-10
4.798372008e-07
-5.442349951e-10
4.803766483e-07
-5.394474855e-10
4.809113495e-07
-5.347012234e-10
4.814413455e-07
-5.299959482e-10
4.819666769e-07
-5.253313987e-10
4.824873842e-07
-5.207073094e-10
4.830035076e-07
-5.161234118e-10
4.83515087e-07
-5.1157944e-10
4.840221621e-07
-5.070751198e-10
4.845247723e-07
-5.026101804e-10
4.850229567e-07
-4.981843479e-10
4.85516754e-07
-4.93797345e-10
4.860062029e-07
-4.894489041e-10
4.864913417e-07
-4.851387501e-10
4.869722083e-07
-4.808666055e-10
4.874488405e-07
-4.766321908e-10
4.879212757e-07
-4.724352297e-10
4.883895511e-07
-4.682754372e-10
4.888537037e-07
-4.641525415e-10
4.893137699e-07
-4.600662626e-10
4.897697863e-07
-4.560163221e-10
4.902217887e-07
-4.520024477e-10
4.906698131e-07
-4.480243668e-10
4.911138949e-07
-4.440817881e-10
4.915540693e-07
-4.401744204e-10
4.919903713e-07
-4.363019839e-10
4.924228355e-07
-4.324642215e-10
4.928514964e-07
-4.286608596e-10
4.93276388e-07
-4.248916285e-10
-4.211562293e-10
1.382372412e-06
-2.797010673e-09
1.384442705e-06
-2.772400848e-09
1.386494676e-06
-2.747992689e-09
1.388528478e-06
-2.723785205e-09
1.390544264e-06
-2.699777375e-09
1.392542184e-06
-2.67596816e-09
1.39452239e-06
-2.652356535e-09
1.39648503e-06
-2.628941482e-09
1.398430254e-06
-2.605721969e-09
1.40035821e-06
-2.582696943e-09
1.402269044e-06
-2.55986537e-09
1.404162902e-06
-2.537226185e-09
1.406039931e-06
-2.514778346e-09
1.407900275e-06
-2.49252076e-09
1.409744076e-06
-2.470452392e-09
1.411571479e-06
-2.448572114e-09
1.413382625e-06
-2.426878862e-09
1.415177654e-06
-2.405371534e-09
1.416956708e-06
-2.384049014e-09
1.418719925e-06
-2.362910196e-09
1.420467444e-06
-2.341953951e-09
1.422199402e-06
-2.321179147e-09
1.423915936e-06
-2.300584643e-09
1.425617181e-06
-2.280169304e-09
1.427303272e-06
-2.259931974e-09
1.428974343e-06
-2.239871479e-09
1.430630527e-06
-2.219986677e-09
1.432271956e-06
-2.200276375e-09
1.43389876e-06
-2.180739401e-09
1.435511071e-06
-2.161374582e-09
1.437109016e-06
-2.142180703e-09
1.438692725e-06
-2.123156627e-09
1.440262325e-06
-2.104301102e-09
1.441817942e-06
-2.085612943e-09
1.443359702e-06
-2.06709095e-09
1.444887729e-06
-2.048733917e-09
1.446402146e-06
-2.030540627e-09
1.447903076e-06
-2.012509885e-09
1.449390642e-06
-1.994640467e-09
1.450864963e-06
-1.976931165e-09
1.452326159e-06
-1.959380751e-09
1.45377435e-06
-1.941987991e-09
1.455209652e-06
-1.924751691e-09
1.456632184e-06
-1.907670639e-09
1.458042061e-06
-1.890743625e-09
1.459439398e-06
-1.873969417e-09
1.46082431e-06
-1.857346805e-09
1.462196909e-06
-1.840874547e-09
1.463557308e-06
-1.824551468e-09
1.464905618e-06
-1.808376345e-09
1.46624195e-06
-1.792347948e-09
1.467566412e-06
-1.776465078e-09
1.468879115e-06
-1.760726599e-09
1.470180164e-06
-1.745131294e-09
1.471469668e-06
-1.729677936e-09
1.472747731e-06
-1.714365265e-09
1.474014459e-06
-1.699192103e-09
1.475269955e-06
-1.684157303e-09
1.476514324e-06
-1.669259822e-09
-1.654498419e-09
2.298718158e-06
-6.145160801e-09
2.302035359e-06
-6.089601329e-09
2.3053219e-06
-6.0345341e-09
2.308578071e-06
-5.979955811e-09
2.311804157e-06
-5.925863091e-09
2.315000441e-06
-5.87225254e-09
2.318167205e-06
-5.819120804e-09
2.321304728e-06
-5.766464562e-09
2.324413287e-06
-5.714280475e-09
2.327493155e-06
-5.662565165e-09
2.330544605e-06
-5.611315331e-09
2.333567906e-06
-5.560527599e-09
2.336563327e-06
-5.510198677e-09
2.339531131e-06
-5.460325162e-09
2.342471583e-06
-5.410903822e-09
2.345384942e-06
-5.361931201e-09
2.348271467e-06
-5.313404042e-09
2.351131414e-06
-5.26531899e-09
2.353965038e-06
-5.217672687e-09
2.35677259e-06
-5.170461827e-09
2.359554319e-06
-5.123683051e-09
2.362310473e-06
-5.077333026e-09
2.365041296e-06
-5.031408411e-09
2.367747033e-06
-4.985905899e-09
2.370427923e-06
-4.940822147e-09
2.373084205e-06
-4.896153797e-09
2.375716116e-06
-4.851897584e-09
2.37832389e-06
-4.808050134e-09
2.380907759e-06
-4.764608143e-09
2.383467953e-06
-4.72156832e-09
2.386004699e-06
-4.678927294e-09
2.388518225e-06
-4.636681907e-09
2.391008752e-06
-4.594828731e-09
2.393476504e-06
-4.55336452e-09
2.395921699e-06
-4.51228601e-09
2.398344555e-06
-4.471589923e-09
2.400745287e-06
-4.43127298e-09
2.403124109e-06
-4.391331978e-09
2.405481232e-06
-4.35176366e-09
2.407816866e-06
-4.312564825e-09
2.410131218e-06
-4.273732229e-09
2.412424492e-06
-4.235262611e-09
2.414696893e-06
-4.197152834e-09
2.416948622e-06
-4.159399735e-09
2.419179879e-06
-4.122000184e-09
2.421390861e-06
-4.084950993e-09
2.423581763e-06
-4.048249046e-09
2.425752779e-06
-4.011891131e-09
2.427904102e-06
-3.975874256e-09
2.430035921e-06
-3.940195318e-09
2.432148424e-06
-3.904851182e-09
2.434241798e-06
-3.869838771e-09
2.436316227e-06
-3.83515519e-09
2.438371893e-06
-3.800797423e-09
2.440408977e-06
-3.766762494e-09
2.442427659e-06
-3.733047243e-09
2.444428116e-06
-3.699648614e-09
2.446410522e-06
-3.666563652e-09
2.448375052e-06
-3.633789834e-09
-3.601324259e-09
3.205631592e-06
-1.054525095e-08
3.209988409e-06
-1.044641839e-08
3.214302424e-06
-1.034854892e-08
3.218574102e-06
-1.025163396e-08
3.222803903e-06
-1.015566482e-08
3.226992284e-06
-1.006063281e-08
3.231139692e-06
-9.96652937e-09
3.235246574e-06
-9.873346052e-09
3.239313368e-06
-9.781074412e-09
3.243340509e-06
-9.689705987e-09
3.247328426e-06
-9.599232509e-09
3.251277544e-06
-9.509645612e-09
3.255188282e-06
-9.42093715e-09
3.259061056e-06
-9.333098794e-09
3.262896275e-06
-9.246122618e-09
3.266694344e-06
-9.160000287e-09
3.270455664e-06
-9.074723931e-09
3.27418063e-06
-8.99028551e-09
3.277869635e-06
-8.906677047e-09
3.281523063e-06
-8.823890705e-09
3.285141299e-06
-8.741918595e-09
3.288724719e-06
-8.660752931e-09
3.292273696e-06
-8.58038595e-09
3.2957886e-06
-8.500810009e-09
3.299269796e-06
-8.422017435e-09
3.302717643e-06
-8.344000573e-09
3.306132497e-06
-8.266752005e-09
3.309514711e-06
-8.19026412e-09
3.312864632e-06
-8.114529515e-09
3.316182605e-06
-8.039540826e-09
3.319468968e-06
-7.965290588e-09
3.322724058e-06
-7.891771794e-09
3.325948206e-06
-7.81897694e-09
3.329141741e-06
-7.746898946e-09
3.332304985e-06
-7.675530693e-09
3.335438261e-06
-7.604865091e-09
3.338541883e-06
-7.534895078e-09
3.341616164e-06
-7.465613774e-09
3.344661415e-06
-7.397014233e-09
3.34767794e-06
-7.329089668e-09
3.350666041e-06
-7.261833221e-09
3.353626016e-06
-7.195238042e-09
3.356558161e-06
-7.129297522e-09
3.359462766e-06
-7.064005038e-09
3.36234012e-06
-6.999354105e-09
3.365190507e-06
-6.935338127e-09
3.368014209e-06
-6.871950682e-09
3.370811503e-06
-6.809185156e-09
3.373582664e-06
-6.747035407e-09
3.376327964e-06
-6.68549512e-09
3.379047671e-06
-6.62455796e-09
3.38174205e-06
-6.564217665e-09
3.384411363e-06
-6.504468319e-09
3.387055869e-06
-6.44530383e-09
3.389675825e-06
-6.386718342e-09
3.392271483e-06
-6.328705639e-09
3.394843094e-06
-6.271259589e-09
3.397390905e-06
-6.214374151e-09
3.399915159e-06
-6.158044234e-09
-6.102264213e-09
4.096345583e-06
-1.570159925e-08
4.101447268e-06
-1.55481038e-08
4.106494984e-06
-1.539626472e-08
4.111489413e-06
-1.524606334e-08
4.116431229e-06
-1.509748081e-08
4.121321095e-06
-1.495049846e-08
4.126159664e-06
-1.480509792e-08
4.130947579e-06
-1.466126112e-08
4.135685474e-06
-1.45189701e-08
4.140373975e-06
-1.437820698e-08
4.145013697e-06
-1.423895433e-08
4.149605246e-06
-1.410119463e-08
4.15414922e-06
-1.396491087e-08
4.158646207e-06
-1.383008579e-08
4.163096787e-06
-1.369670298e-08
4.167501532e-06
-1.356474536e-08
4.171861005e-06
-1.343419682e-08
4.176175761e-06
-1.330504099e-08
4.180446346e-06
-1.317726175e-08
4.184673298e-06
-1.30508433e-08
4.188857149e-06
-1.292576982e-08
4.192998422e-06
-1.28020258e-08
4.197097632e-06
-1.267959582e-08
4.201155287e-06
-1.25584648e-08
4.205171879e-06
-1.243860825e-08
4.209147926e-06
-1.232004867e-08
4.213083881e-06
-1.220270609e-08
4.216980256e-06
-1.208664064e-08
4.220837499e-06
-1.197177253e-08
4.224656084e-06
-1.185812502e-08
4.228436468e-06
-1.174567451e-08
4.232179103e-06
-1.163440762e-08
4.235884437e-06
-1.152431014e-08
4.239552906e-06
-1.141536874e-08
4.243184946e-06
-1.130757001e-08
4.246780981e-06
-1.12009007e-08
4.250341434e-06
-1.109534762e-08
4.253866718e-06
-1.099089801e-08
4.257357243e-06
-1.088753901e-08
4.260813411e-06
-1.078525816e-08
4.264235612e-06
-1.068403334e-08
4.267624263e-06
-1.058389003e-08
4.270979717e-06
-1.048474976e-08
4.274302387e-06
-1.038667638e-08
4.277592625e-06
-1.028959178e-08
4.280850809e-06
-1.019352203e-08
4.284077304e-06
-1.009844615e-08
4.287272471e-06
-1.000435228e-08
4.290436665e-06
-9.911229429e-09
4.293570237e-06
-9.819066382e-09
4.296673531e-06
-9.72785198e-09
4.299746888e-06
-9.637575229e-09
4.302790637e-06
-9.548215964e-09
4.305805134e-06
-9.459801743e-09
4.308790672e-06
-9.372255415e-09
4.311747608e-06
-9.285642885e-09
4.314676226e-06
-9.199876913e-09
4.317576875e-06
-9.115023494e-09
4.320449837e-06
-9.031006534e-09
-8.94785466e-09
4.96111027e-06
-2.123428108e-08
4.966579141e-06
-2.101697509e-08
4.97198514e-06
-2.080226372e-08
4.977329189e-06
-2.059011151e-08
4.982612191e-06
-2.038048283e-08
4.987835035e-06
-2.01733426e-08
4.992998593e-06
-1.99686564e-08
4.998103723e-06
-1.976639046e-08
5.003151264e-06
-1.95665114e-08
5.008142043e-06
-1.936898614e-08
5.013076871e-06
-1.917378254e-08
5.017956545e-06
-1.898086843e-08
5.022781847e-06
-1.879021272e-08
5.027553545e-06
-1.860178401e-08
5.032272395e-06
-1.841555249e-08
5.036939137e-06
-1.823148738e-08
5.041554499e-06
-1.80495597e-08
5.046119199e-06
-1.78697401e-08
5.050633937e-06
-1.769199987e-08
5.055099404e-06
-1.751631092e-08
5.05951628e-06
-1.734264529e-08
5.06388523e-06
-1.717097564e-08
5.068206909e-06
-1.70012749e-08
5.072481961e-06
-1.683351676e-08
5.076711028e-06
-1.666767464e-08
5.080894702e-06
-1.650372323e-08
5.085033633e-06
-1.634163666e-08
5.089128382e-06
-1.618139044e-08
5.093179569e-06
-1.602295942e-08
5.097187764e-06
-1.586631975e-08
5.101153536e-06
-1.571144707e-08
5.105077447e-06
-1.555831868e-08
5.108960048e-06
-1.540691056e-08
5.112801879e-06
-1.525720032e-08
5.116603475e-06
-1.51091654e-08
5.120365358e-06
-1.496278366e-08
5.124088043e-06
-1.481803313e-08
5.127772038e-06
-1.467489257e-08
5.131417839e-06
-1.453334068e-08
5.135025938e-06
-1.439335696e-08
5.138596826e-06
-1.425492043e-08
5.142130946e-06
-1.411801129e-08
5.145628806e-06
-1.398260884e-08
5.149090824e-06
-1.384869441e-08
5.15251748e-06
-1.371624816e-08
5.155909209e-06
-1.358525139e-08
5.159266448e-06
-1.345568542e-08
5.162589627e-06
-1.332753113e-08
5.165879169e-06
-1.320077089e-08
5.169135489e-06
-1.307538667e-08
5.172358998e-06
-1.295136074e-08
5.175550098e-06
-1.28286757e-08
5.178709198e-06
-1.270731445e-08
5.181836656e-06
-1.25872605e-08
5.184932898e-06
-1.246849679e-08
5.187998262e-06
-1.235100786e-08
5.191033162e-06
-1.223477604e-08
5.194037923e-06
-1.211978563e-08
5.197012938e-06
-1.200602136e-08
-1.189346838e-08
5.78644162e-06
-2.669425774e-08
5.791832573e-06
-2.640792848e-08
5.797155669e-06
-2.612536012e-08
5.80241205e-06
-2.584649266e-08
5.807602834e-06
-2.557126587e-08
5.812729112e-06
-2.529962085e-08
5.817791955e-06
-2.503149993e-08
5.822792412e-06
-2.476684674e-08
5.827731506e-06
-2.450560574e-08
5.832610242e-06
-2.424772221e-08
5.837429602e-06
-2.399314303e-08
5.842190549e-06
-2.374181534e-08
5.846894025e-06
-2.349368814e-08
5.851540951e-06
-2.32487102e-08
5.856132231e-06
-2.300683301e-08
5.860668751e-06
-2.276800661e-08
5.865151375e-06
-2.253218428e-08
5.869580954e-06
-2.229931865e-08
5.873958318e-06
-2.206936373e-08
5.878284281e-06
-2.184227457e-08
5.882559643e-06
-2.161800659e-08
5.886785183e-06
-2.13965164e-08
5.89096167e-06
-2.117776114e-08
5.895089852e-06
-2.096169922e-08
5.899170466e-06
-2.074828899e-08
5.903204234e-06
-2.053749052e-08
5.907191861e-06
-2.032926368e-08
5.91113404e-06
-2.012357002e-08
5.915031451e-06
-1.992037069e-08
5.91888476e-06
-1.97196287e-08
5.92269462e-06
-1.952130638e-08
5.92646167e-06
-1.932536889e-08
5.930186539e-06
-1.913177923e-08
5.933869842e-06
-1.894050332e-08
5.937512183e-06
-1.875150663e-08
5.941114155e-06
-1.856475552e-08
5.944676338e-06
-1.838021665e-08
5.948199304e-06
-1.81978579e-08
5.95168361e-06
-1.801764709e-08
5.955129806e-06
-1.783955342e-08
5.958538431e-06
-1.76635455e-08
5.961910014e-06
-1.748959351e-08
5.965245072e-06
-1.731766683e-08
5.968544115e-06
-1.714773737e-08
5.971807642e-06
-1.697977581e-08
5.975036145e-06
-1.681375445e-08
5.978230106e-06
-1.664964577e-08
5.981389996e-06
-1.648742154e-08
5.984516281e-06
-1.632705588e-08
5.987609417e-06
-1.616852218e-08
5.99066985e-06
-1.601179465e-08
5.993698023e-06
-1.585684793e-08
5.996694365e-06
-1.570365727e-08
5.999659303e-06
-1.555219822e-08
6.002593253e-06
-1.54024464e-08
6.005496624e-06
-1.525437926e-08
6.00836982e-06
-1.510797181e-08
6.011213235e-06
-1.496320119e-08
6.014027259e-06
-1.482004531e-08
-1.467848247e-08
6.554581674e-06
-3.159314991e-08
6.55941202e-06
-3.123827411e-08
6.564175142e-06
-3.088848179e-08
6.56887233e-06
-3.054368108e-08
6.573504844e-06
-3.020377964e-08
6.578073911e-06
-2.986868787e-08
6.582580729e-06
-2.953831813e-08
6.587026468e-06
-2.921258506e-08
6.591412267e-06
-2.889140484e-08
6.59573924e-06
-2.857469517e-08
6.600008473e-06
-2.826237642e-08
6.604221027e-06
-2.795436956e-08
6.608377938e-06
-2.765059864e-08
6.612480215e-06
-2.735098749e-08
6.616528846e-06
-2.705546442e-08
6.620524795e-06
-2.676395543e-08
6.624469003e-06
-2.647639207e-08
6.628362389e-06
-2.619270453e-08
6.632205851e-06
-2.591282569e-08
6.636000266e-06
-2.56366899e-08
6.639746492e-06
-2.536423233e-08
6.643445366e-06
-2.509539002e-08
6.647097705e-06
-2.483010094e-08
6.650704311e-06
-2.456830515e-08
6.654265965e-06
-2.430994269e-08
6.657783431e-06
-2.40549562e-08
6.661257456e-06
-2.380328838e-08
6.66468877e-06
-2.355488424e-08
6.668078088e-06
-2.330968854e-08
6.671426108e-06
-2.306764877e-08
6.674733513e-06
-2.282871145e-08
6.678000971e-06
-2.25928276e-08
6.681229137e-06
-2.235994472e-08
6.684418649e-06
-2.213001528e-08
6.687570133e-06
-2.190299063e-08
6.690684201e-06
-2.167882379e-08
6.693761453e-06
-2.14574682e-08
6.696802474e-06
-2.123887915e-08
6.699807839e-06
-2.102301185e-08
6.702778109e-06
-2.08098237e-08
6.705713835e-06
-2.059927129e-08
6.708615555e-06
-2.039131348e-08
6.711483796e-06
-2.018590813e-08
6.714319075e-06
-1.998301661e-08
6.717121898e-06
-1.97825986e-08
6.71989276e-06
-1.95846164e-08
6.722632147e-06
-1.938903242e-08
6.725340533e-06
-1.919580814e-08
6.728018386e-06
-1.900490856e-08
6.730666161e-06
-1.881629728e-08
6.733284306e-06
-1.862993953e-08
6.735873259e-06
-1.844580104e-08
6.738433451e-06
-1.826384869e-08
6.740965302e-06
-1.808404911e-08
6.743469225e-06
-1.790636972e-08
6.745945626e-06
-1.77307803e-08
6.748394902e-06
-1.755724759e-08
6.750817442e-06
-1.738574117e-08
6.753213628e-06
-1.72162314e-08
-1.704868881e-08
7.243302285e-06
-3.544791085e-08
7.247095963e-06
-3.503195016e-08
7.250830023e-06
-3.462254392e-08
7.254505691e-06
-3.421934942e-08
7.258124271e-06
-3.38223595e-08
7.261687002e-06
-3.343141882e-08
7.26519509e-06
-3.304640544e-08
7.268649706e-06
-3.266720127e-08
7.272051977e-06
-3.229367467e-08
7.275403054e-06
-3.192577393e-08
7.278703975e-06
-3.156329745e-08
7.281955804e-06
-3.120619851e-08
7.285159534e-06
-3.085432647e-08
7.288316246e-06
-3.050770131e-08
7.291426793e-06
-3.016600972e-08
7.294492233e-06
-2.982939754e-08
7.297513399e-06
-2.949755719e-08
7.300491211e-06
-2.917051706e-08
7.303426542e-06
-2.884815628e-08
7.306320238e-06
-2.853038662e-08
7.309173127e-06
-2.821712138e-08
7.311985999e-06
-2.790826069e-08
7.314759681e-06
-2.760378388e-08
7.317494895e-06
-2.730351864e-08
7.320192399e-06
-2.700744717e-08
7.322852906e-06
-2.671546231e-08
7.325477167e-06
-2.642755054e-08
7.32806583e-06
-2.614354659e-08
7.330619581e-06
-2.586343989e-08
7.333139048e-06
-2.558711438e-08
7.33562496e-06
-2.531462461e-08
7.338077824e-06
-2.504568958e-08
7.340498365e-06
-2.478048836e-08
7.342887093e-06
-2.451874292e-08
7.345244616e-06
-2.426051346e-08
7.3475715e-06
-2.400570826e-08
7.3498683e-06
-2.375426734e-08
7.352135524e-06
-2.350610154e-08
7.354373758e-06
-2.326124629e-08
7.356583488e-06
-2.30195539e-08
7.358765232e-06
-2.278101539e-08
7.360919449e-06
-2.254553125e-08
7.36304665e-06
-2.231310999e-08
7.365147259e-06
-2.20836243e-08
7.367221791e-06
-2.185713143e-08
7.36927065e-06
-2.163347543e-08
7.371294258e-06
-2.14126387e-08
7.37329313e-06
-2.119468179e-08
7.375267596e-06
-2.097937429e-08
7.377218078e-06
-2.076677835e-08
7.379144989e-06
-2.055684999e-08
7.381048749e-06
-2.034956216e-08
7.382929696e-06
-2.014479566e-08
7.384788217e-06
-1.994257014e-08
7.386624692e-06
-1.974284557e-08
7.388439419e-06
-1.954550558e-08
7.390232835e-06
-1.935066465e-08
7.392005239e-06
-1.915814543e-08
7.393756934e-06
-1.896792575e-08
-1.878006225e-08
7.826165151e-06
-3.783602905e-08
7.828507348e-06
-3.737414485e-08
7.830804697e-06
-3.691989457e-08
7.833058455e-06
-3.647310746e-08
7.835269715e-06
-3.603361955e-08
7.837439566e-06
-3.560127011e-08
7.839569063e-06
-3.517590302e-08
7.84165923e-06
-3.475736779e-08
7.843711072e-06
-3.434551546e-08
7.845725501e-06
-3.394020431e-08
7.847703497e-06
-3.354129307e-08
7.849645945e-06
-3.314864691e-08
7.851553752e-06
-3.276213208e-08
7.853427672e-06
-3.238162286e-08
7.855268654e-06
-3.200699004e-08
7.85707737e-06
-3.163811459e-08
7.858854688e-06
-3.127487594e-08
7.86060133e-06
-3.091715878e-08
7.862318024e-06
-3.056485032e-08
7.864005478e-06
-3.021784093e-08
7.86566438e-06
-2.987602321e-08
7.867295412e-06
-2.953929201e-08
7.868899175e-06
-2.920754757e-08
7.870476346e-06
-2.888068905e-08
7.872027519e-06
-2.855862049e-08
7.873553305e-06
-2.824124701e-08
7.875054232e-06
-2.79284784e-08
7.876530908e-06
-2.762022323e-08
7.877983864e-06
-2.731639524e-08
7.879413658e-06
-2.701690744e-08
7.880820712e-06
-2.67216799e-08
7.882205652e-06
-2.643062796e-08
7.883568837e-06
-2.614367555e-08
7.884910837e-06
-2.58607427e-08
7.88623208e-06
-2.558175585e-08
7.887533012e-06
-2.530664083e-08
7.888814071e-06
-2.503532566e-08
7.89007571e-06
-2.47677392e-08
7.891318279e-06
-2.450381508e-08
7.89254221e-06
-2.424348521e-08
7.893747879e-06
-2.39866848e-08
7.894935696e-06
-2.373334911e-08
7.896106002e-06
-2.348341623e-08
7.897259203e-06
-2.323682456e-08
7.898395587e-06
-2.299351591e-08
7.899515543e-06
-2.275343171e-08
7.90061942e-06
-2.251651442e-08
7.901707447e-06
-2.228271055e-08
7.902780036e-06
-2.20519632e-08
7.903837479e-06
-2.182421999e-08
7.904880058e-06
-2.159942875e-08
7.905908036e-06
-2.137754024e-08
7.906921744e-06
-2.115850383e-08
7.907921444e-06
-2.094227075e-08
7.908907393e-06
-2.072879473e-08
7.909879917e-06
-2.05180278e-08
7.910839178e-06
-2.030992648e-08
7.911785475e-06
-2.010444387e-08
7.912719086e-06
-1.990153593e-08
-1.970116219e-08
8.27328633e-06
-3.845350463e-08
8.273879606e-06
-3.796742027e-08
8.274449539e-06
-3.748982813e-08
8.274996958e-06
-3.702052643e-08
8.275522658e-06
-3.655931978e-08
8.276027406e-06
-3.610601793e-08
8.276511939e-06
-3.566043636e-08
8.276976969e-06
-3.522239773e-08
8.27742318e-06
-3.479172661e-08
8.277851233e-06
-3.436825643e-08
8.278261761e-06
-3.395182187e-08
8.278655379e-06
-3.35422649e-08
8.279032677e-06
-3.313942982e-08
8.27939422e-06
-3.274316933e-08
8.279740568e-06
-3.235333435e-08
8.280072238e-06
-3.196978522e-08
8.280389746e-06
-3.159238362e-08
8.280693583e-06
-3.122099528e-08
8.280984223e-06
-3.085549031e-08
8.281262124e-06
-3.049574238e-08
8.281527729e-06
-3.014162772e-08
8.281781462e-06
-2.979302574e-08
8.282023737e-06
-2.944982188e-08
8.282254948e-06
-2.911190093e-08
8.282475481e-06
-2.877915292e-08
8.282685704e-06
-2.845146984e-08
8.28288597e-06
-2.812874871e-08
8.283076637e-06
-2.781088572e-08
8.283258024e-06
-2.749778264e-08
8.283430458e-06
-2.718934125e-08
8.283594248e-06
-2.688547019e-08
8.283749695e-06
-2.658607515e-08
8.283897088e-06
-2.629106857e-08
8.284036707e-06
-2.600036154e-08
8.284168822e-06
-2.571387078e-08
8.284293694e-06
-2.543151298e-08
8.284411576e-06
-2.515320714e-08
8.28452271e-06
-2.48788738e-08
8.284627333e-06
-2.460843825e-08
8.284725673e-06
-2.434182479e-08
8.284817949e-06
-2.407896076e-08
8.284904374e-06
-2.381977432e-08
8.284985154e-06
-2.356419594e-08
8.285060483e-06
-2.331215786e-08
8.285130566e-06
-2.306359441e-08
8.285195575e-06
-2.281844129e-08
8.285255696e-06
-2.25766349e-08
8.2853111e-06
-2.233811533e-08
8.285361958e-06
-2.210282062e-08
8.28540843e-06
-2.187069217e-08
8.285450674e-06
-2.164167243e-08
8.285488841e-06
-2.14157072e-08
8.285523078e-06
-2.119274126e-08
8.285553528e-06
-2.097272048e-08
8.285580327e-06
-2.075559408e-08
8.285603609e-06
-2.054130994e-08
8.285623503e-06
-2.032981975e-08
8.285640131e-06
-2.012107265e-08
8.285653616e-06
-1.991502069e-08
-1.971161861e-08
8.552552115e-06
-3.716364895e-08
8.551264472e-06
-3.667977699e-08
8.549979395e-06
-3.620475156e-08
8.548697221e-06
-3.573835197e-08
8.547418265e-06
-3.52803634e-08
8.546142824e-06
-3.483057769e-08
8.544871181e-06
-3.438879312e-08
8.5436036e-06
-3.395481669e-08
8.54234033e-06
-3.352845686e-08
8.541081607e-06
-3.310953297e-08
8.53982765e-06
-3.269786541e-08
8.538578669e-06
-3.229328296e-08
8.537334856e-06
-3.189561737e-08
8.536096393e-06
-3.150470931e-08
8.53486346e-06
-3.112039852e-08
8.533636209e-06
-3.074253385e-08
8.532414793e-06
-3.037096752e-08
8.531199352e-06
-3.000555466e-08
8.529990018e-06
-2.964615642e-08
8.528786914e-06
-2.929263767e-08
8.527590152e-06
-2.894486582e-08
8.526399838e-06
-2.860271231e-08
8.525216072e-06
-2.82660552e-08
8.524038942e-06
-2.79347717e-08
8.522868534e-06
-2.760874488e-08
8.521704925e-06
-2.728786013e-08
8.520548181e-06
-2.697200838e-08
8.519398378e-06
-2.666107963e-08
8.518255566e-06
-2.635497e-08
8.5171198e-06
-2.605357575e-08
8.51599113e-06
-2.575680027e-08
8.5148696e-06
-2.546454495e-08
8.513755248e-06
-2.517671659e-08
8.512648109e-06
-2.48932224e-08
8.511548213e-06
-2.461397496e-08
8.510455587e-06
-2.433888675e-08
8.509370252e-06
-2.406787279e-08
8.508292229e-06
-2.380085006e-08
8.507221531e-06
-2.353774041e-08
8.506158171e-06
-2.327846491e-08
8.505102158e-06
-2.302294769e-08
8.504053498e-06
-2.277111414e-08
8.503012193e-06
-2.252289135e-08
8.501978242e-06
-2.227820957e-08
8.50095165e-06
-2.203699979e-08
8.499932405e-06
-2.17991958e-08
8.498920502e-06
-2.156473169e-08
8.497915931e-06
-2.133354509e-08
8.496918683e-06
-2.110557257e-08
8.495928744e-06
-2.088075294e-08
8.494946098e-06
-2.065902663e-08
8.493970729e-06
-2.044033798e-08
8.493002618e-06
-2.022463037e-08
8.492041745e-06
-2.001184755e-08
8.491088089e-06
-1.980193754e-08
8.490141626e-06
-1.959484698e-08
8.489202332e-06
-1.939052591e-08
8.488270182e-06
-1.918892216e-08
8.487345148e-06
-1.898998708e-08
-1.879367331e-08
8.631123195e-06
-3.40274158e-08
8.628017019e-06
-3.357360123e-08
8.624940655e-06
-3.312838814e-08
8.62189386e-06
-3.26915539e-08
8.618876378e-06
-3.226288063e-08
8.615887958e-06
-3.184215805e-08
8.612928347e-06
-3.142918253e-08
8.609997291e-06
-3.102376037e-08
8.607094529e-06
-3.062569785e-08
8.604219811e-06
-3.023481451e-08
8.601372878e-06
-2.985092932e-08
8.598553466e-06
-2.947387119e-08
8.59576132e-06
-2.910347159e-08
8.592996179e-06
-2.873957158e-08
8.590257795e-06
-2.838201093e-08
8.5875459e-06
-2.803063866e-08
8.584860237e-06
-2.768530851e-08
8.582200558e-06
-2.734587547e-08
8.579566607e-06
-2.701220207e-08
8.576958124e-06
-2.668415442e-08
8.574374859e-06
-2.636160066e-08
8.57181656e-06
-2.604441355e-08
8.569282978e-06
-2.573247306e-08
8.566773863e-06
-2.542565726e-08
8.564288969e-06
-2.512385102e-08
8.561828047e-06
-2.482694118e-08
8.559390863e-06
-2.453482084e-08
8.556977164e-06
-2.424738111e-08
8.554586715e-06
-2.396452043e-08
8.552219276e-06
-2.368613652e-08
8.549874607e-06
-2.341213487e-08
8.547552484e-06
-2.314241915e-08
8.545252665e-06
-2.287689731e-08
8.542974922e-06
-2.261547902e-08
8.540719026e-06
-2.235807926e-08
8.538484751e-06
-2.210461217e-08
8.536271873e-06
-2.185499476e-08
8.534080169e-06
-2.160914609e-08
8.531909419e-06
-2.136699033e-08
8.529759405e-06
-2.112845055e-08
8.52762991e-06
-2.089345305e-08
8.525520722e-06
-2.066192555e-08
8.523431627e-06
-2.043379666e-08
8.521362417e-06
-2.020899971e-08
8.519312884e-06
-1.998746666e-08
8.517282822e-06
-1.976913416e-08
8.515272026e-06
-1.955393835e-08
8.5132803e-06
-1.934181886e-08
8.511307445e-06
-1.913271484e-08
8.509353259e-06
-1.892656679e-08
8.507417549e-06
-1.872331688e-08
8.505500123e-06
-1.852291197e-08
8.50360079e-06
-1.832529769e-08
8.501719362e-06
-1.813041931e-08
8.499855649e-06
-1.793822743e-08
8.498009473e-06
-1.774867071e-08
8.496180651e-06
-1.756170106e-08
8.494368997e-06
-1.737726808e-08
8.492574336e-06
-1.719532596e-08
-1.701582814e-08
8.476975432e-06
-2.930818277e-08
8.472311799e-06
-2.890996805e-08
8.467702922e-06
-2.851951113e-08
8.463147977e-06
-2.813660619e-08
8.458646146e-06
-2.776104992e-08
8.454196635e-06
-2.739264715e-08
8.449798662e-06
-2.703120884e-08
8.445451458e-06
-2.667655697e-08
8.441154268e-06
-2.632851028e-08
8.436906358e-06
-2.598690413e-08
8.432707001e-06
-2.565156976e-08
8.42855548e-06
-2.532235025e-08
8.424451098e-06
-2.499908962e-08
8.420393166e-06
-2.468164262e-08
8.416381019e-06
-2.436986101e-08
8.412413986e-06
-2.406360608e-08
8.40849142e-06
-2.376274446e-08
8.404612686e-06
-2.346714196e-08
8.40077716e-06
-2.317667356e-08
8.396984223e-06
-2.28912167e-08
8.393233272e-06
-2.261065004e-08
8.389523716e-06
-2.233485741e-08
8.385854973e-06
-2.206373027e-08
8.382226472e-06
-2.179715617e-08
8.378637652e-06
-2.153503072e-08
8.375087958e-06
-2.127725036e-08
8.371576859e-06
-2.102371895e-08
8.368103814e-06
-2.077433614e-08
8.364668304e-06
-2.052901054e-08
8.361269816e-06
-2.028764836e-08
8.357907843e-06
-2.005016473e-08
8.354581899e-06
-1.981647233e-08
8.351291489e-06
-1.958648699e-08
8.348036137e-06
-1.9360127e-08
8.344815374e-06
-1.91373164e-08
8.341628739e-06
-1.891797685e-08
8.338475777e-06
-1.87020333e-08
8.335356044e-06
-1.84894125e-08
8.3322691e-06
-1.828004666e-08
8.329214515e-06
-1.80738659e-08
8.326191866e-06
-1.787080407e-08
8.323200737e-06
-1.767079623e-08
8.320240718e-06
-1.747377727e-08
8.317311407e-06
-1.72796887e-08
8.314412408e-06
-1.708846763e-08
8.311543332e-06
-1.690005825e-08
8.308703793e-06
-1.671440276e-08
8.305893422e-06
-1.653144729e-08
8.303111847e-06
-1.635113778e-08
8.300358701e-06
-1.617342018e-08
8.297633626e-06
-1.599824213e-08
8.294936271e-06
-1.582555699e-08
8.292266289e-06
-1.565531607e-08
8.28962334e-06
-1.548746953e-08
8.287007084e-06
-1.532197425e-08
8.284417197e-06
-1.515878416e-08
8.281853355e-06
-1.499785661e-08
8.279315233e-06
-1.483914547e-08
8.276802518e-06
-1.468261136e-08
-1.452821126e-08
8.060202819e-06
-2.345094732e-08
8.05442083e-06
-2.312797888e-08
8.048712747e-06
-2.281142831e-08
8.043077264e-06
-2.250112336e-08
8.037513107e-06
-2.219689086e-08
8.032019024e-06
-2.189856617e-08
8.026593805e-06
-2.160598916e-08
8.02123626e-06
-2.131901202e-08
8.015945228e-06
-2.103747858e-08
8.010719578e-06
-2.0761254e-08
8.005558201e-06
-2.049019316e-08
8.000460017e-06
-2.022416616e-08
7.995423968e-06
-1.996304046e-08
7.990449022e-06
-1.970669624e-08
7.985534168e-06
-1.945500705e-08
7.980678419e-06
-1.920785723e-08
7.975880811e-06
-1.896513629e-08
7.971140399e-06
-1.87267298e-08
7.96645626e-06
-1.849253475e-08
7.961827492e-06
-1.826244874e-08
7.957253211e-06
-1.803636928e-08
7.952732553e-06
-1.781419938e-08
7.948264673e-06
-1.759585037e-08
7.943848743e-06
-1.738122623e-08
7.939483954e-06
-1.717024118e-08
7.935169511e-06
-1.696280792e-08
7.930904641e-06
-1.67588484e-08
7.926688581e-06
-1.655827678e-08
7.92252059e-06
-1.636101892e-08
7.918399936e-06
-1.616699504e-08
7.914325909e-06
-1.597613641e-08
7.910297806e-06
-1.578837009e-08
7.906314944e-06
-1.560362543e-08
7.902376652e-06
-1.542183461e-08
7.898482273e-06
-1.524293624e-08
7.89463116e-06
-1.506686421e-08
7.890822682e-06
-1.489355647e-08
7.887056222e-06
-1.472295189e-08
7.883331172e-06
-1.455499556e-08
7.879646934e-06
-1.43896288e-08
7.876002927e-06
-1.42267974e-08
7.872398579e-06
-1.406644783e-08
7.868833326e-06
-1.390852508e-08
7.865306621e-06
-1.375298327e-08
7.861817921e-06
-1.359976772e-08
7.858366697e-06
-1.344883429e-08
7.854952429e-06
-1.330013437e-08
7.851574606e-06
-1.31536241e-08
7.848232727e-06
-1.300925954e-08
7.844926303e-06
-1.286699544e-08
7.841654848e-06
-1.272678783e-08
7.838417891e-06
-1.258859984e-08
7.835214966e-06
-1.245239113e-08
7.832045616e-06
-1.231811936e-08
7.828909393e-06
-1.21857509e-08
7.825805856e-06
-1.205524723e-08
7.822734574e-06
-1.192657403e-08
7.819695119e-06
-1.179969163e-08
7.816687078e-06
-1.167457013e-08
-1.15511718e-08
7.353849239e-06
-1.704210862e-08
7.347526543e-06
-1.680528331e-08
7.341288341e-06
-1.657322667e-08
7.33513303e-06
-1.634581154e-08
7.329059045e-06
-1.61229051e-08
7.323064861e-06
-1.59043839e-08
7.317148998e-06
-1.569012598e-08
7.311310011e-06
-1.548002422e-08
7.305546487e-06
-1.52739551e-08
7.299857057e-06
-1.507182383e-08
7.294240379e-06
-1.487351552e-08
7.28869515e-06
-1.467893665e-08
7.283220094e-06
-1.44879846e-08
7.277813971e-06
-1.430057329e-08
7.272475568e-06
-1.411660421e-08
7.267203703e-06
-1.393599185e-08
7.261997222e-06
-1.37586552e-08
7.256854997e-06
-1.358450531e-08
7.25177593e-06
-1.341346759e-08
7.246758946e-06
-1.324546538e-08
7.241802998e-06
-1.308042037e-08
7.236907058e-06
-1.291826004e-08
7.232070129e-06
-1.275892118e-08
7.227291231e-06
-1.260232828e-08
7.222569409e-06
-1.244841961e-08
7.21790373e-06
-1.229712799e-08
7.21329328e-06
-1.214839863e-08
7.208737166e-06
-1.200216346e-08
7.204234518e-06
-1.185837054e-08
7.19978448e-06
-1.171695697e-08
7.19538622e-06
-1.157787511e-08
7.191038918e-06
-1.144106916e-08
7.186741778e-06
-1.130648564e-08
7.182494017e-06
-1.117407398e-08
7.178294873e-06
-1.104379101e-08
7.174143594e-06
-1.091558535e-08
7.170039448e-06
-1.078941138e-08
7.165981719e-06
-1.066522274e-08
7.161969705e-06
-1.054298075e-08
7.158002715e-06
-1.042263994e-08
7.154080079e-06
-1.030416102e-08
7.150201136e-06
-1.018750447e-08
7.146365238e-06
-1.007262734e-08
7.142571754e-06
-9.959499735e-09
7.138820063e-06
-9.848076337e-09
7.135109556e-06
-9.738327865e-09
7.131439638e-06
-9.630216185e-09
7.127809724e-06
-9.523709825e-09
7.124219242e-06
-9.418777155e-09
7.12066763e-06
-9.315383505e-09
7.117154337e-06
-9.213495031e-09
7.113678824e-06
-9.113086987e-09
7.110240562e-06
-9.01412875e-09
7.106839029e-06
-8.916586708e-09
7.103473717e-06
-8.820439189e-09
7.100144126e-06
-8.725656147e-09
7.096849767e-06
-8.632213751e-09
7.093590154e-06
-8.54007943e-09
7.090364819e-06
-8.449235294e-09
-8.359649479e-09
6.334142673e-06
-1.076054834e-08
6.327947628e-06
-1.061023768e-08
6.321837379e-06
-1.046297746e-08
6.315810243e-06
-1.031867523e-08
6.309864631e-06
-1.017729374e-08
6.303998926e-06
-1.00386786e-08
6.298211599e-06
-9.902798942e-09
6.292501154e-06
-9.76957981e-09
6.286866131e-06
-9.638932136e-09
6.2813051e-06
-9.510791911e-09
6.27581671e-06
-9.385126584e-09
6.270399582e-06
-9.26180782e-09
6.265052411e-06
-9.140813782e-09
6.259773921e-06
-9.022083116e-09
6.254562863e-06
-8.905546918e-09
6.24941801e-06
-8.791137977e-09
6.244338213e-06
-8.6788587e-09
6.239322279e-06
-8.568571214e-09
6.234369093e-06
-8.460281865e-09
6.229477556e-06
-8.353928412e-09
6.224646594e-06
-8.249458147e-09
6.219875158e-06
-8.146824314e-09
6.21516223e-06
-8.045991563e-09
6.210506805e-06
-7.946905009e-09
6.205907915e-06
-7.849529299e-09
6.201364604e-06
-7.753817392e-09
6.196875946e-06
-7.659740205e-09
6.19244103e-06
-7.567247909e-09
6.188058959e-06
-7.476298878e-09
6.1837289e-06
-7.386897741e-09
6.17944997e-06
-7.298945773e-09
6.175221355e-06
-7.212453953e-09
6.171042243e-06
-7.127374139e-09
6.166911844e-06
-7.043674529e-09
6.162829371e-06
-6.961317302e-09
6.158794102e-06
-6.880316896e-09
6.154805262e-06
-6.800571119e-09
6.150862136e-06
-6.722097565e-09
6.146964018e-06
-6.644862707e-09
6.143110213e-06
-6.568834359e-09
6.139300041e-06
-6.493989055e-09
6.135532838e-06
-6.420301729e-09
6.131807952e-06
-6.34774138e-09
6.128124749e-06
-6.276296135e-09
6.124482601e-06
-6.205928598e-09
6.1208809e-06
-6.136627306e-09
6.117319034e-06
-6.068349482e-09
6.113796451e-06
-6.001127622e-09
6.110312543e-06
-5.934869107e-09
6.106866759e-06
-5.869599009e-09
6.103458545e-06
-5.805281088e-09
6.100087363e-06
-5.741904852e-09
6.096752669e-06
-5.679435071e-09
6.09345398e-06
-5.617897071e-09
6.090190749e-06
-5.557208872e-09
6.08696249e-06
-5.497397049e-09
6.083768713e-06
-5.438436808e-09
6.080608936e-06
-5.380302793e-09
6.077482678e-06
-5.322976736e-09
-5.266481708e-09
4.980124532e-06
-5.332028192e-09
4.974771677e-06
-5.257383071e-09
4.969492958e-06
-5.184258191e-09
4.964286897e-06
-5.112613972e-09
4.959152016e-06
-5.042413145e-09
4.954086941e-06
-4.973603372e-09
4.949090291e-06
-4.90614928e-09
4.94416074e-06
-4.840028653e-09
4.939296988e-06
-4.77518017e-09
4.934497789e-06
-4.71159307e-09
4.929761882e-06
-4.649219477e-09
4.925088106e-06
-4.58803192e-09
4.920475285e-06
-4.527992966e-09
4.91592229e-06
-4.469087592e-09
4.911428014e-06
-4.411271371e-09
4.906991392e-06
-4.354515191e-09
4.902611346e-06
-4.298813168e-09
4.898286883e-06
-4.244108452e-09
4.894016999e-06
-4.190397824e-09
4.889800723e-06
-4.137651803e-09
4.885637105e-06
-4.085840494e-09
4.881525221e-06
-4.034940339e-09
4.877464173e-06
-3.984942757e-09
4.873453075e-06
-3.935808312e-09
4.869491074e-06
-3.887527902e-09
4.865577327e-06
-3.840070662e-09
4.86171102e-06
-3.793432938e-09
4.857891351e-06
-3.747578619e-09
4.85411755e-06
-3.702498043e-09
4.850388822e-06
-3.658170388e-09
4.846704456e-06
-3.614579706e-09
4.843063714e-06
-3.571711535e-09
4.839465883e-06
-3.529542794e-09
4.835910267e-06
-3.488059194e-09
4.832396199e-06
-3.447248506e-09
4.828922982e-06
-3.407100037e-09
4.825489997e-06
-3.367586735e-09
4.822096599e-06
-3.328699372e-09
4.818742167e-06
-3.290430755e-09
4.815426092e-06
-3.252759259e-09
4.812147779e-06
-3.215676459e-09
4.808906648e-06
-3.179169834e-09
4.805702124e-06
-3.143217794e-09
4.802533655e-06
-3.107827523e-09
4.799400692e-06
-3.072964821e-09
4.796302702e-06
-3.038638188e-09
4.793239171e-06
-3.004817328e-09
4.790209554e-06
-2.971511438e-09
4.787213382e-06
-2.938697024e-09
4.784250153e-06
-2.906369756e-09
4.781319382e-06
-2.874510565e-09
4.778420602e-06
-2.84312439e-09
4.775553357e-06
-2.812189982e-09
4.772717163e-06
-2.781702897e-09
4.769911606e-06
-2.751652446e-09
4.767136241e-06
-2.722031986e-09
4.764390641e-06
-2.692837074e-09
4.761674386e-06
-2.664047317e-09
4.758987076e-06
-2.635666629e-09
-2.607682759e-09
3.27277131e-06
-1.497173357e-09
3.268990151e-06
-1.476224362e-09
3.265261594e-06
-1.455701617e-09
3.261584557e-06
-1.435576029e-09
3.257958002e-06
-1.415858324e-09
3.254380948e-06
-1.396549543e-09
3.250852418e-06
-1.377619658e-09
3.24737143e-06
-1.359039829e-09
3.243937101e-06
-1.340851604e-09
3.240548491e-06
-1.322983079e-09
3.237204754e-06
-1.305482616e-09
3.233905029e-06
-1.288306701e-09
3.230648496e-06
-1.271460549e-09
3.227434317e-06
-1.254907844e-09
3.224261734e-06
-1.238688585e-09
3.221129983e-06
-1.222764626e-09
3.218038283e-06
-1.207112933e-09
3.21498595e-06
-1.191775151e-09
3.211972242e-06
-1.176689866e-09
3.208996467e-06
-1.161876734e-09
3.206057971e-06
-1.147344338e-09
3.203156096e-06
-1.133065761e-09
3.200290169e-06
-1.119015716e-09
3.197459595e-06
-1.105234434e-09
3.194663752e-06
-1.091684852e-09
3.191902055e-06
-1.078373221e-09
3.189173889e-06
-1.065267008e-09
3.186478718e-06
-1.052407185e-09
3.183815975e-06
-1.039755926e-09
3.181185129e-06
-1.0273242e-09
3.17858563e-06
-1.015081274e-09
3.176016962e-06
-1.003042714e-09
3.173478638e-06
-9.912183986e-10
3.170970163e-06
-9.795852136e-10
3.168491037e-06
-9.681226429e-10
3.166040786e-06
-9.568481699e-10
3.163618969e-06
-9.457693552e-10
3.161225134e-06
-9.348648815e-10
3.15885882e-06
-9.241170703e-10
3.156519606e-06
-9.135455842e-10
3.154207065e-06
-9.031353665e-10
3.151920788e-06
-8.928921966e-10
3.149660385e-06
-8.828156022e-10
3.147425426e-06
-8.728681499e-10
3.145215559e-06
-8.630978861e-10
3.143030379e-06
-8.534580584e-10
3.140869542e-06
-8.439798504e-10
3.138732656e-06
-8.34625457e-10
3.136619372e-06
-8.254131916e-10
3.134529346e-06
-8.163432574e-10
3.13246225e-06
-8.074157642e-10
3.130417722e-06
-7.985958061e-10
3.128395448e-06
-7.89915921e-10
3.126395116e-06
-7.813704709e-10
3.124416401e-06
-7.729379156e-10
3.12245899e-06
-7.646214788e-10
3.120522575e-06
-7.564219179e-10
3.118606884e-06
-7.483564223e-10
3.116711602e-06
-7.403841989e-10
-7.32536961e-10
1.193748876e-06
1.192272652e-06
1.19081695e-06
1.189381374e-06
1.187965516e-06
1.186568966e-06
1.185191347e-06
1.183832307e-06
1.182491455e-06
1.181168472e-06
1.17986299e-06
1.178574683e-06
1.177303222e-06
1.176048315e-06
1.174809626e-06
1.173586861e-06
1.172379748e-06
1.171187973e-06
1.170011283e-06
1.168849407e-06
1.167702062e-06
1.166568997e-06
1.165449981e-06
1.164344746e-06
1.163253062e-06
1.162174688e-06
1.161109421e-06
1.160057014e-06
1.159017258e-06
1.157989934e-06
1.156974853e-06
1.15597181e-06
1.154980592e-06
1.154001006e-06
1.153032884e-06
1.152076036e-06
1.151130266e-06
1.150195401e-06
1.149271284e-06
1.148357739e-06
1.147454603e-06
1.146561711e-06
1.145678895e-06
1.144806027e-06
1.14394293e-06
1.143089472e-06
1.142245492e-06
1.141410866e-06
1.140585453e-06
1.13976911e-06
1.138961694e-06
1.138163098e-06
1.137373182e-06
1.136591812e-06
1.135818874e-06
1.135054252e-06
1.13429783e-06
1.133549474e-06
1.13280909e-06
)
;

boundaryField
{
    axis
    {
        type            empty;
    }
    inlet
    {
        type            calculated;
        value           nonuniform List<scalar> 0();
    }
    outlet
    {
        type            calculated;
        value           nonuniform List<scalar> 0();
    }
    wall
    {
        type            calculated;
        value           uniform 0;
    }
    wedgeLow
    {
        type            wedge;
        value           nonuniform List<scalar> 
1200
(
7.103303469e-18
2.021164128e-17
3.360865403e-17
4.730988231e-17
5.845510792e-17
7.917826507e-17
9.202707329e-17
9.176683648e-17
9.5076512e-16
9.260635552e-16
1.104209351e-16
1.007690906e-16
9.123636059e-17
1.033372794e-16
8.89028666e-17
9.541322253e-17
2.49618129e-17
3.896533563e-18
-1.470256944e-16
-4.800549238e-17
7.122271393e-18
2.026672458e-17
3.370774572e-17
4.745290122e-17
5.861891387e-17
7.901669974e-17
9.140471128e-17
9.12918247e-17
-7.532637605e-16
-7.212495307e-16
1.098047147e-16
1.001893663e-16
9.111171936e-17
1.036266115e-16
8.706296008e-17
8.136314582e-17
1.345087503e-17
-5.516517782e-18
6.806971211e-18
3.153194585e-18
7.141563494e-18
2.032264695e-17
3.380615892e-17
4.75997781e-17
5.874452952e-17
7.881905135e-17
9.084743329e-17
9.086930581e-17
9.51506125e-16
9.262456036e-16
1.092328897e-16
9.967280212e-17
9.098125767e-17
1.033454685e-16
8.438228371e-17
7.948481738e-17
8.721188821e-17
8.319579086e-17
1.925972892e-16
6.338025692e-17
7.161200839e-18
2.037927264e-17
3.390330021e-17
4.771840862e-17
5.883793124e-17
7.859248099e-17
9.032690135e-17
9.045762132e-17
9.480681994e-17
1.058111357e-16
1.086815993e-16
9.920203068e-17
-1.481784442e-15
-1.336945659e-15
8.518497099e-17
1.007165629e-16
2.019257528e-16
2.106826546e-16
6.96099169e-17
1.925386707e-17
7.181073595e-18
2.043623509e-17
3.399853755e-17
4.783552354e-17
5.890561509e-17
7.8374175e-17
8.986015683e-17
9.014644963e-17
9.482521106e-17
1.056944369e-16
1.082122642e-16
9.877808263e-17
1.031639772e-16
9.262950727e-17
8.715989789e-17
1.107022659e-16
1.334899362e-16
1.21447083e-16
-9.360844335e-17
-3.320304461e-17
7.2008984e-18
2.049246455e-17
3.408760029e-17
4.7926641e-17
5.894862124e-17
7.814641227e-17
8.940428829e-17
8.964162998e-17
9.381307534e-17
1.046058341e-16
1.075736229e-16
9.836357043e-17
1.028759676e-16
9.296478694e-17
8.935541381e-17
1.000214144e-16
2.005211836e-17
-8.767861427e-18
4.184452963e-17
1.567106478e-17
7.220655195e-18
2.054837482e-17
3.417817626e-17
4.80353164e-17
5.897665977e-17
7.79193942e-17
8.900504357e-17
8.980873784e-17
9.747225768e-17
1.079564797e-16
1.07541313e-16
9.80292751e-17
1.026395538e-16
9.323474974e-17
8.856131432e-17
8.590689959e-17
6.342398972e-18
-1.686976062e-17
1.864033353e-16
6.41913497e-17
7.240213855e-18
2.060331575e-17
3.426187981e-17
4.813043266e-17
5.898583982e-17
7.769198075e-17
8.865431651e-17
8.877175176e-17
7.905748264e-17
9.019105844e-17
1.06407728e-16
9.772687814e-17
1.024154193e-16
9.307975843e-17
8.543537025e-17
7.155593139e-17
-3.167932794e-18
-2.337732215e-17
-1.788680236e-16
-5.9021177e-17
7.259265608e-18
2.065608491e-17
3.433631314e-17
4.816146062e-17
5.897747785e-17
7.743217159e-17
8.791103435e-17
8.387154291e-17
-8.045270226e-16
-7.691974794e-16
1.019150503e-16
9.706423305e-17
1.672392619e-15
1.52827263e-15
8.179009282e-17
6.972400002e-17
7.238310683e-17
6.780901045e-17
1.810819664e-16
5.961018406e-17
7.277525775e-18
2.070605633e-17
3.44032977e-17
4.820424364e-17
5.895012485e-17
7.712157002e-17
8.680209927e-17
8.037608133e-17
9.245785571e-16
8.961841226e-16
9.840836184e-17
9.605516308e-17
8.988239041e-17
1.01201799e-16
8.164908975e-17
9.094712158e-17
1.884924013e-16
1.971985049e-16
-1.118381981e-16
-4.167633457e-17
7.294782236e-18
2.075280486e-17
3.446345224e-17
4.823816115e-17
5.889889735e-17
7.674078653e-17
8.576173643e-17
8.07940834e-17
9.53037762e-17
1.036344472e-16
9.853727691e-17
9.51252487e-17
-1.479946226e-15
-1.333646923e-15
8.413277781e-17
1.024670812e-16
1.213752108e-16
1.093334104e-16
7.250745025e-17
2.265773952e-17
7.310972384e-18
2.079632356e-17
3.451785684e-17
4.826432032e-17
5.882359351e-17
7.632986657e-17
8.499748379e-17
8.243969389e-17
1.006938292e-16
1.091594032e-16
9.982781308e-17
9.446446064e-17
1.004678046e-16
9.108555129e-17
8.511878817e-17
9.099535614e-17
8.886255892e-18
-1.964910454e-17
3.471164616e-17
1.33666138e-17
7.325976846e-18
2.083617112e-17
3.456285971e-17
4.82655735e-17
5.872203869e-17
7.5915751e-17
8.45393589e-17
8.401007643e-17
-7.527553186e-16
-7.204066851e-16
1.010723309e-16
9.406304643e-17
9.994289107e-17
9.088887152e-17
8.384127327e-17
7.692826887e-17
-3.947915412e-18
-2.659491256e-17
1.789239561e-16
6.173107921e-17
7.339620104e-18
2.087161891e-17
3.459828961e-17
4.825003636e-17
5.860141983e-17
7.552336133e-17
8.428859062e-17
8.516483731e-17
9.598473671e-16
9.311140433e-16
1.90011336e-15
1.799691934e-15
1.667530651e-15
1.522380727e-15
8.044333349e-17
6.283701501e-17
-1.268226346e-17
-3.215008874e-17
-1.835268087e-16
-6.050487516e-17
7.351869899e-18
2.090265442e-17
3.462396716e-17
4.821746199e-17
5.846963424e-17
7.519132235e-17
8.417490023e-17
8.593342831e-17
-7.560914881e-16
-7.229898891e-16
-1.710056943e-15
-1.599037672e-15
-1.479761087e-15
-1.333092242e-15
7.665207068e-17
6.135825834e-17
6.361892817e-17
5.993691477e-17
3.225995923e-18
-1.552508538e-19
7.362700873e-18
2.092951545e-17
3.464205036e-17
4.816632878e-17
5.833441937e-17
7.49019479e-17
8.412162091e-17
8.63836867e-17
9.581244694e-16
9.293570718e-16
1.027221919e-16
9.360187277e-17
9.832573229e-17
8.813345742e-17
7.643719542e-17
8.302787534e-17
1.804319111e-16
1.900761616e-16
2.284760191e-16
7.270955011e-17
7.372056622e-18
2.095234109e-17
3.465593914e-17
4.813214844e-17
5.82036477e-17
7.465626905e-17
8.407281952e-17
8.66279337e-17
9.597004598e-17
1.049688721e-16
1.027824352e-16
9.348654538e-17
1.664558012e-15
1.517413332e-15
7.887184181e-17
9.483857933e-17
1.136451999e-16
1.024680042e-16
-1.033994177e-16
-3.627480517e-17
7.379866215e-18
2.097057039e-17
3.465970074e-17
4.808180933e-17
5.807497789e-17
7.443474181e-17
8.402072328e-17
8.664474284e-17
9.496614237e-17
1.039857258e-16
1.026450136e-16
9.333727175e-17
8.662866307e-17
9.595168671e-17
7.99091783e-17
8.380735245e-17
2.048128665e-18
-2.558949795e-17
2.02305102e-16
6.977586821e-17
7.386024988e-18
2.098399078e-17
3.465549825e-17
4.800380433e-17
5.794474865e-17
7.422329521e-17
8.397497088e-17
8.677277654e-17
9.514019006e-17
1.040992977e-16
1.02614919e-16
9.318952654e-17
-1.479660362e-15
-1.332941243e-15
7.847361845e-17
6.908329653e-17
-1.299475358e-17
-3.482354172e-17
1.59704062e-18
2.330442073e-18
7.390643991e-18
2.099330483e-17
3.464795829e-17
4.796543081e-17
5.785493648e-17
7.40748562e-17
8.387465517e-17
8.615379357e-17
9.036921329e-17
9.950698943e-17
1.018915921e-16
9.296875824e-17
9.634997004e-17
8.631007032e-17
7.541422984e-17
5.807822954e-17
-7.794401937e-18
-2.509274306e-17
-1.813339078e-16
-6.001980379e-17
7.393419724e-18
2.099678571e-17
3.462331544e-17
4.784397422e-17
5.76205776e-17
7.379528942e-17
8.36933254e-17
8.673203438e-17
1.091917563e-16
1.175283785e-16
1.023008947e-16
9.271453875e-17
9.585259937e-17
8.528446335e-17
7.178480161e-17
5.13343049e-17
-4.564492738e-19
-1.550153306e-17
-1.163423254e-17
-3.61638517e-18
7.394919713e-18
2.099844958e-17
3.461718045e-17
4.789156502e-17
5.808375283e-17
7.416546805e-17
8.402841874e-17
9.142382908e-17
1.428403108e-16
1.494453651e-16
1.063694593e-16
9.284426156e-17
9.530031817e-17
8.394618624e-17
6.827933839e-17
4.7588451e-17
5.516218524e-18
-8.079673188e-18
1.615658008e-16
5.438686225e-17
7.395200153e-18
2.099520631e-17
3.456921101e-17
4.749067401e-17
5.534255259e-17
7.174200463e-17
8.438435042e-17
9.443456488e-17
1.220822842e-16
1.320394799e-16
1.091405396e-16
9.32802118e-17
9.471840405e-17
8.242234791e-17
6.521910958e-17
4.56121884e-17
-8.486001692e-16
-6.377475227e-16
-1.765333612e-16
-5.921955208e-17
7.392070231e-18
2.097901436e-17
3.450814357e-17
4.791423867e-17
6.768969044e-17
8.269494507e-17
8.546532494e-17
9.402305556e-17
9.353866231e-17
1.03705813e-16
1.086425454e-16
9.362833427e-17
9.410501923e-17
8.084194687e-17
6.269546487e-17
4.469428428e-17
8.743290636e-16
6.356510392e-16
-2.439881403e-18
-8.720169215e-19
7.38968472e-18
2.098377478e-17
3.474643776e-17
5.095184647e-17
8.555137178e-17
9.900012169e-17
8.73378323e-17
9.111892968e-17
6.717425104e-17
7.792400077e-17
1.056699635e-16
9.363536593e-17
9.344079547e-17
7.928056291e-17
6.059965596e-17
4.403862401e-17
1.572586139e-17
5.446204044e-18
-3.718658945e-20
-7.927770077e-20
7.397324896e-18
2.104626088e-17
3.528860544e-17
5.38719241e-17
8.475897473e-17
1.009360411e-16
8.858675012e-17
8.425953218e-17
-8.26202865e-16
-7.87331827e-16
9.902434877e-17
9.28980527e-17
1.655817825e-15
1.501582392e-15
5.912155183e-17
4.477240931e-17
2.061402076e-17
1.119565984e-17
1.736761707e-16
5.822416321e-17
7.425541603e-18
2.119491573e-17
3.610107175e-17
5.671769838e-17
8.595581057e-17
1.014717622e-16
8.917740692e-17
7.93480348e-17
9.168000495e-16
8.86604672e-16
1.893832788e-15
1.793415093e-15
-1.480540012e-15
-1.338901458e-15
5.74936944e-17
4.192401122e-17
8.947883019e-18
-1.250953047e-18
-1.707086279e-16
-5.70534524e-17
7.482314007e-18
2.143682584e-17
3.700252935e-17
5.779455746e-17
6.93966707e-17
8.84746169e-17
8.855652101e-17
7.906511318e-17
8.585659791e-17
9.355906575e-17
-1.719377219e-15
-1.600485668e-15
9.067601438e-17
7.504719502e-17
5.633530054e-17
4.761399733e-17
8.001384772e-17
8.380880707e-17
1.754054046e-17
4.277848227e-18
7.564207033e-18
2.172582724e-17
3.76045879e-17
5.575474837e-17
4.931668245e-17
6.910815113e-17
8.665861962e-17
8.032407132e-17
9.270821268e-17
1.001941949e-16
9.363564841e-17
8.893599281e-17
8.954253023e-17
7.406743908e-17
5.881839789e-17
7.356026296e-17
1.925681082e-16
2.08500142e-16
7.033655814e-17
1.936307589e-17
7.65710836e-18
2.199856781e-17
3.780269094e-17
5.314233312e-17
4.634129393e-17
6.520917886e-17
8.459631628e-17
8.159191482e-17
-7.662571747e-16
-7.312653059e-16
9.444053361e-17
8.799363929e-17
8.850069687e-17
7.393695765e-17
6.39955861e-17
8.809597549e-17
1.226654457e-16
1.164511639e-16
2.489053048e-16
8.192685426e-17
7.743873919e-18
2.220805265e-17
3.767569907e-17
5.090437891e-17
4.701623423e-17
6.486841416e-17
8.288705508e-17
8.246171116e-17
9.582640915e-16
9.264952976e-16
9.497866258e-17
8.725478875e-17
1.648856193e-15
1.494742533e-15
6.590819166e-17
7.671488693e-17
7.897439431e-18
-1.557509995e-17
3.866669467e-17
1.481341869e-17
7.811068385e-18
2.233243321e-17
3.734143673e-17
4.919021243e-17
4.82147236e-17
6.525231116e-17
8.159430661e-17
8.293879419e-17
-7.684929947e-16
-7.332240718e-16
9.521918995e-17
8.666107986e-17
-1.482935596e-15
-1.338223335e-15
6.705511005e-17
6.451848584e-17
-6.12389213e-18
-2.446888086e-17
-1.603231775e-16
-5.220125738e-17
7.85158607e-18
2.236993065e-17
3.689764967e-17
4.792451618e-17
4.927004601e-17
6.569362174e-17
8.064997117e-17
8.309960204e-17
9.570773008e-16
9.250412921e-16
9.522598027e-17
8.61669538e-17
8.635212377e-17
7.450060586e-17
6.517228826e-17
5.128710747e-17
-1.56061787e-17
-3.150269314e-17
-9.98312291e-18
-2.28692948e-18
7.864236427e-18
2.233135369e-17
3.64143237e-17
4.698787765e-17
5.009545335e-17
6.60709168e-17
7.994632192e-17
8.30443321e-17
9.017392815e-17
9.734075788e-17
9.506632532e-17
8.573122235e-17
8.581497604e-17
7.397736325e-17
6.215790004e-17
5.008417981e-17
6.021532365e-17
5.971027075e-17
1.730346625e-16
5.689141526e-17
7.851927825e-18
2.22332874e-17
3.593656537e-17
4.632025449e-17
5.073461043e-17
6.639264457e-17
7.942163919e-17
8.287645249e-17
8.950709175e-17
9.663836925e-17
9.480060678e-17
8.532854028e-17
8.530794576e-17
7.367755484e-17
-1.179196202e-15
-9.866586948e-16
1.76981734e-16
1.891055547e-16
5.722458787e-17
1.525765782e-17
7.819266133e-18
2.209185823e-17
3.548441801e-17
4.582453942e-17
5.118717356e-17
6.660531932e-17
7.899950224e-17
8.260388138e-17
8.882838033e-17
9.592529758e-17
9.44399428e-17
8.49373248e-17
8.483797152e-17
7.353775181e-17
1.313755554e-15
1.140016196e-15
1.092586207e-16
1.001476357e-16
-1.009602704e-16
-3.537550864e-17
7.771799459e-18
2.192368103e-17
3.507977294e-17
4.55152144e-17
5.169805395e-17
6.691576413e-17
7.868231591e-17
8.235909878e-17
8.848301981e-17
9.553918415e-17
9.411124376e-17
8.457425951e-17
8.445163764e-17
7.376267173e-17
6.786964648e-17
7.372965269e-17
-2.895564346e-18
-2.843124978e-17
2.989188894e-17
1.183469952e-17
7.713802414e-18
2.173641887e-17
3.46863313e-17
4.509239741e-17
5.132311821e-17
6.644759521e-17
7.824476466e-17
8.175151911e-17
-7.753343975e-16
-7.3906241e-16
9.346119829e-17
8.418454061e-17
8.412321757e-17
7.386024326e-17
6.682517876e-17
5.886213811e-17
-1.86807624e-17
-3.953592626e-17
1.662565917e-16
5.747600345e-17
7.649426954e-18
2.15430287e-17
3.437090066e-17
4.523054443e-17
5.45723914e-17
6.920995328e-17
7.832223881e-17
8.217494646e-17
9.695682944e-17
9.338954398e-17
9.371473949e-17
8.389503215e-17
8.383421783e-17
7.37720747e-17
-1.175865016e-15
-1.008726906e-15
-1.198594287e-17
-2.279565624e-17
4.239866702e-18
4.670553871e-18
7.584110317e-18
2.135815207e-17
3.40947155e-17
4.446429684e-17
4.047194952e-17
5.663939994e-17
7.755238264e-17
8.039615039e-17
7.074672003e-17
6.821029187e-17
9.19182858e-17
8.355119943e-17
8.351802442e-17
7.315841515e-17
1.306996245e-15
1.095944121e-15
-5.959977348e-18
-3.56430947e-17
-1.40761043e-16
-1.374709905e-16
7.516398708e-18
2.115146652e-17
3.352031611e-17
4.09012757e-17
-9.253736475e-16
-8.983376903e-16
7.498835105e-17
7.577132837e-17
5.559127546e-17
5.396585067e-17
8.769130292e-17
8.278419724e-17
8.307307125e-17
7.212746666e-17
5.776717561e-17
3.66275828e-17
-1.327546528e-17
-9.032041075e-17
-4.613012966e-16
-2.697014804e-16
7.435205322e-18
2.088388952e-17
3.263745011e-17
3.742099816e-17
9.702415423e-16
9.682087654e-16
7.226648905e-17
7.598078497e-17
9.708281397e-16
9.350625747e-16
8.790439622e-17
8.198588254e-17
8.246271836e-17
7.079702275e-17
5.437038624e-17
3.096142673e-17
-2.25522621e-17
-8.73217204e-17
-7.205042681e-17
4.386670734e-17
7.350142152e-18
2.055183358e-17
3.14871257e-17
3.405325028e-17
-9.279220576e-16
-9.026483292e-16
7.002770673e-17
8.03695464e-17
1.376500969e-16
1.432460453e-16
9.244629897e-17
8.166180331e-17
8.172648739e-17
6.922325528e-17
5.099789003e-17
2.667935005e-17
-1.768136181e-17
-1.818156167e-17
3.282597759e-16
2.245360297e-16
7.206203187e-18
2.007578653e-17
3.024806384e-17
3.261977719e-17
9.888065311e-16
9.832008072e-16
6.975562469e-17
8.611479862e-17
1.458215092e-16
1.50403724e-16
1.899691275e-15
1.779226019e-15
8.095413748e-17
6.756950296e-17
4.831246089e-17
2.636792037e-17
-3.922260405e-18
4.637716343e-18
-1.798290665e-16
-1.283738613e-16
7.000660695e-18
1.953131392e-17
2.931260477e-17
3.455512112e-17
6.03276492e-17
7.109070247e-17
7.176318314e-17
8.91080836e-17
1.182934889e-16
1.257848484e-16
-1.710693768e-15
-1.605306261e-15
8.021809542e-17
6.5891753e-17
4.570948666e-17
2.286107018e-17
-1.803557238e-17
-5.771950455e-17
-2.20865897e-16
-1.869512878e-16
6.853644903e-18
1.908144404e-17
2.884584454e-17
3.719189436e-17
6.385044764e-17
7.520694655e-17
7.416512374e-17
8.757418386e-17
8.146392723e-17
8.964818622e-17
9.96247299e-17
8.304707586e-17
7.948567672e-17
6.418160268e-17
4.357179243e-17
2.690464716e-17
4.690435712e-17
2.329882747e-17
-1.467634694e-17
6.139662655e-17
6.717799616e-18
1.870168645e-17
2.875441761e-17
3.946537577e-17
6.314085344e-17
7.531420396e-17
7.598302353e-17
8.450620798e-17
-7.915577867e-16
-7.524978874e-16
9.652012854e-17
8.297865169e-17
1.634397232e-15
1.474556814e-15
4.525570479e-17
5.234144801e-17
1.657131589e-16
2.081526929e-16
4.208317854e-16
2.51143025e-16
6.611278088e-18
1.842261004e-17
2.890794667e-17
4.118499265e-17
6.181176321e-17
7.465021078e-17
7.716933867e-17
8.24950453e-17
9.468718061e-16
9.143477638e-16
9.431150088e-17
8.25717177e-17
7.051884294e-17
6.857848298e-17
4.970138771e-17
6.788263921e-17
1.054575072e-16
1.268801681e-16
7.82251003e-17
-4.317105648e-17
6.463903919e-18
1.821217146e-17
2.91717386e-17
4.236208638e-17
6.042044356e-17
7.375785847e-17
7.773704555e-17
7.948345832e-17
5.550650413e-17
6.397865754e-17
9.109150141e-17
8.188633694e-17
-1.485020454e-15
-1.342009028e-15
5.251063266e-17
5.868192818e-17
-1.15018607e-17
-5.817495407e-17
-3.366720483e-16
-2.239070651e-16
6.355241778e-18
1.808757418e-17
2.950056844e-17
4.332532425e-17
6.003967671e-17
7.358782384e-17
7.760349289e-17
7.31928664e-17
-8.429339809e-16
-8.018854805e-16
8.481278883e-17
8.064991141e-17
7.687719419e-17
6.278513197e-17
5.263133454e-17
4.472678213e-17
-3.302093526e-17
-7.926756025e-17
-2.947732153e-17
5.721075781e-17
6.364319956e-18
1.806409176e-17
2.982765281e-17
4.356185137e-17
5.619997451e-17
7.0163579e-17
7.644622296e-17
6.780859518e-17
3.033150145e-17
2.868950823e-17
7.923900515e-17
7.898110089e-17
7.627039197e-17
6.264067749e-17
5.016049022e-17
3.058140719e-17
-3.770434891e-17
-1.454633079e-17
4.532278965e-16
3.547594315e-16
6.358644023e-18
1.807629567e-17
3.008730036e-17
4.431846149e-17
6.960234709e-17
8.186932949e-17
7.543029504e-17
6.211630402e-17
1.162945362e-17
1.13932311e-17
7.353402339e-17
7.701738725e-17
7.551688596e-17
6.198520365e-17
4.742489061e-17
3.298432137e-17
6.381327161e-17
1.788738968e-16
4.321229812e-16
2.826045405e-16
6.379232678e-18
1.816176292e-17
3.074452121e-17
4.894898598e-17
9.805751588e-17
1.07114816e-16
7.610584393e-17
5.37841925e-17
-2.049189379e-17
-2.102939472e-17
6.506503768e-17
7.450339852e-17
7.456641986e-17
6.140831724e-17
4.918696564e-17
6.255202503e-17
2.025185383e-16
2.934480242e-16
-9.910874465e-17
-1.935059641e-16
6.402489119e-18
1.835012399e-17
3.172921883e-17
5.143501486e-17
6.696155313e-17
8.100428716e-17
7.467221006e-17
4.745640805e-17
-1.548010614e-19
-2.39248323e-18
5.835964983e-17
7.157803924e-17
7.348218471e-17
6.147215625e-17
5.419973961e-17
8.004893584e-17
1.272601377e-16
7.848003277e-17
-3.184082642e-16
-3.338382703e-16
6.43420979e-18
1.857548883e-17
3.226090199e-17
4.734991589e-17
-9.365468843e-16
-9.077767905e-16
6.973706358e-17
4.715605794e-17
9.247630962e-16
8.87267261e-16
5.749586585e-17
6.884890932e-17
1.625516971e-15
1.469686419e-15
5.740031615e-17
6.907397947e-17
-6.446408248e-18
-1.002329847e-16
4.307468876e-17
6.186343135e-17
6.520478782e-18
1.877990626e-17
3.215353684e-17
4.215666704e-17
9.732269914e-16
9.697573294e-16
6.475593765e-17
5.381552114e-17
-7.474709906e-16
-7.134462926e-16
6.356533606e-17
6.706417584e-17
6.439568374e-17
6.793508712e-17
5.725033693e-17
5.306837402e-17
-2.670466762e-17
-5.957261494e-17
1.185696554e-16
1.532567079e-16
6.586789432e-18
1.887632708e-17
3.142960718e-17
3.702766747e-17
-9.454143941e-16
-9.194583147e-16
6.108996375e-17
6.458613546e-17
1.029999628e-15
9.89281427e-16
7.368449478e-17
6.665956055e-17
-1.488965938e-15
-1.338849469e-15
-1.176257142e-15
-1.008981612e-15
-3.422282812e-17
-5.180266946e-17
-2.177217511e-16
-1.39615318e-16
6.629330116e-18
1.883523311e-17
3.03769542e-17
3.423948441e-17
9.924239367e-16
9.840031451e-16
6.016488756e-17
7.405677321e-17
1.570393015e-16
1.593071007e-16
8.28022153e-17
6.738402694e-17
6.973654453e-17
6.171646704e-17
1.28735122e-15
1.080166764e-15
3.558339433e-17
-6.30720559e-18
-2.266998359e-16
-1.895021854e-16
6.604284198e-18
1.864835362e-17
2.949303561e-17
3.530104758e-17
5.70508006e-17
6.518565819e-17
6.237255237e-17
8.21695063e-17
1.552200172e-16
1.568777558e-16
9.036594614e-17
6.888418061e-17
6.928319485e-17
6.094039637e-17
5.123285259e-17
5.479809099e-17
1.427866711e-16
1.164225582e-16
4.504963477e-18
6.288680405e-17
6.502584358e-18
1.839343688e-17
2.896797507e-17
3.736536582e-17
6.121308328e-17
6.963366787e-17
6.568698051e-17
8.63491029e-17
1.2348463e-16
1.279542026e-16
9.417743331e-17
7.06552229e-17
6.907778151e-17
6.048777441e-17
5.313101564e-17
6.466461665e-17
8.056960062e-17
1.052303261e-16
3.559956438e-16
3.186693836e-16
)
;
    }
    wedgeHigh
    {
        type            wedge;
        value           nonuniform List<scalar> 
1200
(
-7.103294991e-18
-2.021162112e-17
-3.360862395e-17
-4.730983992e-17
-6.431320722e-17
-7.241026441e-17
-8.458062095e-17
-9.962619008e-17
7.527518043e-16
7.20854257e-16
-1.009267968e-16
-1.093566711e-16
-1.101818642e-16
-8.776017087e-17
-1.00948219e-16
-8.680451453e-17
-3.047145415e-17
-9.288519666e-19
-2.028930531e-16
-6.923153509e-17
-7.122262914e-18
-2.026670463e-17
-3.370771594e-17
-4.745285883e-17
-6.442094481e-17
-7.231644372e-17
-8.403640372e-17
-9.906469864e-17
-9.511587889e-16
-9.261714576e-16
-1.00428996e-16
-1.086663033e-16
-1.098064845e-16
-8.826007623e-17
-9.89428965e-17
-7.287393554e-17
-1.888355741e-17
8.44266664e-18
-7.265210581e-18
-3.09651551e-18
-7.141555119e-18
-2.032262741e-17
-3.380612955e-17
-4.759973695e-17
-6.449106677e-17
-7.218577049e-17
-8.355628949e-17
-9.855689122e-17
7.538080172e-16
7.216691234e-16
-9.997356768e-17
-1.080410844e-16
-1.094299792e-16
-8.818543787e-17
-9.610007609e-17
-7.111270423e-17
-9.256917184e-17
-8.031033006e-17
1.548943956e-16
5.377661316e-17
-7.161192412e-18
-2.037925299e-17
-3.390327116e-17
-4.771836726e-17
-6.45295439e-17
-7.202541346e-17
-8.311195391e-17
-9.806109116e-17
-1.025184709e-16
-9.827632645e-17
-9.953669534e-17
-1.074635988e-16
-1.681633827e-15
-1.528034497e-15
-9.674380159e-17
-9.245921095e-17
-5.879988772e-16
-4.902945291e-16
-7.074634076e-17
-1.911328211e-17
-7.181065271e-18
-2.043621554e-17
-3.399850881e-17
-4.783548218e-17
-6.454286709e-17
-7.187257054e-17
-8.272045388e-17
-9.766695242e-17
-1.024489716e-16
-9.824903218e-17
-9.917984694e-17
-1.069348302e-16
-9.611657607e-17
-9.841734937e-17
-1.362738933e-15
-1.18641388e-15
2.433230813e-16
1.626656094e-16
-2.546875177e-16
-8.348445262e-17
-7.200890154e-18
-2.049244521e-17
-3.408757155e-17
-4.792660047e-17
-6.453206908e-17
-7.170952828e-17
-8.233889097e-17
-9.708029732e-17
-1.013502446e-16
-9.724841929e-17
-9.865180296e-17
-1.064173446e-16
-9.591980965e-17
-9.867618494e-17
1.170585699e-15
9.853515392e-16
-2.519215045e-17
1.153610487e-17
-4.227812135e-17
-1.56174168e-17
-7.220647078e-18
-2.054835559e-17
-3.417814793e-17
-4.803527628e-17
-6.450685578e-17
-7.154649925e-17
-8.201302751e-17
-9.716668082e-17
-1.049241072e-16
-1.006856703e-16
-9.872824768e-17
-1.059818786e-16
-9.57729793e-17
-9.887113693e-17
-9.966151007e-17
-7.798045326e-17
-1.141285653e-17
1.960047012e-17
1.595963477e-16
5.242044641e-17
-7.240205738e-18
-2.060329672e-17
-3.426185158e-17
-4.813039337e-17
-6.446333078e-17
-7.13823525e-17
-8.17347716e-17
-9.605006165e-17
-8.642525915e-17
-8.300549949e-17
-9.770161273e-17
-1.055800726e-16
-9.563680759e-17
-9.864253275e-17
-9.638850197e-17
-6.373552796e-17
-1.834309456e-18
2.607123494e-17
-1.682691527e-16
-5.727360372e-17
-7.259257543e-18
-2.065606598e-17
-3.433628511e-17
-4.816142112e-17
-6.440280391e-17
-7.118509556e-17
-8.10630631e-17
-9.107129483e-17
-5.430533841e-17
-5.259553789e-17
-9.331412186e-17
-1.04819735e-16
1.474899289e-15
1.338043391e-15
-9.259893964e-17
-6.200760525e-17
-7.731845348e-17
-6.51511799e-17
1.642014305e-16
5.674011762e-17
-7.277517736e-18
-2.070603752e-17
-3.440326999e-17
-4.820420455e-17
-6.432382119e-17
-7.093634188e-17
-8.002481888e-17
-8.749832954e-17
-7.259034639e-17
-6.711437537e-17
-8.991089692e-17
-1.03714651e-16
-1.067306295e-16
-8.738200499e-17
-9.231635892e-17
-8.333275499e-17
-5.721232896e-16
-4.753033672e-16
-2.345525752e-16
-7.436535049e-17
-7.294774326e-18
-2.075278646e-17
-3.446342474e-17
-4.823812227e-17
-6.422149274e-17
-7.061670999e-17
-7.905427649e-17
-8.783986497e-17
-1.024265869e-16
-9.669678454e-17
-9.014158911e-17
-1.026903601e-16
-1.675497112e-15
-1.521400845e-15
-9.466110577e-17
-9.495281411e-17
2.537181715e-16
1.729202873e-16
-7.291286016e-17
-2.260755908e-17
-7.3109645e-18
-2.079630536e-17
-3.451782955e-17
-4.826428186e-17
-6.409561219e-17
-7.026625486e-17
-7.835898693e-17
-8.941002872e-17
-1.077373261e-16
-1.023018439e-16
-9.153225653e-17
-1.019367961e-16
-9.402563657e-17
-9.636714541e-17
-9.551074371e-17
-8.357931168e-17
-1.362849222e-17
2.220278945e-17
-3.511173938e-17
-1.331708775e-17
-7.325969091e-18
-2.083615313e-17
-3.456283282e-17
-4.826553565e-17
-6.394399908e-17
-6.991192646e-17
-7.79689812e-17
-9.090596707e-17
-9.607526489e-16
-9.319658154e-16
-9.2875292e-17
-1.014441699e-16
-9.358116616e-17
-9.610332319e-17
-9.409935955e-17
-6.960861846e-17
-7.323649314e-19
2.911518817e-17
1.649825904e-16
5.411690844e-17
-7.339612298e-18
-2.087160071e-17
-3.459826273e-17
-4.824999893e-17
-6.377383542e-17
-6.957865353e-17
-7.778549992e-17
-9.198726936e-17
7.544139934e-16
7.216611099e-16
1.704307772e-15
1.604720934e-15
1.474927123e-15
1.336623904e-15
-9.056998905e-17
-5.561197617e-17
8.062783013e-18
3.463758105e-17
-1.614302461e-16
-5.505035437e-17
-7.351862093e-18
-2.090263653e-17
-3.462394048e-17
-4.821742497e-17
-6.359301229e-17
-6.930507058e-17
-7.77382766e-17
-9.268337059e-17
-9.589120084e-16
-9.30180655e-16
-1.9070082e-15
-1.793658227e-15
-1.671373381e-15
-1.516620889e-15
-8.664967511e-17
-5.422609492e-17
-6.81787342e-17
-5.74815959e-17
-3.61072838e-18
2.028858265e-19
-7.362693118e-18
-2.092949757e-17
-3.46420241e-17
-4.816629177e-17
-6.340926197e-17
-6.907349909e-17
-7.77506568e-17
-9.306209213e-17
7.576105801e-16
7.242021014e-16
-9.481137874e-17
-1.00718381e-16
-9.219709447e-17
-9.315355514e-17
-8.630806627e-17
-7.598689629e-17
-5.618180602e-16
-4.667837467e-16
1.144439662e-16
4.277877664e-17
-7.37204897e-18
-2.095232331e-17
-3.465591339e-17
-4.813211163e-17
-6.32304522e-17
-6.88849778e-17
-7.7766719e-17
-9.323573926e-17
-1.026335659e-16
-9.849400254e-17
-9.496403285e-17
-1.005177438e-16
1.475104098e-15
1.337404043e-15
-8.861823965e-17
-8.788713493e-17
2.598474991e-16
1.780748661e-16
-2.405311452e-16
-7.893189878e-17
-7.379858615e-18
-2.097055282e-17
-3.465967541e-17
-4.808177335e-17
-6.305423709e-17
-6.871997264e-17
-7.777870174e-17
-9.31828696e-17
-1.015568427e-16
-9.758399365e-17
-9.491757673e-17
-1.002845541e-16
-1.018766115e-16
-8.346668866e-17
-8.953330913e-17
-7.694383497e-17
-6.435375313e-18
2.795179064e-17
1.399779294e-16
4.548036603e-17
-7.386017492e-18
-2.09839733e-17
-3.465547281e-17
-4.800376794e-17
-6.287694767e-17
-6.856441885e-17
-7.779625617e-17
-9.32421313e-17
-1.016590861e-16
-9.776962228e-17
-9.497703158e-17
-1.000542542e-16
-1.667336234e-15
-1.511668411e-15
-8.797763252e-17
-6.230613877e-17
8.662962053e-18
3.715594163e-17
-2.529133118e-18
-2.215005599e-18
-7.390636572e-18
-2.099328767e-17
-3.464793286e-17
-4.796539524e-17
-6.2740558e-17
-6.847125246e-17
-7.775848607e-17
-9.255526719e-17
-9.68173e-17
-9.324831034e-17
-9.434186916e-17
-9.975226316e-17
-9.051405407e-17
-9.108649252e-17
-8.480022623e-17
-5.138590132e-17
3.517073944e-18
2.739578746e-17
-1.61609435e-16
-5.485152089e-17
-7.393412254e-18
-2.099676855e-17
-3.462329021e-17
-4.784393845e-17
-6.246009745e-17
-6.824634515e-17
-7.763895082e-17
-9.30665039e-17
-1.155700116e-16
-1.113396563e-16
-9.483797839e-17
-9.9418125e-17
-9.008683513e-17
-9.000255411e-17
-8.105482862e-17
-4.472531472e-17
-3.767379831e-18
1.777574394e-17
1.12777874e-17
3.660536015e-18
-7.39491232e-18
-2.099843252e-17
-3.461715553e-17
-4.789152946e-17
-6.287764312e-17
-6.867057879e-17
-7.803509961e-17
-9.769215599e-17
-1.005949317e-15
-9.74262442e-16
-9.899202235e-17
-9.946920258e-17
-8.960354948e-17
-8.860693199e-17
-7.743539356e-17
-4.106134487e-17
-9.687489038e-18
1.032555747e-17
1.794905122e-16
6.042263079e-17
-7.395192864e-18
-2.099518941e-17
-3.456918661e-17
-4.749063989e-17
-6.009127985e-17
-6.630057213e-17
-7.845135798e-17
-1.006375968e-16
7.350821854e-16
6.990357181e-16
-1.018472817e-16
-9.982775394e-17
-8.908950078e-17
-8.702671251e-17
-7.426314485e-17
-3.916554555e-17
-8.726956796e-16
-6.308257038e-16
-1.654599224e-16
-5.53288446e-17
-7.392062915e-18
-2.097899761e-17
-3.450811896e-17
-4.791420392e-17
-7.239371604e-17
-7.730637954e-17
-7.959194182e-17
-1.001616282e-16
-9.971311208e-17
-9.772092905e-17
-1.014321927e-16
-1.000996974e-16
-8.854287729e-17
-8.539087103e-17
-7.162938565e-17
-3.832671844e-17
8.431864905e-16
6.332166677e-16
2.096480616e-18
9.145603665e-19
-7.389677456e-18
-2.098375819e-17
-3.474641367e-17
-5.095181193e-17
-1.021943434e-15
-1.018990202e-15
-8.152335044e-17
-9.719386404e-17
-7.328260681e-17
-7.20051159e-17
-9.854126661e-17
-1.000317431e-16
-8.794433395e-17
-8.377496636e-17
-6.942532196e-17
-3.774878275e-17
-1.974488291e-17
-3.28236359e-18
-3.020159589e-19
1.213037524e-19
-7.39731771e-18
-2.104624439e-17
-3.528858103e-17
-5.387188998e-17
8.478862461e-16
8.251320795e-16
-8.283047159e-17
-9.027163514e-17
-3.806911785e-17
-3.829033324e-17
-9.197608608e-17
-9.922061247e-17
1.475908092e-15
1.341498549e-15
-6.784077964e-17
-3.855897214e-17
-2.458402732e-17
-9.058230076e-18
1.662127576e-16
5.616049584e-17
-7.425534417e-18
-2.11948995e-17
-3.610104786e-17
-5.671766467e-17
-1.024077362e-15
-1.023040179e-15
-8.347864452e-17
-8.52981019e-17
-5.822604217e-17
-5.499955615e-17
1.713133051e-15
1.604080865e-15
-1.658664634e-15
-1.496145815e-15
-6.610825853e-17
-3.578568804e-17
-1.286970931e-17
3.362423197e-18
-1.700723563e-16
-5.708263528e-17
-7.48230695e-18
-2.143680971e-17
-3.700250557e-17
-5.779452469e-17
8.650468495e-16
8.390532081e-16
-8.291459668e-17
-8.495392383e-17
-9.177196479e-17
-8.783259426e-17
-1.898422426e-15
-1.78692633e-15
-8.537035261e-17
-7.93833461e-17
-6.484693548e-17
-4.154952872e-17
-8.388830753e-17
-8.172285617e-17
-1.786757288e-17
-4.237322413e-18
-7.564200028e-18
-2.172581111e-17
-3.760456433e-17
-5.575471529e-17
-5.380395322e-17
-6.397532689e-17
-8.10728656e-17
-8.61523977e-17
-9.856096509e-17
-9.453005833e-17
-8.682159653e-17
-9.504386033e-17
-8.429846281e-17
-7.835254288e-17
-6.722879699e-17
-6.756841858e-17
-5.696665074e-16
-4.825069245e-16
-7.065966982e-17
-1.932303348e-17
-7.657101381e-18
-2.199855189e-17
-3.780266736e-17
-5.314230045e-17
-5.078653153e-17
-6.012583408e-17
-7.906607395e-17
-8.736051318e-17
-9.586969682e-16
-9.270914806e-16
-8.770226699e-17
-9.403211939e-17
-8.331725745e-17
-7.817183473e-17
-7.230640485e-17
-8.217555366e-17
2.477171573e-16
1.608179929e-16
8.98716224e-17
3.205339065e-17
-7.743867043e-18
-2.220803688e-17
-3.767567591e-17
-5.090434676e-17
-5.141986588e-17
-5.983400849e-17
-7.741167529e-17
-8.81713272e-17
7.672830009e-16
7.321637584e-16
-8.831507444e-17
-9.32249309e-17
1.478739071e-15
1.342310685e-15
-1.31992694e-15
-1.134150445e-15
-1.163449317e-17
1.758702679e-17
-3.947111248e-17
-1.471371809e-17
-7.811061561e-18
-2.23324176e-17
-3.734141367e-17
-4.919018017e-17
-5.257717344e-17
-6.026631086e-17
-7.617314955e-17
-8.859016121e-17
-9.576389746e-16
-9.257323546e-16
-8.862919814e-17
-9.256391371e-17
-1.651706647e-15
-1.491251678e-15
1.175680851e-15
9.998574348e-16
2.431134227e-18
2.645694685e-17
-1.790240277e-16
-6.144684354e-17
-7.851579272e-18
-2.236991509e-17
-3.689762703e-17
-4.792448485e-17
-5.359173363e-17
-6.07555001e-17
-7.528240548e-17
-8.869344029e-17
7.696319908e-16
7.342079744e-16
-8.870852331e-17
-9.200348623e-17
-8.134497163e-17
-7.858954554e-17
-7.319393057e-17
-4.557401283e-17
1.195699274e-17
3.346728936e-17
9.675055079e-18
2.325116665e-18
-7.864229629e-18
-2.233133818e-17
-3.641430116e-17
-4.698784601e-17
-5.437679276e-17
-6.118015374e-17
-7.463172639e-17
-8.858135422e-17
-9.572580168e-17
-9.197551719e-17
-8.862036075e-17
-9.150244019e-17
-8.08647877e-17
-7.801918083e-17
-7.008621993e-17
-4.443796815e-17
-6.382164397e-17
-5.776876333e-17
1.646820553e-16
5.67034851e-17
-7.851921052e-18
-2.223327209e-17
-3.593654283e-17
-4.632022306e-17
-5.497601211e-17
-6.154872619e-17
-7.415940068e-17
-8.835735702e-17
-9.500113314e-17
-9.133046065e-17
-8.842511345e-17
-9.103541091e-17
-8.041385329e-17
-7.767298454e-17
-7.207264951e-17
-6.842593682e-17
-5.523287445e-16
-4.619973501e-16
-5.799188831e-17
-1.516253539e-17
-7.819259438e-18
-2.209184303e-17
-3.548439578e-17
-4.582450819e-17
-5.538904304e-17
-6.180773794e-17
-7.378901588e-17
-8.802935736e-17
-9.426533882e-17
-9.067394022e-17
-8.813391816e-17
-9.058079596e-17
-7.999912375e-17
-7.748751307e-17
-1.316109687e-15
-1.13833989e-15
2.598341723e-16
1.757821231e-16
-2.373005382e-16
-7.790258571e-17
-7.771792738e-18
-2.192366594e-17
-3.507975102e-17
-4.551518349e-17
-5.58607922e-17
-6.216401952e-17
-7.352298529e-17
-8.772982368e-17
-9.386363345e-17
-9.03436104e-17
-8.787370596e-17
-9.015525951e-17
-7.966720316e-17
-7.766746745e-17
1.172087322e-15
9.873271996e-16
-5.862512828e-19
3.030570156e-17
-3.018586686e-17
-1.179825052e-17
-7.713795797e-18
-2.173640403e-17
-3.468630969e-17
-4.509236722e-17
-5.544712208e-17
-6.174119168e-17
-7.313600187e-17
-8.706815984e-17
-9.541497353e-16
-9.215842121e-16
-8.729118469e-17
-8.970397976e-17
-7.939238047e-17
-7.772076198e-17
-7.439468156e-17
-5.347297024e-17
1.523913653e-17
4.138873352e-17
1.704484333e-16
5.575139365e-17
-7.649420362e-18
-2.154301376e-17
-3.437087915e-17
-4.523051424e-17
-5.865805399e-17
-6.454840259e-17
-7.326346544e-17
-8.743816145e-17
-9.168665662e-17
-9.847571668e-17
-8.761130318e-17
-8.935380277e-17
-7.915617997e-17
-7.758899014e-17
-7.277870172e-17
-4.410938848e-17
8.58387366e-18
2.462716132e-17
-4.972374814e-18
-4.579724102e-18
-7.584103777e-18
-2.135813724e-17
-3.409469399e-17
-4.446426665e-17
-4.451965962e-17
-5.20222188e-17
-7.254302607e-17
-8.560658609e-17
-6.55307538e-17
-7.324290131e-17
-8.588049971e-17
-8.895017523e-17
-7.889200382e-17
-7.693238782e-17
-6.863701408e-17
-3.678733004e-17
2.596845749e-18
3.745363191e-17
1.400368935e-16
1.375607887e-16
-7.516392246e-18
-2.115145194e-17
-3.352029481e-17
-4.090124613e-17
-2.39281737e-17
-3.338630654e-17
-7.002784776e-17
-8.092962088e-17
8.125224071e-16
7.742619266e-16
-8.171825632e-17
-8.812423663e-17
-7.849830038e-17
-7.58591429e-17
-6.508190203e-17
-3.142081684e-17
9.950666372e-18
9.21103064e-17
2.924568554e-16
2.133262713e-16
-7.435198885e-18
-2.088387509e-17
-3.263742922e-17
-3.7420969e-17
-2.417198043e-17
-3.128497558e-17
-6.735428277e-17
-8.108756274e-17
-9.708280971e-16
-9.350625368e-16
-8.199519515e-17
-8.726782532e-17
-7.793844696e-17
-7.448703493e-17
-6.160276538e-17
-2.581359594e-17
1.926520278e-17
8.909129512e-17
-9.645049219e-17
-1.002266977e-16
-7.350135767e-18
-2.055181926e-17
-3.148710482e-17
-3.405322122e-17
-2.285373557e-17
-3.04085922e-17
-6.516324966e-17
-8.542542774e-17
7.258640516e-16
6.901629275e-16
-8.660006681e-17
-8.688647458e-17
-7.725197918e-17
-7.287222317e-17
-5.814916555e-17
-2.158955569e-17
1.443146384e-17
1.993112668e-17
7.244322939e-18
-1.117446205e-16
-7.206196931e-18
-2.007577242e-17
-3.024804337e-17
-3.261974855e-17
-4.120417352e-17
-4.504325709e-17
-6.493837688e-17
-9.112039173e-17
-1.014617608e-15
-9.790856271e-16
1.7092874e-15
1.610118666e-15
-7.652867219e-17
-7.117803434e-17
-5.53838501e-17
-2.133528151e-17
7.089556167e-19
-2.907854053e-18
-1.56406267e-16
1.578617887e-17
-7.00065444e-18
-1.953129991e-17
-2.931258409e-17
-3.455509279e-17
-6.419127521e-17
-6.668833579e-17
-6.699261128e-17
-9.406398755e-17
7.457695264e-16
7.078195102e-16
-1.90724025e-15
-1.775666411e-15
-7.584096488e-17
-6.946044208e-17
-5.27021836e-17
-1.788472452e-17
1.485830553e-17
5.942996387e-17
3.882529496e-16
2.432798699e-16
-6.853638647e-18
-1.908143013e-17
-2.884582417e-17
-3.719186593e-17
-6.767836489e-17
-7.084617609e-17
-6.944070131e-17
-9.248098948e-17
-8.636865973e-17
-8.492233029e-17
-9.396230493e-17
-8.810472324e-17
-7.515618847e-17
-6.771103274e-17
-5.048696424e-17
-2.198375073e-17
-5.00461295e-17
-2.160747822e-17
-1.533350511e-16
-1.175925085e-16
-6.717793386e-18
-1.87016725e-17
-2.875439755e-17
-3.946534765e-17
-6.693342154e-17
-7.099458656e-17
-7.13042317e-17
-8.936449718e-17
-9.424939595e-16
-9.104129798e-16
-9.09173224e-17
-8.798216981e-17
1.481199996e-15
1.345263188e-15
-5.20944966e-17
-4.747517419e-17
-5.379172953e-16
-4.790268617e-16
-8.624078276e-17
-1.386829286e-16
-6.611271936e-18
-1.842259623e-17
-2.890792661e-17
-4.118496484e-17
-6.556933847e-17
-7.037131011e-17
-7.253566623e-17
-8.730539049e-17
7.876564995e-16
7.487968044e-16
-8.876751494e-17
-8.752185683e-17
-8.132084825e-17
-5.977441808e-17
-5.646492046e-17
-6.30701781e-17
2.61293225e-16
1.466428018e-16
-7.888682999e-17
4.325314881e-17
-6.463897741e-18
-1.821215771e-17
-2.917171875e-17
-4.236205909e-17
-6.414337722e-17
-6.95192417e-17
-7.314798751e-17
-8.424642468e-17
-6.026423753e-17
-5.939739009e-17
-8.560554984e-17
-8.678383119e-17
-1.635693584e-15
-1.470561953e-15
-5.920000557e-17
-5.39224864e-17
8.463421377e-18
5.981067287e-17
1.688145398e-16
1.678542059e-16
-6.355235703e-18
-1.808756043e-17
-2.950054858e-17
-4.332529664e-17
-6.372831815e-17
-6.938906477e-17
-7.305855191e-17
-7.790900916e-17
-2.715289699e-17
-2.76483424e-17
-7.938410028e-17
-8.549548291e-17
-7.273160857e-17
-6.61631249e-17
-5.924762429e-17
-4.001958208e-17
3.001592535e-17
8.088528338e-17
-1.380663185e-16
-1.132497093e-16
-6.364313881e-18
-1.806407822e-17
-2.982763327e-17
-4.35618247e-17
-5.985466774e-17
-6.600425618e-17
-7.194490769e-17
-7.247846276e-17
-8.959616615e-16
-8.628463174e-16
-7.386682276e-17
-8.377545688e-17
-7.216917962e-17
-6.598215629e-17
-5.670475125e-17
-2.592568842e-17
3.473227951e-17
1.614632123e-17
-1.195103245e-16
-2.426161145e-16
-6.358638078e-18
-1.807628228e-17
-3.008728123e-17
-4.431843491e-17
-7.322343269e-17
-7.774902643e-17
-7.097212096e-17
-6.674043596e-17
8.588671144e-16
8.184090194e-16
-6.821760145e-17
-8.176122256e-17
-7.145942981e-17
-6.529068479e-17
-5.389815658e-17
-2.837933757e-17
-6.675288061e-17
-1.772913799e-16
-5.996329441e-16
-3.385437085e-16
-6.379226707e-18
-1.816174969e-17
-3.074450218e-17
-4.894895951e-17
-1.05578567e-15
-1.046441008e-15
-7.169033252e-17
-5.836312109e-17
2.049193143e-17
2.102942884e-17
-5.980364579e-17
-7.91973959e-17
-7.055211494e-17
-6.467830892e-17
-5.559025182e-17
-5.79970443e-17
-5.733090521e-16
-5.63407805e-16
-6.809757945e-17
1.375802515e-16
-6.402483174e-18
-1.835011091e-17
-3.17291997e-17
-5.14349886e-17
8.878705388e-16
8.629580358e-16
-7.029888941e-17
-5.19906569e-17
1.548384913e-19
2.392517351e-18
-5.315257e-17
-7.622286786e-17
-6.951043791e-17
-6.470715519e-17
-6.053403903e-17
-7.554324195e-17
2.384259271e-16
1.939590374e-16
4.848303527e-16
3.89810726e-16
-6.434203922e-18
-1.857547596e-17
-3.226088317e-17
-4.734988952e-17
-2.249251561e-17
-3.272869795e-17
-6.540546944e-17
-5.164614382e-17
-5.814989357e-17
-5.276780838e-17
-5.234239146e-17
-7.344522752e-17
1.484717239e-15
1.342547976e-15
-6.366660355e-17
-6.461687013e-17
3.60139415e-18
1.017645839e-16
1.230596211e-16
-5.9052866e-18
-6.520472889e-18
-1.877989333e-17
-3.215351802e-17
-4.215664119e-17
-1.703127865e-17
-2.470274066e-17
-6.046560989e-17
-5.82619538e-17
-9.906674155e-16
-9.514531197e-16
-5.846477373e-17
-7.161262914e-17
-7.43106763e-17
-5.98606831e-17
-6.34495681e-17
-4.865915968e-17
2.38902874e-17
6.108772522e-17
-1.191759962e-16
-1.531814577e-16
-6.586783693e-18
-1.887631431e-17
-3.142958878e-17
-3.702764183e-17
-1.491127471e-17
-2.220298699e-17
-5.684044991e-17
-6.898941597e-17
-1.585210152e-16
-1.588395873e-16
-6.86361627e-17
-7.116078297e-17
-1.625951683e-15
-1.466728301e-15
-6.193013519e-17
-3.486020973e-17
3.143864643e-17
5.330152636e-17
-1.155902327e-16
2.802539475e-17
-6.629324377e-18
-1.883522044e-17
-3.0376936e-17
-3.423945887e-17
-3.489066022e-17
-3.78779012e-17
-5.595574013e-17
-7.841739602e-17
7.102809042e-16
6.754369139e-16
-7.780544346e-17
-7.183864187e-17
-6.592930731e-17
-6.481628203e-17
-5.759873869e-17
-3.114923313e-17
-3.833780237e-17
7.79003781e-18
3.92722362e-16
2.453273391e-16
-6.604278434e-18
-1.864834096e-17
-2.949301741e-17
-3.530102214e-17
-6.044586861e-17
-6.132725726e-17
-5.820333006e-17
-8.648795902e-17
-1.027075389e-15
-9.875635365e-16
-8.542007588e-17
-7.329279923e-17
-6.551570801e-17
-6.400756729e-17
-5.723646956e-17
-5.052856026e-17
-5.122562915e-16
-3.855241523e-16
-1.710692112e-16
-1.185968058e-16
-6.502578671e-18
-1.839342436e-17
-2.896795677e-17
-3.736534059e-17
-6.457714018e-17
-6.581113329e-17
-6.155724925e-17
-9.062586614e-17
7.442932022e-16
7.069472842e-16
-8.928181758e-17
-7.501844677e-17
-6.534951326e-17
-6.352274484e-17
-5.907122037e-17
-6.044035576e-17
2.841154952e-16
1.661951796e-16
-3.562234707e-16
-3.186411035e-16
)
;
    }
    procBoundary2to1
    {
        type            processor;
        value           nonuniform List<scalar> 
20
(
-4.60525048e-07
-1.380283644e-06
-2.295370008e-06
-3.201231502e-06
-4.091189234e-06
-4.955577588e-06
-5.780981643e-06
-6.549682782e-06
-7.239447526e-06
-7.823777035e-06
-8.272668855e-06
-8.553841971e-06
-8.634259428e-06
-8.481694665e-06
-8.066060055e-06
-7.360258077e-06
-6.340424234e-06
-4.985553052e-06
-3.276606165e-06
-1.19524605e-06
)
;
    }
    procBoundary2to3
    {
        type            processor;
        value           nonuniform List<scalar> 
20
(
4.936975442e-07
1.477747666e-06
2.450321878e-06
3.402416099e-06
4.323295427e-06
5.199958552e-06
6.016812274e-06
6.755583834e-06
7.395488306e-06
7.913640185e-06
8.285664072e-06
8.486427203e-06
8.490796491e-06
8.274314901e-06
7.813710039e-06
7.087173296e-06
6.07438951e-06
4.756328277e-06
3.114836456e-06
1.132076553e-06
)
;
    }
}


// ************************************************************************* //
