/*--------------------------------*- C++ -*----------------------------------*\
  =========                 |
  \\      /  F ield         | OpenFOAM: The Open Source CFD Toolbox
   \\    /   O peration     | Website:  https://openfoam.org
    \\  /    A nd           | Version:  11
     \\/     M anipulation  |
\*---------------------------------------------------------------------------*/
FoamFile
{
    format      ascii;
    class       volScalarField;
    location    "0.0005";
    object      T;
}
// * * * * * * * * * * * * * * * * * * * * * * * * * * * * * * * * * * * * * //

dimensions      [0 0 0 1 0 0 0];

internalField   nonuniform List<scalar> 
1000
(
348.3087402
348.3087402
348.3087402
348.3087402
348.3087402
348.3087402
348.3087402
348.3087402
348.3087402
348.3087402
348.3087402
348.3087402
348.3087402
348.3087402
348.3087402
348.3087402
348.3087402
348.3087402
348.3087402
348.3087402
348.3087402
348.3087402
348.3087402
348.3087402
348.3087402
348.3087402
348.3087402
348.3087402
348.3087402
348.3087402
348.3087402
348.3087402
348.3087402
348.3087402
348.3087402
348.3087402
348.3087402
348.3087402
348.3087402
348.3087402
348.3087402
348.3087402
348.3087402
348.3087402
348.3087402
348.3087402
348.3087402
348.3087402
348.3087402
348.3087402
348.3087402
348.3087402
348.3087402
348.3087402
348.3087402
348.3087402
348.3087402
348.3087402
348.3087402
348.3087402
348.3087402
348.3087402
348.3087402
348.3087402
348.3087402
348.3087402
348.3087402
348.3087402
348.3087402
348.3087402
348.3087402
348.3087402
348.3087402
348.3087402
348.3087402
348.3087402
348.3087402
348.3087402
348.3087402
348.3087402
348.3087402
348.3087402
348.3087402
348.3087402
348.3087402
348.3087402
348.3087402
348.3087402
348.3087402
348.3087402
348.3087402
348.3087402
348.3087402
348.3087402
348.3087402
348.3087402
348.3087402
348.3087402
348.3087402
348.3087402
348.3087402
348.3087402
348.3087402
348.3087402
348.3087402
348.3087402
348.3087402
348.3087402
348.3087402
348.3087402
348.3087402
348.3087402
348.3087402
348.3087402
348.3087402
348.3087402
348.3087402
348.3087402
348.3087402
348.3087402
348.3087402
348.3087402
348.3087402
348.3087402
348.3087402
348.3087402
348.3087402
348.3087402
348.3087402
348.3087402
348.3087402
348.3087402
348.3087402
348.3087402
348.3087402
348.3087402
348.3087402
348.3087402
348.3087402
348.3087402
348.3087402
348.3087402
348.3087402
348.3087402
348.3087402
348.3087402
348.3087402
348.3087402
348.3087402
348.3087402
348.3087402
348.3087402
348.3087402
348.3087402
348.3087402
348.3087402
348.3087402
348.3087402
348.3087402
348.3087402
348.3087402
348.3087402
348.3087402
348.3087402
348.3087402
348.3087402
348.3087402
348.3087402
348.3087402
348.3087402
348.3087402
348.3087402
348.3087402
348.3087402
348.3087402
348.3087402
348.3087402
348.3087402
348.3087402
348.3087402
348.3087402
348.3087402
348.3087402
348.3087402
348.3087402
348.3087402
348.3087402
348.3087402
348.3087402
348.3087402
348.3087402
348.3087402
348.3087402
348.3087402
348.3087402
348.3087402
348.3087402
348.3087402
348.3087402
348.3087402
348.3087402
348.3087402
348.3087402
348.3087402
348.3087402
348.3087402
348.3087402
348.3087402
348.3087402
348.3087402
348.3087402
348.3087402
348.3087402
348.3087402
348.3087402
348.3087402
348.3087402
348.3087402
348.3087402
348.3087402
348.3087402
348.3087402
348.3087402
348.3087402
348.3087402
348.3087402
348.3087402
348.3087402
348.3087402
348.3087402
348.3087402
348.3087402
348.3087402
348.3087402
348.3087402
348.3087402
348.3087402
348.3087402
348.3087402
348.3087402
348.3087402
348.3087402
348.3087402
348.3087402
348.3087402
348.3087402
348.3087402
348.3087402
348.3087402
348.3087402
348.3087402
348.3087402
348.3087402
348.3087402
348.3087402
348.3087402
348.3087402
348.3087402
348.3087402
348.3087402
348.3087402
348.3087402
348.3087401
348.3087402
348.3087399
348.3087402
348.3087392
348.3087403
348.3087374
348.3087404
348.3087324
348.3087408
348.308719
348.3087417
348.3086839
348.3087443
348.3085954
348.3087508
348.3083793
348.3087666
348.3078693
348.308804
348.3067071
348.308889
348.304154
348.3090751
348.2987549
348.3094655
348.2877833
348.3102471
348.2664009
348.3117309
348.2265272
348.3143707
348.1555716
348.3186792
348.0354709
348.3248522
347.8428892
348.3317493
347.5518154
348.3347442
347.1397827
348.3221092
346.5978338
348.2704597
345.9415116
348.1416031
345.2158607
347.8852251
344.4849253
347.4520873
343.8017863
346.8178622
343.1717498
346.0070155
342.5376756
345.0944227
341.810785
344.16654
340.9364386
343.2588434
339.947
342.325447
338.9496359
341.279144
338.0476973
340.0664595
337.2680425
338.7029538
336.5665434
337.2429091
335.8876796
335.7334325
335.1981622
334.2059193
334.4756248
332.6911866
333.6968515
331.2198611
332.8445451
329.8124872
331.9113557
328.4800126
330.8947495
327.2283865
329.7947975
326.0584931
328.6145998
324.967
327.3587534
323.9483074
326.0329327
322.9943563
324.6447301
322.0945491
323.2037906
321.2361513
321.7220699
320.4044871
320.2138006
319.5838166
318.6947061
318.7584936
317.1809615
317.9141284
315.6878492
317.0386898
314.228503
316.1231308
312.8130672
315.1615605
311.4483487
314.1509492
310.1380334
313.0905357
308.8832154
311.9811777
307.6830399
310.8247761
306.5352828
309.6238704
305.4367764
308.3814167
304.3836486
307.1007441
303.3714046
305.7856212
302.3949328
304.4403667
301.4484982
303.0699458
300.5257749
301.6800213
299.6199293
300.2769448
298.7237561
298.8676777
297.82986
297.4596519
296.9308307
296.0606541
296.0192615
294.6789647
295.0872357
293.3244393
294.1241193
292.0125597
293.1097014
290.7754149
291.9992155
289.6794601
290.7101312
288.8204893
289.1654045
288.2123516
287.4731693
287.5430422
286.1274844
286.1536843
285.7092466
283.8053981
285.9211712
281.4681293
285.522531
280.1460517
284.2549016
279.1847223
283.1517143
277.9384426
281.9918739
277.2441332
280.1839534
276.820952
278.6218882
276.0003153
277.1371614
275.4241466
275.4637591
274.7138246
274.0576641
273.9485453
272.5067777
273.2098025
271.1993212
272.2031264
269.9576107
271.2131418
268.8364589
270.0451211
267.7503707
268.9517661
266.6834243
267.767869
265.6193709
266.6665324
264.5449283
265.5319669
263.4289715
264.4915261
262.2840581
263.471943
261.0563418
262.5400372
259.8086767
261.6433718
258.5001402
260.7719926
257.2163099
259.9094778
255.9411453
259.0030055
254.7212299
258.076205
253.561649
257.1037236
252.4314356
256.1264696
251.3405945
255.1657887
250.2588751
254.2113561
249.2195833
253.2645378
248.2658232
252.2958055
247.4114074
251.2923119
246.6717884
250.2505164
246.0079631
249.1208937
245.378989
247.9909335
245.1815448
248.1796001
247.8953524
250.0479826
246.8645197
245.6554462
245.5681045
249.6964299
250.964953
245.0358623
245.2579896
215.6470775
237.9989217
251.9738202
243.0097153
252.687365
242.530445
251.8797226
243.8452481
250.1066063
245.5328476
248.7687004
246.697474
248.1966065
247.3893704
248.1206621
247.8548714
248.2656988
248.216177
248.4742934
248.4941632
248.6466023
248.6528909
248.7009987
248.6444445
248.5847433
248.4466455
248.2915572
248.0861946
247.8747549
247.6474377
247.4352062
247.2359246
247.0690734
246.9333816
246.8393068
246.783652
246.7688982
246.7885551
246.8405594
246.9173803
247.0150318
247.1266865
247.2471776
247.3690715
247.4867741
247.5943012
247.6882751
247.7649851
247.8217348
247.8567012
247.8699773
247.8638607
247.8421746
247.8092224
247.769221
247.7270713
247.6883649
247.6585158
247.6421792
247.6421678
247.6598609
247.6957383
247.7503064
247.8228849
247.9115307
248.0119928
248.1192247
248.227646
248.3312916
248.4236425
248.4971799
248.5446163
248.5596334
248.5386268
248.4813356
248.3895329
248.2666839
248.1171373
247.9479999
247.76829
247.5885661
247.4181233
247.2639704
247.1312192
247.0231889
246.9436303
246.8950819
246.8793096
246.8945989
246.9361819
246.9973825
247.0719734
247.156384
247.2486078
247.3467383
247.445639
247.5374008
247.6135565
247.6689323
247.7044586
247.7270787
247.7451696
247.7640208
247.7818197
247.7918054
247.7864967
247.765347
247.7381781
247.7237408
247.7418082
247.8039621
247.9051239
248.0232887
248.1260921
248.1853039
248.1902827
248.1569167
248.1251765
248.1463764
248.2632944
248.4888666
248.7931809
249.1016797
249.3096628
249.3086667
249.0191904
248.4225756
247.5795868
246.6343692
245.8002923
245.3358347
245.5135892
246.5926845
248.79478
252.286468
257.1685341
263.4664024
271.127675
280.018105
289.9281533
300.5812786
311.6539275
322.7991805
333.6758433
343.9784913
353.4590471
361.9449384
369.3408499
375.6256725
380.8390968
385.065684
388.4186986
391.0234922
393.0070195
394.4876182
395.5708714
396.3471794
396.8909206
397.2627393
397.508655
397.6648348
397.7580717
397.807763
397.8290626
397.8315621
397.8229532
397.8079783
397.7897838
397.7713845
397.7538604
397.737791
397.7236955
397.7111124
397.7007323
397.6907003
397.6822933
397.6738336
397.6662836
397.6587423
397.6515905
397.6442139
397.6373096
397.6296288
397.6218675
397.6133062
397.6035296
397.5933767
397.5817656
397.5696405
397.5571301
397.5444186
397.532673
397.5227743
397.5148659
397.5098335
397.5083581
397.509875
397.5141627
397.5207047
397.5290625
397.5369931
397.5461727
397.5540645
397.5614172
397.5670713
397.5717487
397.5761616
397.5795899
397.582879
397.5846179
397.5847519
397.585341
397.5843408
397.5832717
397.5831204
397.5827877
397.5846798
397.5871349
397.5918079
397.5966297
397.6024307
397.6101807
397.6168732
397.6232114
397.6287193
397.6326248
397.6360726
397.6379641
397.6398244
397.6410612
397.6415804
397.6414116
397.6422952
397.6439438
397.64357
397.6395933
397.6338641
397.6255218
397.6187314
397.61196
397.6018699
397.5940465
397.5921787
397.5926046
397.5912652
397.5905585
397.6003378
397.6218668
397.6335756
397.6216094
397.6196052
397.6633648
397.6995781
397.6398148
397.5509936
397.6262908
397.817064
397.7425891
397.3415247
397.303627
398.019449
398.3558377
397.1420426
395.9989608
397.8099394
400.5424821
398.2080378
391.6744065
392.9978468
404.1841277
403.5731186
374.40911
326.1879424
292.478215
281.6371029
279.2571395
278.7705291
278.6719694
278.6520408
278.6480126
278.6471984
278.6470339
278.6470006
278.6469939
278.6469925
278.6469923
278.6469922
278.6469922
278.6469922
278.6469922
278.6469922
278.6469922
278.6469922
278.6469922
278.6469922
278.6469922
278.6469922
278.6469922
278.6469922
278.6469922
278.6469922
278.6469922
278.6469922
278.6469922
278.6469922
278.6469922
278.6469922
278.6469922
278.6469922
278.6469922
278.6469922
278.6469922
278.6469922
278.6469922
278.6469922
278.6469922
278.6469922
278.6469922
278.6469922
278.6469922
278.6469922
278.6469922
278.6469922
278.6469922
278.6469922
278.6469922
278.6469922
278.6469922
278.6469922
278.6469922
278.6469922
278.6469922
278.6469922
278.6469922
278.6469922
278.6469922
278.6469922
278.6469922
278.6469922
278.6469922
278.6469922
278.6469922
278.6469922
278.6469922
278.6469922
278.6469922
278.6469922
278.6469922
278.6469922
278.6469922
278.6469922
278.6469922
278.6469922
278.6469922
278.6469922
278.6469922
278.6469922
278.6469922
278.6469922
278.6469922
278.6469922
278.6469922
278.6469922
278.6469922
278.6469922
278.6469922
278.6469922
278.6469922
278.6469922
278.6469922
278.6469922
278.6469922
278.6469922
278.6469922
278.6469922
278.6469922
278.6469922
278.6469922
278.6469922
278.6469922
278.6469922
278.6469922
278.6469922
278.6469922
278.6469922
278.6469922
278.6469922
278.6469922
278.6469922
278.6469922
278.6469922
278.6469922
278.6469922
278.6469922
278.6469922
278.6469922
278.6469922
278.6469922
278.6469922
278.6469922
278.6469922
278.6469922
278.6469922
278.6469922
278.6469922
278.6469922
278.6469922
278.6469922
278.6469922
278.6469922
278.6469922
278.6469922
278.6469922
278.6469922
278.6469922
278.6469922
278.6469922
278.6469922
278.6469922
278.6469922
278.6469922
278.6469922
278.6469922
278.6469922
278.6469922
278.6469922
278.6469922
278.6469922
278.6469922
278.6469922
278.6469922
278.6469922
278.6469922
278.6469922
278.6469922
278.6469922
278.6469922
278.6469922
278.6469922
278.6469922
278.6469922
278.6469922
278.6469922
278.6469922
278.6469922
278.6469922
278.6469922
278.6469922
278.6469922
278.6469922
278.6469922
278.6469922
278.6469922
278.6469922
278.6469922
278.6469922
278.6469922
278.6469922
278.6469922
278.6469922
278.6469922
278.6469922
278.6469922
278.6469922
278.6469922
278.6469922
278.6469922
278.6469922
278.6469922
278.6469922
278.6469922
278.6469922
278.6469922
278.6469922
278.6469922
278.6469922
278.6469922
278.6469922
278.6469922
278.6469922
278.6469922
278.6469922
278.6469922
278.6469922
278.6469922
278.6469922
278.6469922
278.6469922
278.6469922
278.6469922
278.6469922
278.6469922
278.6469922
278.6469922
278.6469922
)
;

boundaryField
{
    leftRight
    {
        type            zeroGradient;
    }
    empty
    {
        type            empty;
    }
}


// ************************************************************************* //
