/*--------------------------------*- C++ -*----------------------------------*\
  =========                 |
  \\      /  F ield         | OpenFOAM: The Open Source CFD Toolbox
   \\    /   O peration     | Website:  https://openfoam.org
    \\  /    A nd           | Version:  11
     \\/     M anipulation  |
\*---------------------------------------------------------------------------*/
FoamFile
{
    format      ascii;
    class       volScalarField;
    location    "1000";
    object      p;
}
// * * * * * * * * * * * * * * * * * * * * * * * * * * * * * * * * * * * * * //

dimensions      [0 2 -2 0 0 0 0];

internalField   nonuniform List<scalar> 
1200
(
0.5583537708
0.5532368205
0.5481313613
0.5430372333
0.5379542799
0.5328823477
0.5278212863
0.5227709484
0.5177311897
0.5127018684
0.507682846
0.5026739862
0.4976751555
0.492686223
0.4877070603
0.4827375412
0.477777542
0.4728269414
0.4678856202
0.4629534612
0.4580303496
0.4531161726
0.4482108193
0.4433141809
0.4384261505
0.4335466228
0.4286754946
0.4238126646
0.4189580328
0.4141115013
0.4092729736
0.4044423549
0.3996195521
0.3948044733
0.3899970285
0.385197129
0.3804046874
0.3756196179
0.370841836
0.3660712585
0.3613078036
0.3565513907
0.3518019406
0.347059375
0.3423236173
0.3375945916
0.3328722233
0.3281564392
0.3234471667
0.3187443348
0.3140478731
0.3093577126
0.3046737851
0.2999960233
0.2953243612
0.2906587336
0.285999076
0.2813453252
0.2766974187
0.2720552948
0.5583583764
0.5532413919
0.5481358986
0.5430417367
0.5379587495
0.5328867836
0.5278256887
0.5227753175
0.5177355256
0.5127061713
0.507687116
0.5026782235
0.4976793603
0.4926903955
0.4877112006
0.4827416495
0.4777816185
0.4728309862
0.4678896335
0.4629574432
0.4580343005
0.4531200926
0.4482147085
0.4433180395
0.4384299786
0.4335504207
0.4286792626
0.4238164027
0.4189617412
0.4141151802
0.4092766232
0.4044459755
0.3996231437
0.3948080362
0.3900005629
0.385200635
0.3804081653
0.3756230678
0.3708452581
0.366074653
0.3613111707
0.3565547306
0.3518052535
0.3470626611
0.3423268767
0.3375978245
0.3328754301
0.3281596198
0.3234503215
0.3187474638
0.3140509767
0.3093607908
0.3046768381
0.2999990514
0.2953273646
0.2906617123
0.2860020303
0.2813482553
0.2767003247
0.272058177
0.5583555256
0.5532385703
0.5481331058
0.5430389724
0.5379560133
0.5328840752
0.5278230078
0.5227726638
0.5177328987
0.512703571
0.507684542
0.5026756754
0.4976768378
0.4926878984
0.4877087285
0.4827392021
0.4777791956
0.4728285876
0.4678872587
0.4629550921
0.4580319728
0.453117788
0.4482124268
0.4433157804
0.4384277419
0.4335482061
0.4286770698
0.4238142315
0.4189595914
0.4141130516
0.4092745155
0.4044438884
0.3996210771
0.3948059898
0.3899985365
0.3851986283
0.3804061781
0.3756211
0.3708433094
0.3660727233
0.3613092597
0.3565528381
0.3518033792
0.347060805
0.3423250385
0.337596004
0.3328736271
0.3281578342
0.323448553
0.3187457123
0.3140492419
0.3093590726
0.3046751364
0.2999973659
0.2953256951
0.2906600588
0.2860003925
0.281346633
0.2766987179
0.2720565853
0.5583547301
0.5532377921
0.5481323446
0.5430382277
0.5379552849
0.5328833626
0.5278223107
0.5227719818
0.5177322315
0.5127029183
0.5076839034
0.5026750507
0.4976762267
0.4926873004
0.4877081435
0.4827386298
0.4777786357
0.4728280398
0.4678867228
0.4629545678
0.4580314598
0.4531172861
0.4482119357
0.4433153
0.4384272718
0.4335477462
0.4286766198
0.4238137913
0.4189591607
0.4141126302
0.4092741032
0.404443485
0.3996206824
0.3948056037
0.3899981587
0.3851982587
0.3804058165
0.3756207462
0.3708429632
0.3660723846
0.3613089283
0.3565525139
0.3518030621
0.3470604947
0.3423247349
0.337595707
0.3328733365
0.3281575498
0.3234482748
0.3187454402
0.3140489757
0.3093588122
0.3046748815
0.2999971166
0.2953254512
0.2906598202
0.2860001591
0.2813464047
0.2766984945
0.2720563668
0.5583530319
0.553236121
0.5481307
0.5430366091
0.5379536918
0.5328817946
0.5278207672
0.5227704624
0.5177307357
0.5127014457
0.5076824535
0.502673623
0.4976748209
0.4926859162
0.4877067803
0.4827372873
0.4777773135
0.4728267375
0.4678854401
0.4629533043
0.4580302152
0.4531160599
0.4482107278
0.4433141099
0.4384260993
0.4335465908
0.4286754814
0.4238126694
0.4189580552
0.4141115406
0.4092730294
0.4044424266
0.3996196392
0.3948045754
0.389997145
0.3851972595
0.3804048314
0.375619775
0.3708420057
0.3660714405
0.3613079974
0.356551596
0.3518021569
0.347059602
0.3423238546
0.3375948388
0.3328724802
0.3281567052
0.3234474417
0.3187446184
0.314048165
0.3093580124
0.3046740926
0.2999963383
0.2953246833
0.2906590624
0.2859994115
0.281345667
0.2766977665
0.2720556484
0.5583511673
0.5532342889
0.5481288996
0.5430348398
0.537951953
0.5328800856
0.5278190874
0.5227688112
0.5177291126
0.51269985
0.5076808847
0.5026720807
0.4976733044
0.4926844249
0.4877053139
0.4827358452
0.4777758952
0.4728253426
0.467884068
0.4629519547
0.4580288875
0.4531147539
0.4482094429
0.4433128457
0.4384248554
0.4335453669
0.428674277
0.4238114842
0.4189568888
0.4141103927
0.4092718995
0.4044413146
0.3996185445
0.3948034978
0.3899960842
0.3851962151
0.3804038032
0.3756187626
0.3708410089
0.3660704589
0.3613070308
0.3565506441
0.3518012194
0.3470586787
0.3423229451
0.337593943
0.3328715978
0.328155836
0.3234465854
0.3187437748
0.3140473338
0.3093571935
0.3046732857
0.2999955432
0.2953238998
0.2906582903
0.2859986505
0.281344917
0.2766970273
0.2720549198
0.5583490454
0.5532322047
0.5481268524
0.5430328289
0.5379499774
0.5328781447
0.5278171804
0.5227669374
0.5177272712
0.5126980405
0.5076791063
0.5026703327
0.4976715863
0.492682736
0.4877036536
0.4827342129
0.4777742904
0.4728237646
0.4678825164
0.4629504288
0.458027387
0.4531132781
0.4482079913
0.4433114179
0.4384234509
0.4335439853
0.4286729177
0.4238101469
0.4189555729
0.4141090979
0.4092706254
0.4044400607
0.3996173105
0.3948022833
0.3899948888
0.3851950384
0.3804026449
0.3756176223
0.3708398863
0.3660693536
0.3613059426
0.3565495725
0.3518001642
0.3470576396
0.3423219218
0.3375929351
0.3328706051
0.3281548582
0.3234456223
0.318742826
0.3140463991
0.3093562726
0.3046723784
0.2999946492
0.2953230189
0.2906574223
0.2859977951
0.281344074
0.2766961965
0.272054101
0.5583467939
0.5532299951
0.5481246838
0.5430307003
0.5379478879
0.5328760934
0.5278151665
0.5227649601
0.5177253296
0.5126961338
0.5076772338
0.5026684936
0.4976697799
0.4926809616
0.4877019104
0.4827325003
0.4777726078
0.4728221113
0.4678808917
0.4629488322
0.4580258178
0.4531117358
0.4482064754
0.4433099277
0.4384219859
0.433542545
0.4286715016
0.4238087544
0.4189542037
0.4141077514
0.4092693011
0.4044387583
0.3996160294
0.3948010231
0.3899936491
0.3851938189
0.380401445
0.3756164417
0.3708387246
0.3660682105
0.3613048176
0.3565484654
0.3517990745
0.347056567
0.342320866
0.3375918958
0.3328695819
0.3281538509
0.3234446305
0.3187418494
0.3140454375
0.3093553257
0.3046714459
0.2999937308
0.2953221143
0.2906565314
0.2859969175
0.2813432095
0.2766953449
0.2720532619
0.5583444954
0.5532277411
0.5481224732
0.5430285321
0.5379457611
0.532874007
0.5278131196
0.5227629516
0.5177233589
0.5126941998
0.5076753357
0.5026666306
0.4976679511
0.4926791663
0.487700148
0.4827307699
0.4777709086
0.4728204427
0.467879253
0.4629472227
0.4580242369
0.4531101829
0.4482049498
0.4433084289
0.4384205133
0.4335410979
0.4286700796
0.4238073569
0.4189528302
0.4141064013
0.409267974
0.4044374537
0.3996147468
0.3947997621
0.3899924092
0.3851925996
0.3804002459
0.3756152625
0.3708375648
0.3660670697
0.3613036954
0.3565473614
0.3517979884
0.3470554985
0.3423198146
0.3375908612
0.3328685638
0.3281528489
0.3234436444
0.3187408788
0.3140444822
0.3093543853
0.3046705201
0.2999928193
0.2953212169
0.2906556478
0.2859960474
0.2813423527
0.2766945011
0.2720524309
0.5583422452
0.5532255362
0.5481203124
0.5430264142
0.5379436852
0.5328719719
0.5278111244
0.5227609954
0.5177214405
0.5126923185
0.5076734906
0.5026648208
0.4976661757
0.4926774245
0.487698439
0.4827290929
0.477769263
0.4728188276
0.4678776678
0.4629456667
0.4580227094
0.4531086832
0.4482034773
0.443306983
0.4384190934
0.4335397034
0.42866871
0.4238060116
0.4189515086
0.414105103
0.4092666984
0.4044362002
0.3996135151
0.3947985516
0.3899912195
0.3851914303
0.3803990965
0.3756141326
0.3708364539
0.3660659775
0.3613026215
0.3565463054
0.3517969499
0.3470544771
0.3423188101
0.3375898732
0.3328675919
0.3281518928
0.3234427037
0.3187399533
0.3140435714
0.3093534891
0.3046696381
0.2999919513
0.2953203627
0.2906548069
0.2859952197
0.2813415379
0.2766936989
0.2720516411
0.5583401244
0.5532234594
0.5481182784
0.5430244219
0.5379417335
0.5328700599
0.5278092509
0.5227591595
0.5177196413
0.512690555
0.5076717619
0.5026631261
0.4976645142
0.4926757953
0.4876968413
0.482727526
0.477767726
0.4728173199
0.4678761887
0.4629442155
0.4580212854
0.4531072858
0.4482021059
0.4433056369
0.438417772
0.4335384063
0.4286674365
0.4238047612
0.4189502807
0.4141038971
0.4092655141
0.404435037
0.3996123725
0.3947974291
0.3899901167
0.3851903467
0.3803980318
0.3756130862
0.3708354256
0.3660649668
0.361301628
0.3565453288
0.3517959898
0.3470535331
0.3423178819
0.3375889604
0.3328666943
0.32815101
0.3234418354
0.3187390992
0.3140427313
0.3093526626
0.304668825
0.2999911513
0.2953195754
0.2906540322
0.2859944573
0.2813407875
0.2766929603
0.2720509141
0.5583381933
0.5532215692
0.548116428
0.5430226103
0.5379399596
0.5328683226
0.5278075494
0.5227574928
0.5177180085
0.5126889552
0.5076701942
0.5026615897
0.4976630083
0.4926743193
0.4876953942
0.4827261072
0.4777663348
0.4728159557
0.4678748507
0.4629429031
0.458019998
0.4531060227
0.4482008666
0.4433044208
0.4384165786
0.4335372349
0.4286662867
0.4238036325
0.4189491726
0.4141028092
0.4092644458
0.4044339879
0.3996113421
0.3947964171
0.3899891226
0.3851893701
0.3803970723
0.3756121434
0.3708344992
0.3660640564
0.3613007332
0.3565444493
0.3517951253
0.3470526833
0.3423170463
0.3375881389
0.3328658865
0.3281502156
0.3234410542
0.3187383308
0.3140419755
0.3093519191
0.3046680936
0.2999904317
0.2953188674
0.2906533355
0.2859937718
0.2813401128
0.2766922963
0.2720502606
0.5583364807
0.553219893
0.5481147873
0.5430210041
0.5379383869
0.5328667826
0.5278060412
0.5227560155
0.5177165613
0.5126875373
0.5076688049
0.5026602282
0.4976616739
0.4926730112
0.4876941118
0.4827248499
0.4777651019
0.4728147465
0.4678736648
0.4629417398
0.4580188568
0.453104903
0.4481997679
0.4433033427
0.4384155204
0.4335361963
0.4286652671
0.4238026315
0.4189481898
0.4141018441
0.4092634981
0.404433057
0.3996104278
0.3947955189
0.3899882402
0.3851885031
0.3803962204
0.3756113063
0.3708336764
0.3660632477
0.3612999383
0.3565436678
0.351794357
0.3470519279
0.3423163036
0.3375874085
0.3328651681
0.3281495091
0.3234403592
0.3187376471
0.3140413029
0.3093512573
0.3046674424
0.2999897909
0.2953182368
0.2906527149
0.285993161
0.2813395115
0.2766917044
0.2720496779
0.5583349783
0.553218422
0.5481133468
0.5430195933
0.537937005
0.5328654288
0.5278047147
0.5227547156
0.5177152873
0.5126862886
0.5076675807
0.5026590279
0.4976604969
0.492671857
0.4876929797
0.4827237393
0.4777640124
0.4728136775
0.4678726157
0.4629407102
0.4580178462
0.453103911
0.448198794
0.4433023864
0.4384145814
0.433535274
0.4286643613
0.4238017417
0.4189473157
0.4141009852
0.4092626542
0.4044322278
0.3996096128
0.3947947178
0.3899874528
0.385187729
0.3803954593
0.3756105579
0.3708329405
0.366062524
0.3612992265
0.3565429677
0.3517936682
0.3470512503
0.3423156369
0.3375867524
0.3328645225
0.3281488737
0.3234397339
0.3187370317
0.314040697
0.3093506609
0.3046668552
0.2999892127
0.2953176675
0.2906521543
0.2859926088
0.2813389677
0.2766911687
0.2720491502
0.5583336397
0.5532171099
0.5481120606
0.5430183323
0.5379357685
0.5328642161
0.5278035252
0.5227535487
0.5177141424
0.5126851651
0.5076664782
0.5026579457
0.4976594346
0.492670814
0.4876919556
0.4827227336
0.4777630246
0.4728127072
0.4678716626
0.4629397738
0.458016926
0.4531030067
0.4481979053
0.4433015128
0.4384137226
0.4335344298
0.4286635312
0.4238009254
0.4189465129
0.4141001956
0.4092618775
0.4044314637
0.3996088611
0.3947939781
0.3899867249
0.3851870127
0.3803947543
0.3756098639
0.3708322574
0.3660618514
0.3612985644
0.3565423157
0.3517930262
0.347050618
0.3423150141
0.3375861391
0.3328639183
0.3281482785
0.3234391474
0.3187364538
0.3140401276
0.3093500998
0.3046663022
0.2999886677
0.2953171303
0.2906516248
0.2859920868
0.2813384531
0.2766906613
0.2720486499
0.5583323855
0.5532158786
0.5481108515
0.5430171449
0.5379346022
0.5328630705
0.5278023997
0.5227524428
0.5177130556
0.512684097
0.5076654282
0.5026569135
0.4976584197
0.4926698161
0.4876909742
0.4827217684
0.4777620752
0.4728117732
0.4678707436
0.4629388695
0.4580160361
0.4531021309
0.4481970432
0.4433006642
0.4384128871
0.4335336072
0.4286627212
0.4238001277
0.4189457273
0.4140994218
0.4092611153
0.4044307128
0.3996081212
0.3947932492
0.3899860066
0.3851863048
0.3803940566
0.3756091763
0.3708315796
0.3660611832
0.3612979056
0.3565416662
0.3517923857
0.3470499865
0.3423143913
0.3375855248
0.3328633124
0.3281476809
0.3234385579
0.3187358723
0.3140395538
0.3093495337
0.3046657436
0.2999881165
0.2953165863
0.2906510879
0.2859915569
0.2813379301
0.2766901451
0.2720481402
0.5583311231
0.5532146369
0.5481096301
0.5430159433
0.53793342
0.5328619071
0.5278012548
0.522751316
0.5177119463
0.512683005
0.507664353
0.5026558548
0.4976573771
0.4926687892
0.4876899627
0.4827207719
0.4777610935
0.4728108059
0.4678697905
0.4629379303
0.4580151104
0.4531012185
0.4481961438
0.4432997775
0.438412013
0.4335327452
0.4286618713
0.4237992896
0.4189449007
0.4140986065
0.4092603111
0.4044299195
0.3996073386
0.394792477
0.3899852447
0.385185553
0.3803933147
0.3756084441
0.3708308569
0.36606047
0.3612972015
0.3565409711
0.3517916996
0.347049309
0.3423137224
0.3375848644
0.3328626603
0.3281470369
0.3234379219
0.3187352441
0.3140389334
0.3093489208
0.3046651383
0.2999875184
0.2953159955
0.2906505042
0.2859909802
0.2813373602
0.276689582
0.2720475838
0.5583297249
0.5532132597
0.5481082735
0.5430146068
0.5379321031
0.5328606095
0.5277999759
0.5227500556
0.517710704
0.5126817804
0.5076631457
0.5026546645
0.4976562033
0.4926676317
0.4876888212
0.4827196461
0.477759983
0.4728097105
0.4678687098
0.462936864
0.4580140584
0.4531001803
0.4481951194
0.4432987665
0.4384110151
0.4335317603
0.428660899
0.4237983297
0.418943953
0.4140976709
0.4092593873
0.4044290073
0.3996064378
0.3947915874
0.3899843661
0.3851846852
0.3803924575
0.3756075973
0.3708300205
0.3660596436
0.3612963851
0.3565401645
0.3517909025
0.3470485214
0.3423129441
0.3375840952
0.3328619001
0.3281462856
0.3234371793
0.3187345101
0.3140382078
0.3093482036
0.3046644292
0.2999868175
0.2953153025
0.290649819
0.2859903027
0.2813366903
0.2766889196
0.2720469288
0.5583279365
0.5532114968
0.5481065356
0.5430128934
0.5379304138
0.5328589437
0.5277983331
0.5227484354
0.5177091059
0.512680204
0.5076615906
0.5026531302
0.4976546895
0.492666138
0.4876873472
0.4827181914
0.4777585473
0.4728082933
0.4678673109
0.4629354831
0.458012695
0.4530988342
0.4481937903
0.443297454
0.4384097191
0.4335304803
0.4286596349
0.4237970812
0.4189427198
0.4140964526
0.4092581838
0.4044278183
0.399605263
0.3947904267
0.3899832192
0.3851835519
0.3803913375
0.3756064905
0.3708289266
0.3660585625
0.3612953165
0.3565391082
0.3517898583
0.3470474892
0.3423119236
0.3375830864
0.3328609026
0.3281452993
0.3234362041
0.3187335458
0.3140372543
0.3093472607
0.3046634966
0.2999858952
0.2953143903
0.2906489167
0.2859894103
0.2813358076
0.2766880464
0.272046065
0.5583261471
0.5532097327
0.5481047961
0.5430111781
0.5379287222
0.5328572753
0.5277966875
0.5227468121
0.5177075045
0.512678624
0.5076600316
0.5026515919
0.4976531715
0.4926646399
0.4876858685
0.4827167318
0.4777571065
0.472806871
0.4678659067
0.4629340966
0.458011326
0.4530974824
0.4481924553
0.4432961356
0.4384084169
0.4335291942
0.4286583645
0.4237958261
0.4189414799
0.4140952277
0.4092569735
0.4044266225
0.3996040814
0.394789259
0.3899820653
0.3851824115
0.3803902105
0.3756053765
0.3708278255
0.366057474
0.3612942405
0.3565380445
0.3517888067
0.3470464495
0.3423108957
0.3375820699
0.3328598976
0.3281443055
0.3234352213
0.3187325738
0.314036293
0.30934631
0.3046625563
0.2999849651
0.2953134703
0.2906480067
0.2859885101
0.281334917
0.2766871654
0.2720451934
)
;

boundaryField
{
    axis
    {
        type            empty;
    }
    inlet
    {
        type            zeroGradient;
    }
    outlet
    {
        type            fixedValue;
        value           nonuniform List<scalar> 0();
    }
    wall
    {
        type            zeroGradient;
    }
    wedgeLow
    {
        type            wedge;
    }
    wedgeHigh
    {
        type            wedge;
    }
    procBoundary2to1
    {
        type            processor;
        value           nonuniform List<scalar> 
20
(
0.5634823754
0.5634870153
0.563484135
0.5634833218
0.563481596
0.5634796983
0.5634775377
0.5634752433
0.5634728993
0.5634706027
0.5634684367
0.5634664636
0.5634647134
0.5634631787
0.5634618127
0.5634605351
0.5634592513
0.5634578316
0.5634560171
0.563454202
)
;
    }
    procBoundary2to3
    {
        type            processor;
        value           nonuniform List<scalar> 
20
(
0.2674188927
0.2674217513
0.2674201747
0.2674199609
0.267419252
0.2674185338
0.2674177267
0.2674169001
0.2674160816
0.267415304
0.2674145883
0.267413945
0.2674133713
0.2674128515
0.2674123581
0.267411855
0.2674113051
0.2674106573
0.2674098028
0.2674089405
)
;
    }
}


// ************************************************************************* //
