/*--------------------------------*- C++ -*----------------------------------*\
  =========                 |
  \\      /  F ield         | OpenFOAM: The Open Source CFD Toolbox
   \\    /   O peration     | Website:  https://openfoam.org
    \\  /    A nd           | Version:  11
     \\/     M anipulation  |
\*---------------------------------------------------------------------------*/
FoamFile
{
    format      ascii;
    class       volScalarField;
    location    "30";
    object      p;
}
// * * * * * * * * * * * * * * * * * * * * * * * * * * * * * * * * * * * * * //

dimensions      [0 2 -2 0 0 0 0];

internalField   nonuniform List<scalar> 
4096
(
9.763757514e-09
-2.503732795e-05
-0.0001424639945
-0.0003355594491
-0.0005768887288
-0.0008444767868
-0.001120367772
-0.001390756673
-0.001645159188
-0.001875865419
-0.00207734628
-0.002245726613
-0.002378358379
-0.002473480911
-0.002529956045
-0.002547068353
-0.002524381633
-0.002461643654
-0.002358731818
-0.002215633032
-0.00203245152
-0.001809438728
-0.00154703988
-0.001245952064
-0.0009071890849
-0.0005321486181
-0.0001226774564
0.0003188690599
0.0007895771008
0.001285937278
0.001803823531
0.002338490612
0.002884592415
0.003436223544
0.003986983245
0.004530064838
0.005058367821
0.00556463207
0.006041591527
0.006482143785
0.006879531043
0.007227527074
0.007520624171
0.007754213598
0.007924753001
0.008029914457
0.008068707547
0.008041572835
0.00795044274
0.007798768449
0.007591513567
0.007335117337
0.007037432707
0.006707647322
0.006356190195
0.005994601187
0.005635543553
0.005292578712
0.004980107327
0.004712980193
0.004505860496
0.004371818423
0.004321130212
0.004347087015
2.489325723e-05
-2.871994616e-07
-9.994986969e-05
-0.0002579932379
-0.0004547566327
-0.0006741509079
-0.0009025377516
-0.001128526939
-0.001343027525
-0.001539012914
-0.001711178251
-0.001855601128
-0.001969437654
-0.002050662563
-0.002097856132
-0.002110036962
-0.002086537441
-0.002026917624
-0.001930912836
-0.001798410212
-0.00162944935
-0.001424242412
-0.001183209147
-0.0009070224811
-0.0005966605755
-0.0002534613929
0.0001208239294
0.0005239824315
0.0009532987165
0.001405525456
0.001876867823
0.002362984139
0.002859004367
0.003359572992
0.003858903445
0.004350863769
0.00482907775
0.005287046415
0.005718286758
0.006116484232
0.006475654981
0.006790312919
0.007055636213
0.007267627341
0.007423260831
0.007520613036
0.007558968874
0.0075389014
0.00746232135
0.007332495264
0.007154032412
0.00693284237
0.006676066488
0.006391987561
0.006089920605
0.005780085632
0.005473472296
0.005181592058
0.004916450015
0.004689925117
0.004512828502
0.004394553636
0.004346309894
0.004372789286
0.0001430232764
9.887070802e-05
-2.02065766e-06
-0.000146982583
-0.0003220950679
-0.0005151066852
-0.0007152067624
-0.0009131210396
-0.001101204182
-0.001273348398
-0.001424792733
-0.001551901518
-0.001651946551
-0.001722909854
-0.001763315286
-0.001772092349
-0.001748472309
-0.001691914881
-0.001602062676
-0.001478720035
-0.001321852606
-0.001131603909
-0.000908325144
-0.0006526145398
-0.0003653626662
-4.780023769e-05
0.0002984549225
0.0006713549498
0.001068386074
0.001486542673
0.001922313852
0.002371684901
0.002830155945
0.003292778167
0.003754210407
0.004208794891
0.004650652351
0.005073795211
0.005472256692
0.00584023279
0.006172233297
0.006463237252
0.006708847617
0.006905439639
0.007050297226
0.007141731943
0.007179179711
0.007163271198
0.007095872993
0.00698009799
0.006820284878
0.006621947991
0.006391699908
0.006137149694
0.005866779306
0.005589800206
0.005315987008
0.005055467293
0.004818485162
0.004615148079
0.004454451427
0.00434429228
0.004297096221
0.0043233509
0.000339629636
0.0002575239226
0.0001402608729
-6.771760683e-06
-0.0001756681285
-0.0003567491221
-0.000541362918
-0.0007221458735
-0.000892911156
-0.001048606609
-0.001185216007
-0.001299609868
-0.001389386656
-0.001452723741
-0.001488246656
-0.001494921318
-0.001471971018
-0.001418817872
-0.001335047159
-0.001220392198
-0.001074736972
-0.0008981335082
-0.0006908308719
-0.0004533126578
-0.0001863398472
0.0001090040266
0.0004312684036
0.0007785948294
0.001148682515
0.001538762998
0.00194558637
0.00236542161
0.002794074325
0.003226915781
0.003658940365
0.004084834399
0.004499066259
0.004895994074
0.005269988905
0.005615570666
0.005927553062
0.00620119302
0.006432339479
0.006617575984
0.006754351421
0.006841093377
0.006877299155
0.006863600264
0.006801797324
0.006694863615
0.0065469169
0.006363160564
0.00614979626
0.005913910966
0.005663341428
0.005406518693
0.005152293165
0.004909737401
0.004687942292
0.004495759546
0.00434117854
0.004231443871
0.004178363866
0.004192817028
0.0005891611344
0.0004572808367
0.0003134607168
0.0001552974774
-1.621101863e-05
-0.0001935638869
-0.0003699942681
-0.0005399604611
-0.0006987364939
-0.0008423892409
-0.0009677490939
-0.001072310939
-0.001154118504
-0.001211653614
-0.001243737314
-0.001249447642
-0.001228056602
-0.001178986865
-0.001101787371
-0.0009961262033
-0.0008617985958
-0.0006987476624
-0.0005070952518
-0.0002871802696
-3.960176848e-05
0.000234735902
0.0005345785848
0.0008582811245
0.001203772144
0.001568527361
0.001949553878
0.002343387857
0.002746107871
0.003153363931
0.003560426962
0.00396225516
0.004353579908
0.004729009327
0.00508314765
0.005410727709
0.005706752816
0.005966643543
0.006186384166
0.006362663121
0.006493001587
0.006575864456
0.006610748433
0.006598242825
0.006540059697
0.006439031424
0.006299075114
0.00612512489
0.005923034373
0.005699452734
0.005461678332
0.005217494059
0.004974987682
0.004742361972
0.004527751954
0.004339013815
0.004183330308
0.004067251775
0.004000333108
0.003990790998
0.0008708178718
0.0006823959793
0.0005053992648
0.0003293970555
0.0001484564541
-3.174516647e-05
-0.0002060722432
-0.0003706763193
-0.0005222394907
-0.0006579505586
-0.0007755283005
-0.000873155726
-0.0009493943084
-0.001003102203
-0.001033361051
-0.001039415518
-0.001020628313
-0.0009764515257
-0.0009064138545
-0.0008101225205
-0.0006872781945
-0.0005377009383
-0.0003613649918
-0.0001584401281
7.066277579e-05
0.000325244357
0.0006042700268
0.0009063263661
0.001229583174
0.001571763681
0.001930125391
0.002301453919
0.002682071998
0.003067865283
0.003454326761
0.003836619852
0.004209660958
0.004568220263
0.004907039121
0.005220961332
0.005505074591
0.005754857496
0.005966326745
0.006136178624
0.006261918576
0.00634197277
0.006375775988
0.006363831004
0.006307735811
0.006210176479
0.006074885037
0.005906563456
0.005710776374
0.00549381663
0.005262548692
0.005024235856
0.004786357356
0.004556422007
0.004341787136
0.004149481723
0.003986033562
0.003857494443
0.003770004466
0.003727840913
0.001166645918
0.0009186892908
0.000704420049
0.000505786582
0.0003102539284
0.0001220076051
-5.521080199e-05
-0.0002190969874
-0.0003676566625
-0.000499165767
-0.000612232702
-0.0007057529462
-0.0007788426053
-0.0008307776056
-0.0008609404232
-0.0008687774968
-0.0008537699137
-0.0008154181819
-0.0007532407782
-0.0006667854962
-0.0005556521854
-0.0004195251872
-0.0002582136024
-7.16974045e-05
0.0001398226779
0.0003758736755
0.0006356595517
0.0009180133888
0.001221355026
0.001543656647
0.001882418821
0.002234659463
0.00259691798
0.002965276499
0.003335400126
0.003702596616
0.004061896211
0.004408150787
0.004736150727
0.005040756836
0.005317043539
0.00556044862
0.005766923886
0.005933080517
0.006056322524
0.006134961738
0.00616830819
0.006156730536
0.006101682486
0.00600569273
0.005872317664
0.005706058139
0.005512243304
0.005296886318
0.005066518085
0.004828006501
0.004588370046
0.004354591577
0.004133428784
0.003931260368
0.003754144302
0.003607691195
0.003494447754
0.003414167198
0.001461584998
0.001153218933
0.0008994500709
0.0006750761233
0.0004613622996
0.0002612685202
7.73395881e-05
-8.952216991e-05
-0.0002385523212
-0.0003690592997
-0.0004805159207
-0.0005725255184
-0.0006447672922
-0.0006969504028
-0.0007287759425
-0.0007399088057
-0.0007299617029
-0.0006984919444
-0.0006450106283
-0.0005690033276
-0.0004699610205
-0.0003474197668
-0.0002010074801
-3.049603107e-05
0.0001641431905
0.0003826822404
0.0006245802331
0.0008889298645
0.00117440925
0.001479241596
0.001801165294
0.002137417024
0.002484730281
0.002839351637
0.003197076426
0.003553305129
0.00390312088
0.004241387677
0.004562867764
0.004862355574
0.005134824402
0.005375580902
0.00558042152
0.00574578423
0.005868888523
0.005947856532
0.005981808588
0.005970927311
0.005916485669
0.005820836159
0.005687360242
0.005520379401
0.005325031317
0.005107116665
0.004872923636
0.004629039131
0.004382157804
0.00413889289
0.003905571779
0.003688098462
0.003492247551
0.003323357168
0.003180394592
0.003058649769
0.001742669076
0.00137432608
0.001080135095
0.0008281847653
0.0005939297866
0.0003793085569
0.000185826754
1.311117108e-05
-0.0001392114394
-0.0002714188952
-0.0003838078835
-0.000476665952
-0.0005502236734
-0.0006046193712
-0.0006398728307
-0.000655868888
-0.0006523527411
-0.0006289373452
-0.0005851223918
-0.000520323956
-0.0004339136265
-0.0003252657546
-0.0001938113263
-3.909685683e-05
0.0001391534116
0.0003409738628
0.0005660944341
0.0008138803305
0.001083276928
0.001372762446
0.001680311084
0.002003369362
0.002338848259
0.00268313394
0.003032118393
0.003381252372
0.00372562063
0.00406003952
0.004379175529
0.004677682186
0.004950351498
0.005192274842
0.005399007134
0.005566727232
0.005692386979
0.005773841182
0.005809951149
0.005800655276
0.005747001516
0.005651138429
0.005516263698
0.005346531504
0.005146922617
0.00492308338
0.004681141544
0.004427509249
0.004168686419
0.003911066122
0.003660711073
0.003423228269
0.003204299554
0.00300919247
0.002833490276
0.00266824815
0.001998594409
0.001571486204
0.001236832135
0.0009563947347
0.0007001630362
0.0004692032534
0.0002641033911
8.332195264e-05
-7.456749918e-05
-0.0002107480668
-0.0003262924725
-0.0004221375712
-0.000499040327
-0.0005575504157
-0.0005979932784
-0.0006204634227
-0.0006248294187
-0.0006107506794
-0.0005777053698
-0.0005250284861
-0.0004519589567
-0.0003576944941
-0.0002414528228
-0.0001025378117
5.959108736e-05
0.000245247854
0.0004544493238
0.000686847213
0.0009416651734
0.001217643536
0.001512994582
0.001825371241
0.002151852023
0.00248894546
0.002832615071
0.003178328389
0.003521129628
0.003855736613
0.004176660687
0.004478347131
0.004755332245
0.005002411917
0.005214815227
0.005388375634
0.005519691571
0.005606268081
0.00564663139
0.005640409144
0.005588370472
0.005492422004
0.005355558335
0.00518176821
0.00497590052
0.00474349681
0.004490599046
0.004223544178
0.003948760804
0.003672566969
0.00340092462
0.003139323421
0.002893546767
0.002669007156
0.002458160995
0.002248063157
0.002219301644
0.001735100279
0.001360538243
0.001051374882
0.0007724273387
0.0005239921279
0.0003058285975
0.0001153141638
-4.995716153e-05
-0.0001920132804
-0.0003126532346
-0.0004134226094
-0.0004955718066
-0.0005600349879
-0.0006074210175
-0.0006380151535
-0.0006517925642
-0.0006484435097
-0.0006274093946
-0.0005879286989
-0.000529091673
-0.0004499026056
-0.0003493484002
-0.0002264721026
-8.044988537e-05
8.933019009e-05
0.0002831895446
0.0005010827681
0.0007425260949
0.00100653342
0.001291562847
0.001595476843
0.001915519069
0.002248311628
0.002589873437
0.002935664592
0.003280655762
0.003619423978
0.00394627371
0.0042553809
0.004540956212
0.004797422236
0.005019597996
0.005202882893
0.005343431378
0.005438309236
0.005485622537
0.005484611136
0.005435700032
0.005340503967
0.005201783261
0.005023351804
0.004809941366
0.004567029253
0.004300638707
0.004017124782
0.003722963024
0.003424537546
0.003127870557
0.002838512327
0.002562540456
0.002305722831
0.002057630319
0.001801551153
0.002395648208
0.001856312865
0.001442808726
0.00110516822
0.0008032868889
0.0005367567435
0.000304570361
0.000103092825
-7.099933489e-05
-0.0002205242593
-0.0003479590619
-0.0004554156689
-0.000544600936
-0.0006168013101
-0.0006728809497
-0.0007132910596
-0.0007380911715
-0.0007469819948
-0.000739348943
-0.0007143153371
-0.0006708042289
-0.0006076077433
-0.0005234627917
-0.0004171319159
-0.0002874878736
-0.0001336003668
4.517695591e-05
0.0002491213999
0.0004780605428
0.0007312988216
0.001007554525
0.001304910469
0.001620781683
0.001951904399
0.002294346556
0.002643546466
0.002994377805
0.003341243328
0.003678196431
0.003999088475
0.004297738306
0.004568118745
0.004804553232
0.005001914425
0.005155815506
0.005262784296
0.005320410339
0.005327455787
0.005283922363
0.005191068855
0.005051376331
0.004868461517
0.004646942269
0.004392262304
0.004110485066
0.003808070514
0.003491654259
0.003167823275
0.002842816968
0.002522419512
0.002213190192
0.001921452818
0.001634092737
0.001330802002
0.002519183222
0.001926872897
0.001475685544
0.001110172549
0.0007855270792
0.0005006740953
0.0002538800966
4.055114235e-05
-0.0001435023306
-0.0003018407571
-0.0004375743521
-0.000553339672
-0.0006512618271
-0.0007329448674
-0.0007994769097
-0.0008514468029
-0.0008889727447
-0.0009117422924
-0.0009190628107
-0.0009099213942
-0.0008830532974
-0.0008370178968
-0.0007702811667
-0.0006813035675
-0.0005686320776
-0.0004309948639
-0.0002673967799
-7.721352993e-05
0.0001397180453
0.0003830165002
0.0006516824068
0.0009440385224
0.001257687154
0.001589489644
0.001935567292
0.002291333043
0.002651550436
0.00301042383
0.003361719258
0.003698914212
0.004015373096
0.004304543266
0.004560164823
0.00477648566
0.004948472003
0.005072003796
0.005144044064
0.005162771905
0.00512767011
0.005039560634
0.004900584008
0.004714122344
0.004484669342
0.004217654396
0.003919230852
0.003596043219
0.003254994803
0.002903007724
0.002546690867
0.002192229725
0.001846846607
0.001517610663
0.001188863518
0.0008367920588
0.002581999204
0.001939034431
0.001451643194
0.00105912596
0.0007121741607
0.0004090637628
0.0001473603143
-7.844779185e-05
-0.0002733737737
-0.0004416787147
-0.0005870649755
-0.0007126541759
-0.0008209521675
-0.0009138455407
-0.0009926139363
-0.001057954022
-0.001110015251
-0.00114844669
-0.001172453925
-0.001180865182
-0.001172205797
-0.001144780253
-0.001096760907
-0.001026282492
-0.0009315412533
-0.000810897353
-0.0006629788124
-0.0004867848687
-0.0002817861986
-4.801900432e-05
0.0002138304289
0.0005023542777
0.0008153688289
0.001149883157
0.001502088165
0.001867379844
0.002240409889
0.002615170556
0.002985113068
0.003343298441
0.003682577994
0.003995798788
0.00427602724
0.004516782259
0.00471226769
0.004857592627
0.004948967648
0.004983865281
0.004961134158
0.004881058478
0.004745357411
0.004557122825
0.004320697933
0.004041503488
0.003725821581
0.003380552659
0.003012969298
0.002630456437
0.002240140188
0.001848769164
0.001464405065
0.00109504259
0.000722557233
0.0003196409358
0.002576640464
0.001885492538
0.001363554091
0.0009451009657
0.0005765158306
0.0002554311159
-2.127410413e-05
-0.0002599962585
-0.0004665366872
-0.0006458209
-0.0008021065135
-0.0009389635284
-0.00105924292
-0.001165079864
-0.001257913596
-0.001338518852
-0.001407048708
-0.001463087974
-0.001505716172
-0.001533579312
-0.001544969822
-0.00153791401
-0.00151026643
-0.001459810404
-0.001384363767
-0.001281888633
-0.001150603556
-0.0009890960734
-0.0007964330981
-0.0005722661166
-0.0003169277311
-3.151599555e-05
0.0002820378979
0.0006209268029
0.0009814403258
0.001358979494
0.001748095496
0.002142566754
0.002535512576
0.002919542952
0.003286942622
0.003629885178
0.003940670743
0.004211978595
0.004437124125
0.004610307954
0.004726844103
0.004783353987
0.004777913881
0.004710145497
0.004581242301
0.004393928235
0.004152350023
0.00386190887
0.003529041265
0.003160965162
0.002765417152
0.002350368023
0.001923605035
0.001492597479
0.001066420496
0.0006541692364
0.0002352656912
-0.0002211636106
0.002496054203
0.001759348925
0.001204672829
0.0007615089554
0.0003721254996
3.350953703e-05
-0.0002581384248
-0.000510072219
-0.0007288506372
-0.0009200317018
-0.001088395115
-0.001237925724
-0.001371786622
-0.001492329736
-0.001601123668
-0.001698992809
-0.001786067244
-0.00186184251
-0.001925248244
-0.001974725084
-0.002008309399
-0.002023725469
-0.002018484736
-0.001989991631
-0.001935655286
-0.001853006099
-0.001739815759
-0.001594218816
-0.001414833358
-0.001200877762
-0.0009522800387
-0.0006697764728
-0.0003549944651
-1.050455476e-05
0.0003601230185
0.0007523319226
0.001160599332
0.001578502218
0.00199882335
0.00241369729
0.002814795769
0.003193549009
0.003541397126
0.003850063193
0.004111837157
0.004319857755
0.004468378097
0.004552999986
0.004570862495
0.004520771987
0.004403263699
0.004220589086
0.003976628149
0.003676731036
0.003327497914
0.002936513806
0.002512066132
0.002062829928
0.001597394727
0.001124105967
0.0006532275235
0.0001951294654
-0.0002732698249
-0.0007865581583
0.002333573854
0.001554101808
0.0009686373263
0.0005021152087
9.289192016e-05
-0.0002626958493
-0.0005691215682
-0.000834471869
-0.00106603534
-0.001269973767
-0.001451558954
-0.001615160184
-0.001764222651
-0.001901286003
-0.002028020555
-0.002145274257
-0.002253129648
-0.002350969735
-0.002437551881
-0.002511089253
-0.002569339634
-0.002609701501
-0.002629317308
-0.002625183765
-0.002594268697
-0.002533633733
-0.002440561638
-0.00231268661
-0.002148125228
-0.001945605143
-0.001704588043
-0.001425383588
-0.00110924945
-0.0007584529922
-0.0003763647984
3.255591106e-05
0.0004627558715
0.0009076396847
0.001359664193
0.001810477103
0.002251100535
0.002672157265
0.003064134677
0.003417678585
0.003723906168
0.003974724596
0.00416313984
0.004283538835
0.004331928064
0.004306112788
0.004205803848
0.004032643063
0.003790143561
0.003483547157
0.00311960635
0.002706307761
0.002252566869
0.001767876528
0.001261768112
0.0007436191384
0.00022506282
-0.0002820764877
-0.0008034930195
-0.001377712868
0.002082926794
0.001263655128
0.000649484284
0.0001610636238
-0.000266945427
-0.0006388617617
-0.0009598290255
-0.001238742747
-0.001483595102
-0.001701125019
-0.001897069028
-0.00207615339
-0.002242078544
-0.002397546069
-0.002544303548
-0.002683199497
-0.00281424726
-0.002936696698
-0.003049112837
-0.003149461196
-0.003235199868
-0.003303378596
-0.003350745096
-0.003373858799
-0.003369211892
-0.003333357262
-0.003263042441
-0.003155348129
-0.003007829253
-0.002818655864
-0.002586750342
-0.002311915724
-0.001994951082
-0.001637772802
-0.00124343874
-0.0008162453276
-0.0003617149939
0.0001134330307
0.0006013588338
0.001093228395
0.001579391147
0.002049607717
0.002493324234
0.002899986308
0.003259382335
0.003562002449
0.00379939646
0.003964512018
0.004051993224
0.004058420431
0.003982474172
0.003825010136
0.003589037687
0.003279600803
0.002903566795
0.002469339194
0.001986526718
0.001465548106
0.0009170156769
0.0003514981832
-0.0002178116121
-0.0007774452932
-0.001355872937
-0.001995853832
0.001738260387
0.0008823427974
0.0002416762373
-0.0002670902863
-0.0007127556454
-0.00110029743
-0.001435524541
-0.001728116559
-0.00198674324
-0.002218695278
-0.002430148641
-0.002626161844
-0.002810666941
-0.002986505176
-0.00315548064
-0.003318423125
-0.003475258747
-0.003625087039
-0.003766263765
-0.003896489368
-0.004012903425
-0.004112185687
-0.004190664345
-0.004244432072
-0.004269470144
-0.004261780589
-0.00421752585
-0.00413317488
-0.004005653939
-0.003832499672
-0.00361201114
-0.003343396144
-0.003026907944
-0.002663973609
-0.002257277831
-0.001810851085
-0.00133009706
-0.0008217873818
-0.0002940071702
0.0002439538678
0.0007817675438
0.001308291709
0.001811851379
0.002280571027
0.002702748593
0.003067257648
0.003363960199
0.00358410939
0.003720719239
0.003768878072
0.00372598372
0.003591882218
0.003368897385
0.003061745719
0.002677338595
0.002224486951
0.001713542175
0.001155949961
0.0005635428903
-5.175401774e-05
-0.000674984247
-0.001290829581
-0.001930748223
-0.002642094128
0.001294181559
0.0004049642358
-0.0002598625337
-0.0007873399259
-0.001249471453
-0.001651892776
-0.002001070597
-0.002307441543
-0.00258032619
-0.002827542206
-0.003055681363
-0.003270112258
-0.003474978155
-0.003673241432
-0.003866745972
-0.004056287756
-0.00424169185
-0.004421894389
-0.004595028843
-0.004758516723
-0.004909163392
-0.00504325993
-0.0051566921
-0.005245057413
-0.005303791021
-0.005328300851
-0.005314111892
-0.005257018969
-0.005153246691
-0.004999614486
-0.004793703676
-0.00453402257
-0.004220165321
-0.00385296005
-0.00343459129
-0.002968707537
-0.002460483527
-0.00191664595
-0.001345447145
-0.0007565807443
-0.0001610338914
0.0004291277544
0.00100104276
0.001541401023
0.002036847339
0.002474428524
0.002842066169
0.003129032467
0.003326403039
0.003427458747
0.003428008819
0.003326610473
0.003124665857
0.002826384648
0.002438609469
0.001970516989
0.001433229718
0.0008393116345
0.0002019549769
-0.0004653857841
-0.001145767908
-0.001821796096
-0.002528172544
-0.003317269207
0.0007458058947
-0.0001731721988
-0.0008597039196
-0.001404183705
-0.001881541367
-0.002298065074
-0.002660868314
-0.002981114746
-0.003268747601
-0.003532086839
-0.003778117771
-0.004012499321
-0.004239568818
-0.00446239514
-0.004682849583
-0.004901683833
-0.005118612821
-0.005332400926
-0.005540950881
-0.005741395753
-0.005930194978
-0.006103235798
-0.006255941571
-0.006383388407
-0.006480431387
-0.006541841256
-0.00656245201
-0.006537319228
-0.006461888318
-0.00633217102
-0.006144927458
-0.005897850204
-0.005589747157
-0.005220716586
-0.004792298919
-0.004307619533
-0.003771486157
-0.003190454015
-0.002572834167
-0.001928641453
-0.001269473514
-0.0006083134467
4.074733923e-05
0.000662865448
0.001242875434
0.001765781911
0.002217296102
0.002584392922
0.002855859295
0.003022800677
0.003079071339
0.003021595684
0.002850552962
0.002569405646
0.002184761826
0.001706080592
0.00114525581
0.0005160469442
-0.0001668559858
-0.0008882861744
-0.001629069944
-0.002369480554
-0.003147757916
-0.004021772164
8.881273032e-05
-0.0008562010048
-0.001561870398
-0.002121578889
-0.00261288082
-0.003042705493
-0.00341879791
-0.003753015187
-0.004055893247
-0.004336229513
-0.004601381799
-0.004857281979
-0.005108447636
-0.005358043564
-0.005607960702
-0.005858900919
-0.006110465091
-0.006361242735
-0.006608902621
-0.006850284928
-0.007081496277
-0.007298009366
-0.007494769145
-0.007666307474
-0.007806868026
-0.007910542929
-0.007971422117
-0.007983755815
-0.007942129939
-0.007841653255
-0.007678153931
-0.007448382767
-0.007150223653
-0.006782899013
-0.006347116852
-0.005845338654
-0.005281834705
-0.004662828126
-0.003996545278
-0.003293203167
-0.002564925023
-0.001825570696
-0.001090474639
-0.0003760885113
0.0003004693125
0.0009219483929
0.001471568452
0.001933664609
0.0022943435
0.002542111961
0.002668436286
0.00266818985
0.002539950889
0.002286120118
0.001912839135
0.001429712481
0.0008493677317
0.000186816349
-0.0005416200355
-0.001318869255
-0.002123256327
-0.002932436243
-0.003788512257
-0.004755384343
-0.0006804969913
-0.001647649541
-0.002369788623
-0.002942895549
-0.00344682423
-0.003889127291
-0.004278161245
-0.004626439279
-0.004945058085
-0.005243267504
-0.005528778059
-0.005807779668
-0.006084959813
-0.006363572888
-0.006645526545
-0.0069314726
-0.007220899514
-0.007512224553
-0.007802885058
-0.008089429611
-0.008367610725
-0.008632481228
-0.008878496723
-0.009099626577
-0.009289475773
-0.009441419689
-0.009548753441
-0.009604856861
-0.009603375542
-0.009538417484
-0.009404763621
-0.009198090558
-0.008915211677
-0.00855432673
-0.00811503352
-0.007599038189
-0.007009856858
-0.006353182627
-0.005636974888
-0.004871492439
-0.004069256167
-0.003244919084
-0.002415031523
-0.001597693857
-0.0008120945522
-7.793870926e-05
0.0005852187784
0.00115871135
0.001625535956
0.001971121888
0.002184043044
0.002256620459
0.002185363975
0.001971209059
0.001619517023
0.001139832311
0.0005454279856
-0.0001474059628
-0.0009205920014
-0.001754950546
-0.002626006753
-0.003508472949
-0.00444866715
-0.005517096497
-0.001565143179
-0.002550389137
-0.003286244872
-0.003870873088
-0.004386080288
-0.004840017717
-0.005241628396
-0.005604040346
-0.00593887722
-0.006255816144
-0.00656290198
-0.006866570456
-0.007171672304
-0.007481549699
-0.007798129203
-0.008122017921
-0.008452599442
-0.008788127498
-0.009125816777
-0.009461931836
-0.009791876083
-0.01011028336
-0.01041111507
-0.01068776567
-0.01093317968
-0.01113998261
-0.01130062832
-0.01140756456
-0.01145341774
-0.01143119742
-0.01133452028
-0.0111578508
-0.01089674569
-0.01054810175
-0.01011064124
-0.009584674672
-0.008972837622
-0.008280091668
-0.007513908575
-0.006684383404
-0.005804257676
-0.00488884271
-0.003955826849
-0.003024952877
-0.002117557623
-0.001255973605
-0.0004628026889
0.000239916233
0.0008316105043
0.001294100092
0.001612488457
0.001775952423
0.001778364503
0.001618686526
0.001301085854
0.0008347545824
0.000233456202
-0.0004852569252
-0.00130144476
-0.002193612447
-0.00313415727
-0.004094482369
-0.005125491468
-0.006304915581
-0.002567412353
-0.003566590178
-0.004313345086
-0.004907581924
-0.00543269289
-0.00589739593
-0.006311190435
-0.006687774363
-0.007039262906
-0.007375735584
-0.007705555001
-0.008035393507
-0.008370262485
-0.008713594903
-0.009067343858
-0.009432082961
-0.009807104674
-0.01019051435
-0.01057931941
-0.01096951469
-0.01135616633
-0.01173349702
-0.01209497601
-0.01243341748
-0.01274109054
-0.01300984445
-0.01323125178
-0.0133967723
-0.01349793948
-0.01352657077
-0.01347500244
-0.01333634754
-0.01310476989
-0.01277577708
-0.01234657154
-0.01181626526
-0.01118626758
-0.01046052394
-0.009645755891
-0.008751641316
-0.007790910616
-0.006779339306
-0.005735614542
-0.004681055269
-0.003639170779
-0.002635050403
-0.001694588054
-0.0008435593175
-0.0001065849419
0.0004939684493
0.0009390837796
0.001214106364
0.001309589762
0.001221892362
0.0009534539406
0.000512713847
-8.631614935e-05
-0.0008248970309
-0.001681149156
-0.00263105481
-0.003643526478
-0.004686245733
-0.005815086213
-0.007115651984
-0.003688809643
-0.004697683976
-0.005452482216
-0.006054392949
-0.00658801026
-0.007062579405
-0.007488120852
-0.007878854311
-0.008247349975
-0.008604065645
-0.008957667405
-0.009315058619
-0.009681413265
-0.01006026339
-0.01045360205
-0.01086198677
-0.01128463909
-0.01171953784
-0.01216350541
-0.01261228827
-0.01306063435
-0.01350237041
-0.01393048336
-0.01433720951
-0.01471413582
-0.01505231712
-0.01534241296
-0.0155748475
-0.01573999519
-0.01582839446
-0.0158309908
-0.01573940924
-0.01554625372
-0.01524543188
-0.01483250523
-0.01430504134
-0.0136629757
-0.01290895419
-0.0120486484
-0.01109101745
-0.01004849161
-0.008937051179
-0.007776171875
-0.006588609311
-0.005399998633
-0.004238253001
-0.003132755884
-0.002113357749
-0.001209206968
-0.000447466421
0.0001480109554
0.0005579555569
0.0007687990405
0.0007735292135
0.0005721831117
0.0001719141988
-0.0004133713603
-0.001163904852
-0.002055835841
-0.003062426193
-0.004148720806
-0.005278219003
-0.00651215561
-0.007944681856
-0.004930019894
-0.005944334251
-0.006704313644
-0.00731195749
-0.007852664916
-0.008336161409
-0.008772948136
-0.009177715668
-0.009563452248
-0.0099409714
-0.01031923155
-0.01070536579
-0.01110471789
-0.01152093311
-0.01195606414
-0.01241067635
-0.01288394731
-0.01337375804
-0.01387677512
-0.01438852521
-0.01490346447
-0.01541504666
-0.0159157942
-0.01639737653
-0.01685070072
-0.01726601859
-0.01763305502
-0.01794116128
-0.01817949737
-0.01833724626
-0.01840386252
-0.01836935652
-0.01822461384
-0.01796174898
-0.01757448931
-0.01705857932
-0.0164122003
-0.01563638753
-0.01473542763
-0.01371721345
-0.01259352844
-0.01138022906
-0.01009729044
-0.008768679775
-0.007422023982
-0.006088043947
-0.00479973904
-0.00359132187
-0.002496925375
-0.001549130807
-0.0007773938147
-0.0002064731245
0.0001450124919
0.0002657619915
0.0001525710962
-0.000189385782
-0.0007468027983
-0.001499146882
-0.002420633401
-0.003481630728
-0.004642913957
-0.005863290647
-0.007209749257
-0.008785678957
-0.006290880682
-0.007306420955
-0.008068751387
-0.008680200441
-0.009226567134
-0.009718002182
-0.01016544215
-0.01058399563
-0.01098703253
-0.01138570214
-0.01178924828
-0.01220503789
-0.0126385978
-0.01309370727
-0.01357250518
-0.01407559562
-0.0146021461
-0.01514997548
-0.01571563085
-0.01629445465
-0.01688064505
-0.01746731344
-0.01804654371
-0.0186094583
-0.01914629618
-0.01964650809
-0.0200988739
-0.02049164712
-0.02081273099
-0.02104989033
-0.02119100253
-0.02122435022
-0.02113895675
-0.0209249645
-0.0205740532
-0.02007989242
-0.01943861828
-0.01864932651
-0.01771455648
-0.01664074709
-0.01543863369
-0.01412355085
-0.01271560024
-0.01123964009
-0.00972505191
-0.008205243928
-0.006716860665
-0.005298684092
-0.003990236154
-0.00283012338
-0.001854200451
-0.001093666844
-0.0005732435016
-0.000309599236
-0.0003102022026
-0.0005727391904
-0.001085173562
-0.001826614623
-0.002769476206
-0.003881104879
-0.005117595183
-0.006432506713
-0.007898969945
-0.009630310415
-0.007770369906
-0.008783039131
-0.009544967767
-0.01015832926
-0.01070891455
-0.01120723642
-0.01166461681
-0.01209652857
-0.0125166887
-0.0129365663
-0.01336568928
-0.01381166921
-0.01428023672
-0.01477533339
-0.01529921852
-0.01585257327
-0.01643459621
-0.01704308677
-0.01767451566
-0.01832408361
-0.01898577155
-0.01965238641
-0.02031560741
-0.02096603838
-0.02159327172
-0.02218596976
-0.0227319693
-0.02321841474
-0.0236319254
-0.0239588017
-0.02418527514
-0.02429780549
-0.02428342806
-0.02413015236
-0.02382741107
-0.02336655463
-0.02274138859
-0.02194873448
-0.0209890056
-0.01986676849
-0.01859126202
-0.01717683552
-0.01564326046
-0.01401586411
-0.01232542968
-0.01060780835
-0.008903195287
-0.007255036687
-0.005708559774
-0.004308952369
-0.003099262305
-0.002118135463
-0.001397558374
-0.000960809778
-0.0008208451226
-0.0009793125101
-0.001426324362
-0.002141219514
-0.003094874478
-0.004251557761
-0.005562280624
-0.006974757704
-0.008568641667
-0.01046789077
-0.009366610504
-0.01037251537
-0.01113141917
-0.01174486142
-0.01229822051
-0.01280229957
-0.01326875152
-0.01371336007
-0.01415015818
-0.01459092461
-0.01504547759
-0.01552169266
-0.01602553385
-0.01656114243
-0.01713094092
-0.01773573406
-0.01837480019
-0.01904596902
-0.01974568464
-0.0204690549
-0.02120989064
-0.02196073878
-0.02271291483
-0.02345654037
-0.02418059175
-0.02487296618
-0.0255205715
-0.02610944601
-0.02662491418
-0.02705178435
-0.02737459386
-0.02757790673
-0.02764666786
-0.02756661691
-0.02732476226
-0.02690991369
-0.02631327294
-0.02552906016
-0.02455518065
-0.02339389264
-0.02205245486
-0.02054371234
-0.01888657115
-0.01710630383
-0.01523461918
-0.01330942683
-0.01137422927
-0.009477085919
-0.007669117343
-0.006002554529
-0.004528388514
-0.003293736059
-0.002339101065
-0.001695770101
-0.001383620249
-0.001409605511
-0.001767116924
-0.002436535071
-0.003387638222
-0.004581668106
-0.005964181668
-0.007476421571
-0.00920493229
-0.01128498886
-0.01107689462
-0.01207244438
-0.01282589043
-0.01343767293
-0.01399236359
-0.01450097529
-0.01497543355
-0.01543178153
-0.01588434265
-0.01634520336
-0.01682448835
-0.01733036739
-0.01786907854
-0.01844501077
-0.01906080256
-0.0197174377
-0.02041433099
-0.02114939917
-0.02191911562
-0.02271854988
-0.02354139515
-0.02437998833
-0.02522532802
-0.0260670966
-0.02689369281
-0.02769228147
-0.02844886728
-0.02914839922
-0.02977491271
-0.03031171573
-0.03074162575
-0.03104726348
-0.031211409
-0.03121742493
-0.0310497488
-0.03069445615
-0.03013990217
-0.02937739699
-0.028401968
-0.02721312807
-0.02581565337
-0.02422032479
-0.02244458134
-0.02051302223
-0.01845768206
-0.01631799452
-0.01414035667
-0.01197721247
-0.00988559371
-0.007925093001
-0.006155298811
-0.004632794044
-0.003407902564
-0.002521451488
-0.002001884371
-0.001863070788
-0.002103097926
-0.002704474544
-0.003636545863
-0.004857730479
-0.006307823938
-0.007920957045
-0.009790925452
-0.01206498222
-0.01289772938
-0.01387974805
-0.01462556247
-0.01523407038
-0.01578866082
-0.01630046632
-0.01678162329
-0.01724838711
-0.01771535448
-0.01819492887
-0.01869757076
-0.01923178819
-0.0198041477
-0.02041934678
-0.02108030413
-0.02178824815
-0.02254279521
-0.02334201281
-0.02418246528
-0.02505924307
-0.02596597837
-0.02689485194
-0.02783659648
-0.02878050307
-0.02971443733
-0.03062487228
-0.03149694508
-0.03231454503
-0.03306043995
-0.03371644857
-0.03426366585
-0.03468274873
-0.03495426898
-0.03505913941
-0.03497911783
-0.03469739221
-0.03419926065
-0.03347285532
-0.03250998308
-0.03130699142
-0.02986567298
-0.0281941644
-0.02630778833
-0.0242297723
-0.02199176175
-0.01963402928
-0.01720527161
-0.0147618844
-0.01236661791
-0.01008654908
-0.007990362231
-0.006145011551
-0.004611940802
-0.003443147502
-0.002677481877
-0.002337614258
-0.002428067793
-0.002934891578
-0.003827947823
-0.005063242926
-0.006574610347
-0.008288441454
-0.01030613633
-0.01278755429
-0.01482490629
-0.01579075943
-0.01652710555
-0.01713088908
-0.01768396677
-0.01819749065
-0.01868374393
-0.01915915394
-0.01963858553
-0.02013478382
-0.02065859158
-0.02121891702
-0.02182272663
-0.02247510283
-0.02317932247
-0.02393693534
-0.02474783361
-0.02561030615
-0.02652107498
-0.02747531419
-0.02846665417
-0.02948717536
-0.03052739755
-0.03157627098
-0.03262117622
-0.03364794024
-0.0346408759
-0.03558285265
-0.03645540613
-0.03723889464
-0.03791271027
-0.03845555284
-0.03884577452
-0.03906180293
-0.03908265014
-0.0388885126
-0.03846145333
-0.03778622259
-0.03685110527
-0.03564890014
-0.03417793945
-0.03244314015
-0.03045703702
-0.02824073134
-0.02582466807
-0.02324913331
-0.02056434462
-0.01782999533
-0.01511411665
-0.01249114563
-0.01003914006
-0.00783616842
-0.005956021637
-0.004463537572
-0.003409974446
-0.002828959236
-0.002733538822
-0.003115091108
-0.003945294884
-0.005178427945
-0.00674232148
-0.00855504716
-0.01072596606
-0.01342812979
-0.01685359614
-0.01780133411
-0.01852680114
-0.01912461999
-0.01967480097
-0.02018840491
-0.02067779679
-0.02115954639
-0.02164879839
-0.02215868472
-0.02270049952
-0.02328363561
-0.02391555223
-0.02460181222
-0.02534614445
-0.02615050978
-0.02701516004
-0.0279386829
-0.02891802897
-0.02994852097
-0.03102384715
-0.03213604319
-0.03327546824
-0.03443078171
-0.03558892775
-0.03673513509
-0.03785293968
-0.03892423813
-0.0399293799
-0.04084730665
-0.04165574703
-0.04233147572
-0.04285064546
-0.04318920108
-0.04332338465
-0.04323033799
-0.04288880587
-0.0422799756
-0.04138837475
-0.04020292945
-0.03871808309
-0.03693498984
-0.03486273373
-0.03251951055
-0.02993368641
-0.02714461835
-0.02420309443
-0.02117122726
-0.01812162387
-0.01513566581
-0.01230077669
-0.00970664029
-0.007440464294
-0.005581559035
-0.004195696046
-0.003329860023
-0.003008068521
-0.003229238042
-0.003968581125
-0.005179678531
-0.00678454643
-0.008692450675
-0.01102108975
-0.01395724424
-0.0189784714
-0.01990699187
-0.0206206954
-0.02121156838
-0.02175750617
-0.02226935677
-0.02275950322
-0.02324464421
-0.02374023911
-0.02425987925
-0.02481540835
-0.0254168171
-0.02607217676
-0.02678764902
-0.02756752764
-0.02841428878
-0.02932863811
-0.03030954595
-0.03135426556
-0.03245833362
-0.03361555428
-0.03481797083
-0.03605583029
-0.03731754743
-0.03858967546
-0.03985689091
-0.04110200048
-0.04230597792
-0.04344803902
-0.04450576336
-0.04545527145
-0.04627146656
-0.0469283505
-0.04739942352
-0.04765817831
-0.0476786963
-0.04743635515
-0.04690869392
-0.04607630914
-0.0449240035
-0.04344197395
-0.04162712989
-0.03948448388
-0.03702856007
-0.03428473927
-0.03129042604
-0.02809588536
-0.02476456047
-0.02137265543
-0.01800775841
-0.01476630809
-0.01174978152
-0.009059618427
-0.006791098006
-0.005026631635
-0.003829156452
-0.003236456922
-0.003257652595
-0.003873691644
-0.005038921032
-0.006670037057
-0.00866716833
-0.01115677283
-0.01433984386
-0.02119385855
-0.02210309216
-0.02280478827
-0.02338804789
-0.02392844022
-0.02443646798
-0.02492447357
-0.02540929397
-0.0259067698
-0.02643106065
-0.02699469579
-0.02760841326
-0.02828104829
-0.02901950765
-0.02982878488
-0.03071199201
-0.03167039355
-0.03270343216
-0.03380873948
-0.03498212966
-0.03621757639
-0.03750717667
-0.0388411065
-0.04020757458
-0.04159278142
-0.04298089129
-0.04435402507
-0.04569228187
-0.04697379782
-0.04817485057
-0.04927001839
-0.05023240329
-0.05103392799
-0.05164571731
-0.0520385752
-0.052183569
-0.0520527317
-0.05161989364
-0.05086166882
-0.04975856264
-0.04829625545
-0.04646701693
-0.0442712438
-0.04171907634
-0.03883202189
-0.03564447621
-0.03220498887
-0.02857706878
-0.02483927991
-0.02108434603
-0.01741698472
-0.0139502463
-0.01080026242
-0.008079527181
-0.005889130775
-0.004310669147
-0.00339880141
-0.003175983487
-0.003631646204
-0.004722886727
-0.006361978427
-0.008439811977
-0.01109211023
-0.01453451197
-0.02349392336
-0.02438504805
-0.02507526326
-0.0256506148
-0.02618420532
-0.02668605039
-0.02716840357
-0.02764828237
-0.0281420182
-0.02866449548
-0.02922911341
-0.02984755234
-0.03052960335
-0.03128309743
-0.03211388825
-0.03302586219
-0.03402095853
-0.03509918678
-0.0362586322
-0.0374954454
-0.0388038155
-0.04017592945
-0.04160192206
-0.04306982265
-0.04456550563
-0.04607265226
-0.04757273182
-0.0490450101
-0.05046659362
-0.05181251798
-0.05305588934
-0.05416808841
-0.05511904702
-0.05587760806
-0.05641198075
-0.05669030527
-0.05668133803
-0.05635525291
-0.05568466595
-0.05464571452
-0.05321939819
-0.05139306071
-0.04916204541
-0.04653149124
-0.04351821183
-0.04015256174
-0.03648014287
-0.03256314255
-0.02848102903
-0.02433027267
-0.02022272961
-0.01628234723
-0.01263995708
-0.009426139757
-0.006762483458
-0.004751946377
-0.003469409462
-0.002954253871
-0.003207731522
-0.004192284368
-0.005817167729
-0.007964257353
-0.01077918211
-0.01449261758
-0.02587289382
-0.0267485855
-0.02742876526
-0.02799634871
-0.02852191936
-0.02901485733
-0.02948729858
-0.02995652976
-0.03043954071
-0.03095215976
-0.03150890205
-0.03212264155
-0.03280436535
-0.03356304634
-0.0344055872
-0.03533680609
-0.03635944335
-0.03747417271
-0.03867960505
-0.03997227827
-0.04134663122
-0.0427949629
-0.04430738113
-0.04587174633
-0.04747361709
-0.04909620538
-0.05072034895
-0.05232450942
-0.05388480405
-0.05537507973
-0.0567670381
-0.05803042086
-0.05913326545
-0.06004224187
-0.06072308308
-0.06114112279
-0.06126195291
-0.06105221205
-0.06048057804
-0.05951883709
-0.05814325412
-0.0563360837
-0.05408730919
-0.05139658125
-0.04827531616
-0.04474887909
-0.04085872145
-0.03666427104
-0.03224429096
-0.0276973365
-0.02314087035
-0.01870857342
-0.0145454534
-0.01080055142
-0.007617404436
-0.005122887325
-0.00341557862
-0.002555779847
-0.002560517122
-0.003400866252
-0.004985093144
-0.007186716203
-0.01016211773
-0.01415738049
-0.02832532761
-0.02919005755
-0.02986273657
-0.0304231888
-0.03093953586
-0.03142037417
-0.03187772604
-0.03232930135
-0.03279299424
-0.03328587733
-0.03382390554
-0.03442146697
-0.03509104207
-0.03584300745
-0.03668553468
-0.03762455013
-0.03866372996
-0.0398045092
-0.04104608909
-0.04238543315
-0.04381724775
-0.04533394712
-0.046925606
-0.04857990529
-0.05028207728
-0.05201485809
-0.05375845504
-0.05549053733
-0.05718625806
-0.05881831622
-0.06035706709
-0.06177069017
-0.06302542453
-0.06408588209
-0.06491545119
-0.06547680428
-0.06573252164
-0.06564584849
-0.06518168828
-0.0643075591
-0.06299504467
-0.06122127423
-0.05897070986
-0.05623718399
-0.0530261703
-0.04935723878
-0.04526659006
-0.04080948824
-0.03606231446
-0.03112385061
-0.02611529163
-0.02117840681
-0.01647127466
-0.01216116533
-0.00841449299
-0.005384282822
-0.003196264152
-0.001935967988
-0.001640752485
-0.002294380658
-0.003806902662
-0.006044700653
-0.009176056504
-0.01346284464
-0.03084643498
-0.03170682783
-0.0323758259
-0.03293033831
-0.03343622193
-0.03390115305
-0.03433709726
-0.03476243369
-0.03519631151
-0.03565745334
-0.03616367503
-0.03673128281
-0.0373746145
-0.03810576113
-0.03893441522
-0.03986780497
-0.0409106819
-0.04206533426
-0.04333160559
-0.04470690497
-0.04618620202
-0.04776200496
-0.04942432374
-0.05116062342
-0.05295577402
-0.0547920047
-0.05664886998
-0.05850323637
-0.06032929777
-0.06209862779
-0.06378027772
-0.06534092891
-0.06674510893
-0.06795548196
-0.06893322518
-0.06963850488
-0.07003107079
-0.07007098472
-0.06971945027
-0.06894000673
-0.06769967404
-0.06597053221
-0.0637315069
-0.06097045355
-0.05768654599
-0.05389294442
-0.04961967066
-0.04491654322
-0.03985591915
-0.03453485523
-0.02907614919
-0.02362758214
-0.0183586092
-0.01345381578
-0.009102756244
-0.005486332637
-0.002760667994
-0.001041006016
-0.0003901465641
-0.0008094033495
-0.002214250208
-0.00446586402
-0.007745989981
-0.01233274702
-0.03343247366
-0.0342977448
-0.03496839174
-0.03551875543
-0.03601280728
-0.03645719904
-0.03686398004
-0.03725257322
-0.03764387366
-0.03805879481
-0.038517555
-0.03903888173
-0.03963940956
-0.04033330668
-0.04113206939
-0.04204443427
-0.04307636615
-0.0442310859
-0.04550911092
-0.04690829013
-0.04842382324
-0.05004826058
-0.05177148465
-0.05358067761
-0.05546028157
-0.05739195906
-0.05935456223
-0.06132411899
-0.06327384452
-0.06517418683
-0.06699291445
-0.06869525518
-0.07024409493
-0.07160024661
-0.07272280016
-0.07356956738
-0.0740976388
-0.07426406831
-0.07402668659
-0.07334517292
-0.07218222502
-0.07050506591
-0.06828720559
-0.06551053338
-0.06216776764
-0.05826526859
-0.05382618063
-0.04889380044
-0.04353496066
-0.03784307025
-0.03194026642
-0.02597793091
-0.02013465784
-0.01461072262
-0.009618304223
-0.005367217518
-0.002046797359
0.0001935300888
0.001259965682
0.001127959935
-0.0001280021662
-0.002366695484
-0.005785460655
-0.01067926176
-0.03608124135
-0.03696373782
-0.0376431311
-0.03819175645
-0.03867232258
-0.03909041812
-0.03945844512
-0.03979742426
-0.04013067335
-0.04048200963
-0.0408747421
-0.0413306378
-0.0418691497
-0.04250693776
-0.04325761061
-0.04413162436
-0.04513628362
-0.04627579839
-0.04755136111
-0.04896121995
-0.05050073456
-0.05216240821
-0.05393589644
-0.0558079962
-0.05776262237
-0.05978077952
-0.06184053793
-0.06391702241
-0.06598242292
-0.06800603549
-0.06995434191
-0.07179113679
-0.07347771089
-0.07497310028
-0.07623441196
-0.07721723882
-0.07787617965
-0.07816548019
-0.07803981389
-0.07745526952
-0.07637048018
-0.07474807468
-0.07255638005
-0.06977148294
-0.06637968639
-0.06238039704
-0.05778944944
-0.05264281498
-0.04700054304
-0.04095062994
-0.03461230087
-0.02813793189
-0.02171257757
-0.01554989881
-0.009883342697
-0.004951823632
-0.0009800575406
0.001844118957
0.003390060851
0.003603510014
0.002543219391
0.00034896442
-0.003195081263
-0.00840158815
-0.0387927045
-0.03970858151
-0.04040587808
-0.04095576766
-0.04142065294
-0.04180514107
-0.04212245081
-0.04239600313
-0.04265246091
-0.04291947462
-0.0432243077
-0.04359251468
-0.04404697397
-0.04460729838
-0.0452895324
-0.04610605376
-0.04706560744
-0.04817341204
-0.04943129282
-0.05083781063
-0.05238836871
-0.05407528927
-0.055887859
-0.05781234771
-0.05983200704
-0.06192705828
-0.06407467868
-0.06624899581
-0.06842109937
-0.07055907942
-0.07262809965
-0.0745905144
-0.07640603811
-0.07803197656
-0.07942353009
-0.08053418095
-0.08131617918
-0.0817211422
-0.08170078935
-0.08120789619
-0.08019729787
-0.07862733825
-0.07646147261
-0.07367026909
-0.07023382622
-0.06614466827
-0.06141116387
-0.05606146914
-0.05014791165
-0.0437515875
-0.03698672416
-0.0300040615
-0.02299215139
-0.01617515757
-0.00980560489
-0.004150736866
0.0005280381877
0.004000740747
0.006093955878
0.006716543336
0.005904690837
0.003791636337
0.0001391804155
-0.005384333048
-0.04156982171
-0.04253989613
-0.04326663669
-0.0438212778
-0.04426734189
-0.0446087429
-0.0448602718
-0.04504889557
-0.04520586544
-0.04536386328
-0.04555517569
-0.04581003284
-0.04615542714
-0.04661441847
-0.04720580703
-0.04794406464
-0.04883943089
-0.04989809693
-0.05112241934
-0.05251112583
-0.05405949033
-0.05575946748
-0.05759978549
-0.05956600195
-0.06164053051
-0.0638026489
-0.06602849841
-0.06829108568
-0.07056029707
-0.0728029353
-0.07498278712
-0.07706073119
-0.07899489482
-0.08074086876
-0.08225198988
-0.08347970328
-0.08437401756
-0.08488407188
-0.08495883448
-0.084547912
-0.08360269883
-0.08207754946
-0.07993138997
-0.07712963053
-0.07364650373
-0.06946791179
-0.06459485772
-0.05904751256
-0.0528699087
-0.04613512416
-0.03895061133
-0.03146300204
-0.02386129459
-0.01637686348
-0.009278376226
-0.002859645749
0.002580937186
0.006768266901
0.009480409907
0.01058161263
0.01007748796
0.008088215183
0.004348034382
-0.001495611901
-0.04441964962
-0.04547048391
-0.04624094028
-0.04680406322
-0.04722659403
-0.04751238304
-0.04767897996
-0.04775851342
-0.04778848163
-0.04780812288
-0.0478560474
-0.0479681913
-0.04817641613
-0.04850773135
-0.04898397976
-0.04962184063
-0.05043302893
-0.05142459325
-0.05259924157
-0.05395564858
-0.05548871848
-0.05718979187
-0.0590467963
-0.06104434664
-0.06316380447
-0.06538330939
-0.06767779343
-0.0700189911
-0.07237545658
-0.07471259873
-0.076992743
-0.07917523014
-0.08121656055
-0.08307059336
-0.08468880999
-0.08602065338
-0.0870139557
-0.08761547192
-0.08777153715
-0.08742886058
-0.0865355423
-0.08504225548
-0.0829037434
-0.08008064478
-0.07654173615
-0.0722666902
-0.06724945106
-0.06150232368
-0.05506083833
-0.04798935582
-0.04038719297
-0.03239472955
-0.0241984862
-0.01603356846
-0.008181279807
-0.0009593169111
0.005297762551
0.01026771088
0.01367477284
0.01533048553
0.01520070541
0.01338439139
0.009581344522
0.003415248163
-0.04735486228
-0.04852014806
-0.04935167067
-0.04992678715
-0.05031854113
-0.05053189886
-0.05058898548
-0.05052934499
-0.05039891046
-0.05024538957
-0.05011526594
-0.05005134109
-0.05009113548
-0.05026607803
-0.05060126529
-0.05111559794
-0.0518221387
-0.05272857105
-0.05383767395
-0.05514775915
-0.05665304237
-0.05834393713
-0.06020727227
-0.06222644339
-0.06438150778
-0.06664924055
-0.06900316429
-0.07141356666
-0.07384751913
-0.07626890935
-0.07863849563
-0.08091399556
-0.08305021723
-0.08499924233
-0.08671067121
-0.08813194072
-0.0892087274
-0.08988545171
-0.09010590164
-0.08981399666
-0.08895473152
-0.08747532466
-0.08532662933
-0.08246487212
-0.07885379062
-0.07446727969
-0.06929266187
-0.06333471454
-0.05662057773
-0.04920560751
-0.04118009393
-0.03267647501
-0.02387619565
-0.01501467236
-0.006382008965
0.001683659028
0.008813503609
0.01463722632
0.0188206405
0.02111433512
0.02143409704
0.0198476396
0.01601123792
0.009520581219
-0.05039588195
-0.05171821212
-0.05263152878
-0.05322111306
-0.05357085652
-0.05368889044
-0.05360464429
-0.05336818725
-0.05303673673
-0.05266882602
-0.05232061017
-0.05204300706
-0.05187996401
-0.05186770413
-0.05203465328
-0.05240179575
-0.052983263
-0.05378701017
-0.05481548236
-0.05606621226
-0.05753232029
-0.05920290839
-0.06106335182
-0.06309550599
-0.0652778368
-0.06758550158
-0.06999039239
-0.07246115796
-0.07496321914
-0.07745880164
-0.07990697541
-0.08226373252
-0.08448210346
-0.08651232283
-0.08830205537
-0.0897966928
-0.09093973429
-0.0916732651
-0.09193855131
-0.09167677153
-0.09082991819
-0.08934190836
-0.08715990512
-0.08423601198
-0.08052928755
-0.07600827851
-0.07065415867
-0.0644646342
-0.05745878968
-0.04968302971
-0.04121817503
-0.03218754055
-0.02276536832
-0.01318425624
-0.003739223006
0.005215103588
0.01327845187
0.02003268789
0.02508144893
0.02810620203
0.0289612815
0.02767101018
0.02383613559
0.01701810461
-0.05357392006
-0.05510706375
-0.05612643415
-0.05673052507
-0.05702082509
-0.05701203674
-0.05674492819
-0.05628433543
-0.05570241365
-0.05507135682
-0.0544590018
-0.05392564995
-0.05352233067
-0.05329025078
-0.05326102527
-0.05345736665
-0.05389399416
-0.05457859415
-0.05551272397
-0.05669260004
-0.05810974505
-0.0597514919
-0.06160135195
-0.06363928255
-0.0658418381
-0.06818228685
-0.07063065797
-0.07315376028
-0.07571518108
-0.07827534203
-0.0807914956
-0.08321779648
-0.08550540012
-0.0876026085
-0.08945507532
-0.09100608108
-0.09219689071
-0.09296720838
-0.09325574673
-0.09300092948
-0.09214176028
-0.09061893694
-0.08837598518
-0.08536108027
-0.08152884568
-0.07684280654
-0.07127839169
-0.06482668581
-0.05749913829
-0.04933346255
-0.04040091166
-0.03081496122
-0.020741044
-0.01040626097
-0.0001068705918
0.009790146461
0.01885656173
0.02662760461
0.03264188471
0.03650376429
0.03799371163
0.03707807084
0.03328614516
0.02613591316
-0.05693538739
-0.05874721216
-0.05990025525
-0.06051411639
-0.06071799706
-0.06053867266
-0.0600341293
-0.05928967671
-0.05839699906
-0.05744525478
-0.05651609128
-0.05568034536
-0.05499653392
-0.05451072734
-0.05425727097
-0.05425995338
-0.05453334166
-0.05508409765
-0.05591216515
-0.05701177394
-0.05837224698
-0.05997862649
-0.06181208818
-0.06385031896
-0.06606760622
-0.06843505905
-0.07092059573
-0.07348897882
-0.07610181399
-0.07871755526
-0.08129151259
-0.08377589343
-0.08611987891
-0.0882697471
-0.09016905468
-0.09175888813
-0.09297819718
-0.09376422549
-0.09405305558
-0.09378028816
-0.09288188293
-0.09129520017
-0.08896023365
-0.08582118809
-0.08182833604
-0.07694034212
-0.07112712267
-0.06437345055
-0.05668347911
-0.04808650985
-0.0386442853
-0.02846003425
-0.01768921228
-0.006551227271
0.004659721756
0.0155683492
0.02572227568
0.03461197406
0.0417088861
0.0465324204
0.04877567024
0.04832950903
0.04463049511
0.03713941159
-0.06054839183
-0.06272460828
-0.06404145524
-0.06465169067
-0.06472756035
-0.06431661886
-0.06350251378
-0.06239857645
-0.06112163482
-0.05978148637
-0.05847564947
-0.05728632216
-0.05627946729
-0.05550542413
-0.05500036384
-0.05478811096
-0.05488202088
-0.05528672348
-0.05599963255
-0.05701218181
-0.05831079229
-0.0598776605
-0.06169107764
-0.06372605
-0.06595430375
-0.06834447664
-0.07086215069
-0.07346985462
-0.07612704435
-0.07879008029
-0.08141221581
-0.08394361097
-0.08633138207
-0.08851969801
-0.09044993468
-0.09206089891
-0.09328913492
-0.09406932818
-0.09433482423
-0.09401828267
-0.09305249089
-0.09137136801
-0.08891119204
-0.08561209741
-0.08141989805
-0.07628832066
-0.07018175545
-0.06307869382
-0.05497607272
-0.04589485522
-0.03588722297
-0.02504578478
-0.01351505314
-0.001504872321
0.01069556048
0.02270646994
0.03405514563
0.0441894558
0.05251181826
0.05844860732
0.06159061575
0.0617321418
0.05818807294
0.05034125962
-0.06451248028
-0.06716139409
-0.06867250141
-0.06925061051
-0.0691345324
-0.06840615771
-0.06718672096
-0.06562732988
-0.06387655848
-0.06206863601
-0.06031861554
-0.05872023541
-0.05734614356
-0.05624966833
-0.05546730568
-0.05502138813
-0.0549226202
-0.0551723099
-0.05576422396
-0.05668606051
-0.05792056676
-0.05944636555
-0.06123848567
-0.0632687648
-0.06550602609
-0.06791618892
-0.07046229006
-0.07310445786
-0.07579986336
-0.07850266698
-0.08116397581
-0.08373182554
-0.08615119836
-0.08836408781
-0.09030962164
-0.09192425426
-0.09314204188
-0.09389501522
-0.09411366735
-0.0937275772
-0.09266619217
-0.09085979586
-0.08824070637
-0.08474472356
-0.0803129006
-0.07489370077
-0.06844564388
-0.06094059675
-0.05236793556
-0.04273991365
-0.03209867456
-0.02052549161
-0.008152762765
0.004821155404
0.01811495247
0.03134808975
0.04403128853
0.055571881
0.06530106306
0.07254306762
0.07676924661
0.07765141839
0.07434274961
0.0661161217
-0.06897355915
-0.07223193503
-0.07396326222
-0.07445489018
-0.07404873825
-0.07288182802
-0.07112946701
-0.06899273346
-0.0666592467
-0.06429106748
-0.0620215141
-0.05995493102
-0.05816880821
-0.0567172387
-0.05563477466
-0.05494013773
-0.05463950904
-0.05472928624
-0.05519826861
-0.0560293477
-0.05720074802
-0.058686888
-0.06045895639
-0.06248526318
-0.06473141781
-0.06716039394
-0.06973251159
-0.07240537114
-0.07513376422
-0.07786958086
-0.08056172858
-0.08315607684
-0.08559543841
-0.08781959803
-0.08976539933
-0.09136690112
-0.09255561602
-0.09326084594
-0.09341013164
-0.09292983725
-0.0917458919
-0.08978470672
-0.0869743394
-0.08324587064
-0.07853511563
-0.07278469625
-0.06594657604
-0.057985203
-0.04888148124
-0.03863791137
-0.0272854008
-0.01489241908
-0.001577203041
0.01247591534
0.02699709019
0.04160911635
0.05581033519
0.06896956931
0.08034367392
0.0891433625
0.09469960009
0.09652896635
0.09356619363
0.08492333304
-0.07414738413
-0.07818714079
-0.08015012021
-0.08045697678
-0.07961018556
-0.07783325268
-0.07537766176
-0.07250893284
-0.06946095601
-0.06642570559
-0.06355372894
-0.06095727502
-0.05871528288
-0.05687913383
-0.05547821528
-0.05452483118
-0.05401829583
-0.05394821622
-0.05429688885
-0.05504126947
-0.05615416637
-0.05760513967
-0.05936103981
-0.06138630425
-0.06364307767
-0.06609121437
-0.06868820177
-0.07138903906
-0.07414609619
-0.0769089728
-0.07962437227
-0.08223600355
-0.08468452133
-0.08690751463
-0.08883955354
-0.09041230483
-0.09155472847
-0.09219336866
-0.09225275601
-0.09165594164
-0.09032518358
-0.08818278489
-0.0851522231
-0.08115940711
-0.07613430855
-0.07001291713
-0.06273963047
-0.05427021736
-0.04457556578
-0.0336465576
-0.02150060214
-0.008190611425
0.006182525474
0.02145281248
0.03736745007
0.05355794637
0.06951605923
0.08457512424
0.09791371723
0.1086140161
0.1158391483
0.1189072914
0.1164525687
0.1073431529
-0.08035788797
-0.08539202818
-0.08756310176
-0.0875122484
-0.0859935987
-0.08336328737
-0.07997720871
-0.07618100543
-0.07226036629
-0.06843638224
-0.06487278303
-0.06168436476
-0.0589459906
-0.05670125242
-0.05497001467
-0.05375459493
-0.05304462979
-0.05282069454
-0.05305703585
-0.05372341508
-0.05478636355
-0.0562099744
-0.05795634193
-0.05998575618
-0.06225672616
-0.06472589176
-0.06734786707
-0.07007504767
-0.07285740652
-0.07564229655
-0.07837427371
-0.08099495177
-0.08344289803
-0.08565357853
-0.08755936149
-0.08908958823
-0.09017072225
-0.09072658861
-0.09067871851
-0.08994681974
-0.08844938986
-0.0861044354
-0.08283057107
-0.07854807842
-0.07318042454
-0.06665604119
-0.05891050079
-0.04988922369
-0.0395509173
-0.02787208716
-0.01485317573
-0.0005271983396
0.0150278391
0.03167105925
0.04917390305
0.06718871414
0.08520826025
0.1025373053
0.1182732515
0.1313507545
0.1407276319
0.1454641306
0.1437722106
0.1341373542
-0.08810250121
-0.09438473872
-0.09666366452
-0.09595489412
-0.09340897635
-0.08957995884
-0.08496123779
-0.0799925492
-0.07501214722
-0.0702640552
-0.06591633654
-0.06207715461
-0.05880894299
-0.05614045469
-0.05407637762
-0.05260468002
-0.05170201355
-0.05133759832
-0.0514758778
-0.05207826743
-0.05310423722
-0.05451191131
-0.05625832881
-0.05829947604
-0.06059016869
-0.06308384261
-0.0657322946
-0.0684854034
-0.07129085215
-0.0740938679
-0.07683698936
-0.07945987184
-0.0818991365
-0.0840882707
-0.08595758618
-0.0874342426
-0.08844234492
-0.0889031246
-0.08873521694
-0.08785505323
-0.08617737871
-0.08361582648
-0.08008394899
-0.0754960245
-0.06976839763
-0.06282099824
-0.05457919876
-0.04497613664
-0.03395568788
-0.02147642333
-0.007517116465
0.007915258767
0.02477356061
0.04295238139
0.0622611291
0.08238620619
0.102842948
0.1229203804
0.141637736
0.1577621585
0.1699968056
0.1770587103
0.1765552366
0.1663546919
-0.09816893141
-0.1059705311
-0.1080952176
-0.106210665
-0.1020914392
-0.09657555247
-0.09032614909
-0.08388288461
-0.07762719019
-0.07181058636
-0.0665893285
-0.06205047352
-0.05823206416
-0.05513865442
-0.05275272702
-0.05104278132
-0.04996891483
-0.04948651809
-0.04954862027
-0.0501072793
-0.05111430847
-0.05252155663
-0.05428089551
-0.05634402317
-0.05866215892
-0.06118568214
-0.06386375049
-0.06664392155
-0.06947179429
-0.07229068111
-0.07504131841
-0.07766162101
-0.0800864852
-0.08224764448
-0.08407358256
-0.08548950862
-0.08641740058
-0.08677612341
-0.08648163143
-0.08544726714
-0.08358415559
-0.08080166521
-0.07700820581
-0.07211184818
-0.06602135743
-0.0586473518
-0.04990370823
-0.03970932061
-0.02799037354
-0.01468343852
0.0002600516673
0.01686697731
0.0351317196
0.05499875582
0.0763348724
0.09888655271
0.1222196965
0.1456428803
0.1681166209
0.1882287601
0.2043696897
0.2147906449
0.216221067
0.205521049
-0.1118557687
-0.1213724719
-0.1227446791
-0.1187952554
-0.112267597
-0.1043817276
-0.09598694752
-0.0877079138
-0.07994069852
-0.07291391773
-0.06674527348
-0.06147922717
-0.0571131195
-0.05361546524
-0.05093825877
-0.04902496061
-0.04781548548
-0.04724915508
-0.04726629449
-0.04780894416
-0.04882101108
-0.05024807793
-0.05203701439
-0.05413548493
-0.05649141382
-0.05905244594
-0.06176542715
-0.06457591881
-0.06742775477
-0.07026264578
-0.07301983414
-0.07563580011
-0.07804402144
-0.08017478746
-0.08195506921
-0.08330844787
-0.08415510418
-0.0844118716
-0.08399235919
-0.08280714857
-0.08076403472
-0.07776841261
-0.07372368669
-0.06853176181
-0.06209364995
-0.05431016064
-0.04508270642
-0.03431428441
-0.0219107526
-0.007782650194
0.008151945797
0.02596259644
0.04569801936
0.06737101372
0.09093203978
0.1162247922
0.1429158174
0.1703890026
0.1976107029
0.2230223625
0.2446303358
0.2600635639
0.2647781583
0.2539997191
-0.1314192716
-0.1424707642
-0.1417935072
-0.1342652213
-0.1240694391
-0.1128788532
-0.1016969982
-0.09117551886
-0.08166332104
-0.07331277556
-0.06616165457
-0.06018170292
-0.05530856957
-0.05146078149
-0.04855095188
-0.04649211263
-0.04520095856
-0.04459922418
-0.04461395915
-0.04517718269
-0.04622521325
-0.04769785169
-0.04953752208
-0.05168842901
-0.05409576274
-0.05670496772
-0.05946108024
-0.0623081363
-0.06518864791
-0.0680431451
-0.07080978059
-0.07342399436
-0.07581823578
-0.07792174153
-0.07966036802
-0.08095647747
-0.0817288764
-0.08189280467
-0.08135997964
-0.08003869655
-0.07783387697
-0.07464742632
-0.07037816358
-0.06492217695
-0.05817295336
-0.05002149619
-0.04035639156
-0.02906380375
-0.01602743595
-0.001128594263
0.01575330112
0.03473900217
0.05594497925
0.07947326018
0.1053902115
0.1336856886
0.1641993774
0.1964908313
0.2296397366
0.2621275695
0.2914926508
0.314605746
0.32512829
0.3157079576
-0.1610132005
-0.1721648286
-0.1666741159
-0.1530282577
-0.1373234192
-0.1216095979
-0.1069007121
-0.09373764525
-0.08230662021
-0.07259769445
-0.06450906885
-0.05790072199
-0.05262229552
-0.04852797354
-0.04548319122
-0.04336681926
-0.04207101648
-0.04149997495
-0.04156822182
-0.04219882747
-0.04332169204
-0.04487198413
-0.04678875399
-0.0490137184
-0.05149020367
-0.05416222929
-0.05697371496
-0.05986779537
-0.06278622932
-0.06566889201
-0.06845334138
-0.07107445139
-0.07346410631
-0.07555095118
-0.0772601946
-0.07851345982
-0.07922867894
-0.079320024
-0.07869788589
-0.07726889182
-0.07493556996
-0.07159718174
-0.06714862862
-0.06148088345
-0.05448063208
-0.04602973987
-0.03600448766
-0.02427442822
-0.01070076861
0.004865765843
0.02258750972
0.04264249949
0.06522613256
0.09054940275
0.118828591
0.150256852
0.1849408474
0.2227706255
0.2631786553
0.3048112075
0.34522755
0.3803223549
0.4014593958
0.3974121418
-0.2085056821
-0.214843222
-0.1988170238
-0.1749341143
-0.1511688488
-0.1294799166
-0.1105262486
-0.09446107286
-0.08111138416
-0.07017728655
-0.06134045904
-0.05430531379
-0.04881285095
-0.04464281843
-0.04161035632
-0.03956068354
-0.03836360759
-0.03790856249
-0.03810038129
-0.03885579906
-0.04010059895
-0.04176729216
-0.04379322831
-0.04611904813
-0.04868740732
-0.05144191603
-0.05432625101
-0.05728340775
-0.06025506787
-0.06318106284
-0.06599891986
-0.06864347876
-0.07104657138
-0.07313675625
-0.0748391026
-0.0760750165
-0.07676210142
-0.07681404864
-0.07614058584
-0.0746474416
-0.07223501312
-0.06880124079
-0.0642380011
-0.05843222266
-0.05126503713
-0.04261059916
-0.03233448937
-0.02029139657
-0.006321814741
0.009752544913
0.02813495404
0.04906172937
0.07281206476
0.09971856147
0.1301750513
0.1646335803
0.2035729416
0.2474002272
0.2962198245
0.3494295524
0.4051434608
0.4588655538
0.499454305
0.5103633501
-0.2889071951
-0.2766195218
-0.2391636754
-0.1988787337
-0.1637654537
-0.134597822
-0.1109563511
-0.09209107696
-0.0771599593
-0.06540781945
-0.0562185389
-0.04910660961
-0.04369464884
-0.03968997758
-0.03686412755
-0.0350365192
-0.03406205783
-0.03382187508
-0.03421645334
-0.0351605091
-0.03657915524
-0.03840498789
-0.04057584283
-0.04303304021
-0.04571998898
-0.04858106036
-0.05156066573
-0.05460249298
-0.05764886838
-0.06064021998
-0.0635146252
-0.06620742943
-0.06865092542
-0.07077408542
-0.07250233929
-0.07375738656
-0.07445703736
-0.07451508769
-0.07384117802
-0.07234039745
-0.06991357018
-0.06645645401
-0.06185950363
-0.0560071474
-0.04877667744
-0.04003668582
-0.02964476332
-0.0174441432
-0.00325886509
0.01311314311
0.031909897
0.05341921032
0.07799794585
0.1060980543
0.1382999749
0.1753510564
0.2181975518
0.2679743843
0.3258913322
0.3929523629
0.4691159387
0.5507076145
0.6258108481
0.6730192094
-0.4364622023
-0.3634313654
-0.285037403
-0.2207984568
-0.1711426253
-0.1337259735
-0.1058724353
-0.08509956177
-0.06949935024
-0.05772231087
-0.04882351264
-0.04213729731
-0.03719126849
-0.0336453361
-0.03124927992
-0.02981422026
-0.0291935941
-0.02927033424
-0.02994810409
-0.03114520906
-0.03279028441
-0.03481917247
-0.03717260688
-0.03979445371
-0.04263034416
-0.04562658848
-0.04872929659
-0.05188365461
-0.05503332236
-0.05811992706
-0.06108263593
-0.06385779477
-0.06637862241
-0.06857495257
-0.07037301399
-0.07169524313
-0.07246012211
-0.07258204785
-0.07197107769
-0.07053252773
-0.06816841683
-0.06477328895
-0.06023734922
-0.05444412797
-0.04726916855
-0.03857826698
-0.02822473092
-0.0160453475
-0.001854514987
0.01456432097
0.03347122525
0.05518831138
0.080127318
0.1088308832
0.1420344079
0.1807579535
0.2264366825
0.2810847892
0.3474854606
0.4293638208
0.5305381226
0.6510415003
0.7866277377
0.9277462537
-0.7486368947
-0.4723936121
-0.3134824745
-0.2210846793
-0.1594276853
-0.1175595661
-0.08921200022
-0.06955584294
-0.05552283227
-0.04531530844
-0.03783450679
-0.03237418006
-0.02846777718
-0.02579817391
-0.02414156885
-0.02333349554
-0.02324818397
-0.023785648
-0.02486335446
-0.02641069874
-0.02836523142
-0.03066999562
-0.03327158455
-0.03611867789
-0.03916090498
-0.04234793763
-0.04562874926
-0.04895099876
-0.05226051127
-0.05550083679
-0.05861287337
-0.06153454541
-0.06420052935
-0.06654202051
-0.06848653454
-0.06995773827
-0.07087530625
-0.07115472668
-0.07070650446
-0.06943875826
-0.06725261933
-0.06404451265
-0.0597054929
-0.05411990222
-0.04716408811
-0.038704576
-0.02859529599
-0.016673506
-0.002753828145
0.01338052786
0.03199081353
0.05340243039
0.07803522976
0.1064512882
0.1394323972
0.1781096188
0.2241845465
0.2803110813
0.350788978
0.4427361237
0.5665461726
0.7348855171
0.9821388684
1.37902436
-1.331169154
-0.5837410971
-0.2774944889
-0.1663228737
-0.1088375239
-0.07455332828
-0.05403215238
-0.04109031308
-0.03231507657
-0.02610361052
-0.02165631086
-0.01852112414
-0.01642275009
-0.01518276262
-0.01467640258
-0.01480974189
-0.01550759907
-0.01670672412
-0.01835166716
-0.02039211968
-0.02278110118
-0.02547364758
-0.02842580982
-0.03159385353
-0.03493359555
-0.03839983846
-0.04194587931
-0.04552307774
-0.04908047432
-0.05256445283
-0.05591844287
-0.05908265947
-0.06199387731
-0.06458523654
-0.06678607618
-0.06852178817
-0.06971368145
-0.0702789283
-0.07013121221
-0.06917746293
-0.06732206797
-0.06446377127
-0.06049578583
-0.05530518518
-0.04877179005
-0.04076658675
-0.0311494101
-0.01976555329
-0.006440828307
0.009025652785
0.02687212202
0.04739009598
0.07094881837
0.09803401281
0.1293121885
0.1657439748
0.2087989342
0.2608996332
0.3264506092
0.4143078411
0.542719483
0.7529502316
1.178615181
2.051401318
)
;

boundaryField
{
    movingWall
    {
        type            zeroGradient;
    }
    fixedWalls
    {
        type            zeroGradient;
    }
    frontAndBack
    {
        type            empty;
    }
}


// ************************************************************************* //
