/*--------------------------------*- C++ -*----------------------------------*\
  =========                 |
  \\      /  F ield         | OpenFOAM: The Open Source CFD Toolbox
   \\    /   O peration     | Website:  https://openfoam.org
    \\  /    A nd           | Version:  11
     \\/     M anipulation  |
\*---------------------------------------------------------------------------*/
FoamFile
{
    format      ascii;
    class       surfaceScalarField;
    location    "1000";
    object      phi;
}
// * * * * * * * * * * * * * * * * * * * * * * * * * * * * * * * * * * * * * //

dimensions      [0 3 -1 0 0 0 0];

internalField   nonuniform List<scalar> 
2320
(
2.74940498e-07
-2.578801619e-09
2.809794138e-07
-6.038915804e-09
2.878595786e-07
-6.880164731e-09
2.939154408e-07
-6.055862218e-09
2.990854771e-07
-5.170036296e-09
3.03657994e-07
-4.572516912e-09
3.077591068e-07
-4.10111283e-09
3.114781067e-07
-3.718999825e-09
3.149096398e-07
-3.431533103e-09
3.181203137e-07
-3.210673933e-09
3.211503133e-07
-3.029999607e-09
3.240279493e-07
-2.877635994e-09
3.26775147e-07
-2.747197685e-09
3.294087555e-07
-2.63360848e-09
3.319419026e-07
-2.533147172e-09
3.343851961e-07
-2.443293513e-09
3.36747447e-07
-2.362250843e-09
3.390360905e-07
-2.288643499e-09
3.412574752e-07
-2.221384736e-09
3.434170824e-07
-2.159607139e-09
3.455196907e-07
-2.102608394e-09
3.475694996e-07
-2.049808838e-09
3.495702227e-07
-2.000723091e-09
3.515251638e-07
-1.95494116e-09
3.534372779e-07
-1.912114037e-09
3.553092201e-07
-1.871942253e-09
3.571433871e-07
-1.834167005e-09
3.589419504e-07
-1.79856327e-09
3.607068847e-07
-1.764934284e-09
3.624399917e-07
-1.733107063e-09
3.641429205e-07
-1.702928755e-09
3.658171842e-07
-1.674263652e-09
3.674641749e-07
-1.646990733e-09
3.690851765e-07
-1.621001599e-09
3.706813753e-07
-1.596198777e-09
3.722538695e-07
-1.572494273e-09
3.738036779e-07
-1.549808372e-09
3.753317465e-07
-1.528068607e-09
3.768389554e-07
-1.507208893e-09
3.783261242e-07
-1.487168787e-09
3.79794017e-07
-1.467892851e-09
3.812433472e-07
-1.449330115e-09
3.826747808e-07
-1.431433601e-09
3.840889407e-07
-1.414159929e-09
3.854864096e-07
-1.397468956e-09
3.868677331e-07
-1.381323478e-09
3.882334221e-07
-1.365688963e-09
3.895839554e-07
-1.350533317e-09
3.909197821e-07
-1.335826678e-09
3.922413233e-07
-1.321541234e-09
3.935489744e-07
-1.307651068e-09
3.948431064e-07
-1.294132006e-09
3.961240679e-07
-1.28096149e-09
3.973921863e-07
-1.268118466e-09
3.986477696e-07
-1.255583276e-09
3.998911072e-07
-1.243337565e-09
4.011224714e-07
-1.231364189e-09
4.023421185e-07
-1.219647141e-09
4.0355029e-07
-1.208171476e-09
-1.196923238e-09
8.24851502e-07
-1.034521435e-08
8.43600377e-07
-2.47877908e-08
8.640722988e-07
-2.735208656e-08
8.819238556e-07
-2.390741898e-08
8.974635578e-07
-2.070973848e-08
9.112749839e-07
-1.838394308e-08
9.235687713e-07
-1.639490021e-08
9.347005185e-07
-1.4850747e-08
9.449979222e-07
-1.372893687e-08
9.546360058e-07
-1.28487575e-08
9.637252519e-07
-1.211924574e-08
9.72357045e-07
-1.150942903e-08
9.805993584e-07
-1.098951105e-08
9.885011608e-07
-1.053541091e-08
9.961013224e-07
-1.013330875e-08
1.003431989e-06
-9.773960658e-09
1.010519685e-06
-9.449946691e-09
1.017386631e-06
-9.155588999e-09
1.024051839e-06
-8.886593355e-09
1.030531763e-06
-8.639530795e-09
1.036840739e-06
-8.411583987e-09
1.042991357e-06
-8.200427177e-09
1.048994755e-06
-8.004121394e-09
1.054860843e-06
-7.821028887e-09
1.060598482e-06
-7.64975342e-09
1.066215637e-06
-7.489096515e-09
1.071719492e-06
-7.338022477e-09
1.077116559e-06
-7.195630473e-09
1.082412757e-06
-7.061132363e-09
1.087613485e-06
-6.933834857e-09
1.092723682e-06
-6.813125007e-09
1.097747876e-06
-6.698458271e-09
1.102690234e-06
-6.589348725e-09
1.107554593e-06
-6.485360852e-09
1.112344497e-06
-6.386102798e-09
1.117063224e-06
-6.291220638e-09
1.121713809e-06
-6.200393608e-09
1.12629907e-06
-6.113330034e-09
1.130821625e-06
-6.029763899e-09
1.135283909e-06
-5.949451901e-09
1.139688187e-06
-5.872170944e-09
1.144036573e-06
-5.797716008e-09
1.148331037e-06
-5.72589825e-09
1.152573421e-06
-5.656543452e-09
1.156765442e-06
-5.589490566e-09
1.160908709e-06
-5.524590522e-09
1.165004726e-06
-5.461705178e-09
1.169054899e-06
-5.400706346e-09
1.173060547e-06
-5.341474969e-09
1.177022906e-06
-5.283900397e-09
1.180943135e-06
-5.22787972e-09
1.18482232e-06
-5.173317176e-09
1.188661482e-06
-5.120123611e-09
1.19246158e-06
-5.068216006e-09
1.196223513e-06
-5.017517047e-09
1.19994813e-06
-4.967954715e-09
1.203636228e-06
-4.919461927e-09
1.207288557e-06
-4.871976195e-09
1.210905825e-06
-4.825439332e-09
-4.779797137e-09
1.375098227e-06
-2.363495886e-08
1.406945049e-06
-5.663461305e-08
1.441199708e-06
-6.16067461e-08
1.470900678e-06
-5.360838874e-08
1.496818302e-06
-4.662736247e-08
1.519849309e-06
-4.141495004e-08
1.540315765e-06
-3.686135649e-08
1.55885005e-06
-3.338503169e-08
1.576007593e-06
-3.08864799e-08
1.592069722e-06
-2.891088615e-08
1.607217372e-06
-2.726689613e-08
1.6216041e-06
-2.589615674e-08
1.635343139e-06
-2.472854977e-08
1.648515357e-06
-2.370762934e-08
1.661185247e-06
-2.280319832e-08
1.673406357e-06
-2.199507134e-08
1.685222841e-06
-2.126642998e-08
1.696671659e-06
-2.060440739e-08
1.707784459e-06
-1.999939295e-08
1.718588637e-06
-1.944370927e-08
1.729108072e-06
-1.893101854e-08
1.739363731e-06
-1.845608688e-08
1.749374165e-06
-1.801455526e-08
1.759155877e-06
-1.760274059e-08
1.768723623e-06
-1.721750007e-08
1.778090661e-06
-1.68561342e-08
1.787268947e-06
-1.651630866e-08
1.796269308e-06
-1.619599137e-08
1.805101579e-06
-1.589340267e-08
1.813774719e-06
-1.560697548e-08
1.822296917e-06
-1.533532281e-08
1.83067567e-06
-1.507721118e-08
1.83891786e-06
-1.483153881e-08
1.847029816e-06
-1.45973173e-08
1.85501737e-06
-1.437365675e-08
1.862885903e-06
-1.415975296e-08
1.870640386e-06
-1.395487693e-08
1.878285422e-06
-1.375836578e-08
1.885825273e-06
-1.356961519e-08
1.893263894e-06
-1.338807283e-08
1.900604956e-06
-1.32132328e-08
1.907851871e-06
-1.304463084e-08
1.915007813e-06
-1.288184011e-08
1.922075737e-06
-1.27244677e-08
1.929058397e-06
-1.257215125e-08
1.935958363e-06
-1.242455633e-08
1.942778032e-06
-1.2281374e-08
1.949519644e-06
-1.21423185e-08
1.956185295e-06
-1.200712541e-08
1.962776944e-06
-1.187554989e-08
1.96929643e-06
-1.174736517e-08
1.975745473e-06
-1.162236104e-08
1.982125693e-06
-1.150034266e-08
1.988438606e-06
-1.138112937e-08
1.994685642e-06
-1.126455364e-08
2.000868148e-06
-1.115046012e-08
2.006987391e-06
-1.103870473e-08
2.013044568e-06
-1.092915381e-08
2.019040812e-06
-1.082168349e-08
-1.071617882e-08
1.925891709e-06
-4.299479244e-08
1.971524555e-06
-1.022674599e-07
2.019868155e-06
-1.099503459e-07
2.061526662e-06
-9.526689597e-08
2.097848867e-06
-8.294956744e-08
2.130066439e-06
-7.363252177e-08
2.158671175e-06
-6.546609254e-08
2.184591758e-06
-5.93056145e-08
2.208599847e-06
-5.489456855e-08
2.231079975e-06
-5.139101419e-08
2.252284626e-06
-4.847154773e-08
2.272427881e-06
-4.603941149e-08
2.2916667e-06
-4.396736877e-08
2.310113485e-06
-4.215441462e-08
2.327858158e-06
-4.054787142e-08
2.34497542e-06
-3.911233331e-08
2.361526894e-06
-3.781790367e-08
2.377564208e-06
-3.664172118e-08
2.393131586e-06
-3.556677144e-08
2.408267328e-06
-3.45794515e-08
2.423004817e-06
-3.366850743e-08
2.437373369e-06
-3.282463853e-08
2.45139891e-06
-3.204009627e-08
2.465104497e-06
-3.130832791e-08
2.478510732e-06
-3.062373507e-08
2.491636101e-06
-2.998150316e-08
2.504497256e-06
-2.937746356e-08
2.517109247e-06
-2.880798237e-08
2.529485717e-06
-2.826987264e-08
2.541639066e-06
-2.776032427e-08
2.55358059e-06
-2.727684717e-08
2.565320604e-06
-2.681722459e-08
2.57686854e-06
-2.637947501e-08
2.588233043e-06
-2.596182014e-08
2.599422045e-06
-2.556265886e-08
2.610442837e-06
-2.518054488e-08
2.621302128e-06
-2.48141683e-08
2.632006102e-06
-2.446233969e-08
2.642560464e-06
-2.412397668e-08
2.652970483e-06
-2.379809237e-08
2.663241036e-06
-2.348378532e-08
2.673376636e-06
-2.318023108e-08
2.68338147e-06
-2.288667437e-08
2.693259425e-06
-2.260242281e-08
2.703014115e-06
-2.232684072e-08
2.712648903e-06
-2.205934419e-08
2.722166925e-06
-2.179939647e-08
2.73157111e-06
-2.154650378e-08
2.740864197e-06
-2.130021161e-08
2.750048748e-06
-2.106010153e-08
2.759127171e-06
-2.08257881e-08
2.768101726e-06
-2.059691617e-08
2.776974542e-06
-2.03731584e-08
2.785747626e-06
-2.0154213e-08
2.794422874e-06
-1.993980175e-08
2.803002082e-06
-1.972966806e-08
2.811486952e-06
-1.952357526e-08
2.819879103e-06
-1.932130502e-08
2.828180076e-06
-1.912265594e-08
-1.892744212e-08
2.477505823e-06
-6.924534234e-08
2.537964279e-06
-1.627259165e-07
2.600791674e-06
-1.727777408e-07
2.654532621e-06
-1.490078422e-07
2.701296261e-06
-1.297132078e-07
2.742656682e-06
-1.149929424e-07
2.779351187e-06
-1.021605976e-07
2.81263552e-06
-9.258994811e-08
2.843482628e-06
-8.574167656e-08
2.872374463e-06
-8.028284823e-08
2.899635842e-06
-7.573292729e-08
2.925539371e-06
-7.194294016e-08
2.950283796e-06
-6.871179419e-08
2.974012496e-06
-6.588311386e-08
2.996840547e-06
-6.337592255e-08
3.018863498e-06
-6.113528449e-08
3.040160254e-06
-5.911466025e-08
3.060797013e-06
-5.727847969e-08
3.080830498e-06
-5.560025671e-08
3.100309832e-06
-5.405878524e-08
3.119277817e-06
-5.263649282e-08
3.137772014e-06
-5.13188354e-08
3.155825597e-06
-5.009367858e-08
3.173468012e-06
-4.895074366e-08
3.190725511e-06
-4.788123319e-08
3.207621575e-06
-4.687756805e-08
3.224177287e-06
-4.59331751e-08
3.240411621e-06
-4.504231593e-08
3.2563417e-06
-4.419995189e-08
3.271983012e-06
-4.34016365e-08
3.287349593e-06
-4.264342831e-08
3.302454188e-06
-4.192181914e-08
3.317308388e-06
-4.123367547e-08
3.331922757e-06
-4.057618909e-08
3.346306935e-06
-3.994683665e-08
3.360469735e-06
-3.934334484e-08
3.374419228e-06
-3.876366143e-08
3.388162819e-06
-3.820593011e-08
3.401707311e-06
-3.766846906e-08
3.415058971e-06
-3.71497523e-08
3.428223579e-06
-3.664839345e-08
3.44120648e-06
-3.616313181e-08
3.454012625e-06
-3.569281942e-08
3.466646613e-06
-3.523641067e-08
3.479112724e-06
-3.479295183e-08
3.491414953e-06
-3.436157273e-08
3.503557035e-06
-3.394147898e-08
3.515542476e-06
-3.353194476e-08
3.527374571e-06
-3.313230662e-08
3.539056427e-06
-3.274195787e-08
3.550590983e-06
-3.236034347e-08
3.561981022e-06
-3.198695527e-08
3.573229191e-06
-3.162132792e-08
3.584338013e-06
-3.126303499e-08
3.595309897e-06
-3.091168562e-08
3.606147151e-06
-3.056692131e-08
3.616851988e-06
-3.022841305e-08
3.627426542e-06
-2.989585869e-08
3.637872867e-06
-2.956898076e-08
-2.924752393e-08
3.030275192e-06
-1.035418803e-07
3.1069466e-06
-2.393973246e-07
3.184747873e-06
-2.505790133e-07
3.250727405e-06
-2.149873747e-07
3.30797733e-06
-1.869631329e-07
3.358422731e-06
-1.654383431e-07
3.403147215e-06
-1.468850815e-07
3.443769163e-06
-1.332118964e-07
3.481443201e-06
-1.234157146e-07
3.516741672e-06
-1.155813194e-07
3.550062258e-06
-1.090535135e-07
3.581733517e-06
-1.036141989e-07
3.611993728e-06
-9.897200507e-08
3.641016595e-06
-9.490598129e-08
3.668942033e-06
-9.130135989e-08
3.695886091e-06
-8.807934301e-08
3.721944724e-06
-8.517329301e-08
3.747198519e-06
-8.253227511e-08
3.771716495e-06
-8.011823245e-08
3.795558328e-06
-7.790061826e-08
3.818775904e-06
-7.58540693e-08
3.841414611e-06
-7.395754226e-08
3.86351437e-06
-7.219343766e-08
3.885110443e-06
-7.054681616e-08
3.906234078e-06
-6.900486818e-08
3.926913053e-06
-6.755654295e-08
3.947172126e-06
-6.619224874e-08
3.967033421e-06
-6.490361101e-08
3.986516751e-06
-6.368328129e-08
4.005639898e-06
-6.252478421e-08
4.024418863e-06
-6.14223931e-08
4.042868071e-06
-6.037102681e-08
4.06100056e-06
-5.936616477e-08
4.078828146e-06
-5.840377467e-08
4.096361562e-06
-5.748025287e-08
4.113610589e-06
-5.659237229e-08
4.130584167e-06
-5.573723892e-08
4.14729049e-06
-5.491225329e-08
4.163737099e-06
-5.411507776e-08
4.179930954e-06
-5.334360758e-08
4.195878506e-06
-5.259594562e-08
4.211585755e-06
-5.18703805e-08
4.227058302e-06
-5.11653664e-08
4.242301398e-06
-5.047950661e-08
4.257319983e-06
-4.981153706e-08
4.272118723e-06
-4.916031337e-08
4.286702043e-06
-4.852479854e-08
4.30107415e-06
-4.790405172e-08
4.315239062e-06
-4.729721868e-08
4.329200627e-06
-4.670352315e-08
4.342962543e-06
-4.612225891e-08
4.35652837e-06
-4.555278277e-08
4.369901551e-06
-4.499450827e-08
4.383085416e-06
-4.444690004e-08
4.396083199e-06
-4.390946887e-08
4.408898044e-06
-4.338176697e-08
4.421533015e-06
-4.286338399e-08
4.4339911e-06
-4.235394323e-08
4.446275218e-06
-4.185309858e-08
-4.136053104e-08
3.584621374e-06
-1.474612077e-07
3.679257814e-06
-3.340337648e-07
3.772615766e-06
-3.439369652e-07
3.851030186e-06
-2.934017951e-07
3.918815524e-06
-2.547484712e-07
3.978270257e-06
-2.248930757e-07
4.030955713e-06
-1.995705387e-07
4.078887909e-06
-1.811440916e-07
4.123378247e-06
-1.67906052e-07
4.16508192e-06
-1.572849933e-07
4.204469561e-06
-1.484411549e-07
4.241922529e-06
-1.410671671e-07
4.277716256e-06
-1.347657324e-07
4.31205411e-06
-1.29243834e-07
4.345100461e-06
-1.243477109e-07
4.376991305e-06
-1.199701867e-07
4.407839066e-06
-1.160210546e-07
4.437738043e-06
-1.124312517e-07
4.466768668e-06
-1.091488571e-07
4.495000092e-06
-1.061320425e-07
4.522492021e-06
-1.033459986e-07
4.54929625e-06
-1.007617712e-07
4.575457909e-06
-9.83550968e-08
4.601016457e-06
-9.610536428e-08
4.626006495e-06
-9.399490659e-08
4.650458457e-06
-9.20085042e-08
4.674399189e-06
-9.013298103e-08
4.697852454e-06
-8.835687654e-08
4.720839375e-06
-8.667020352e-08
4.743378707e-06
-8.506411413e-08
4.765487344e-06
-8.353103039e-08
4.787180408e-06
-8.206409053e-08
4.808471575e-06
-8.06573326e-08
4.829373268e-06
-7.930546708e-08
4.849896825e-06
-7.800381019e-08
4.87005266e-06
-7.674820689e-08
4.889850387e-06
-7.553496646e-08
4.909298939e-06
-7.436080525e-08
4.928406659e-06
-7.322279801e-08
4.947181387e-06
-7.211833476e-08
4.965630524e-06
-7.104508354e-08
4.983761102e-06
-7.000095812e-08
5.001579824e-06
-6.898408838e-08
5.019093114e-06
-6.799279663e-08
5.036307151e-06
-6.702557373e-08
5.053227898e-06
-6.608106088e-08
5.069861132e-06
-6.515803231e-08
5.08621246e-06
-6.425537961e-08
5.10228735e-06
-6.337210981e-08
5.118091106e-06
-6.250727874e-08
5.133628947e-06
-6.166010145e-08
5.148905922e-06
-6.082975574e-08
5.163927064e-06
-6.001565031e-08
5.178697238e-06
-5.921707452e-08
5.193221239e-06
-5.843346902e-08
5.20750378e-06
-5.766430943e-08
5.221549464e-06
-5.690906748e-08
5.235362829e-06
-5.616730738e-08
5.248948357e-06
-5.543862662e-08
-5.472259506e-08
4.141088231e-06
-2.03123984e-07
4.255826014e-06
-4.487715478e-07
4.365411319e-06
-4.535222702e-07
4.456506383e-06
-3.844968595e-07
4.534874668e-06
-3.331167556e-07
4.603242078e-06
-2.932604862e-07
4.663813532e-06
-2.601419934e-07
4.71903076e-06
-2.363613183e-07
4.770331457e-06
-2.192067494e-07
4.81844678e-06
-2.054003156e-07
4.863919969e-06
-1.939143451e-07
4.907181678e-06
-1.843288768e-07
4.948542073e-06
-1.761261273e-07
4.988233096e-06
-1.689348558e-07
5.026442087e-06
-1.625567021e-07
5.063323091e-06
-1.568511906e-07
5.099002621e-06
-1.517005838e-07
5.133585874e-06
-1.470145052e-07
5.167161512e-06
-1.427244946e-07
5.199804707e-06
-1.387752373e-07
5.231579407e-06
-1.351206986e-07
5.262540243e-06
-1.317226075e-07
5.292734109e-06
-1.285489622e-07
5.322201438e-06
-1.255726936e-07
5.350977268e-06
-1.227707365e-07
5.379092131e-06
-1.201233678e-07
5.40657281e-06
-1.176136598e-07
5.433442966e-06
-1.152270323e-07
5.459723649e-06
-1.129508879e-07
5.485433851e-06
-1.107743145e-07
5.510590658e-06
-1.086878371e-07
5.535209777e-06
-1.066832098e-07
5.559305685e-06
-1.047532409e-07
5.582891861e-06
-1.028916427e-07
5.605980958e-06
-1.010929076e-07
5.62858495e-06
-9.935219852e-08
5.650715242e-06
-9.766525885e-08
5.672382769e-06
-9.602833224e-08
5.693598067e-06
-9.443809609e-08
5.714371336e-06
-9.289160295e-08
5.734712483e-06
-9.138623081e-08
5.754631166e-06
-8.991964072e-08
5.774136816e-06
-8.848973848e-08
5.793238664e-06
-8.709464494e-08
5.811945756e-06
-8.573266569e-08
5.830266965e-06
-8.44022695e-08
5.848210999e-06
-8.310206712e-08
5.865786413e-06
-8.183079305e-08
5.883001593e-06
-8.058729062e-08
5.899864813e-06
-7.937049881e-08
5.916384151e-06
-7.817944062e-08
5.93256761e-06
-7.701321294e-08
5.948422938e-06
-7.587097805e-08
5.963957819e-06
-7.475195594e-08
5.979179769e-06
-7.365541818e-08
5.99409614e-06
-7.258068196e-08
6.008714178e-06
-7.152710513e-08
6.023040953e-06
-7.049408198e-08
6.037083367e-06
-6.948103987e-08
-6.84874348e-08
4.700385704e-06
-2.733608398e-07
4.837762002e-06
-5.861478441e-07
4.964331345e-06
-5.800916147e-07
5.068413914e-06
-4.885794274e-07
5.157402169e-06
-4.221050109e-07
5.23456098e-06
-3.704192972e-07
5.302941427e-06
-3.285224417e-07
5.36542541e-06
-2.988453008e-07
5.423543313e-06
-2.773246525e-07
5.478097216e-06
-2.599542186e-07
5.529701678e-06
-2.455188076e-07
5.578831295e-06
-2.334584928e-07
5.625825952e-06
-2.231207851e-07
5.670941074e-06
-2.140499771e-07
5.71438069e-06
-2.059963188e-07
5.75630933e-06
-1.987798302e-07
5.796859506e-06
-1.922507599e-07
5.836139037e-06
-1.862940346e-07
5.874236794e-06
-1.808222519e-07
5.911226439e-06
-1.757648827e-07
5.94716948e-06
-1.71063739e-07
5.982117737e-06
-1.666708664e-07
6.016115267e-06
-1.625464919e-07
6.049200106e-06
-1.58657532e-07
6.081405461e-06
-1.549760923e-07
6.112760777e-06
-1.514786831e-07
6.143292543e-06
-1.481454256e-07
6.17302502e-06
-1.449595098e-07
6.201980624e-06
-1.419064922e-07
6.230180456e-06
-1.389741458e-07
6.257644542e-06
-1.361519233e-07
6.284392086e-06
-1.334307535e-07
6.31044164e-06
-1.308027952e-07
6.335811237e-06
-1.282612393e-07
6.360518479e-06
-1.258001501e-07
6.384580607e-06
-1.234143261e-07
6.408014538e-06
-1.210991903e-07
6.430836899e-06
-1.188506926e-07
6.453064035e-06
-1.166652323e-07
6.474712022e-06
-1.145395903e-07
6.495796665e-06
-1.124708735e-07
6.51633348e-06
-1.104564554e-07
6.536337758e-06
-1.084940168e-07
6.555824409e-06
-1.065812953e-07
6.574808155e-06
-1.047164125e-07
6.593303324e-06
-1.028974384e-07
6.611323961e-06
-1.011227026e-07
6.62888389e-06
-9.939072316e-08
6.645996428e-06
-9.769982739e-08
6.662674783e-06
-9.604885553e-08
6.67893165e-06
-9.443630749e-08
6.694779502e-06
-9.286106506e-08
6.710230458e-06
-9.132193419e-08
6.72529631e-06
-8.98178073e-08
6.739988522e-06
-8.834763004e-08
6.754318236e-06
-8.691039613e-08
6.768296274e-06
-8.550514316e-08
6.781933141e-06
-8.413094924e-08
6.795239004e-06
-8.278690123e-08
-8.14722637e-08
5.263447303e-06
-3.619359214e-07
5.426408814e-06
-7.491093542e-07
5.570809001e-06
-7.244918026e-07
5.68825722e-06
-6.060276451e-07
5.787875246e-06
-5.21723037e-07
5.87367645e-06
-4.562205009e-07
5.949798835e-06
-4.046448279e-07
6.019561739e-06
-3.686082049e-07
6.084552434e-06
-3.423153472e-07
6.145637094e-06
-3.210388789e-07
6.203490948e-06
-3.033726618e-07
6.258615219e-06
-2.885827637e-07
6.311360864e-06
-2.758664303e-07
6.361987071e-06
-2.646761839e-07
6.410694168e-06
-2.547034159e-07
6.457637673e-06
-2.457233356e-07
6.502938683e-06
-2.375517693e-07
6.546693138e-06
-2.300484889e-07
6.588978675e-06
-2.231077884e-07
6.629859613e-06
-2.166458213e-07
6.669390428e-06
-2.105945535e-07
6.707618507e-06
-2.048989473e-07
6.744586344e-06
-1.995143285e-07
6.780332884e-06
-1.944040717e-07
6.814894715e-06
-1.895379236e-07
6.84830681e-06
-1.848907777e-07
6.880603061e-06
-1.804416762e-07
6.911816559e-06
-1.761730086e-07
6.941979939e-06
-1.720698726e-07
6.971125361e-06
-1.681195677e-07
6.999284626e-06
-1.643111886e-07
7.026489171e-06
-1.606352984e-07
7.052770043e-06
-1.570836671e-07
7.078157859e-06
-1.536490556e-07
7.102682759e-06
-1.5032505e-07
7.126374352e-06
-1.471059185e-07
7.149261665e-06
-1.439865039e-07
7.171373101e-06
-1.409621288e-07
7.192736394e-06
-1.380285248e-07
7.213378573e-06
-1.351817698e-07
7.23332594e-06
-1.324182402e-07
7.252604056e-06
-1.297345707e-07
7.271237657e-06
-1.271276188e-07
7.289250804e-06
-1.245944418e-07
7.30666666e-06
-1.221322684e-07
7.323507705e-06
-1.197384841e-07
7.339795618e-06
-1.174106137e-07
7.355551202e-06
-1.151463083e-07
7.370794708e-06
-1.12943332e-07
7.385545408e-06
-1.107995569e-07
7.39982205e-06
-1.087129494e-07
7.413642552e-06
-1.066815673e-07
7.427024169e-06
-1.04703551e-07
7.43998348e-06
-1.027771188e-07
7.452536413e-06
-1.00900563e-07
7.464698261e-06
-9.90722444e-08
7.476483707e-06
-9.729058885e-08
7.487906842e-06
-9.555408404e-08
7.498981218e-06
-9.386127573e-08
-9.221076621e-08
5.831505126e-06
-4.738454101e-07
6.023397459e-06
-9.410016873e-07
6.186573383e-06
-8.87667728e-07
6.317835065e-06
-7.37289326e-07
6.428048293e-06
-6.319362649e-07
6.522349183e-06
-5.505213909e-07
6.606236649e-06
-4.885322943e-07
6.683428646e-06
-4.458002023e-07
6.755510168e-06
-4.14396869e-07
6.823371044e-06
-3.888997551e-07
6.887694373e-06
-3.676959924e-07
6.948951099e-06
-3.498394882e-07
7.007451301e-06
-3.343666322e-07
7.063413431e-06
-3.206383133e-07
7.116999037e-06
-3.082890226e-07
7.168330323e-06
-2.970546228e-07
7.217503406e-06
-2.867248511e-07
7.264598469e-06
-2.77143552e-07
7.30968655e-06
-2.681958693e-07
7.352833671e-06
-2.597929441e-07
7.394103367e-06
-2.518642472e-07
7.433558192e-06
-2.443537732e-07
7.471260562e-06
-2.372166986e-07
7.507273061e-06
-2.304165698e-07
7.541658452e-06
-2.23923315e-07
7.574479521e-06
-2.177118474e-07
7.605798818e-06
-2.11760973e-07
7.635678364e-06
-2.060525541e-07
7.664179357e-06
-2.005708663e-07
7.691361903e-06
-1.953021138e-07
7.71728477e-06
-1.902340554e-07
7.742005188e-06
-1.853557161e-07
7.765578684e-06
-1.806571649e-07
7.788058966e-06
-1.761293356e-07
7.809497814e-06
-1.717638984e-07
7.82994504e-06
-1.675531445e-07
7.849448443e-06
-1.634899087e-07
7.868053812e-06
-1.59567496e-07
7.885804918e-06
-1.557796305e-07
7.902743556e-06
-1.52120408e-07
7.918909575e-06
-1.485842613e-07
7.934340936e-06
-1.451659302e-07
7.94907375e-06
-1.418604322e-07
7.963142355e-06
-1.386630473e-07
7.976579377e-06
-1.355692905e-07
7.989415796e-06
-1.325749029e-07
8.001681016e-06
-1.296758333e-07
8.013402934e-06
-1.268682266e-07
8.024608011e-06
-1.241484092e-07
8.035321337e-06
-1.215128845e-07
8.045566706e-06
-1.189583165e-07
8.055366664e-06
-1.164815258e-07
8.064742591e-06
-1.140794782e-07
8.073714751e-06
-1.117492784e-07
8.082302351e-06
-1.094881633e-07
8.090523601e-06
-1.072934941e-07
8.098395759e-06
-1.051627505e-07
8.105935203e-06
-1.030935251e-07
8.113157445e-06
-1.01083517e-07
-9.913052738e-08
6.406184702e-06
-6.157111054e-07
6.630682167e-06
-1.165499153e-06
6.813682147e-06
-1.070667709e-06
6.959313461e-06
-8.829206383e-07
7.080163478e-06
-7.527862819e-07
7.183080899e-06
-6.534388114e-07
7.275141912e-06
-5.805933077e-07
7.360282913e-06
-5.309412031e-07
7.439907499e-06
-4.940214546e-07
7.514778283e-06
-4.637705386e-07
7.585449595e-06
-4.383673064e-07
7.652259833e-06
-4.166497246e-07
7.715416315e-06
-3.975231146e-07
7.775071223e-06
-3.802932207e-07
7.831352602e-06
-3.645704015e-07
7.884378712e-06
-3.500807341e-07
7.934266985e-06
-3.366131227e-07
7.981138582e-06
-3.240151489e-07
8.025119656e-06
-3.121769434e-07
8.066340677e-06
-3.010139664e-07
8.104934961e-06
-2.904585299e-07
8.141036996e-06
-2.804558082e-07
8.174780845e-06
-2.709605474e-07
8.206298697e-06
-2.619344217e-07
8.235719661e-06
-2.533442793e-07
8.263168823e-06
-2.451610097e-07
8.28876654e-06
-2.373586895e-07
8.31262795e-06
-2.299139639e-07
8.334862665e-06
-2.228055814e-07
8.355574612e-06
-2.160140607e-07
8.374861991e-06
-2.095214341e-07
8.392817327e-06
-2.033110528e-07
8.409527596e-06
-1.973674353e-07
8.4250744e-06
-1.916761375e-07
8.439534165e-06
-1.862236637e-07
8.452978392e-06
-1.809973712e-07
8.465473893e-06
-1.759854114e-07
8.477083057e-06
-1.711766589e-07
8.487864092e-06
-1.665606649e-07
8.497871288e-06
-1.621276041e-07
8.50715526e-06
-1.578682349e-07
8.515763192e-06
-1.537738603e-07
8.523739047e-06
-1.498362876e-07
8.531123805e-06
-1.460478049e-07
8.537955652e-06
-1.424011374e-07
8.54427018e-06
-1.388894313e-07
8.550100568e-06
-1.355062207e-07
8.555477747e-06
-1.322454055e-07
8.560430563e-06
-1.291012253e-07
8.564985922e-06
-1.260682456e-07
8.569168935e-06
-1.231413281e-07
8.573003031e-06
-1.203156209e-07
8.576510087e-06
-1.175865347e-07
8.579710539e-06
-1.1494973e-07
8.582623477e-06
-1.124011016e-07
8.585266747e-06
-1.099367634e-07
8.587657028e-06
-1.075530355e-07
8.589809938e-06
-1.052464321e-07
8.591740071e-06
-1.030136497e-07
-1.008515562e-07
6.98960226e-06
-7.962709401e-07
7.250520565e-06
-1.426417457e-06
7.454696873e-06
-1.274844018e-06
7.615885972e-06
-1.044109737e-06
7.748223778e-06
-8.851240889e-07
7.860802957e-06
-7.660179903e-07
7.962065518e-06
-6.818558689e-07
8.055615388e-06
-6.244910732e-07
8.142294607e-06
-5.807006742e-07
8.222521093e-06
-5.439970244e-07
8.296635779e-06
-5.12481993e-07
8.364878655e-06
-4.848926008e-07
8.427471731e-06
-4.601161901e-07
8.484665785e-06
-4.374872752e-07
8.53674071e-06
-4.166453268e-07
8.583997234e-06
-3.973372579e-07
8.626748737e-06
-3.793646261e-07
8.665312969e-06
-3.625793808e-07
8.700004588e-06
-3.468685619e-07
8.731129231e-06
-3.321386094e-07
8.758979258e-06
-3.183085572e-07
8.783831013e-06
-3.053075632e-07
8.805943261e-06
-2.93072795e-07
8.825556627e-06
-2.815477888e-07
8.842893412e-06
-2.706810643e-07
8.858158227e-06
-2.604258248e-07
8.871538663e-06
-2.507391252e-07
8.883206256e-06
-2.415815568e-07
8.893317535e-06
-2.329168609e-07
8.902015113e-06
-2.247116385e-07
8.909428771e-06
-2.169350922e-07
8.915676519e-06
-2.095588011e-07
8.920865607e-06
-2.025565227e-07
8.925093469e-06
-1.959039996e-07
8.928448617e-06
-1.895788116e-07
8.931011452e-06
-1.835602065e-07
8.932855022e-06
-1.778289816e-07
8.934045705e-06
-1.723673423e-07
8.93464384e-06
-1.671587997e-07
8.934704292e-06
-1.621880562e-07
8.934276972e-06
-1.574409151e-07
8.933407305e-06
-1.529041924e-07
8.932136646e-06
-1.485656293e-07
8.930502674e-06
-1.444138331e-07
8.928539726e-06
-1.404381891e-07
8.926279113e-06
-1.36628818e-07
8.9237494e-06
-1.329765081e-07
8.920976662e-06
-1.294726674e-07
8.917984708e-06
-1.261092717e-07
8.91479529e-06
-1.228788308e-07
8.911428298e-06
-1.197743359e-07
8.907901915e-06
-1.167892345e-07
8.904232768e-06
-1.139173879e-07
8.900436084e-06
-1.111530459e-07
8.896525799e-06
-1.084908171e-07
8.892514675e-06
-1.059256421e-07
8.88841441e-06
-1.034527702e-07
8.884235718e-06
-1.010677375e-07
8.879988415e-06
-9.876634662e-08
-9.654464785e-08
7.584395438e-06
-1.026900588e-06
7.885950158e-06
-1.727972177e-06
8.114643943e-06
-1.503537803e-06
8.295170748e-06
-1.224636541e-06
8.441661346e-06
-1.031614687e-06
8.565039036e-06
-8.893956803e-07
8.674192515e-06
-7.910093475e-07
8.771786242e-06
-7.220848006e-07
8.858125169e-06
-6.670396011e-07
8.933671865e-06
-6.195437199e-07
8.99911793e-06
-5.779280579e-07
9.05522186e-06
-5.409965302e-07
9.102800514e-06
-5.076948442e-07
9.14269957e-06
-4.773863311e-07
9.175748256e-06
-4.496940133e-07
9.202730951e-06
-4.243199529e-07
9.224372987e-06
-4.010066615e-07
9.241333973e-06
-3.79540367e-07
9.254206245e-06
-3.597408333e-07
9.263516846e-06
-3.414492105e-07
9.26973161e-06
-3.245233212e-07
9.273260325e-06
-3.088362778e-07
9.274462299e-06
-2.942747682e-07
9.273651782e-06
-2.807372722e-07
9.271103365e-06
-2.681326481e-07
9.267056615e-06
-2.563790749e-07
9.261720507e-06
-2.454030167e-07
9.25527729e-06
-2.351383402e-07
9.247885916e-06
-2.255254862e-07
9.239685043e-06
-2.165107655e-07
9.230795668e-06
-2.080457177e-07
9.221323417e-06
-2.000865496e-07
9.211360532e-06
-1.925936375e-07
9.200987599e-06
-1.855310668e-07
9.19027505e-06
-1.788662629e-07
9.179284457e-06
-1.725696128e-07
9.16806966e-06
-1.666141851e-07
9.156677746e-06
-1.609754287e-07
9.145149897e-06
-1.556309503e-07
9.133522123e-06
-1.505602818e-07
9.121825906e-06
-1.457446983e-07
9.110088758e-06
-1.411670447e-07
9.098334704e-06
-1.368115747e-07
9.086584707e-06
-1.326638362e-07
9.074857036e-06
-1.287105186e-07
9.063167594e-06
-1.249393753e-07
9.051530192e-06
-1.213391068e-07
9.039956808e-06
-1.178992827e-07
9.028457792e-06
-1.146102556e-07
9.017042064e-06
-1.114631062e-07
9.005717288e-06
-1.0844956e-07
8.994490007e-06
-1.055619506e-07
8.983365772e-06
-1.027931523e-07
8.972349269e-06
-1.001365437e-07
8.961444416e-06
-9.758596343e-08
8.950654442e-06
-9.513567124e-08
8.939981986e-06
-9.27803147e-08
8.92942915e-06
-9.051489819e-08
8.918997558e-06
-8.833475441e-08
-8.623551862e-08
8.194431285e-06
-1.322842662e-06
8.54523219e-06
-2.078773081e-06
8.808635917e-06
-1.766941526e-06
9.014803117e-06
-1.430803745e-06
9.173325533e-06
-1.190137102e-06
9.296880006e-06
-1.012950152e-06
9.395696972e-06
-8.89826313e-07
9.473357775e-06
-7.997456034e-07
9.531895856e-06
-7.255776819e-07
9.573844245e-06
-6.614921083e-07
9.601808861e-06
-6.058926741e-07
9.618154384e-06
-5.573420525e-07
9.624967221e-06
-5.145076813e-07
9.624044369e-06
-4.764634787e-07
9.61689611e-06
-4.425457536e-07
9.604774146e-06
-4.121979899e-07
9.588708306e-06
-3.849408213e-07
9.569541884e-06
-3.603739441e-07
9.547962959e-06
-3.381619085e-07
9.524531782e-06
-3.180180335e-07
9.499703916e-06
-2.99695455e-07
9.473849461e-06
-2.829818225e-07
9.447268844e-06
-2.676941518e-07
9.420205713e-06
-2.536741396e-07
9.392857513e-06
-2.407844495e-07
9.365383825e-06
-2.289053861e-07
9.337913552e-06
-2.179327434e-07
9.310550271e-06
-2.077750599e-07
9.283377012e-06
-1.983522265e-07
9.256459881e-06
-1.895936346e-07
9.229851122e-06
-1.814369589e-07
9.203591597e-06
-1.73827024e-07
9.177712817e-06
-1.667148575e-07
9.15223861e-06
-1.600568597e-07
9.127186475e-06
-1.538141272e-07
9.102568796e-06
-1.479519342e-07
9.078393599e-06
-1.424389882e-07
9.054665494e-06
-1.372473241e-07
9.031386229e-06
-1.323516851e-07
9.008555227e-06
-1.277292799e-07
8.986170031e-06
-1.233595014e-07
8.964226642e-06
-1.19223655e-07
8.942719914e-06
-1.153048474e-07
8.921643631e-06
-1.11587553e-07
8.900990882e-06
-1.080577696e-07
8.880754156e-06
-1.047026496e-07
8.860925499e-06
-1.015104499e-07
8.841496635e-06
-9.847041839e-08
8.822459062e-06
-9.557268265e-08
8.803804141e-06
-9.280818461e-08
8.785523154e-06
-9.016857371e-08
8.767607372e-06
-8.764616839e-08
8.750048089e-06
-8.523386918e-08
8.732836667e-06
-8.29251211e-08
8.715964562e-06
-8.071385853e-08
8.699423352e-06
-7.859446107e-08
8.683204753e-06
-7.656171581e-08
8.667300636e-06
-7.46107817e-08
8.65170304e-06
-7.27371578e-08
-7.093665401e-08
8.832048565e-06
-1.711678657e-06
9.254618949e-06
-2.501343466e-06
9.56317768e-06
-2.075500255e-06
9.776709161e-06
-1.644335228e-06
9.903962307e-06
-1.31739025e-06
9.970632545e-06
-1.07962039e-06
9.997389588e-06
-9.165833561e-07
9.99514842e-06
-7.975044366e-07
9.971497111e-06
-7.019263724e-07
9.93273976e-06
-6.227347585e-07
9.883722411e-06
-5.56875325e-07
9.827983416e-06
-5.016030574e-07
9.768091537e-06
-4.546158029e-07
9.705896079e-06
-4.142680207e-07
9.642710183e-06
-3.793598576e-07
9.579457655e-06
-3.489454619e-07
9.516783302e-06
-3.222664689e-07
9.45513085e-06
-2.987214925e-07
9.394798768e-06
-2.778298265e-07
9.335980655e-06
-2.591999206e-07
9.278794513e-06
-2.425093132e-07
9.223303945e-06
-2.274912545e-07
9.169533547e-06
-2.139237531e-07
9.117480175e-06
-2.016207674e-07
9.067121072e-06
-1.904253472e-07
9.0184201e-06
-1.802044136e-07
8.971331868e-06
-1.708445121e-07
8.925805256e-06
-1.622484483e-07
8.881785575e-06
-1.543325455e-07
8.839216388e-06
-1.470244471e-07
8.79804074e-06
-1.402613111e-07
8.75820206e-06
-1.339883446e-07
8.719644797e-06
-1.281575946e-07
8.682314853e-06
-1.22726915e-07
8.646159901e-06
-1.176591751e-07
8.61112948e-06
-1.129215136e-07
8.577175283e-06
-1.084847911e-07
8.54425102e-06
-1.043230618e-07
8.512312523e-06
-1.004131878e-07
8.48131769e-06
-9.673444704e-08
8.451226449e-06
-9.326826012e-08
8.422000704e-06
-8.99979102e-08
8.393604183e-06
-8.690832662e-08
8.366002532e-06
-8.398590178e-08
8.339163053e-06
-8.121829029e-08
8.313054718e-06
-7.859431488e-08
8.287648062e-06
-7.610379464e-08
8.262915108e-06
-7.373746428e-08
8.23882928e-06
-7.148685435e-08
8.215365336e-06
-6.934424077e-08
8.192499288e-06
-6.730252549e-08
8.170208338e-06
-6.535521858e-08
8.148470807e-06
-6.349633873e-08
8.127266077e-06
-6.17203909e-08
8.106574527e-06
-6.002230827e-08
8.086377479e-06
-5.839741334e-08
8.066657147e-06
-5.684138335e-08
8.047396582e-06
-5.535021745e-08
8.028579633e-06
-5.392020816e-08
-5.254791427e-08
9.537419037e-06
-2.261161695e-06
1.003631647e-05
-3.000240899e-06
1.031392038e-05
-2.353104159e-06
1.039990377e-05
-1.730318616e-06
1.035146305e-05
-1.268949537e-06
1.023596408e-05
-9.641214178e-07
1.009310355e-05
-7.737228207e-07
9.940506984e-06
-6.449078737e-07
9.787059234e-06
-5.484786224e-07
9.637712046e-06
-4.7338757e-07
9.494915096e-06
-4.140783742e-07
9.359662278e-06
-3.663502386e-07
9.232193914e-06
-3.271474401e-07
9.112353228e-06
-2.944273344e-07
8.999776282e-06
-2.667829118e-07
8.89400643e-06
-2.431756095e-07
8.794559446e-06
-2.228194841e-07
8.700956785e-06
-2.051188324e-07
8.61274186e-06
-1.896149006e-07
8.529488225e-06
-1.759462862e-07
8.45080259e-06
-1.638236781e-07
8.376325038e-06
-1.53013703e-07
8.30572767e-06
-1.433263845e-07
8.238712532e-06
-1.34605629e-07
8.175009204e-06
-1.267220191e-07
8.114372328e-06
-1.195675371e-07
8.056579271e-06
-1.130514564e-07
8.001427732e-06
-1.070969093e-07
7.948733815e-06
-1.016386275e-07
7.898330056e-06
-9.662068768e-08
7.850063827e-06
-9.199508323e-08
7.803795665e-06
-8.772018131e-08
7.759398068e-06
-8.375999816e-08
7.716754217e-06
-8.008306377e-08
7.675756909e-06
-7.666186667e-08
7.636307651e-06
-7.347225589e-08
7.598315759e-06
-7.049289949e-08
7.561697585e-06
-6.770488673e-08
7.526375931e-06
-6.509153429e-08
7.492279388e-06
-6.263790485e-08
7.459341805e-06
-6.033067656e-08
7.427501864e-06
-5.815796955e-08
7.396702585e-06
-5.610904813e-08
7.366890933e-06
-5.417424863e-08
7.338017602e-06
-5.234495995e-08
7.310036527e-06
-5.061323968e-08
7.282904745e-06
-4.897201231e-08
7.256582082e-06
-4.74148022e-08
7.231030937e-06
-4.59357091e-08
7.206216081e-06
-4.452938438e-08
7.182104461e-06
-4.319090578e-08
7.158665047e-06
-4.191580464e-08
7.135868664e-06
-4.069995574e-08
7.113687862e-06
-3.953958853e-08
7.092096784e-06
-3.843123029e-08
7.071071053e-06
-3.737168242e-08
7.050587665e-06
-3.635799526e-08
7.030624892e-06
-3.538744408e-08
7.011162192e-06
-3.445750874e-08
-3.356585453e-08
1.031377009e-05
-3.042272435e-06
1.063072168e-05
-3.317192489e-06
1.051558604e-05
-2.237968516e-06
1.01717572e-05
-1.386489783e-06
9.764003496e-06
-8.611958305e-07
9.38236566e-06
-5.824835822e-07
9.049841738e-06
-4.411988991e-07
8.762779707e-06
-3.578458423e-07
8.513407645e-06
-2.991065606e-07
8.294849499e-06
-2.54829425e-07
8.101487408e-06
-2.207162821e-07
7.928906259e-06
-1.937690891e-07
7.773692753e-06
-1.719339353e-07
7.633171759e-06
-1.53906341e-07
7.505204747e-06
-1.388159e-07
7.388060123e-06
-1.260309848e-07
7.280321602e-06
-1.150809632e-07
7.180818136e-06
-1.056153661e-07
7.088571405e-06
-9.736816963e-08
7.002756756e-06
-9.013163746e-08
6.922673786e-06
-8.374070814e-08
6.847723451e-06
-7.806336806e-08
6.777390051e-06
-7.299298515e-08
6.711227032e-06
-6.844260987e-08
6.648845577e-06
-6.43405638e-08
6.589905461e-06
-6.062742044e-08
6.534107479e-06
-5.725347541e-08
6.481187483e-06
-5.417691298e-08
6.430911173e-06
-5.136231746e-08
6.383069993e-06
-4.877950727e-08
6.33747755e-06
-4.640264082e-08
6.293966809e-06
-4.420944021e-08
6.252387484e-06
-4.218067373e-08
6.212603991e-06
-4.029957041e-08
6.174493675e-06
-3.855155028e-08
6.137945201e-06
-3.692378177e-08
6.102857334e-06
-3.540503329e-08
6.069137776e-06
-3.398532775e-08
6.036702135e-06
-3.265589375e-08
6.005473113e-06
-3.140888298e-08
5.975379767e-06
-3.023733043e-08
5.946356803e-06
-2.913500545e-08
5.918344067e-06
-2.809631302e-08
5.891286066e-06
-2.711624652e-08
5.865131372e-06
-2.619026673e-08
5.839832437e-06
-2.531430435e-08
5.815345079e-06
-2.44846546e-08
5.791628253e-06
-2.369797674e-08
5.768643747e-06
-2.2951203e-08
5.746355952e-06
-2.224158861e-08
5.724731616e-06
-2.15665705e-08
5.703739676e-06
-2.092386435e-08
5.68335105e-06
-2.031132936e-08
5.663538494e-06
-1.972703256e-08
5.644276449e-06
-1.916918625e-08
5.625540914e-06
-1.86361472e-08
5.60730932e-06
-1.812640145e-08
5.589560428e-06
-1.763855155e-08
5.572274225e-06
-1.717130596e-08
-1.67234698e-08
1.05213073e-05
-3.486196985e-06
9.718875729e-06
-2.51476092e-06
8.703537106e-06
-1.222629893e-06
7.836746999e-06
-5.196996764e-07
7.198635514e-06
-2.230843446e-07
6.747878256e-06
-1.317263246e-07
6.415631867e-06
-1.089525099e-07
6.153991349e-06
-9.620532536e-08
5.937931612e-06
-8.3046823e-08
5.754383175e-06
-7.128098817e-08
5.595513692e-06
-6.184679826e-08
5.456104323e-06
-5.435972096e-08
5.332453942e-06
-4.828355397e-08
5.221805331e-06
-4.32577298e-08
5.122033192e-06
-3.904376177e-08
5.03146886e-06
-3.546665204e-08
4.948784429e-06
-3.239653282e-08
4.87290725e-06
-2.973818521e-08
4.802958773e-06
-2.741969404e-08
4.738211099e-06
-2.538396332e-08
4.678055605e-06
-2.358521444e-08
4.621978819e-06
-2.198658159e-08
4.569544281e-06
-2.055844772e-08
4.520378099e-06
-1.927642754e-08
4.474158086e-06
-1.812055023e-08
4.430604723e-06
-1.707405805e-08
4.389474343e-06
-1.61230948e-08
4.350553297e-06
-1.525586713e-08
4.313653417e-06
-1.446243732e-08
4.278608228e-06
-1.373431855e-08
4.245269831e-06
-1.306424389e-08
4.213506341e-06
-1.244595048e-08
4.183199651e-06
-1.18739829e-08
4.154243775e-06
-1.134369545e-08
4.126543117e-06
-1.085089136e-08
4.100011378e-06
-1.039204377e-08
4.074570245e-06
-9.963899947e-09
4.050148651e-06
-9.563733454e-09
4.026681743e-06
-9.188985245e-09
4.004110379e-06
-8.837519672e-09
3.982380376e-06
-8.507326962e-09
3.961442033e-06
-8.196662244e-09
3.941249675e-06
-7.903956272e-09
3.921761185e-06
-7.62775574e-09
3.902937773e-06
-7.366855094e-09
3.884743498e-06
-7.120029801e-09
3.867145122e-06
-6.886277871e-09
3.850111784e-06
-6.664638489e-09
3.833614864e-06
-6.454283608e-09
3.817627645e-06
-6.254368832e-09
3.802125326e-06
-6.06425171e-09
3.787084668e-06
-5.883206777e-09
3.772484041e-06
-5.710702102e-09
3.758303159e-06
-5.546150141e-09
3.744523029e-06
-5.389056913e-09
3.731125841e-06
-5.238959051e-09
3.718094869e-06
-5.095429318e-09
3.705414391e-06
-4.958073368e-09
3.693069612e-06
-4.826526692e-09
-4.700452425e-09
7.135909195e-06
4.621148275e-06
3.398518382e-06
2.878818706e-06
2.655734361e-06
2.524008036e-06
2.415055526e-06
2.318850201e-06
2.235803378e-06
2.16452239e-06
2.102675592e-06
2.04831587e-06
2.000032317e-06
1.956774587e-06
1.917730825e-06
1.882264173e-06
1.84986764e-06
1.820129455e-06
1.792709761e-06
1.767325798e-06
1.743740583e-06
1.721754002e-06
1.701195554e-06
1.681919126e-06
1.663798576e-06
1.646724518e-06
1.630601423e-06
1.615345556e-06
1.600883119e-06
1.5871488e-06
1.574084556e-06
1.561638606e-06
1.549764623e-06
1.538420927e-06
1.527570036e-06
1.517177992e-06
1.507214092e-06
1.497650359e-06
1.488461374e-06
1.479623854e-06
1.471116527e-06
1.462919865e-06
1.455015908e-06
1.447388153e-06
1.440021298e-06
1.432901268e-06
1.42601499e-06
1.419350352e-06
1.412896068e-06
1.406641699e-06
1.400577447e-06
1.394694241e-06
1.388983539e-06
1.383437388e-06
1.378048332e-06
1.372809372e-06
1.367713943e-06
1.36275587e-06
1.357929343e-06
)
;

boundaryField
{
    axis
    {
        type            empty;
    }
    inlet
    {
        type            calculated;
        value           nonuniform List<scalar> 
20
(
-2.723616964e-07
-8.170850893e-07
-1.361808482e-06
-1.906531875e-06
-2.451255273e-06
-2.995978655e-06
-3.540702046e-06
-4.085425454e-06
-4.630148848e-06
-5.174872222e-06
-5.719595637e-06
-6.264319006e-06
-6.809042425e-06
-7.35376579e-06
-7.898489211e-06
-8.443212571e-06
-8.987935999e-06
-9.532659354e-06
-1.007738275e-05
-1.062210618e-05
)
;
    }
    outlet
    {
        type            calculated;
        value           nonuniform List<scalar> 0();
    }
    wall
    {
        type            calculated;
        value           uniform 0;
    }
    wedgeLow
    {
        type            wedge;
        value           nonuniform List<scalar> 
1200
(
-2.478956898e-22
-1.27613289e-21
-1.43656457e-20
-1.701686296e-20
-1.536207057e-18
1.97685289e-18
2.592591869e-18
-3.366686511e-18
-4.348922336e-18
5.764750315e-18
9.6757591e-18
-1.269227917e-17
1.560122275e-17
-2.216982181e-17
-7.240896884e-17
9.75294812e-17
-1.418476347e-16
2.007735959e-16
-6.434527805e-17
1.107751839e-17
-1.215335115e-21
-5.044974556e-21
-2.831935545e-20
-1.107859538e-19
-2.40092465e-17
3.015600081e-17
3.681396433e-17
-4.414021037e-17
-5.522665371e-16
-5.535938741e-16
9.137695482e-17
-1.069021423e-16
1.293408193e-16
-1.409128511e-16
-4.243880441e-16
4.884872756e-16
-5.865885007e-16
7.179179416e-16
-2.725752554e-16
8.844995968e-17
-3.004319985e-21
-1.019830977e-20
-3.175050063e-20
-4.357918339e-20
-3.278139267e-17
4.060980021e-17
4.856793283e-17
-5.694586623e-17
5.686858439e-16
5.716495593e-16
1.235682911e-15
1.417610236e-15
1.144684692e-16
-1.694506683e-16
-1.487035954e-15
-1.232194009e-15
-5.086488302e-16
5.690298121e-16
-1.819134809e-16
3.525582406e-17
-3.841426765e-21
-1.359140464e-20
-5.48040243e-20
-1.221216369e-19
-2.972392468e-17
3.641828414e-17
4.307954645e-17
-4.98385021e-17
-5.856139165e-16
-5.881662385e-16
-1.425220502e-15
-1.275429025e-15
-3.735791036e-16
-7.888479711e-16
1.312750561e-15
1.531590099e-15
-4.23753034e-16
3.360960957e-16
-9.711085833e-17
6.425046826e-18
-8.215144254e-21
-2.669063683e-20
-7.214172994e-20
-1.546347981e-19
-2.500532085e-17
3.063325425e-17
3.616826053e-17
-4.169007493e-17
4.734443675e-17
-5.326402576e-17
7.913142928e-17
-3.256336109e-17
9.79494494e-16
5.732094036e-16
-2.519124954e-16
2.823207135e-16
-8.91339765e-16
-4.542565037e-16
-8.865634356e-16
-3.067254657e-16
-8.243268394e-21
-1.862148995e-20
-3.244119644e-20
-7.514439557e-20
-2.197123725e-17
2.691240395e-17
3.172680687e-17
-3.66179126e-17
4.125908736e-17
-4.537229258e-17
8.062135362e-17
1.677486879e-17
3.237604439e-16
9.729652398e-17
-7.439175849e-16
-4.246147048e-16
5.734224059e-16
7.011424773e-16
8.560242169e-16
2.825355905e-16
-7.800313176e-21
-3.824800434e-20
-7.968313559e-20
-5.542771849e-20
-1.95933825e-17
2.388680722e-17
6.128586651e-16
6.145294607e-16
6.168578418e-16
6.234141514e-16
8.740671618e-17
4.913793637e-17
2.90340716e-16
1.103932912e-16
6.598175298e-16
9.072826324e-16
2.028728612e-17
2.701594612e-16
-4.560921696e-18
1.895304875e-18
-7.89916126e-21
-3.878360379e-20
-1.647082036e-19
-1.151038366e-19
-1.755386117e-17
2.134829084e-17
-6.210389321e-16
-6.228354145e-16
-3.178065633e-17
4.589223846e-17
9.579274933e-17
6.802479909e-17
2.659887172e-16
1.21951509e-16
1.147008342e-17
3.618798746e-16
4.713837944e-17
2.446054664e-16
3.444267376e-16
1.261835264e-16
-6.892689249e-21
-3.133070647e-20
-9.38262697e-20
-1.837780254e-19
-1.619956467e-17
1.954151166e-17
2.345669481e-17
-2.617875926e-17
-2.727502008e-17
4.926268182e-17
1.04176612e-16
7.895406852e-17
2.501807134e-16
1.297112606e-16
2.842131373e-17
3.563145703e-16
6.946556574e-17
2.308052516e-16
-2.893499637e-16
-9.300591178e-17
-9.838279411e-21
-3.91033091e-20
-8.795576889e-20
-1.245345228e-19
-1.506559601e-17
1.846435376e-17
2.054957847e-17
-2.520030717e-17
-2.384033125e-17
5.333540152e-17
1.102457188e-16
8.490878955e-17
2.395111489e-16
1.350287051e-16
4.238407615e-17
3.372403181e-16
2.158937097e-17
1.528036865e-16
3.502413458e-16
1.272704525e-16
-1.895556752e-20
-6.175895889e-20
-1.577830475e-19
-1.735937777e-19
-1.450536891e-17
1.522705835e-17
2.538741046e-17
-1.749677082e-17
-1.494781707e-17
5.853443516e-17
1.534507267e-15
1.674495655e-15
2.32253903e-16
1.389591134e-16
5.306151871e-17
3.072407934e-16
-6.025312423e-16
-4.430379493e-16
-2.908008298e-16
-9.011881078e-17
-2.788808416e-20
-8.789331676e-20
-1.939043705e-19
-2.871325886e-19
-1.406075602e-17
1.638789881e-17
6.829160504e-16
6.681454055e-16
-4.40229327e-18
6.397899916e-17
-1.454148878e-15
-1.33976447e-15
2.266202405e-16
1.411394357e-16
5.94728269e-17
2.89763195e-16
8.291505928e-17
6.016399585e-17
2.898501966e-16
1.074093979e-16
-4.572116759e-20
-1.220029365e-19
-2.252660962e-19
-2.951851919e-19
-1.277238003e-17
2.143055891e-17
2.230481107e-17
5.281225776e-17
2.01987414e-18
6.938997963e-17
1.245191504e-16
9.714037875e-17
2.222792165e-16
1.433992369e-16
7.013916208e-17
2.895972956e-16
7.091643458e-16
6.250438999e-16
-2.683856058e-16
-8.892113054e-17
4.2196551e-21
-8.183587313e-20
-2.57223392e-19
-2.13004798e-19
-1.092472407e-17
2.531564096e-17
-6.23072602e-16
-6.282106079e-16
7.251738575e-18
7.442020059e-17
1.275193064e-16
9.975174162e-17
2.186362635e-16
1.426867002e-16
5.763887814e-17
2.684435709e-16
1.337701134e-16
1.980101427e-16
4.765304956e-17
1.55552938e-17
-1.26634114e-19
-1.152994648e-19
-1.085058304e-19
1.679805301e-19
-8.789619535e-18
2.774386522e-17
4.9207403e-17
1.311716049e-17
1.197429302e-17
7.878628155e-17
1.293872506e-16
1.014356034e-16
2.146169002e-16
1.379817035e-16
-5.954140182e-16
-4.129728805e-16
1.369010946e-16
1.97896134e-16
3.326994179e-16
1.148902733e-16
-1.178189536e-19
-2.698370692e-19
5.68690807e-20
6.604565698e-19
-6.776099796e-18
2.904126161e-17
4.639249083e-17
1.417563735e-17
1.635738081e-17
8.301525567e-17
1.628355757e-15
1.733399363e-15
2.108994711e-16
1.404745943e-16
7.757702985e-16
8.373501579e-16
6.789772595e-17
1.244149943e-16
-1.881896621e-16
-5.599315118e-17
1.460770976e-19
-6.802237049e-20
1.496402815e-19
1.285452734e-18
-4.951517209e-18
2.971118527e-17
4.453776826e-17
1.537011924e-17
2.045164029e-17
8.653505145e-17
-1.488979874e-15
-1.40193688e-15
2.079394037e-16
1.467661399e-16
1.234228086e-16
2.624290861e-16
-5.4573767e-16
-4.384513246e-16
1.538650643e-16
-6.347420338e-17
4.439343931e-20
7.608552031e-20
3.750101889e-19
1.98827005e-18
-3.344667584e-18
3.005372324e-17
4.335267487e-17
1.673894764e-17
-6.385609898e-16
-6.177311576e-16
1.357286984e-16
1.075211811e-16
2.061571008e-16
1.525364625e-16
1.274636553e-16
2.529316663e-16
5.794693211e-16
3.945613769e-16
-1.178504217e-15
-5.704488464e-16
1.211219891e-19
1.963888074e-19
6.458564184e-19
2.706663177e-18
-1.940382083e-18
3.023429842e-17
4.260154855e-17
1.828699631e-17
6.634928355e-17
4.937039894e-17
1.363816417e-16
1.085889092e-16
2.050642132e-16
1.563265346e-16
1.258298843e-16
2.500249718e-16
-1.037630796e-15
-8.523897739e-16
7.77899174e-16
3.444030194e-16
-1.164281528e-19
1.837962234e-19
1.084344448e-18
3.457317175e-18
-6.678044152e-19
3.041766038e-17
4.226066577e-17
1.989471116e-17
6.854555396e-17
5.335275577e-17
1.683124968e-15
1.768978218e-15
2.03925293e-16
1.580890745e-16
1.249804575e-16
2.488191261e-16
1.351501178e-15
1.045295001e-15
-4.889221492e-17
1.450849041e-16
-6.376021899e-20
3.438724223e-19
1.542563629e-18
4.141118437e-18
3.967257479e-19
3.056150543e-17
4.213271747e-17
2.157226984e-17
7.061827998e-17
5.676888928e-17
-1.516933344e-15
-1.438783254e-15
2.048114797e-16
1.604350233e-16
1.24100827e-16
2.450982477e-16
1.366140158e-16
1.804315107e-16
4.63631661e-16
2.017023605e-16
1.036371488e-19
5.922197528e-19
1.856355836e-18
4.835377328e-18
1.341239449e-18
3.071674076e-17
4.220219816e-17
2.335857134e-17
7.551810617e-16
7.825167075e-16
1.402462643e-16
1.141265938e-16
1.949739332e-16
1.533260379e-16
1.309572361e-16
2.4782329e-16
1.393428242e-16
1.915515251e-16
-7.732212927e-17
-2.072455677e-17
-4.299291913e-20
6.811484929e-19
2.246966237e-18
5.445795675e-18
2.262246331e-18
3.097398566e-17
4.248544962e-17
2.518555689e-17
3.980586337e-17
1.015581155e-16
1.40688475e-16
1.125905459e-16
-5.009524507e-16
-5.703774763e-16
1.00115931e-16
2.141749525e-16
1.423921263e-16
1.918265577e-16
3.803317361e-16
1.300304943e-16
2.386375742e-19
9.047906267e-19
2.601995051e-18
6.037650021e-18
3.0733267e-18
3.117086374e-17
4.288652303e-17
2.697281129e-17
4.242998633e-17
1.032646172e-16
1.41006076e-16
1.144910562e-16
9.268884805e-16
8.008981397e-16
-5.722129967e-16
-4.389536557e-16
1.205013977e-16
1.678144591e-16
-1.334191816e-16
-4.468355057e-17
2.187543236e-19
1.02380496e-18
2.899434724e-18
6.606825969e-18
3.827557427e-18
3.141993444e-17
4.332693632e-17
2.868100047e-17
4.470285862e-17
1.047003017e-16
1.416470665e-16
1.184997803e-16
2.133530692e-16
1.528113297e-16
7.35788201e-16
7.317383785e-16
1.73684871e-16
2.283530305e-16
-2.002622372e-16
-7.124656356e-17
2.853286111e-19
1.231282123e-18
3.309239025e-18
7.07603011e-18
4.599220986e-18
3.18434898e-17
4.396650161e-17
3.078669956e-17
4.779771353e-17
1.065178954e-16
1.422489265e-16
1.220722708e-16
2.103941515e-16
1.512174023e-16
-5.550063429e-16
-4.149462629e-16
2.678912037e-16
3.321500091e-16
4.467464571e-16
1.458775981e-16
5.794504622e-19
1.600857942e-18
3.695643626e-18
7.590945492e-18
5.311542607e-18
3.224101874e-17
4.447176504e-17
3.118302164e-17
-6.530687898e-16
-6.28509862e-16
1.451915239e-16
1.247147489e-16
2.054376091e-16
1.534226228e-16
7.872008493e-16
7.89482163e-16
1.912315489e-16
2.383820267e-16
1.444716085e-16
4.614684156e-17
6.220226566e-19
1.851785663e-18
4.063773327e-18
8.119013459e-18
6.02864037e-18
3.262757843e-17
4.495405021e-17
3.292179748e-17
8.031371274e-16
8.184992263e-16
1.482238588e-16
1.266764143e-16
2.016640062e-16
1.612377078e-16
1.815155541e-16
2.711366551e-16
1.049264446e-16
1.197723733e-16
1.141758623e-16
3.944805631e-17
7.302662708e-19
2.117915102e-18
4.445350916e-18
8.614580259e-18
6.730915055e-18
3.305907141e-17
7.574937388e-16
7.747574994e-16
6.52667192e-17
1.159080183e-16
1.493404484e-16
1.281806505e-16
1.997206049e-16
1.693305302e-16
1.884768613e-16
2.581448919e-16
3.055350825e-17
2.38680629e-17
7.088350748e-17
2.692696321e-17
6.675235874e-19
2.219949484e-18
4.741372388e-18
9.069883629e-18
7.415560868e-18
3.357157267e-17
-6.916289374e-16
-6.76281444e-16
6.494126995e-17
1.175584471e-16
1.499735725e-16
1.294729978e-16
1.990852293e-16
1.750168625e-16
1.820430273e-16
2.214234725e-16
-5.379808086e-16
-4.608186954e-16
7.786975199e-18
7.952309966e-18
6.62564743e-19
2.415671998e-18
5.142087628e-18
9.500051048e-18
8.162715065e-18
3.418666334e-17
4.792670159e-17
4.156838508e-17
6.541330057e-17
1.188002206e-16
1.505816776e-16
1.308328794e-16
1.991369082e-16
1.778978698e-16
1.717969421e-16
1.964914018e-16
4.905400194e-16
3.467737782e-16
-1.689830823e-17
-3.042334957e-18
1.013196368e-18
2.785996415e-18
5.508717236e-18
9.970000065e-18
8.81646899e-18
3.482724855e-17
4.907469262e-17
4.359439524e-17
6.627743547e-17
1.19723283e-16
1.507134293e-16
1.318120297e-16
1.99086518e-16
1.778887046e-16
1.610893604e-16
1.928007808e-16
-9.425479182e-16
-7.069504333e-16
2.346748306e-16
7.872043001e-17
1.067871456e-18
2.997131165e-18
5.849304718e-18
1.045088648e-17
9.536315474e-18
3.551814371e-17
5.022669631e-17
4.543197201e-17
6.736281969e-17
1.206693807e-16
1.804562669e-15
1.844103638e-15
1.990304782e-16
1.780970383e-16
1.616651302e-16
1.998108677e-16
1.218852392e-15
9.274012192e-16
-1.926339626e-16
-6.669722987e-17
1.128297103e-18
3.235555016e-18
6.207343642e-18
1.093092255e-17
1.026199937e-17
3.62400383e-17
5.130745741e-17
4.707143737e-17
6.856445504e-17
1.213938784e-16
-1.578545568e-15
-1.501817918e-15
1.985736628e-16
1.741411512e-16
1.228025397e-16
1.729282083e-16
2.029244384e-16
2.06966874e-16
2.851421774e-16
9.406919263e-17
1.056117426e-18
3.330353016e-18
6.483140547e-18
1.138597073e-17
1.10029038e-17
3.702766065e-17
5.239317911e-17
4.862938656e-17
6.981323058e-17
1.221417879e-16
1.524959042e-16
1.359040078e-16
1.968249301e-16
1.624159248e-16
-5.528167297e-16
-4.373016503e-16
2.247812195e-16
2.414612295e-16
-1.175657258e-16
-4.35716653e-17
1.086734379e-18
3.466645498e-18
6.865683043e-18
1.182613959e-17
1.181119657e-17
3.785520522e-17
5.349661572e-17
5.011281835e-17
7.110263476e-17
1.227950463e-16
1.524297728e-16
1.363499789e-16
1.939521153e-16
1.561437261e-16
7.447091587e-16
6.986200214e-16
-4.206258595e-16
-3.216388276e-16
2.918426441e-16
1.009301173e-16
1.364577833e-18
3.804394509e-18
7.216736427e-18
1.231949286e-17
1.255286863e-17
3.85928882e-17
5.449536765e-17
5.148761404e-17
7.238313102e-17
1.235359387e-16
1.828191374e-15
1.85534853e-15
1.913240062e-16
1.581909592e-16
1.61657224e-16
1.934270881e-16
4.620203369e-16
3.249115108e-16
-1.916961688e-16
-6.126441682e-17
1.402201988e-18
4.046178161e-18
7.549891277e-18
1.282868787e-17
1.334285548e-17
3.938027646e-17
5.548386172e-17
5.285056698e-17
7.363772248e-17
1.241354437e-16
-1.592170292e-15
-1.513965018e-15
1.89478773e-16
1.622462634e-16
1.6810669e-16
1.973312739e-16
9.444545947e-17
9.066811067e-17
2.435356527e-16
8.294146104e-17
1.495575893e-18
4.283670607e-18
7.917261626e-18
1.334803984e-17
1.415416746e-17
4.020368265e-17
5.646529497e-17
5.414197376e-17
7.476504806e-17
1.246350087e-16
1.533509377e-16
1.37568368e-16
1.883412119e-16
1.646498352e-16
1.620139597e-16
1.899938948e-16
1.00775321e-16
9.072488069e-17
-1.830832677e-16
-6.248422229e-17
1.461035312e-18
4.402387155e-18
8.222989234e-18
1.384590909e-17
1.494310751e-17
4.102161704e-17
5.739626359e-17
5.546912963e-17
7.644224443e-17
1.256111099e-16
1.530749224e-16
1.375132033e-16
1.876710492e-16
1.671946713e-16
1.647093178e-16
2.020262493e-16
1.863152088e-16
1.842121325e-16
5.854963026e-17
1.693350488e-17
1.444573901e-18
4.534666363e-18
8.608824736e-18
1.43451796e-17
1.576997711e-17
4.18475271e-17
5.836535034e-17
5.678391088e-17
7.534853382e-17
1.238524114e-16
1.846618141e-15
1.861542581e-15
1.87217851e-16
1.653307827e-16
1.261265162e-16
1.779593686e-16
2.26972284e-16
2.271857266e-16
9.78781735e-17
2.909942443e-17
1.504956897e-18
4.695541205e-18
8.964423064e-18
1.486917783e-17
1.658818777e-17
4.264176855e-17
5.913766489e-17
5.644695555e-17
-6.801914589e-16
-6.527444101e-16
-1.604084274e-15
-1.524371367e-15
1.855891216e-16
1.545909931e-16
-5.462462165e-16
-4.52506089e-16
-4.244417153e-16
-3.377171605e-16
6.155999114e-17
2.259429172e-17
1.495636484e-18
4.827234769e-18
9.334884173e-18
1.537053655e-17
1.73933658e-17
4.341295566e-17
5.980327066e-17
5.717269404e-17
8.600482008e-16
8.710190815e-16
1.536369982e-16
1.384817962e-16
1.82952452e-16
1.48152225e-16
7.248048001e-16
6.502432455e-16
4.859162295e-16
3.661579297e-16
2.368422515e-16
8.247023906e-17
1.670349851e-18
5.078459241e-18
9.673700247e-18
1.591474447e-17
1.819040808e-17
4.414003335e-17
6.041296068e-17
5.772318522e-17
-6.774296096e-16
-6.548349776e-16
1.537920425e-16
1.383798115e-16
1.805121129e-16
1.503742662e-16
1.59092529e-16
1.975100268e-16
2.37266268e-16
2.613738272e-16
-1.355725422e-16
-5.011805012e-17
1.791911435e-18
5.325671059e-18
9.983639446e-18
1.645114049e-17
1.897129801e-17
4.485315486e-17
6.106551436e-17
5.939989521e-17
8.74307208e-16
8.810030572e-16
1.540951016e-16
1.382586734e-16
1.789486125e-16
1.550451111e-16
1.700404497e-16
2.193650596e-16
1.944982299e-16
1.940020061e-16
3.072423317e-16
1.009938934e-16
1.93281002e-18
5.612731683e-18
1.038435282e-17
1.700394529e-17
1.973977486e-17
4.55217575e-17
6.189164032e-17
6.232636426e-17
9.572808862e-17
1.335349178e-16
1.54149315e-16
1.381782772e-16
1.782046074e-16
1.591353894e-16
1.69602326e-16
2.102583032e-16
9.149111981e-17
6.618651964e-17
7.420822295e-17
2.635176447e-17
1.9344832e-18
5.791829314e-18
1.076262686e-17
1.752546116e-17
2.048594926e-17
4.62089593e-17
6.302865384e-17
6.510907677e-17
-6.695985923e-16
-6.475756604e-16
1.542144042e-16
1.382146723e-16
1.779637241e-16
1.618186152e-16
1.657114256e-16
1.945829096e-16
7.512856126e-17
5.026028791e-17
4.932814552e-17
1.84802577e-17
1.897543588e-18
5.930768773e-18
1.115670398e-17
1.802525899e-17
2.126780038e-17
4.714890118e-17
6.379197114e-17
6.684510967e-17
8.837061428e-16
8.967469132e-16
1.542821859e-16
1.384248035e-16
1.779292662e-16
1.631020116e-16
1.606460114e-16
1.810083319e-16
7.702089656e-17
5.452243693e-17
-1.689798292e-16
-5.642881572e-17
2.061809457e-18
6.186345455e-18
1.151659289e-17
1.856900575e-17
2.195943131e-17
4.675775559e-17
6.303106507e-17
6.707195899e-17
-6.745476015e-16
-6.503671038e-16
1.540217977e-16
1.385492139e-16
1.77852369e-16
1.632445397e-16
1.554043304e-16
1.70906349e-16
8.108958293e-17
5.992882965e-17
2.360833574e-16
8.016454723e-17
2.181945705e-18
6.436549806e-18
1.183857563e-17
1.907345647e-17
2.237065382e-17
4.549645612e-17
6.992175337e-17
6.705475116e-17
8.896287246e-16
9.002882024e-16
1.879196405e-15
1.868529423e-15
1.786285561e-15
1.711500143e-15
1.504765839e-16
1.635610794e-16
8.412190732e-17
6.383121776e-17
-1.72923797e-16
-5.852667652e-17
2.308921393e-18
6.723243369e-18
1.223555016e-17
1.954639782e-17
2.276417424e-17
4.646552426e-17
8.587490904e-16
8.680039842e-16
9.810219624e-17
1.353820907e-16
-1.623380345e-15
-1.54047686e-15
1.317831478e-16
2.008156481e-16
1.460567837e-16
1.580494654e-16
8.592615884e-17
6.647216744e-17
2.346026494e-16
7.925208525e-17
2.361586949e-18
6.911308258e-18
1.260159743e-17
1.99750639e-17
2.342077987e-17
4.909711335e-17
-7.184207624e-16
-7.03117347e-16
9.823014702e-17
1.354575751e-16
1.539698565e-16
1.397573575e-16
-1.476286737e-15
-1.34589909e-15
1.421733308e-16
1.536938983e-16
8.684868215e-17
6.826324549e-17
-1.691135828e-16
-5.738939297e-17
2.391678435e-18
7.083705932e-18
1.296655634e-17
2.04171754e-17
2.433075134e-17
5.151245965e-17
7.930396013e-17
7.882877796e-17
9.833119044e-17
1.354868168e-16
1.537802105e-16
1.399810115e-16
1.75788388e-16
1.57915403e-16
1.387783719e-16
1.500713965e-16
8.720847015e-17
6.945705581e-17
3.480345972e-17
1.125289992e-17
2.416503831e-18
7.273943618e-18
1.331212138e-17
2.092896155e-17
2.538078971e-17
5.342696876e-17
7.899022376e-17
8.015374015e-17
9.85981117e-17
1.354874123e-16
1.536009323e-16
1.401479191e-16
1.747967746e-16
1.560285544e-16
1.357964611e-16
1.469269786e-16
8.720814755e-17
7.019446572e-17
3.568130597e-17
1.153833948e-17
2.397269504e-18
7.402496791e-18
1.3654892e-17
2.144823535e-17
2.652053044e-17
5.506641385e-17
7.750636679e-17
7.968808461e-17
9.87342342e-17
1.354486176e-16
1.534036191e-16
1.402378047e-16
1.736744162e-16
1.541190261e-16
1.331605934e-16
1.441293781e-16
8.699865434e-17
7.060235251e-17
3.631853355e-17
1.174453401e-17
2.608625473e-18
7.684693799e-18
1.403502388e-17
2.210168487e-17
2.756253524e-17
5.489202309e-17
7.25223083e-17
7.595725851e-17
9.936779664e-17
1.35401857e-16
1.531767475e-16
1.402409033e-16
1.780305909e-15
1.6870364e-15
1.307822878e-16
1.415117365e-16
8.650923969e-17
7.061073247e-17
3.667332119e-17
1.187010476e-17
2.670759403e-18
7.954508328e-18
1.44237113e-17
2.274485544e-17
2.826805371e-17
5.361851691e-17
7.676313343e-17
7.397529488e-17
1.009159785e-16
1.354556734e-16
1.894750568e-15
1.870346012e-15
1.317130128e-16
1.842723444e-16
1.286922055e-16
1.393461454e-16
8.655529752e-17
7.104245447e-17
3.718650352e-17
1.202543953e-17
2.691283667e-18
8.152646002e-18
1.481947358e-17
2.328976397e-17
2.887704806e-17
5.446574218e-17
8.73286353e-17
7.984526547e-17
1.019857927e-16
1.355657389e-16
-1.635376406e-15
-1.547948626e-15
-1.476073719e-15
-1.348762513e-15
1.266004531e-16
1.362953258e-16
8.331417103e-17
6.803513234e-17
3.601407933e-17
1.168993451e-17
2.780567629e-18
8.381751043e-18
1.520184113e-17
2.382825607e-17
2.967773822e-17
5.699542427e-17
9.004151225e-17
8.644128226e-17
-6.86667791e-16
-6.620140268e-16
1.523646737e-16
1.397561135e-16
1.68312787e-16
1.467868736e-16
1.250350138e-16
1.368009967e-16
9.592176593e-17
8.197022825e-17
4.082043612e-17
1.294113331e-17
2.781328118e-18
8.558811949e-18
1.557980022e-17
2.434934884e-17
3.067811184e-17
5.933576762e-17
8.918804839e-17
8.823481662e-17
9.114355009e-16
9.158538316e-16
1.520462621e-16
1.394582374e-16
1.668858723e-16
1.451678868e-16
1.235125515e-16
1.298696992e-16
2.819770841e-17
3.00946753e-18
2.979311539e-17
1.106598608e-17
)
;
    }
    wedgeHigh
    {
        type            wedge;
        value           nonuniform List<scalar> 
1200
(
2.599932063e-22
1.289574575e-21
1.438100024e-20
1.703764587e-20
-1.507205484e-18
2.007908765e-18
2.597696814e-18
-3.372594442e-18
-4.394885041e-18
5.592629746e-18
9.409591817e-18
-1.226060752e-17
1.717231997e-17
-2.095781196e-17
-7.21919001e-17
9.718370151e-17
-1.424555992e-16
2.003878452e-16
-6.443295257e-17
1.106625633e-17
1.270963011e-21
5.180632176e-21
2.852945933e-20
1.110953193e-19
-2.400123112e-17
3.011872806e-17
3.679886994e-17
-4.413633255e-17
-5.521322857e-16
-5.527898082e-16
9.360964103e-17
-1.081853774e-16
1.201661489e-16
-1.481152583e-16
-4.256054025e-16
4.901289842e-16
-5.831535439e-16
7.202341532e-16
-2.721231251e-16
8.851819215e-17
3.074216747e-21
1.038277105e-20
3.204497693e-20
4.401262603e-20
-3.279619258e-17
4.043820986e-17
4.854285271e-17
-5.691757003e-17
5.687233318e-16
5.701771381e-16
1.02599473e-16
-1.240838152e-16
1.578915008e-16
-1.325193237e-16
-1.48071194e-15
-1.236848296e-15
-5.244977034e-16
5.566292762e-16
-1.838562568e-16
3.491179799e-17
3.905946852e-21
1.376593975e-20
5.507203082e-20
1.225253011e-19
-2.970878892e-17
3.629063363e-17
4.30449306e-17
-4.985314651e-17
-5.857882266e-16
-5.885583222e-16
9.099872152e-17
-1.104354741e-16
7.935603529e-17
-1.486592784e-16
1.288839946e-15
1.540878954e-15
-3.491365187e-16
4.02803163e-16
-9.18859753e-17
7.648876259e-18
8.269944969e-21
2.683787497e-20
7.237168615e-20
1.54968979e-19
-2.507860409e-17
3.052816591e-17
3.611816316e-17
-4.177134046e-17
4.735272841e-17
-5.273126851e-17
7.233128665e-17
-1.33701689e-16
-1.163237626e-16
-2.285955511e-16
-2.922708691e-16
3.043981773e-16
-2.399898714e-16
3.064068498e-16
-3.866623679e-17
-8.251326168e-19
8.291451665e-21
1.875135731e-20
3.264137415e-20
7.544218059e-20
-2.207455707e-17
2.684565544e-17
3.173320594e-17
-3.652304491e-17
4.153533921e-17
-4.70272196e-17
5.092864012e-17
-1.605700241e-16
-1.677297488e-16
-2.658023998e-16
-2.825931405e-16
1.98965968e-16
-3.472311975e-16
1.325751617e-16
-1.379622449e-17
6.475176039e-18
7.843533363e-21
3.836256886e-20
7.986015224e-20
5.569076192e-20
-1.954702068e-17
2.382082633e-17
6.129604894e-16
6.147856551e-16
6.166452796e-16
6.150600309e-16
2.835240959e-17
-1.754949001e-16
-1.532849584e-16
-2.584324455e-16
-3.604979238e-16
8.730557846e-17
-3.981613431e-16
-1.392929469e-17
-3.102851092e-17
1.002433094e-18
7.938452339e-21
3.888617419e-20
1.648670222e-19
1.153387559e-19
-1.749474257e-17
2.137745061e-17
-6.209856087e-16
-6.22633867e-16
-3.381701949e-17
2.727386202e-17
8.358914861e-18
-1.819534966e-16
-1.420772501e-16
-2.560221835e-16
-3.753873767e-16
3.914701732e-18
-3.651459609e-16
-3.93767717e-17
2.715235937e-16
1.094451231e-16
6.928878401e-21
3.142583224e-20
9.397102631e-20
1.839955739e-19
-1.594200379e-17
1.966924654e-17
2.281618901e-17
-2.714838865e-17
-3.310066122e-17
1.816087939e-17
-8.061149693e-18
-1.842733345e-16
-1.35462826e-16
-2.536707075e-16
-3.615144692e-16
-2.975988718e-17
-3.426812674e-16
-6.038507642e-17
-3.993047747e-16
-1.232376017e-16
9.871987021e-21
3.919140383e-20
8.809142651e-20
1.24737182e-19
-1.49191321e-17
1.812640912e-17
2.264525379e-17
-2.45971006e-17
-3.256116245e-17
9.679670837e-18
-2.035713987e-17
-1.834811371e-16
-1.321464836e-16
-2.505859062e-16
-3.489258523e-16
-4.408289006e-17
-2.589618543e-16
-8.450821245e-18
2.327494073e-16
9.083554029e-17
1.898751737e-20
6.184126337e-20
1.579120877e-19
1.737840293e-19
-1.369073167e-17
1.918607877e-17
6.36455438e-16
6.372920567e-16
-3.813948983e-17
8.037962166e-19
-3.460849898e-17
-1.861916855e-16
-1.3113552e-16
-2.4719567e-16
-3.361827313e-16
-4.272954648e-17
-1.513126918e-16
8.360521743e-17
-3.470578142e-16
-1.13477934e-16
2.791806946e-20
8.797107174e-20
1.94025966e-19
2.87312914e-19
-1.263587455e-17
1.620086169e-17
-5.458814174e-17
3.323166678e-18
-4.591434569e-17
-7.712747837e-18
-4.116621483e-17
-1.828950399e-16
-1.308567998e-16
-2.429485608e-16
-3.219511981e-16
-4.974530862e-17
-7.522400972e-16
-4.555162054e-16
2.684667262e-16
9.770607863e-17
4.575011891e-20
1.220777963e-19
2.253827287e-19
2.953547639e-19
-1.266471503e-17
9.624868467e-18
-5.898671105e-17
-1.049036739e-17
-4.999815954e-17
-1.572202503e-17
-4.786201193e-17
-1.812159393e-16
-1.312158856e-16
-2.394567502e-16
-3.142342415e-16
-7.069566272e-17
2.973437346e-16
3.32762452e-16
-3.321413299e-16
-1.049034805e-16
-4.192254742e-21
8.190618348e-20
2.573350614e-19
2.131685798e-19
-1.342277891e-17
4.412134238e-18
-6.945597524e-16
-6.928468814e-16
-5.31987182e-17
-2.301368004e-17
-5.409089039e-17
-1.8020844e-16
-1.318107707e-16
-2.33502059e-16
-2.851934787e-16
-6.792138828e-17
-2.8289189e-16
-1.117920006e-16
-6.097025707e-17
-1.403079849e-17
1.266611007e-19
1.153693616e-19
1.086125367e-19
-1.678250201e-19
-1.459535045e-17
8.107056563e-19
-1.547195179e-17
-5.204853017e-17
-5.612479848e-17
-2.938292774e-17
-5.883431791e-17
-1.786301661e-16
-1.316701268e-16
-2.239792679e-16
-2.46610678e-16
-5.276852803e-17
-2.721915362e-16
-1.202161602e-16
1.964619666e-16
7.602441275e-17
1.17844803e-19
2.699036572e-19
-5.676609672e-20
-6.603043686e-19
-1.575155621e-17
-1.531792911e-18
-1.388900438e-17
-5.168950236e-17
-5.890585911e-17
-3.540258906e-17
-6.65488326e-17
-1.805508977e-16
-1.315325468e-16
-2.220276047e-16
-2.834949725e-16
-7.484749563e-17
-1.91343947e-16
-5.395120192e-17
-3.715186993e-16
-1.266392708e-16
-1.460521788e-19
6.808689058e-20
-1.495401927e-19
-1.285306323e-18
-1.680636121e-17
-3.140250575e-18
-1.314085591e-17
-5.161028492e-17
-6.155906243e-17
-4.053848897e-17
-6.892849557e-17
-1.777174186e-16
-1.319001889e-16
-2.242052404e-16
-3.102131975e-16
-1.046727996e-16
-8.392799488e-17
7.690773536e-17
3.596192632e-16
2.471468261e-16
-4.436965786e-20
-7.602286138e-20
-3.749134088e-19
-1.988129429e-18
-1.771601587e-17
-4.332919287e-18
-1.295825744e-17
-5.182475797e-17
-7.268408332e-16
-7.527635304e-16
-7.228077073e-17
-1.764602166e-16
-1.332289619e-16
-2.261572113e-16
-3.03072038e-16
-1.062985304e-16
-1.400678282e-16
6.565401095e-17
-2.836264901e-16
7.24183843e-17
-1.210987247e-19
-1.963282165e-19
-6.457625334e-19
-2.706525038e-18
-1.848463871e-17
-5.288645421e-18
-1.31213361e-17
-5.231955756e-17
-2.774450463e-17
-9.254139186e-17
-7.49374449e-17
-1.75147749e-16
-1.350557622e-16
-2.26396824e-16
-2.912375683e-16
-1.133208819e-16
-2.217122967e-16
-3.926558208e-17
6.558022886e-16
1.467664829e-16
1.164512104e-19
-1.8373708e-19
-1.084253458e-18
-3.457183999e-18
-1.917466533e-17
-6.182431443e-18
-1.361849564e-17
-5.296103612e-17
-3.104002031e-17
-9.527360251e-17
-8.052189177e-17
-1.770279404e-16
-1.366641603e-16
-2.248535895e-16
-2.810631442e-16
-1.210149553e-16
-2.252677804e-16
-9.697624461e-17
-4.727530041e-16
-3.168057377e-16
6.378265626e-20
-3.438147265e-19
-1.542475535e-18
-4.140989396e-18
-1.970282015e-17
-6.980434914e-18
-1.426244664e-17
-5.374768157e-17
-3.412918091e-17
-9.752697815e-17
-8.178892236e-17
-1.75464675e-16
-1.401407607e-16
-2.241177495e-16
-2.716408324e-16
-1.253032217e-16
-2.200520865e-16
-1.33731183e-16
2.469107617e-17
-2.918250707e-17
-1.036151251e-19
-5.921641249e-19
-1.85627105e-18
-4.835252011e-18
-2.015136876e-17
-7.740618033e-18
-1.50460762e-17
-5.470860737e-17
6.45538437e-16
6.228961478e-16
-8.407541005e-17
-1.743319917e-16
-1.327497547e-16
-2.141323229e-16
-2.706543799e-16
-1.352631132e-16
-2.173077138e-16
-1.48030849e-16
-4.296557318e-16
-1.466706053e-16
4.301421903e-20
-6.810941057e-19
-2.246881865e-18
-5.445672839e-18
-2.06120273e-17
-8.559454048e-18
-1.599269673e-17
-5.576760369e-17
-7.44671646e-17
-6.29091585e-17
-8.608179783e-17
-1.708940852e-16
-1.182291202e-16
-1.958641996e-16
-2.325975022e-16
-1.081734974e-16
-2.154478776e-16
-1.511436269e-16
9.769753928e-17
3.807458308e-17
-2.386169981e-19
-9.047376872e-19
-2.601912747e-18
-6.037529666e-18
-2.099437003e-17
-9.279502363e-18
-1.701224729e-17
-5.683736825e-17
-7.626344851e-17
-6.558077982e-17
-8.788560578e-17
-1.709840808e-16
-1.427938449e-16
-1.924022039e-16
-1.836277201e-16
-6.439163325e-17
-1.89134364e-16
-1.296767014e-16
-3.609182809e-16
-1.189303215e-16
-2.187336441e-19
-1.023752847e-18
-2.899354901e-18
-6.606707682e-18
-2.134804268e-17
-1.001752862e-17
-1.8031285e-17
-5.787271383e-17
-7.775651448e-17
-6.793128964e-17
-8.994301903e-17
-1.732662456e-16
-1.577085102e-16
-2.060605324e-16
-1.900059857e-16
-6.662037711e-17
-2.383168771e-16
-1.925084192e-16
-4.175253246e-16
-1.391772589e-16
-2.853084485e-19
-1.231230838e-18
-3.309160442e-18
-7.075915545e-18
-2.174439289e-17
-1.089944378e-17
-1.9213944e-17
-5.934516067e-17
-8.011399577e-17
-7.061910385e-17
-9.18982854e-17
-1.751899104e-16
-1.567180508e-16
-2.022588318e-16
-1.870786134e-16
-9.078732063e-17
-8.111735055e-16
-6.790987943e-16
1.648871684e-16
6.236964243e-17
-5.794310235e-19
-1.600807898e-18
-3.695567112e-18
-7.590832581e-18
-2.210410562e-17
-1.172786681e-17
-2.023052416e-17
-5.914348494e-17
-8.253537345e-17
-7.539410816e-17
-9.61369061e-17
-1.762559394e-16
-1.53629815e-16
-2.023918441e-16
-2.358633271e-16
-1.387082733e-16
2.478341277e-16
1.609956317e-16
-1.494229847e-16
-4.555412493e-17
-6.220035281e-19
-1.851736032e-18
-4.063698054e-18
-8.118903857e-18
-2.248909284e-17
-1.252058543e-17
-2.119561067e-17
-6.031577523e-17
-9.523529908e-17
-7.654624502e-17
-1.004125679e-16
-1.767088655e-16
-1.51630718e-16
-2.082598336e-16
-2.85336308e-16
-1.903063631e-16
-1.595876851e-16
-8.960450653e-17
-1.188615392e-16
-3.888627325e-17
-7.302475559e-19
-2.117867539e-18
-4.445277297e-18
-8.614472312e-18
-2.287782224e-17
-1.333589186e-17
6.893436714e-16
6.754888106e-16
-9.558138483e-17
-8.239621024e-17
-1.027238065e-16
-1.767679526e-16
-1.513739065e-16
-2.145211342e-16
-2.877362104e-16
-1.811963252e-16
-8.243890682e-17
4.728986185e-18
-7.532613459e-17
-2.639355332e-17
-6.675048724e-19
-2.219902128e-18
-4.741300009e-18
-9.069776509e-18
-2.326579145e-17
-1.421196381e-17
-7.622783615e-16
-7.809623913e-16
-9.464721585e-17
-8.477912899e-17
-1.045062931e-16
-1.766750586e-16
-1.523426144e-16
-2.18482795e-16
-2.770495125e-16
-1.480645124e-16
1.790819722e-17
1.202916169e-16
-1.200658667e-17
-7.444999748e-18
-6.62546545e-19
-2.415625676e-18
-5.142015663e-18
-9.499945996e-18
-2.373162318e-17
-1.517224192e-17
-2.54724132e-17
-6.742136836e-17
-9.453511468e-17
-8.672625921e-17
-1.062214289e-16
-1.767062714e-16
-1.539208998e-16
-2.197380283e-16
-2.628316261e-16
-1.264594068e-16
-5.511377408e-17
3.604172836e-17
1.288391645e-17
3.525572591e-18
-1.013178377e-18
-2.785951334e-18
-5.508647753e-18
-9.969897081e-18
-2.411807865e-17
-1.614128649e-17
-2.701443089e-17
-6.897823063e-17
-9.483748559e-17
-8.832964791e-17
-1.074204603e-16
-1.76410283e-16
-1.553243127e-16
-2.181947128e-16
-2.484087776e-16
-1.258589109e-16
-1.686793699e-16
-9.784698828e-17
2.088461389e-16
7.510995916e-17
-1.067853671e-18
-2.997086084e-18
-5.849234821e-18
-1.045078473e-17
-2.458346039e-17
-1.714538449e-17
-2.85431897e-17
-7.036551922e-17
-9.538154296e-17
-8.993285133e-17
-1.106501771e-16
-1.780144063e-16
-1.566536134e-16
-2.169538608e-16
-2.455038822e-16
-1.357449509e-16
-1.709808858e-16
-9.677471632e-17
-2.608593015e-16
-8.436909654e-17
-1.128279732e-18
-3.235510555e-18
-6.207275813e-18
-1.093082246e-17
-2.506643874e-17
-1.816653565e-17
-2.99849622e-17
-7.157188605e-17
-9.606062433e-17
-9.12927925e-17
-1.110444262e-16
-1.771594357e-16
-1.575177293e-16
-2.116276804e-16
-2.033755604e-16
-1.115440789e-16
-2.438366385e-16
-1.845389315e-16
1.525362689e-16
5.741498851e-17
-1.056100055e-18
-3.330309176e-18
-6.483073959e-18
-1.138587147e-17
-2.557543895e-17
-1.924064787e-17
-3.141732055e-17
-7.271245892e-17
-9.68041563e-17
-9.265587365e-17
-1.121877172e-16
-1.769710255e-16
-1.570292841e-16
-1.986054604e-16
-1.419686413e-16
-7.023079053e-17
-7.225481306e-16
-5.747339111e-16
-3.292176644e-16
-1.05386792e-16
-1.086717215e-18
-3.466602691e-18
-6.865617696e-18
-1.182604405e-17
-2.616176318e-17
-2.034297605e-17
-3.285422344e-17
-7.379293299e-17
-9.76043518e-17
-9.390522409e-17
-1.130502548e-16
-1.763299241e-16
-1.553596333e-16
-1.911044733e-16
-1.806285195e-16
-9.549471202e-17
3.944925096e-16
3.359412415e-16
1.404668284e-16
4.84140853e-17
-1.364561082e-18
-3.804352943e-18
-7.216671907e-18
-1.231939773e-17
-2.66906178e-17
-2.134468433e-17
-3.417436647e-17
-7.477805382e-17
-9.841056008e-17
-9.522419584e-17
-1.157655331e-16
-1.770186363e-16
-1.538808552e-16
-1.919864257e-16
-2.335547437e-16
-1.390903671e-16
-3.27752463e-17
3.911902367e-17
-2.489678433e-16
-8.576062617e-17
-1.402185289e-18
-4.046136182e-18
-7.549826757e-18
-1.282859399e-17
-2.727623603e-17
-2.238620068e-17
-3.547314509e-17
-7.576360147e-17
-9.920480649e-17
-9.638471948e-17
-1.158939827e-16
-1.754527073e-16
-1.531341783e-16
-1.94935662e-16
-2.374383518e-16
-1.450577787e-16
-1.164964171e-15
-8.693775159e-16
1.838192344e-16
6.444104729e-17
-1.495559556e-18
-4.283629662e-18
-7.917198346e-18
-1.334794761e-17
-2.789098177e-17
-2.345460701e-17
-3.675461826e-17
-7.668897007e-17
-9.988485897e-17
-9.742907967e-17
-1.165798205e-16
-1.745274769e-16
-1.53047278e-16
-1.962884233e-16
-2.289221899e-16
-1.396603582e-16
-1.108867433e-16
-8.520272818e-17
-2.519717394e-16
-8.275953953e-17
-1.461019027e-18
-4.402346623e-18
-8.222927196e-18
-1.384581728e-17
-2.849057108e-17
-2.45091134e-17
-3.797616219e-17
-7.766066493e-17
-1.011270866e-16
-9.893452027e-17
-1.171183415e-16
-1.735392582e-16
-1.533825492e-16
-1.978340624e-16
-2.293259326e-16
-1.535193843e-16
8.310187302e-16
6.097989885e-16
-6.126954746e-17
-1.660338188e-17
-1.444557978e-18
-4.534626245e-18
-8.608763938e-18
-1.434508861e-17
-2.913477604e-17
-2.556380094e-17
-3.922705118e-17
-7.862985095e-17
-9.961002656e-17
-9.76904034e-17
-1.188834142e-16
-1.74014873e-16
-1.538920585e-16
-1.950192445e-16
-1.88573696e-16
-1.311748715e-16
-7.044008827e-16
-5.528807596e-16
-1.004969345e-16
-2.878136229e-17
-1.504941129e-18
-4.695501294e-18
-8.964362059e-18
-1.486908808e-17
-2.977652261e-17
-2.657959858e-17
-4.02730252e-17
-7.795653503e-17
-9.639762846e-17
-9.60820268e-17
-1.193055568e-16
-1.727781603e-16
-1.531856628e-16
-1.833737136e-16
-1.227664623e-16
-5.206328873e-17
4.037446546e-16
3.490003637e-16
-6.408356844e-17
-2.228759142e-17
-1.495620819e-18
-4.827195065e-18
-9.334824616e-18
-1.537044763e-17
-3.04109904e-17
-2.756563923e-17
-4.120470768e-17
-7.83545793e-17
-1.047041199e-16
-9.476193919e-17
-1.199748782e-16
-1.719070754e-16
-1.514331393e-16
-1.760715344e-16
-1.580541187e-16
-7.223332158e-17
-6.280890545e-17
-1.622918229e-17
1.796340749e-16
6.064698605e-17
-1.670334238e-18
-5.07842119e-18
-9.673641104e-18
-1.591465679e-17
-3.104267805e-17
-2.850134346e-17
-4.207339704e-17
-7.858554963e-17
-1.035061903e-16
-9.84295174e-17
-1.208483049e-16
-1.709993299e-16
-1.498408124e-16
-1.774698716e-16
-2.156805991e-16
-1.553438652e-16
-7.063683153e-16
-5.836936841e-16
-2.872886217e-16
-9.122377872e-17
-1.791896287e-18
-5.325632388e-18
-9.98358113e-18
-1.645105488e-17
-3.166318924e-17
-2.941728634e-17
-4.297832932e-17
-7.995044976e-17
-1.139555221e-16
-1.013878511e-16
-1.218480345e-16
-1.701007239e-16
-1.490911081e-16
-1.813542878e-16
-2.248675085e-16
-1.785775392e-16
2.266456093e-16
1.519609227e-16
1.053887381e-16
4.062880048e-17
-1.93279482e-18
-5.612693633e-18
-1.038429554e-17
-1.700386009e-17
-3.227593155e-17
-3.028329647e-17
-4.405062423e-17
-8.257241543e-17
-1.180278456e-16
-1.097448643e-16
-1.225780437e-16
-1.692698937e-16
-1.4912849e-16
-1.84693161e-16
-2.227537254e-16
-1.707785748e-16
-1.173741504e-16
-5.210350563e-17
-7.980184309e-17
-2.567038908e-17
-1.934468207e-18
-5.791791677e-18
-1.076256937e-17
-1.752537762e-17
-3.28707017e-17
-3.116284423e-17
-4.542796846e-17
-8.505756791e-17
-8.825468715e-16
-8.945680698e-16
-1.232988407e-16
-1.685816919e-16
-1.496382698e-16
-1.86657925e-16
-2.172669255e-16
-1.563450837e-16
-1.001737001e-16
-3.663894925e-17
-5.473903851e-17
-1.782080337e-17
-1.897528699e-18
-5.93073155e-18
-1.115664711e-17
-1.802517545e-17
-3.350519308e-17
-3.229039439e-17
-4.642610828e-17
-8.650264417e-17
6.726560454e-16
6.487984352e-16
-1.240030021e-16
-1.680919232e-16
-1.503253335e-16
-1.87253869e-16
-2.106802319e-16
-1.439510462e-16
-1.012709504e-16
-4.133883708e-17
-2.456261695e-16
-8.22490723e-17
-2.061794774e-18
-6.186309473e-18
-1.151653644e-17
-1.856892386e-17
-3.405324821e-17
-3.208241099e-17
7.286318372e-16
7.058585011e-16
-8.859227495e-16
-8.984682752e-16
-1.243603921e-16
-1.675400581e-16
-1.509423035e-16
-1.867381599e-16
-2.039871554e-16
-1.349723787e-16
-1.045843609e-16
-4.7160734e-17
1.695672621e-16
5.876165184e-17
-2.181931126e-18
-6.43651341e-18
-1.183852042e-17
-1.907337541e-17
-3.432444061e-17
-3.100009768e-17
-6.992160282e-17
-6.705458986e-17
6.748457836e-16
6.517311354e-16
-1.258734023e-16
-1.67992415e-16
1.457197648e-15
1.36352096e-15
-1.976735488e-16
-1.286969858e-16
-1.068984944e-16
-5.145793873e-17
-2.379579624e-16
-7.894363766e-17
-2.308907072e-18
-6.723206973e-18
-1.223549515e-17
-1.954631717e-17
-3.458125207e-17
-3.214421379e-17
-7.910633014e-17
-7.144930698e-17
-1.186605296e-16
-1.136722343e-16
-1.257803304e-16
-1.672593212e-16
-1.970603524e-16
-1.440579514e-16
-1.919294027e-16
-1.242052817e-16
-1.080191438e-16
-5.447442943e-17
1.678677958e-16
5.845248425e-17
-2.361572628e-18
-6.911272689e-18
-1.260154346e-17
-1.997498367e-17
-3.510427341e-17
-3.494713804e-17
-8.623256507e-16
-8.755584353e-16
-1.184631263e-16
-1.141330318e-16
-1.260568602e-16
-1.66851115e-16
-1.804510741e-15
-1.686994863e-15
-1.867794101e-16
-1.208228463e-16
-1.082903706e-16
-5.66230652e-17
-2.38276713e-16
-7.894562521e-17
-2.391664321e-18
-7.083670777e-18
-1.296650237e-17
-2.04170964e-17
-3.588359459e-17
-3.753030729e-17
-6.303934184e-17
-9.712102686e-17
-1.182458664e-16
-1.14538117e-16
-1.264171395e-16
-1.664832455e-16
-1.514039084e-16
-1.790366485e-16
-1.821722896e-16
-1.181296281e-16
-1.080290779e-16
-5.815762802e-17
-3.656487729e-17
-1.103765357e-17
-2.416489924e-18
-7.273908876e-18
-1.331206782e-17
-2.092888339e-17
-3.680575084e-17
-3.960931409e-17
-6.293288204e-17
-9.818922061e-17
-1.182013203e-16
-1.149053794e-16
-1.267723358e-16
-1.660776218e-16
-1.509872087e-16
-1.766148713e-16
-1.780294163e-16
-1.158733536e-16
-1.07435966e-16
-5.922007307e-17
-3.739223011e-17
-1.132918293e-17
-2.397255752e-18
-7.402462049e-18
-1.365483926e-17
-2.14481576e-17
-3.782021714e-17
-4.1410102e-17
-6.165242217e-17
-9.747177047e-17
-1.180326044e-16
-1.152243659e-16
-1.270945889e-16
-1.656131805e-16
-1.504193194e-16
-1.741912139e-16
-1.742808459e-16
-1.139252415e-16
-1.066602095e-16
-5.993827005e-17
-3.798124661e-17
-1.154119577e-17
-2.608611772e-18
-7.684659678e-18
-1.403497156e-17
-2.210160795e-17
-3.873941043e-17
-4.139404725e-17
7.348240443e-16
7.129528893e-16
-1.183677598e-16
-1.15526774e-16
-1.273729095e-16
-1.650794009e-16
1.458125923e-15
1.363019397e-15
-1.70835362e-16
-1.121207388e-16
-1.056294284e-16
-6.024315208e-17
-3.828996344e-17
-1.167232997e-17
-2.670745599e-18
-7.95447462e-18
-1.442366001e-17
-2.274477934e-17
-3.932445128e-17
-4.02760229e-17
-7.676299695e-17
-7.397515013e-17
-1.196237773e-16
-1.15921407e-16
1.614211592e-15
1.565712269e-15
-1.883304106e-16
-1.355629037e-16
-1.677210878e-16
-1.107340664e-16
-1.051575148e-16
-6.095841257e-17
-3.875908466e-17
-1.183298864e-17
-2.691270122e-18
-8.152612708e-18
-1.48194223e-17
-2.32896887e-17
-3.98151766e-17
-4.127599824e-17
-8.835619545e-16
-8.8997441e-16
-1.204074945e-16
-1.163641993e-16
-1.915851311e-15
-1.851750431e-15
-1.793850881e-15
-1.664492692e-15
-1.646457734e-16
-1.084299172e-16
-1.014204238e-16
-5.822244259e-17
-3.754448863e-17
-1.150258219e-17
-2.780554291e-18
-8.381718163e-18
-1.520179047e-17
-2.38281808e-17
-4.049969668e-17
-4.395581816e-17
-7.496530104e-17
-1.032644361e-16
-9.096135968e-16
-9.144751928e-16
-1.279951106e-16
-1.630816861e-16
-1.470896486e-16
-1.649897415e-16
-1.621352012e-16
-1.096518395e-16
-1.135527782e-16
-7.24174249e-17
-4.23104516e-17
-1.275866728e-17
-2.781314883e-18
-8.558778861e-18
-1.557975018e-17
-2.434927522e-17
-4.138589373e-17
-4.644379877e-17
-7.429795116e-17
-1.048288033e-16
6.879600663e-16
6.629509164e-16
-1.281292446e-16
-1.623099084e-16
-1.461284259e-16
-1.629455934e-16
-1.597039867e-16
-1.034080727e-16
-4.537301471e-17
6.294249305e-18
-3.124441173e-17
-1.088820622e-17
)
;
    }
    procBoundary0to1
    {
        type            processor;
        value           nonuniform List<scalar> 
20
(
4.047472132e-07
1.214488699e-06
2.024977194e-06
2.836391339e-06
3.648192949e-06
4.458388225e-06
5.262310421e-06
6.050848206e-06
6.808223831e-06
7.509719719e-06
8.120077206e-06
8.5934611e-06
8.875681507e-06
8.908688429e-06
8.636404175e-06
8.010190893e-06
6.992180133e-06
5.55543184e-06
3.681046594e-06
1.353228891e-06
)
;
    }
}


// ************************************************************************* //
