/*--------------------------------*- C++ -*----------------------------------*\
  =========                 |
  \\      /  F ield         | OpenFOAM: The Open Source CFD Toolbox
   \\    /   O peration     | Website:  https://openfoam.org
    \\  /    A nd           | Version:  11
     \\/     M anipulation  |
\*---------------------------------------------------------------------------*/
FoamFile
{
    format      ascii;
    class       volScalarField;
    location    "1000";
    object      p;
}
// * * * * * * * * * * * * * * * * * * * * * * * * * * * * * * * * * * * * * //

dimensions      [0 2 -2 0 0 0 0];

internalField   nonuniform List<scalar> 
1200
(
0.895589086
0.8892613071
0.8829686376
0.8767101857
0.870485095
0.8642925427
0.8581317378
0.8520019193
0.8459023547
0.8398323385
0.8337911909
0.8277782564
0.8217929028
0.8158345199
0.8099025185
0.8039963294
0.7981154025
0.7922592059
0.786427225
0.780618962
0.7748339346
0.7690716761
0.7633317339
0.7576136694
0.7519170576
0.7462414858
0.7405865539
0.7349518732
0.7293370665
0.7237417673
0.7181656193
0.7126082766
0.7070694024
0.7015486695
0.6960457594
0.6905603621
0.6850921759
0.679640907
0.6742062692
0.6687879838
0.6633857791
0.6579993901
0.6526285587
0.647273033
0.6419325674
0.636606922
0.6312958629
0.6259991617
0.6207165954
0.6154479461
0.6101930011
0.6049515525
0.599723397
0.594508336
0.5893061755
0.5841167254
0.5789398001
0.5737752179
0.568622801
0.5634823754
0.8955958885
0.889268071
0.8829753631
0.8767168729
0.8704917441
0.8642991539
0.8581383111
0.8520084549
0.8459088526
0.8398387989
0.8337976138
0.8277846419
0.8217992509
0.8158408307
0.8099087921
0.8040025658
0.7981216017
0.7922653679
0.78643335
0.7806250498
0.7748399854
0.7690776898
0.7633377105
0.7576196091
0.7519229602
0.7462473515
0.7405923826
0.734957665
0.7293428214
0.7237474852
0.7181713004
0.7126139209
0.7070750099
0.7015542403
0.6960512934
0.6905658594
0.6850976366
0.6796463311
0.6742116568
0.668793335
0.6633910938
0.6580046685
0.6526338009
0.647278239
0.6419377372
0.6366120558
0.6313009607
0.6260042237
0.6207216216
0.6154529367
0.6101979561
0.6049564719
0.5997282811
0.5945131849
0.5893109892
0.5841215041
0.5789445439
0.573779927
0.5686274754
0.5634870153
0.8955902077
0.8892624712
0.882969842
0.8767114282
0.8704863737
0.8642938558
0.8581330835
0.852003296
0.8459037607
0.8398337723
0.833792651
0.8277797415
0.8217944115
0.815836051
0.8099040707
0.8039979016
0.7981169936
0.7922608148
0.7864288507
0.7806206034
0.7748355909
0.7690733463
0.7633334171
0.7576153648
0.7519187644
0.7462432032
0.7405882811
0.7349536094
0.7293388111
0.7237435195
0.7181673786
0.7126100423
0.7070711739
0.7015504462
0.6960475407
0.6905621475
0.6850939648
0.679642699
0.6742080638
0.6687897805
0.6633875773
0.6580011895
0.6526303589
0.6472748335
0.6419343677
0.6366087219
0.6312976619
0.6260009596
0.6207183917
0.6154497405
0.6101947933
0.6049533421
0.5997251838
0.5945101198
0.5893079558
0.5841185021
0.5789415729
0.5737769865
0.5686245652
0.563484135
0.8955869802
0.8892593288
0.8829667816
0.876708447
0.870483469
0.864291025
0.8581303242
0.8520006058
0.8459011375
0.8398312139
0.8337901554
0.8277773068
0.8217920359
0.8158337326
0.809901808
0.8039956929
0.7981148373
0.7922587095
0.7864267949
0.7806185958
0.7748336302
0.7690714311
0.7633315463
0.7576135372
0.7519169788
0.7462414586
0.7405865764
0.7349519436
0.7293371832
0.7237419285
0.7181658237
0.7126085224
0.7070696883
0.701548994
0.6960461211
0.6905607596
0.685092608
0.6796413724
0.6742067667
0.6687885123
0.6633863373
0.657999977
0.6526291732
0.647273674
0.6419332339
0.636607613
0.6312965775
0.625999899
0.6207173545
0.6154487261
0.6101938012
0.6049523717
0.5997242347
0.5945091914
0.5893070478
0.5841176139
0.5789407041
0.5737761367
0.5686237339
0.5634833218
0.8955817699
0.8892542376
0.8829618053
0.8767035817
0.8704787111
0.8642863709
0.8581257707
0.8519961496
0.8458967756
0.8398269435
0.8337859738
0.8277732113
0.8217880241
0.8158298021
0.8098979564
0.8039919181
0.7981111372
0.7922550821
0.7864232383
0.780615108
0.7748302094
0.7690680757
0.7633282546
0.7576103077
0.7519138098
0.7462383487
0.7405835241
0.7349489476
0.7293342421
0.7237390411
0.7181629886
0.7126057385
0.7070669543
0.7015463089
0.6960434837
0.6905581689
0.6850900629
0.6796388719
0.6742043099
0.6687860981
0.6633839648
0.6579976454
0.6526268815
0.6472714215
0.6419310197
0.6366054363
0.6312944375
0.625997795
0.6207152856
0.6154466917
0.6101918005
0.6049504042
0.5997222995
0.594507288
0.5893051755
0.5841157721
0.5789388922
0.573774354
0.56862198
0.563481596
0.8955754961
0.8892481155
0.8829558297
0.8766977477
0.8704730138
0.8642808061
0.8581203339
0.8519908369
0.8458915831
0.8398218675
0.8337810107
0.8277683578
0.8217832769
0.8158251582
0.8098934128
0.803987472
0.7981067858
0.7922508228
0.7864190686
0.7806110255
0.7748262117
0.7690641606
0.7633244199
0.7576065512
0.7519101297
0.7462347429
0.7405799908
0.7349454849
0.7293308483
0.7237357144
0.7181597274
0.7126025412
0.7070638195
0.7015432349
0.6960404691
0.6905552123
0.685087163
0.6796360273
0.6742015193
0.6687833603
0.6633812786
0.6579950096
0.652624295
0.6472688831
0.6419285283
0.6366029909
0.6312920371
0.6259954385
0.6207129722
0.6154444203
0.6101895703
0.6049482142
0.5997201489
0.5945051759
0.5893031011
0.5841137345
0.5789368907
0.5737723879
0.5686200484
0.5634796983
0.895568046
0.8892408516
0.8829487456
0.8766908373
0.8704662713
0.8642742259
0.8581139107
0.8519845657
0.8458854591
0.8398158861
0.8337751676
0.8277626487
0.8217776977
0.8158197051
0.8098880822
0.8039822601
0.7981016894
0.7922458384
0.7864141932
0.780606256
0.7748215452
0.7690595942
0.7633199509
0.7576021771
0.7519058478
0.7462305508
0.7405758861
0.7349414654
0.7293269117
0.7237318587
0.7181559504
0.712598841
0.7070601941
0.7015396824
0.6960369878
0.6905518004
0.6850838187
0.6796327491
0.6741983055
0.6687802093
0.663378189
0.6579919798
0.6526213237
0.6472659688
0.6419256698
0.6366001868
0.6312892862
0.6259927395
0.6207103239
0.6154418216
0.6101870199
0.6049457112
0.5997176922
0.5945027644
0.5893007337
0.5841114104
0.5789346088
0.5737701474
0.5686178483
0.5634775377
0.8955595887
0.8892326167
0.8829407253
0.8766830242
0.8704586582
0.8642668061
0.8581066777
0.8519775134
0.8458785815
0.8398091777
0.8337686229
0.8277562625
0.8217714652
0.8158136214
0.8098821428
0.8039764607
0.7980960257
0.7922403065
0.786408789
0.7806009759
0.7748163856
0.7690545517
0.7633150221
0.7575973587
0.7519011367
0.7462259441
0.7405713809
0.7349370589
0.7293226012
0.7237276416
0.7181518242
0.7125948033
0.7070562424
0.7015358146
0.6960332016
0.6905480937
0.6850801894
0.6796291952
0.6741948251
0.6687768006
0.66337485
0.6579887089
0.6526181191
0.647262829
0.641922593
0.6365971715
0.6312863309
0.6259898428
0.6207074843
0.6154390377
0.6101842905
0.6049430348
0.5997150676
0.5945001904
0.5892982092
0.5841089341
0.5789321796
0.5737677642
0.56861551
0.5634752433
0.895550314
0.8892236005
0.8829319582
0.8766744972
0.8704503628
0.864258734
0.8580988213
0.8519698651
0.8458711343
0.8398019247
0.8337615577
0.8277493788
0.8217647572
0.8158070833
0.809875769
0.8039702461
0.7980899652
0.7922343952
0.7864030224
0.7805953495
0.7748108951
0.7690491928
0.763309791
0.7575922515
0.7518961498
0.7462210739
0.740566624
0.734932412
0.7293180611
0.7237232052
0.7181474886
0.7125905656
0.7070520998
0.7015317646
0.6960292415
0.690544221
0.6850764018
0.6796254903
0.6741912007
0.6687732545
0.6633713801
0.6579853132
0.6526147956
0.6472595758
0.6419194083
0.6365940535
0.6312832778
0.625986853
0.6207045561
0.6154361697
0.610181481
0.6049402824
0.5997123708
0.5944975478
0.5892956195
0.584106396
0.5789296919
0.5737653255
0.5686131192
0.5634728993
0.8955405116
0.8892140896
0.8829227276
0.8766655361
0.8704416612
0.8642502821
0.8580906099
0.8519618855
0.8458633781
0.8397943838
0.8337542245
0.8277422461
0.8217578178
0.8158003307
0.8098691968
0.8039638481
0.7980837356
0.7922283284
0.786397113
0.7805895922
0.7748052851
0.7690437253
0.7633044614
0.7575870554
0.7518910831
0.7462161324
0.7405618038
0.7349277094
0.7293134725
0.7237187272
0.7181431177
0.7125862986
0.7070479338
0.7015276963
0.6960252682
0.69054034
0.6850726103
0.6796217857
0.6741875805
0.6687697164
0.6633679217
0.6579819323
0.65261149
0.6472563433
0.641916247
0.6365909614
0.6312802531
0.6259838937
0.6207016605
0.6154333361
0.6101787077
0.6049375679
0.5997097135
0.5944949462
0.5892930721
0.5841039015
0.5789272487
0.5737629325
0.568610775
0.5634706027
0.8955305547
0.889204449
0.8829133902
0.8766564897
0.870432894
0.8642417831
0.8580823686
0.8519538917
0.8458556223
0.839786857
0.8337469179
0.8277351515
0.8217509273
0.8157936368
0.8098626924
0.8039575262
0.7980775898
0.7922223523
0.7863913007
0.780583938
0.7747997834
0.769038371
0.7632992494
0.757581981
0.7518861415
0.7462113193
0.740557115
0.7349231407
0.7293090201
0.7237143872
0.7181388867
0.712582173
0.7070439103
0.7015237718
0.6960214395
0.6905366041
0.6850689644
0.6796182272
0.6741841066
0.6687663245
0.6633646095
0.6579786973
0.6526083301
0.6472532562
0.6419132306
0.6365880137
0.631277372
0.6259810774
0.6206989072
0.6154306439
0.610176075
0.6049349929
0.5997071947
0.5944924821
0.5892906612
0.5841015422
0.5789249398
0.5737606725
0.5686085627
0.5634684367
0.8955208733
0.8891950947
0.8829043487
0.8766477474
0.8704244381
0.8642336014
0.8580744495
0.8519462244
0.8458481963
0.8397796626
0.8337399457
0.8277283926
0.8217443733
0.8157872797
0.8098565244
0.8039515403
0.7980717788
0.7922167098
0.7863858203
0.7805786138
0.7747946096
0.7690333422
0.7632943602
0.7575772266
0.751881517
0.7462068202
0.7405527369
0.7349188795
0.7293048717
0.7237103478
0.7181349527
0.7125783408
0.7070401765
0.7015201332
0.696017893
0.6905331467
0.6850655932
0.6796149395
0.6741808998
0.668763196
0.6633615568
0.6579757181
0.6526054221
0.6472504173
0.6419104586
0.6365853067
0.631274728
0.6259784946
0.6206963837
0.6154281779
0.610173665
0.6049326372
0.5997048918
0.5944902304
0.5892884592
0.5840993886
0.5789228332
0.5737586117
0.5686065463
0.5634664636
0.8955118894
0.8891864304
0.882895989
0.8766396783
0.8704166462
0.8642260743
0.8580671754
0.851939192
0.8458413952
0.8397730828
0.8337335777
0.8277222275
0.8217384027
0.8157814954
0.8098509189
0.8039461064
0.7980665096
0.7922115987
0.7863808611
0.7805738006
0.7747899369
0.7690288045
0.7632899526
0.757572944
0.7518773549
0.7462027742
0.7405488027
0.7349150531
0.7293011493
0.7237067257
0.7181314273
0.7125749088
0.7070368347
0.7015168784
0.6960147224
0.6905300574
0.6850625825
0.6796120048
0.6741780385
0.6687604059
0.6633588356
0.6579730635
0.6526028319
0.6472478896
0.6419079914
0.6365828981
0.6312723762
0.6259761979
0.6206941404
0.6154259865
0.6101715238
0.6049305448
0.5997028466
0.5944882311
0.5892865046
0.5840974773
0.578920964
0.5737567832
0.5686047576
0.5634647134
0.8955039271
0.8891787608
0.8828885977
0.8766325517
0.8704097717
0.8642194399
0.8580607699
0.8519330049
0.8458354165
0.8397673031
0.8337279881
0.8277168198
0.8217331688
0.815776428
0.8098460109
0.8039413509
0.7980619004
0.7922071299
0.7863765269
0.7805695956
0.774785856
0.7690248428
0.7632861053
0.7575692069
0.7518737237
0.746199245
0.7405453715
0.7349117164
0.7292979036
0.7237035677
0.7181283538
0.7125719169
0.7070339214
0.7015140411
0.6960119583
0.6905273641
0.6850599575
0.6796094458
0.6741755435
0.6687579725
0.6633564619
0.6579707475
0.6526005718
0.6472456836
0.6419058378
0.6365807952
0.6312703225
0.6259741917
0.6206921804
0.6154240712
0.6101696519
0.6049287149
0.5997010576
0.5944864817
0.5892847937
0.5840958037
0.5789193266
0.5737551811
0.5686031897
0.5634631787
0.8954971227
0.8891722073
0.8828822826
0.876626463
0.8704038983
0.8642137712
0.8580552962
0.8519277169
0.8458303056
0.8397623611
0.8337232074
0.827712193
0.8217286892
0.8157720891
0.8098418066
0.8039372756
0.7980579486
0.7922032964
0.7863728069
0.7805659844
0.7747823492
0.7690214363
0.7632827952
0.7575659893
0.7518705952
0.7461962021
0.7405424111
0.7349088353
0.729295099
0.7237008367
0.7181256938
0.7125693253
0.7070313959
0.7015115793
0.696009558
0.6905250232
0.685057674
0.6796072178
0.674173369
0.6687558499
0.6633543893
0.6579687236
0.6525985948
0.6472437521
0.6419039502
0.6365789503
0.6312685188
0.6259724282
0.6206904557
0.6154223841
0.6101680013
0.6049270999
0.5996994769
0.5944849344
0.5892832789
0.5840943203
0.5789178739
0.5737537581
0.5686017956
0.5634618127
0.8954913689
0.889166658
0.8828769274
0.8766212921
0.8703989026
0.8642089424
0.8580506261
0.8519231982
0.8458259312
0.8397581244
0.8337191022
0.8277082135
0.8217248298
0.8157683447
0.8098381722
0.8039337466
0.7980545206
0.7921999653
0.7863695687
0.7805628354
0.774779286
0.7690184554
0.7632798935
0.7575631638
0.751867843
0.7461935205
0.7405397975
0.7349062872
0.7292926141
0.7236984127
0.7181233286
0.7125670168
0.7070291422
0.7015093785
0.6960074084
0.6905229231
0.6850556217
0.6796052117
0.6741714077
0.668753932
0.6633525134
0.6579668883
0.6525967989
0.6472419944
0.6419022296
0.6365772655
0.631266869
0.6259708121
0.6206888724
0.6154208328
0.610166481
0.6049256096
0.5996980159
0.5944835018
0.5892818739
0.5840929422
0.5789165219
0.5737524316
0.5686004938
0.5634605351
0.8954863541
0.8891618068
0.8828722318
0.8766167446
0.8703944964
0.8642046706
0.8580464828
0.8519191775
0.8458220277
0.8397543329
0.8337154179
0.827704632
0.8217213467
0.8157649559
0.809834874
0.8039305353
0.7980513927
0.7921969177
0.7863665982
0.7805599392
0.7747764612
0.7690156994
0.7632772038
0.7575605381
0.7518652789
0.7461910159
0.7405373503
0.7349038955
0.7292902759
0.7236961263
0.7181210924
0.712564829
0.7070270013
0.701507283
0.6960053568
0.6905209141
0.685053654
0.6796032841
0.6741695188
0.6687520808
0.6633506987
0.6579651091
0.6525950542
0.6472402831
0.6419005508
0.6365756184
0.6312652525
0.6259692256
0.6206873149
0.6154193036
0.6101649793
0.6049241347
0.5996965671
0.5944820785
0.5892804753
0.5840915678
0.578915171
0.5737511037
0.5685991882
0.5634592513
0.8954815413
0.8891571333
0.8828676914
0.8766123314
0.8703902048
0.8642004955
0.8580424192
0.8519152208
0.8458181735
0.8397505772
0.8337117567
0.8277010617
0.8217178637
0.815761557
0.809831556
0.8039272953
0.7980482278
0.7921938252
0.7863635756
0.780556984
0.7747735711
0.7690128724
0.7632744376
0.7575578307
0.7518626284
0.7461884205
0.7405348082
0.7349014051
0.7292878356
0.7236937344
0.7181187476
0.7125625298
0.7070247465
0.7015050712
0.6960031868
0.6905187846
0.6850515639
0.6796012323
0.6741675043
0.6687501025
0.6633487557
0.6579632004
0.6525931788
0.6472384403
0.6418987397
0.6365738381
0.6312635023
0.6259675047
0.6206856226
0.6154176392
0.6101633421
0.6049225241
0.5996949823
0.594480519
0.5892789405
0.5840900571
0.5789136839
0.5737496395
0.5685977466
0.5634578316
0.8954758876
0.8891516289
0.88286233
0.8766071071
0.8703851122
0.8641955294
0.8580375748
0.8519104932
0.8458135585
0.8397460706
0.8337073544
0.82769676
0.821713659
0.8157574461
0.8098275354
0.803923362
0.7980443789
0.792190058
0.7863598873
0.780553372
0.7747700331
0.7690094059
0.7632710405
0.7575545008
0.7518593637
0.7461852191
0.7405316681
0.7348983245
0.7292848129
0.7236907679
0.7181158357
0.712559671
0.7070219392
0.701502314
0.6960004785
0.6905161238
0.6850489493
0.6795986628
0.6741649786
0.6687476195
0.6633463143
0.6579607997
0.6525908177
0.6472361178
0.6418964548
0.63657159
0.63126129
0.6259653275
0.6206834796
0.6154155295
0.610161265
0.6049204788
0.5996929683
0.5944785353
0.5892769866
0.5840881323
0.5789117876
0.573747771
0.5685959054
0.5634560171
0.8954703654
0.8891462481
0.8828570849
0.8766019925
0.870380123
0.8641906607
0.858032822
0.8519058522
0.8458090251
0.8397416408
0.8337030247
0.8276925268
0.821709519
0.8157533961
0.8098235723
0.8039194831
0.7980405813
0.792186339
0.7863562444
0.780549803
0.7747665355
0.7690059776
0.7632676793
0.7575512048
0.7518561309
0.7461820476
0.7405285562
0.7348952705
0.729281815
0.7236878247
0.7181129456
0.7125568325
0.707019151
0.7014995748
0.6959977868
0.6905134785
0.6850463492
0.6795961066
0.6741624653
0.6687451481
0.6633438836
0.6579584087
0.6525884654
0.6472338033
0.6418941773
0.6365693485
0.6312590837
0.6259631555
0.6206813411
0.6154134239
0.6101591914
0.6049184366
0.5996909566
0.5944765537
0.5892750343
0.5840862086
0.5789098919
0.5737459028
0.568594064
0.563454202
)
;

boundaryField
{
    axis
    {
        type            empty;
    }
    inlet
    {
        type            zeroGradient;
    }
    outlet
    {
        type            fixedValue;
        value           nonuniform List<scalar> 0();
    }
    wall
    {
        type            zeroGradient;
    }
    wedgeLow
    {
        type            wedge;
    }
    wedgeHigh
    {
        type            wedge;
    }
    procBoundary1to0
    {
        type            processor;
        value           nonuniform List<scalar> 
20
(
0.9019529035
0.9019597448
0.9019539805
0.9019506647
0.9019453311
0.9019389001
0.9019312569
0.901922569
0.9019130258
0.9019029202
0.9018926333
0.9018826095
0.9018732902
0.9018650199
0.9018579508
0.9018519815
0.9018467945
0.9018418356
0.9018360262
0.9018303565
)
;
    }
    procBoundary1to2
    {
        type            processor;
        value           nonuniform List<scalar> 
20
(
0.5583537708
0.5583583764
0.5583555256
0.5583547301
0.5583530319
0.5583511673
0.5583490454
0.5583467939
0.5583444954
0.5583422452
0.5583401244
0.5583381933
0.5583364807
0.5583349783
0.5583336397
0.5583323855
0.5583311231
0.5583297249
0.5583279365
0.5583261471
)
;
    }
}


// ************************************************************************* //
