FoamFile
{
    format      ascii;
    class       volVectorField;
    location    "0";
    object      U;
}

dimensions      [0 1 -1 0 0 0 0];
internalField   uniform (0.1 0 0);

boundaryField
{
    inlet
    {
        type            fixedValue;
        value           nonuniform List<vector>
80
(
        (0.0037265625 0 0)
        (0.0110390625 0 0)
        (0.0181640625 0 0)
        (0.0251015625 0 0)
        (0.0318515625 0 0)
        (0.0384140625 0 0)
        (0.0447890625 0 0)
        (0.0509765625 0 0)
        (0.0569765625 0 0)
        (0.0627890625 0 0)
        (0.0684140625 0 0)
        (0.0738515625 0 0)
        (0.0791015625 0 0)
        (0.0841640625 0 0)
        (0.0890390625 0 0)
        (0.0937265625 0 0)
        (0.0982265625 0 0)
        (0.1025390625 0 0)
        (0.1066640625 0 0)
        (0.1106015625 0 0)
        (0.1143515625 0 0)
        (0.1179140625 0 0)
        (0.1212890625 0 0)
        (0.1244765625 0 0)
        (0.1274765625 0 0)
        (0.1302890625 0 0)
        (0.1329140625 0 0)
        (0.1353515625 0 0)
        (0.1376015625 0 0)
        (0.1396640625 0 0)
        (0.1415390625 0 0)
        (0.1432265625 0 0)
        (0.1447265625 0 0)
        (0.1460390625 0 0)
        (0.1471640625 0 0)
        (0.1481015625 0 0)
        (0.1488515625 0 0)
        (0.1494140625 0 0)
        (0.1497890625 0 0)
        (0.1499765625 0 0)
        (0.1499765625 0 0)
        (0.1497890625 0 0)
        (0.1494140625 0 0)
        (0.1488515625 0 0)
        (0.1481015625 0 0)
        (0.1471640625 0 0)
        (0.1460390625 0 0)
        (0.1447265625 0 0)
        (0.1432265625 0 0)
        (0.1415390625 0 0)
        (0.1396640625 0 0)
        (0.1376015625 0 0)
        (0.1353515625 0 0)
        (0.1329140625 0 0)
        (0.1302890625 0 0)
        (0.1274765625 0 0)
        (0.1244765625 0 0)
        (0.1212890625 0 0)
        (0.1179140625 0 0)
        (0.1143515625 0 0)
        (0.1106015625 0 0)
        (0.1066640625 0 0)
        (0.1025390625 0 0)
        (0.0982265625 0 0)
        (0.0937265625 0 0)
        (0.0890390625 0 0)
        (0.0841640625 0 0)
        (0.0791015625 0 0)
        (0.0738515625 0 0)
        (0.0684140625 0 0)
        (0.0627890625 0 0)
        (0.0569765625 0 0)
        (0.0509765625 0 0)
        (0.0447890625 0 0)
        (0.0384140625 0 0)
        (0.0318515625 0 0)
        (0.0251015625 0 0)
        (0.0181640625 0 0)
        (0.0110390625 0 0)
        (0.0037265625 0 0)
);
    }
    outlet
    {
        type            zeroGradient;
    }
    walls
    {
        type            noSlip;
    }
    frontAndBack
    {
        type            empty;
    }
}
