/*--------------------------------*- C++ -*----------------------------------*\
  =========                 |
  \\      /  F ield         | OpenFOAM: The Open Source CFD Toolbox
   \\    /   O peration     | Website:  https://openfoam.org
    \\  /    A nd           | Version:  11
     \\/     M anipulation  |
\*---------------------------------------------------------------------------*/
FoamFile
{
    format      ascii;
    class       volVectorField;
    location    "1000";
    object      U;
}
// * * * * * * * * * * * * * * * * * * * * * * * * * * * * * * * * * * * * * //

dimensions      [0 1 -1 0 0 0 0];

internalField   nonuniform List<vector> 
1200
(
(1.001861549 -0.0006360793002 8.086851277e-18)
(1.017464702 -0.001406730013 3.974690208e-17)
(1.043482683 -0.001556528263 9.721897104e-17)
(1.069152255 -0.001362235538 1.239135555e-16)
(1.089699612 -0.001162666143 2.637172164e-16)
(1.106991248 -0.001025888805 2.645089743e-16)
(1.122759472 -0.0009207614567 2.502501155e-16)
(1.137128416 -0.0008375602907 2.533575251e-16)
(1.150185433 -0.0007740109548 2.211031992e-16)
(1.162299039 -0.0007244573103 3.153174197e-16)
(1.173720818 -0.000684116275 6.070427547e-16)
(1.184549024 -0.0006501772719 8.928492766e-16)
(1.194856913 -0.0006209853875 1.463490901e-15)
(1.204719018 -0.000595499763 -1.346383424e-16)
(1.214192739 -0.0005729635065 1.083638574e-14)
(1.223319608 -0.0005528000934 2.779239883e-15)
(1.232133918 -0.0005345976046 -4.674119091e-15)
(1.240665396 -0.0005180556386 -1.420256435e-15)
(1.248939278 -0.0005029356749 -3.875584003e-15)
(1.256977048 -0.0004890434435 4.634564112e-15)
(1.264797364 -0.0004762216445 -4.61385509e-15)
(1.272416614 -0.0004643411048 -2.444569291e-15)
(1.279849252 -0.000453293535 1.376062904e-15)
(1.287108093 -0.0004429872365 -7.636119071e-15)
(1.294204573 -0.0004333441128 -4.184670982e-16)
(1.301148949 -0.0004242971579 -2.801908955e-14)
(1.307950458 -0.000415788443 -1.854215506e-14)
(1.314617458 -0.0004077675757 -1.990447056e-14)
(1.321157536 -0.0004001904802 -2.336827062e-14)
(1.327577604 -0.0003930183996 -1.486031322e-14)
(1.333883978 -0.0003862170813 -2.768689265e-14)
(1.340082448 -0.000379756109 -3.242205033e-14)
(1.346178336 -0.0003736083544 -3.417165389e-14)
(1.352176542 -0.0003677495157 -3.610528326e-14)
(1.358081592 -0.0003621577375 -2.736792933e-14)
(1.363897672 -0.0003568132874 -4.118921435e-14)
(1.369628659 -0.0003516982869 -4.366627601e-14)
(1.375278156 -0.0003467964804 -4.487025054e-14)
(1.380849507 -0.0003420930414 -4.785822169e-14)
(1.38634583 -0.0003375744055 -4.039122395e-14)
(1.391770026 -0.0003332281285 -4.622616601e-14)
(1.397124803 -0.0003290427653 -4.182151752e-14)
(1.402412692 -0.0003250077634 -4.786017274e-14)
(1.407636054 -0.0003211133749 -5.345100285e-14)
(1.4127971 -0.0003173505748 -5.73409788e-14)
(1.417897899 -0.0003137109945 -6.18497318e-14)
(1.422940388 -0.0003101868629 -5.562499965e-14)
(1.427926381 -0.0003067709526 -6.072121544e-14)
(1.432857579 -0.0003034565349 -6.597772588e-14)
(1.43773558 -0.0003002373393 -6.982208543e-14)
(1.442561879 -0.000297107518 -7.388531463e-14)
(1.447337882 -0.0002940616131 -6.648066018e-14)
(1.452064909 -0.0002910945282 -7.653354117e-14)
(1.4567442 -0.0002882015025 -7.709140939e-14)
(1.461376918 -0.0002853780882 -7.671246184e-14)
(1.465964161 -0.0002826201289 -8.347585513e-14)
(1.470506958 -0.0002799237402 -7.929116837e-14)
(1.475006279 -0.000277285292 -8.612092018e-14)
(1.479463036 -0.0002747013929 -8.282448068e-14)
(1.483878089 -0.0002721688739 -8.900234774e-14)
(1.001892372 -0.001519028401 4.143823677e-17)
(1.017638037 -0.003568546813 1.639932191e-16)
(1.043785127 -0.003969971971 3.296923542e-16)
(1.069512904 -0.00349723815 4.381200196e-16)
(1.090063915 -0.00302255367 8.568601518e-16)
(1.107347566 -0.002675554458 5.983993865e-16)
(1.123109507 -0.002389494268 1.226199278e-15)
(1.137473381 -0.002166872501 1.243144826e-15)
(1.150526604 -0.00200209632 1.004535467e-15)
(1.162637812 -0.001872969974 1.253152396e-15)
(1.174058291 -0.001766786251 1.978034418e-15)
(1.184885981 -0.001677967249 2.814286574e-15)
(1.195193873 -0.001602055414 3.905750905e-15)
(1.205056324 -0.001535784696 2.620327392e-15)
(1.214530646 -0.001477154405 6.938515587e-15)
(1.223658317 -0.001424755865 5.40497815e-15)
(1.232473578 -0.001377501109 2.178219768e-15)
(1.241006124 -0.001334573749 -2.43327854e-15)
(1.249281171 -0.001295347968 -6.282993811e-15)
(1.257320188 -0.001259320661 -2.706688736e-15)
(1.265141822 -0.001226080492 -1.416266919e-14)
(1.272762452 -0.001195288748 -1.580228593e-14)
(1.280196526 -0.001166662689 -2.179538884e-14)
(1.287456856 -0.001139963364 -2.895195402e-14)
(1.294554872 -0.001114987176 -2.96491231e-14)
(1.301500826 -0.001091559445 -4.249966998e-14)
(1.308303953 -0.001069529249 -5.122615831e-14)
(1.314972605 -0.001048765351 -5.92558359e-14)
(1.321514362 -0.001029152982 -6.777202082e-14)
(1.32793613 -0.001010591234 -5.915407129e-14)
(1.334244215 -0.0009929909365 -8.034776739e-14)
(1.340444398 -0.0009762729099 -8.915065093e-14)
(1.346541985 -0.0009603665367 -9.590696181e-14)
(1.352541862 -0.0009452085573 -1.035365329e-13)
(1.358448537 -0.0009307420809 -1.035603023e-13)
(1.364266175 -0.0009169157441 -1.1393229e-13)
(1.369998632 -0.0009036830113 -1.217394285e-13)
(1.375649484 -0.000891001575 -1.294764978e-13)
(1.381222051 -0.0008788328527 -1.370762695e-13)
(1.386719418 -0.0008671415533 -1.379084137e-13)
(1.392144459 -0.0008558953093 -1.451081489e-13)
(1.39749985 -0.0008450643633 -1.473054418e-13)
(1.402788085 -0.00083462129 -1.544703427e-13)
(1.408011493 -0.0008245407689 -1.6250955e-13)
(1.41317225 -0.000814799372 -1.704203123e-13)
(1.418272388 -0.0008053753899 -1.796062549e-13)
(1.423313809 -0.0007962486795 -1.824245252e-13)
(1.428298292 -0.0007874005229 -1.897834565e-13)
(1.433227503 -0.0007788135092 -1.979619296e-13)
(1.438103002 -0.0007704714301 -2.059684649e-13)
(1.442926254 -0.0007623591846 -2.151426524e-13)
(1.447698631 -0.0007544626945 -2.182827702e-13)
(1.452421421 -0.0007467688282 -2.266774751e-13)
(1.457095834 -0.0007392653334 -2.299003497e-13)
(1.461723005 -0.0007319407766 -2.368787877e-13)
(1.466304004 -0.0007247844855 -2.459090993e-13)
(1.470839835 -0.0007177864986 -2.489748965e-13)
(1.475331445 -0.0007109375172 -2.608835766e-13)
(1.479779725 -0.0007042288648 -2.626685227e-13)
(1.484185515 -0.0006976524425 -2.738808874e-13)
(1.001953326 -0.002431883152 4.599055673e-16)
(1.01803258 -0.005789666574 9.095407934e-16)
(1.044494768 -0.006329683263 1.020725526e-15)
(1.070324196 -0.00552011614 1.757978784e-15)
(1.090858326 -0.004793178521 2.312204339e-15)
(1.108123396 -0.004256454213 -1.137527081e-15)
(1.123874531 -0.003792588398 1.252181532e-16)
(1.13822676 -0.003435392233 5.273131097e-15)
(1.151272021 -0.003177098437 3.004722014e-15)
(1.163379936 -0.002973676326 4.930739036e-15)
(1.174799265 -0.002804757924 5.051052853e-15)
(1.185626904 -0.002663709962 6.206846019e-15)
(1.195935691 -0.002543494784 7.21031638e-15)
(1.205799703 -0.002438437099 8.23288399e-15)
(1.215276009 -0.00234538448 5.800880278e-15)
(1.224405981 -0.002262228967 -1.818220621e-15)
(1.233223801 -0.00218724848 -4.786931003e-15)
(1.241759112 -0.002119125249 -1.199883488e-14)
(1.250037095 -0.002056868453 -2.066595731e-14)
(1.258079196 -0.001999686634 -3.241663503e-14)
(1.265904046 -0.001946927995 -4.936069247e-14)
(1.273528012 -0.001898054379 -5.940209847e-14)
(1.280965532 -0.001852617354 -7.190162047e-14)
(1.288229407 -0.0018102381 -8.129096045e-14)
(1.29533106 -0.001770593542 -9.278068819e-14)
(1.30228073 -0.001733406304 -1.058944434e-13)
(1.309087642 -0.001698436639 -1.163102016e-13)
(1.315760129 -0.001665475964 -1.300395804e-13)
(1.322305753 -0.001634341726 -1.403148368e-13)
(1.328731393 -0.001604873284 -1.517228244e-13)
(1.335043327 -0.001576928559 -1.64545712e-13)
(1.341247299 -0.001550381279 -1.743623365e-13)
(1.347348575 -0.001525118718 -1.871766782e-13)
(1.353351995 -0.001501039802 -1.967308152e-13)
(1.359262013 -0.001478053559 -2.074594999e-13)
(1.365082738 -0.001456077799 -2.197008674e-13)
(1.370817963 -0.001435038011 -2.231120133e-13)
(1.376471197 -0.001414866433 -2.415955461e-13)
(1.382045687 -0.001395501258 -2.514770845e-13)
(1.387544447 -0.00137688596 -2.631347195e-13)
(1.392970271 -0.001358968716 -2.754814812e-13)
(1.398325756 -0.001341701914 -2.86860628e-13)
(1.403613315 -0.001325041719 -2.987153914e-13)
(1.408835196 -0.001308947712 -3.07709398e-13)
(1.413993492 -0.001293382554 -3.194755931e-13)
(1.419090154 -0.001278311711 -3.322984331e-13)
(1.424127003 -0.001263703211 -3.444032073e-13)
(1.429105739 -0.001249527414 -3.570136728e-13)
(1.434027953 -0.001235756822 -3.667060214e-13)
(1.438895131 -0.001222365912 -3.788335992e-13)
(1.443708666 -0.001209330976 -3.915367887e-13)
(1.448469862 -0.001196629981 -4.032503114e-13)
(1.453179945 -0.001184242446 -4.149289972e-13)
(1.457840064 -0.001172149327 -4.259870889e-13)
(1.4624513 -0.001160332915 -4.369557652e-13)
(1.46701467 -0.00114877674 -4.491199935e-13)
(1.471531134 -0.001137465484 -4.615580039e-13)
(1.476001596 -0.001126384901 -4.742223864e-13)
(1.480426909 -0.001115521748 -4.864581732e-13)
(1.484807883 -0.001104863705 -4.985528658e-13)
(1.002040368 -0.003439025429 1.793870068e-15)
(1.018636186 -0.008181068977 3.549660658e-15)
(1.045591127 -0.008849626244 1.401003809e-15)
(1.071568068 -0.007693182538 7.118215407e-15)
(1.092076168 -0.006699795098 4.953180737e-15)
(1.109319102 -0.005951069384 2.408840092e-15)
(1.125055567 -0.005294772365 1.777347042e-15)
(1.139388941 -0.004795691282 6.783282445e-15)
(1.152421858 -0.004437528284 5.883858838e-15)
(1.164525207 -0.00415391861 3.987786775e-15)
(1.175943016 -0.003917733575 1.196894241e-14)
(1.186770702 -0.003720860996 9.190565936e-15)
(1.19708109 -0.003553196343 1.094825827e-14)
(1.206947789 -0.003406573388 6.818229561e-15)
(1.216427434 -0.003276664117 -3.889377675e-15)
(1.225561235 -0.003160588751 -1.965619765e-14)
(1.234383292 -0.003055932278 -4.113272991e-14)
(1.242923169 -0.002960842996 -6.216064207e-14)
(1.251205992 -0.002873941014 -8.661162002e-14)
(1.259253172 -0.00279412489 -1.091834641e-13)
(1.267083316 -0.002720484436 -1.325142909e-13)
(1.274712769 -0.002652267672 -1.532938571e-13)
(1.282155948 -0.002588848407 -1.742641027e-13)
(1.289425631 -0.002529697487 -1.93203461e-13)
(1.296533213 -0.00247436321 -2.099974725e-13)
(1.3034889 -0.00242245744 -2.264317406e-13)
(1.310301874 -0.002373644412 -2.429090486e-13)
(1.316980418 -0.002327631694 -2.598072865e-13)
(1.323532032 -0.002284163049 -2.756654413e-13)
(1.329963526 -0.00224301271 -2.888411616e-13)
(1.336281094 -0.002203980754 -3.040005665e-13)
(1.34249039 -0.002166889284 -3.190389864e-13)
(1.348596579 -0.002131579322 -3.344273579e-13)
(1.354604391 -0.002097908194 -3.497885534e-13)
(1.360518161 -0.002065747401 -3.629788961e-13)
(1.366341875 -0.002034980803 -3.784355656e-13)
(1.372079195 -0.002005503119 -3.94222882e-13)
(1.377733495 -0.001977218631 -4.105171548e-13)
(1.383307888 -0.001950040104 -4.271364326e-13)
(1.388805245 -0.001923887854 -4.417175727e-13)
(1.394228223 -0.001898688944 -4.590449485e-13)
(1.399579279 -0.001874376507 -4.74469905e-13)
(1.404860691 -0.001850889128 -4.918564047e-13)
(1.410074573 -0.001828170348 -5.09271072e-13)
(1.415222889 -0.001806168177 -5.26435794e-13)
(1.420307464 -0.001784834709 -5.44125525e-13)
(1.425330001 -0.001764125764 -5.594891046e-13)
(1.430292089 -0.00174400056 -5.768076117e-13)
(1.435195209 -0.001724421433 -5.942075293e-13)
(1.440040752 -0.001705353588 -6.103499728e-13)
(1.444830019 -0.001686764859 -6.254841036e-13)
(1.449564231 -0.001668625509 -6.378929697e-13)
(1.454244539 -0.001650908031 -6.533490153e-13)
(1.458872025 -0.001633586985 -6.684240002e-13)
(1.463447712 -0.001616638834 -6.863429872e-13)
(1.467972567 -0.001600041807 -7.085495129e-13)
(1.472447507 -0.001583775757 -7.265416676e-13)
(1.4768734 -0.001567822046 -7.452719267e-13)
(1.481251075 -0.001552163434 -7.612162887e-13)
(1.48558132 -0.001536783963 -7.791786657e-13)
(1.002162605 -0.004527987695 4.637777189e-16)
(1.019478188 -0.01066876833 1.279627134e-16)
(1.047103859 -0.01140379732 -2.370184431e-16)
(1.073268132 -0.009868682356 -5.063406302e-15)
(1.093738495 -0.00859499679 -1.172904654e-15)
(1.110953846 -0.007625494392 3.562528212e-15)
(1.126670426 -0.00677792522 7.414227641e-16)
(1.140978094 -0.00614121251 9.455797973e-16)
(1.153995233 -0.005685316603 2.605071108e-15)
(1.16609343 -0.005322833548 2.343123256e-15)
(1.177509922 -0.005020732536 1.303388887e-14)
(1.188338339 -0.004769042596 1.777965679e-14)
(1.198651577 -0.004554580157 1.722328162e-15)
(1.208522583 -0.00436690015 -4.113251226e-14)
(1.218007398 -0.004200565369 -9.289200965e-14)
(1.227147039 -0.004051925694 -1.436076285e-13)
(1.23597551 -0.003917891884 -1.908237952e-13)
(1.244522273 -0.003796097927 -2.299418886e-13)
(1.252812379 -0.003684783831 -2.695551587e-13)
(1.260867195 -0.003582542775 -2.961100732e-13)
(1.268705283 -0.00348820993 -3.167876912e-13)
(1.276342937 -0.003400822015 -3.438820218e-13)
(1.283794515 -0.003319576234 -3.659886892e-13)
(1.291072724 -0.003243793346 -3.839715509e-13)
(1.29818887 -0.003172892632 -4.028099235e-13)
(1.305153054 -0.003106374322 -4.203947335e-13)
(1.311974331 -0.003043805379 -4.375513788e-13)
(1.318660842 -0.002984808035 -4.562840598e-13)
(1.325219924 -0.002929050746 -4.726486529e-13)
(1.331658207 -0.002876240981 -4.909019641e-13)
(1.337981695 -0.002826119383 -5.092257706e-13)
(1.344195836 -0.002778454973 -5.258727168e-13)
(1.350305577 -0.00273304124 -5.459167458e-13)
(1.356315428 -0.002689692852 -5.666208347e-13)
(1.362229497 -0.002648242984 -5.852538081e-13)
(1.368051539 -0.002608541013 -6.065010397e-13)
(1.373784991 -0.002570450628 -6.268327022e-13)
(1.379432999 -0.002533848174 -6.499057919e-13)
(1.384998457 -0.002498621272 -6.716656063e-13)
(1.390484024 -0.002464667613 -6.949391949e-13)
(1.395892152 -0.002431893913 -7.184764059e-13)
(1.401225105 -0.002400215024 -7.418357222e-13)
(1.40648498 -0.002369553115 -7.648700562e-13)
(1.411673719 -0.002339837009 -7.877297214e-13)
(1.416793131 -0.002311001525 -8.101521473e-13)
(1.4218449 -0.002282986952 -8.322516553e-13)
(1.426830601 -0.002255738559 -8.537067642e-13)
(1.431751707 -0.002229206142 -8.763682622e-13)
(1.436609605 -0.002203343633 -8.962032305e-13)
(1.441405596 -0.002178108749 -9.071218772e-13)
(1.446140914 -0.002153462662 -9.175271883e-13)
(1.450816722 -0.002129369707 -9.364012032e-13)
(1.455434129 -0.002105797115 -9.634298924e-13)
(1.459994186 -0.002082714767 -9.949850216e-13)
(1.464497898 -0.002060094982 -1.029452323e-12)
(1.468946227 -0.002037912304 -1.060831497e-12)
(1.473340094 -0.002016143323 -1.081480453e-12)
(1.477680385 -0.0019947665 -1.099075969e-12)
(1.481967953 -0.001973762021 -1.122839315e-12)
(1.486203621 -0.00195311164 -1.153024446e-12)
(1.002327563 -0.005717270711 4.968622472e-16)
(1.020589852 -0.01328000629 -2.681061161e-15)
(1.049068418 -0.01400830167 -2.745437549e-15)
(1.075454992 -0.01206384486 -2.042473788e-15)
(1.095874904 -0.01049981042 -1.681417316e-15)
(1.113057236 -0.009300927191 -1.068069847e-15)
(1.128748648 -0.008261818602 -1.055690676e-15)
(1.143024603 -0.007490030018 2.435761779e-15)
(1.156023545 -0.006937113017 2.043767654e-15)
(1.168116727 -0.006495969552 -5.407172747e-15)
(1.179532768 -0.006128352928 6.209919318e-14)
(1.190363289 -0.005822050016 -2.992616917e-15)
(1.2006813 -0.005560812927 -1.90122884e-13)
(1.210558912 -0.005332079699 -3.344561637e-13)
(1.220051456 -0.005129321978 -4.30930605e-13)
(1.229199736 -0.004948104834 -4.882274433e-13)
(1.238037648 -0.004784674279 -5.256230395e-13)
(1.246594519 -0.004636157824 -5.492536307e-13)
(1.254895288 -0.004500414604 -5.683671432e-13)
(1.262961212 -0.00437572998 -5.856014939e-13)
(1.270810729 -0.004260682011 -5.997504779e-13)
(1.278459976 -0.004154092644 -6.153177908e-13)
(1.28592312 -0.004054978123 -6.316219796e-13)
(1.293212642 -0.003962504382 -6.483798054e-13)
(1.300339586 -0.003875956857 -6.629994561e-13)
(1.307313759 -0.003794719377 -6.829842911e-13)
(1.314143892 -0.003718257122 -7.026028681e-13)
(1.320837779 -0.0036461029 -7.21474528e-13)
(1.32740239 -0.00357784631 -7.414264474e-13)
(1.333843978 -0.003513125147 -7.64536654e-13)
(1.34016816 -0.003451618369 -7.859361361e-13)
(1.346379997 -0.003393040378 -8.146126109e-13)
(1.352484056 -0.003337136291 -8.417353891e-13)
(1.358484473 -0.003283677949 -8.696268875e-13)
(1.364384998 -0.003232460654 -9.002929638e-13)
(1.370189045 -0.003183300336 -9.274241508e-13)
(1.375899729 -0.003136031191 -9.601259932e-13)
(1.381519902 -0.003090503613 -9.873959936e-13)
(1.387052182 -0.003046582434 -1.017667499e-12)
(1.392498983 -0.003004145378 -1.048491737e-12)
(1.397862539 -0.002963081711 -1.077721022e-12)
(1.403144921 -0.002923291075 -1.107541931e-12)
(1.408348061 -0.002884682413 -1.134801969e-12)
(1.413473768 -0.002847173083 -1.162262088e-12)
(1.418523739 -0.002810687985 -1.187476018e-12)
(1.423499573 -0.002775158858 -1.21203201e-12)
(1.428402785 -0.002740523618 -1.237948915e-12)
(1.433234815 -0.002706725754 -1.270184128e-12)
(1.437997031 -0.002673713797 -1.261442739e-12)
(1.442690746 -0.002641440859 -1.223104349e-12)
(1.447317218 -0.002609864185 -1.258298406e-12)
(1.451877656 -0.002578944775 -1.344708082e-12)
(1.456373227 -0.002548647011 -1.423849609e-12)
(1.460805062 -0.002518938364 -1.488580582e-12)
(1.465174256 -0.002489789098 -1.542793316e-12)
(1.46948187 -0.002461172003 -1.541406396e-12)
(1.473728942 -0.00243306217 -1.502312696e-12)
(1.47791648 -0.002405436763 -1.532402344e-12)
(1.48204547 -0.002378274839 -1.615219938e-12)
(1.486116875 -0.002351557155 -1.691650863e-12)
(1.002545048 -0.007036908655 8.206370654e-17)
(1.022012483 -0.01604664695 -2.411494843e-16)
(1.051532468 -0.01667142374 -4.008788505e-16)
(1.078170395 -0.014279687 -5.53546179e-16)
(1.098526254 -0.01241162828 -8.012052899e-16)
(1.115670258 -0.01097150498 1.027464435e-16)
(1.131330939 -0.009740196856 -1.96116752e-15)
(1.14556996 -0.008836721175 -8.067909744e-16)
(1.158549446 -0.008188234508 -1.024758367e-14)
(1.170638697 -0.007669191938 3.353118017e-14)
(1.182056079 -0.007236882008 -5.621136333e-13)
(1.192891095 -0.006876500927 -1.466799074e-12)
(1.203216907 -0.006568775461 -1.300663902e-12)
(1.213104654 -0.006299203186 -1.147246685e-12)
(1.222608871 -0.006060198706 -1.034869218e-12)
(1.231770109 -0.005846540239 -9.64503437e-13)
(1.240622075 -0.005653822434 -9.236485692e-13)
(1.249193829 -0.005478673232 -9.009745e-13)
(1.257510001 -0.00531856738 -8.923496615e-13)
(1.265591501 -0.00517147584 -8.940660822e-13)
(1.273456349 -0.005035712031 -8.989774556e-13)
(1.281120193 -0.004909874586 -9.159718987e-13)
(1.288596644 -0.004792789961 -9.356498495e-13)
(1.29589758 -0.004683461002 -9.576116585e-13)
(1.3030334 -0.004581032073 -9.817310543e-13)
(1.310013239 -0.004484764711 -1.007605826e-12)
(1.316845148 -0.004394017943 -1.034476425e-12)
(1.323536239 -0.004308232393 -1.058394056e-12)
(1.330092816 -0.004226917679 -1.090401148e-12)
(1.336520493 -0.004149642276 -1.131142663e-12)
(1.342824281 -0.004076025304 -1.173636011e-12)
(1.349008677 -0.004005729592 -1.216678571e-12)
(1.355077735 -0.003938456008 -1.26031766e-12)
(1.361035125 -0.003873938571 -1.30164584e-12)
(1.366884191 -0.003811940415 -1.340967466e-12)
(1.372627995 -0.003752250229 -1.380875199e-12)
(1.378269355 -0.00369467928 -1.417979684e-12)
(1.383810884 -0.003639058763 -1.45531158e-12)
(1.389255014 -0.003585237542 -1.488370179e-12)
(1.394604025 -0.003533080143 -1.525958264e-12)
(1.399860064 -0.003482465007 -1.561477919e-12)
(1.405025165 -0.003433282971 -1.590570506e-12)
(1.410101265 -0.003385435866 -1.616127098e-12)
(1.415090215 -0.003338835381 -1.640502882e-12)
(1.419993791 -0.003293401918 -1.664700946e-12)
(1.424813706 -0.003249063705 -1.695075677e-12)
(1.429551617 -0.003205755945 -1.735305386e-12)
(1.434209129 -0.003163420049 -1.763488718e-12)
(1.438787804 -0.003122002992 -1.780494477e-12)
(1.443289164 -0.003081456705 -2.042425798e-12)
(1.447714693 -0.003041737576 -2.300186778e-12)
(1.452065844 -0.003002805939 -2.302478283e-12)
(1.456344038 -0.002964625696 -2.277492281e-12)
(1.460550668 -0.002927163907 -2.270769134e-12)
(1.464687102 -0.002890390484 -2.227243819e-12)
(1.468754679 -0.002854277884 -2.100444432e-12)
(1.472754718 -0.002818800835 -2.269824496e-12)
(1.47668851 -0.00278393611 -2.579647644e-12)
(1.480557327 -0.002749662327 -2.640108441e-12)
(1.484362418 -0.002715959715 -2.616472278e-12)
(1.00282838 -0.008524483893 -9.4571172e-17)
(1.023800521 -0.0190007388 6.210785325e-17)
(1.054557563 -0.01940019748 4.526845284e-16)
(1.081468276 -0.01651839494 -2.343794802e-16)
(1.101745623 -0.01432986375 -5.724470756e-16)
(1.118846112 -0.01263503914 4.635623161e-15)
(1.134470199 -0.0112119204 4.09908595e-15)
(1.148668125 -0.01018116028 3.224795546e-15)
(1.161628407 -0.009438932077 -1.551408583e-14)
(1.173716172 -0.008842951353 9.651305859e-15)
(1.185138228 -0.008346909997 -5.494853912e-13)
(1.195982057 -0.007933079165 -9.069418178e-13)
(1.206321004 -0.007579233625 -1.012841976e-12)
(1.216225055 -0.007269119759 -1.034873459e-12)
(1.225747727 -0.006994123979 -1.042651064e-12)
(1.234929006 -0.00674822326 -1.053842231e-12)
(1.243801967 -0.006526358568 -1.068741621e-12)
(1.252394828 -0.006324649192 -1.09701933e-12)
(1.260731249 -0.006140167263 -1.129027568e-12)
(1.268831065 -0.005970550233 -1.165691969e-12)
(1.276711123 -0.005813829917 -1.204447547e-12)
(1.284385826 -0.005668367276 -1.250413028e-12)
(1.291867517 -0.005532788052 -1.295250616e-12)
(1.299166807 -0.005405925113 -1.340962919e-12)
(1.306292867 -0.00528677899 -1.385520866e-12)
(1.313253668 -0.005174490072 -1.441450829e-12)
(1.320056182 -0.005068315884 -1.445224149e-12)
(1.326706545 -0.004967612546 -1.491801228e-12)
(1.333210199 -0.004871819838 -1.588299067e-12)
(1.339572015 -0.00478044902 -1.67489519e-12)
(1.345796386 -0.00469307277 -1.742540193e-12)
(1.351887312 -0.004609316664 -1.801162057e-12)
(1.357848471 -0.004528852065 -1.852759923e-12)
(1.363683271 -0.004451389959 -1.898293236e-12)
(1.3693949 -0.004376675847 -1.942109617e-12)
(1.374986365 -0.004304485197 -1.981853807e-12)
(1.380460519 -0.004234619664 -2.020250718e-12)
(1.385820091 -0.00416690371 -2.057826747e-12)
(1.391067705 -0.004101181758 -2.093295139e-12)
(1.396205895 -0.00403731566 -2.130708076e-12)
(1.401237119 -0.003975182526 -2.16662025e-12)
(1.40616377 -0.003914672858 -2.150455872e-12)
(1.410988182 -0.003855688826 -2.168436445e-12)
(1.415712637 -0.003798142942 -2.180939814e-12)
(1.420339371 -0.003741956662 -2.229605567e-12)
(1.424870578 -0.003687059391 -2.318380502e-12)
(1.429308407 -0.003633387499 -2.402666351e-12)
(1.433654971 -0.003580883437 -2.453564106e-12)
(1.437912345 -0.003529495066 -2.491603201e-12)
(1.442082566 -0.003479174963 -2.518813441e-12)
(1.446167635 -0.003429879913 -2.620868171e-12)
(1.450169517 -0.003381570359 -2.758443047e-12)
(1.454090142 -0.003334210022 -2.815196891e-12)
(1.457931402 -0.003287765483 -2.8534874e-12)
(1.461695154 -0.003242205889 -2.834156905e-12)
(1.465383221 -0.003197502648 -2.738967032e-12)
(1.468997386 -0.003153629168 -2.698706883e-12)
(1.472539399 -0.003110560647 -2.854084328e-12)
(1.476010973 -0.003068273899 -3.035291537e-12)
(1.479413785 -0.003026747104 -3.089623607e-12)
(1.003195431 -0.01022662389 -7.35442057e-16)
(1.026024184 -0.02217589937 2.147954122e-15)
(1.058221128 -0.02220216776 1.445657934e-15)
(1.085416987 -0.01878355345 -2.788981273e-15)
(1.105600752 -0.01625411841 1.327506562e-16)
(1.122652399 -0.01428956522 5.688477048e-15)
(1.138233525 -0.0126761684 -3.401075847e-15)
(1.152387569 -0.01152314371 -3.258185905e-14)
(1.165331246 -0.01068917623 -9.321035032e-14)
(1.17742291 -0.01001747936 -1.401546827e-13)
(1.188856934 -0.009458941479 -3.710668273e-13)
(1.199718853 -0.008992528106 -6.668458706e-13)
(1.210081769 -0.008593146054 -8.322885574e-13)
(1.220013637 -0.008242954188 -9.678161697e-13)
(1.229565824 -0.007932300733 -1.089585548e-12)
(1.238776396 -0.007654311509 -1.20341875e-12)
(1.247676266 -0.00740324065 -1.314762308e-12)
(1.256291215 -0.007174666836 -1.412477543e-12)
(1.264642373 -0.006965228808 -1.505500683e-12)
(1.272747056 -0.006772209106 -1.59336922e-12)
(1.28061967 -0.006593348103 -1.675959439e-12)
(1.288272326 -0.006426769831 -1.754282079e-12)
(1.295715287 -0.006270909473 -1.828368479e-12)
(1.302957337 -0.006124448292 -1.898511254e-12)
(1.3100061 -0.005986267791 -1.959350038e-12)
(1.316868288 -0.005855416645 -2.046587337e-12)
(1.3235499 -0.005731083264 -2.22942295e-12)
(1.330056383 -0.005612573153 -2.640983217e-12)
(1.33639275 -0.005499290323 -2.5729959e-12)
(1.342563683 -0.005390722151 -2.553415799e-12)
(1.348573606 -0.005286426606 -2.559174681e-12)
(1.354426744 -0.005186021647 -2.577270165e-12)
(1.360127166 -0.005089176264 -2.603909851e-12)
(1.365678815 -0.004995602829 -2.633435921e-12)
(1.371085535 -0.004905050815 -2.665878235e-12)
(1.376351087 -0.004817301269 -2.699311812e-12)
(1.381479155 -0.004732162311 -2.732138205e-12)
(1.38647336 -0.004649465158 -2.765480531e-12)
(1.391337264 -0.004569060851 -2.793840427e-12)
(1.396074366 -0.004490817403 -2.841109347e-12)
(1.400688109 -0.004414617402 -2.799337032e-12)
(1.405181876 -0.004340355997 -2.749701761e-12)
(1.409558993 -0.004267939095 -3.019626082e-12)
(1.413822721 -0.004197281959 -2.985813638e-12)
(1.417976261 -0.004128307844 -3.325121536e-12)
(1.42202275 -0.004060946985 -3.420094987e-12)
(1.425965256 -0.003995135664 -3.407172508e-12)
(1.429806783 -0.003930815416 -3.376801595e-12)
(1.433550264 -0.003867932305 -3.38145579e-12)
(1.437198564 -0.003806436469 -3.436527133e-12)
(1.440754477 -0.003746281491 -3.468203672e-12)
(1.444220728 -0.003687424084 -3.46709241e-12)
(1.447599968 -0.003629823654 -3.465232948e-12)
(1.450894779 -0.003573442031 -3.468790934e-12)
(1.454107673 -0.003518243199 -3.46826947e-12)
(1.457241091 -0.003464193052 -3.483228537e-12)
(1.460297405 -0.003411259208 -3.528636139e-12)
(1.463278916 -0.003359410828 -3.558292631e-12)
(1.466187861 -0.003308618479 -3.567132924e-12)
(1.469026407 -0.003258854003 -3.575960825e-12)
(1.003670039 -0.01220163414 -2.753967451e-15)
(1.028773126 -0.02560736345 1.286464856e-14)
(1.062619372 -0.02508571634 -2.355902334e-14)
(1.09010195 -0.02107976348 -6.273710186e-15)
(1.110175908 -0.01818299122 8.524261589e-15)
(1.127172226 -0.01593247993 -2.647876758e-14)
(1.142703987 -0.01413232018 -1.347883687e-13)
(1.156815535 -0.01286303426 -2.978940198e-13)
(1.169752588 -0.01193983101 -4.98361198e-13)
(1.181863313 -0.01119422194 -6.984917801e-13)
(1.193328007 -0.01057493854 -9.236902692e-13)
(1.204228523 -0.0100571844 -1.147067945e-12)
(1.214634829 -0.009613018476 -1.36179218e-12)
(1.224609389 -0.009223074175 -1.558942099e-12)
(1.23419783 -0.008876578262 -1.730707415e-12)
(1.24343282 -0.008565721499 -1.894685534e-12)
(1.252339973 -0.008284033793 -2.033176731e-12)
(1.260940022 -0.008026544083 -2.160518629e-12)
(1.269249582 -0.007789472444 -2.27058868e-12)
(1.277282126 -0.007569786413 -2.37802178e-12)
(1.285048936 -0.007364995165 -2.468733933e-12)
(1.292559736 -0.007173059451 -2.553929294e-12)
(1.299823126 -0.006992305203 -2.631476435e-12)
(1.306846904 -0.006821346184 -2.701526352e-12)
(1.313638323 -0.006659027869 -2.76210552e-12)
(1.320204262 -0.006504386089 -2.834192031e-12)
(1.326551354 -0.006356612773 -3.059605116e-12)
(1.332686056 -0.006215027917 -3.080581474e-12)
(1.338614711 -0.006079056743 -3.17286767e-12)
(1.344343571 -0.005948211312 -3.237401223e-12)
(1.349878816 -0.005822075392 -3.288423727e-12)
(1.355226555 -0.005700292094 -3.328846962e-12)
(1.360392827 -0.005582553738 -3.369635805e-12)
(1.365383591 -0.005468593386 -3.402986779e-12)
(1.37020472 -0.005358178155 -3.436762652e-12)
(1.374861988 -0.005251103409 -3.467204377e-12)
(1.379361063 -0.005147188269 -3.500162199e-12)
(1.383707496 -0.005046271664 -3.528322698e-12)
(1.387906712 -0.004948209272 -3.553025416e-12)
(1.391964005 -0.004852870851 -3.592730131e-12)
(1.395884527 -0.004760138124 -3.544685089e-12)
(1.399673289 -0.004669903022 -3.528971096e-12)
(1.403335154 -0.004582066148 -3.476875763e-12)
(1.406874836 -0.004496535672 -3.584445056e-12)
(1.410296897 -0.004413226174 -3.670339534e-12)
(1.413605749 -0.004332057916 -3.892476572e-12)
(1.416805652 -0.004252956103 -3.952372435e-12)
(1.419900718 -0.00417585031 -3.967176011e-12)
(1.42289491 -0.004100673902 -3.969619376e-12)
(1.425792045 -0.00402736381 -3.976913422e-12)
(1.428595799 -0.00395585997 -3.984869283e-12)
(1.431309709 -0.003886105191 -3.993449776e-12)
(1.433937174 -0.003818044811 -4.000398993e-12)
(1.436481463 -0.003751626515 -4.006284711e-12)
(1.438945715 -0.003686800163 -4.010767794e-12)
(1.441332946 -0.003623517615 -4.01485814e-12)
(1.443646051 -0.003561732592 -4.022033342e-12)
(1.44588781 -0.003501400565 -4.030879034e-12)
(1.448060889 -0.003442478639 -4.039865465e-12)
(1.450167847 -0.003384925498 -4.045961333e-12)
(1.004283902 -0.01452275473 -4.258714242e-15)
(1.032161129 -0.02933041024 3.468889116e-14)
(1.067869759 -0.02806062529 -2.105603313e-13)
(1.095626062 -0.02341445447 -1.005865274e-14)
(1.115571342 -0.02011535977 -1.088023981e-13)
(1.132506916 -0.01756107155 -4.750833383e-13)
(1.147992442 -0.01558023036 -9.448689601e-13)
(1.162082816 -0.01420257553 -1.398941456e-12)
(1.175048642 -0.01319417658 -1.795804293e-12)
(1.187218712 -0.01237765698 -2.089645885e-12)
(1.198751448 -0.01169984088 -2.462561365e-12)
(1.209716722 -0.01113160119 -2.602894523e-12)
(1.220172682 -0.01064209489 -2.758098699e-12)
(1.230168615 -0.01021043665 -2.905763179e-12)
(1.239738396 -0.009824697326 -3.011545069e-12)
(1.248905148 -0.009476184157 -3.217002493e-12)
(1.257686926 -0.009157846467 -3.255487195e-12)
(1.266098911 -0.008864355276 -3.328151529e-12)
(1.274154189 -0.008591727469 -3.381105394e-12)
(1.281864562 -0.008336840211 -3.529911122e-12)
(1.289241234 -0.008097190964 -3.542888343e-12)
(1.296295175 -0.007870780284 -3.588674363e-12)
(1.303037287 -0.007656004894 -3.628324446e-12)
(1.309478486 -0.007451564888 -3.662267036e-12)
(1.315629731 -0.007256396533 -3.704973321e-12)
(1.321502002 -0.007069623501 -3.746822278e-12)
(1.327106268 -0.006890517772 -3.861254899e-12)
(1.33245343 -0.006718468826 -3.978182836e-12)
(1.337554269 -0.006552959468 -4.033028107e-12)
(1.342419401 -0.006393547066 -4.071215599e-12)
(1.347059225 -0.006239848803 -4.10931107e-12)
(1.35148389 -0.006091530092 -4.130142325e-12)
(1.355703257 -0.005948295492 -4.217016755e-12)
(1.359726881 -0.005809881362 -4.213723367e-12)
(1.363563986 -0.005676050407 -4.234480194e-12)
(1.367223454 -0.005546586973 -4.248137509e-12)
(1.370713818 -0.005421293693 -4.320198763e-12)
(1.37404326 -0.005299988487 -4.310404513e-12)
(1.377219608 -0.00518250244 -4.318892151e-12)
(1.380250339 -0.005068677894 -4.322637865e-12)
(1.383142591 -0.004958367049 -4.366950749e-12)
(1.385903161 -0.004851430801 -4.368227286e-12)
(1.388538522 -0.004747737684 -4.377790054e-12)
(1.391054831 -0.004647163281 -4.394245604e-12)
(1.393457937 -0.004549589308 -4.415090219e-12)
(1.395753399 -0.004454903303 -4.427637795e-12)
(1.397946491 -0.004362998058 -4.440211944e-12)
(1.40004222 -0.004273771252 -4.452563043e-12)
(1.402045335 -0.004187125066 -4.454115051e-12)
(1.403960339 -0.004102966033 -4.492933728e-12)
(1.405791503 -0.004021204605 -4.480633929e-12)
(1.407542874 -0.003941755074 -4.480427487e-12)
(1.40921829 -0.003864535266 -4.48315764e-12)
(1.410821389 -0.003789466401 -4.485972292e-12)
(1.412355618 -0.003716472935 -4.487971354e-12)
(1.413824247 -0.003645482383 -4.488794573e-12)
(1.415230374 -0.003576425176 -4.488623363e-12)
(1.416576936 -0.003509234539 -4.487598519e-12)
(1.417866719 -0.003443846351 -4.485756578e-12)
(1.419102365 -0.003380199049 -4.482808119e-12)
(1.00507972 -0.01728327327 6.906688475e-15)
(1.036330279 -0.03337604874 -2.053152876e-14)
(1.074106707 -0.03113114445 -5.60822958e-14)
(1.102105577 -0.02579328891 -3.14778663e-13)
(1.121914899 -0.0220514785 -1.618213454e-12)
(1.138817562 -0.01917739584 -2.836602692e-12)
(1.154313054 -0.01702587953 -3.594125414e-12)
(1.168463098 -0.01555017728 -3.999652728e-12)
(1.18153775 -0.01446207985 -4.211186032e-12)
(1.19381873 -0.01357718262 -4.294238704e-12)
(1.20542137 -0.01283989244 -4.471395114e-12)
(1.216387344 -0.01221635134 -4.442020407e-12)
(1.2267522 -0.01167322454 -4.453701103e-12)
(1.23654736 -0.0111886659 -4.479362845e-12)
(1.245795595 -0.01075016857 -4.481052401e-12)
(1.25451523 -0.01034880063 -4.590087672e-12)
(1.26272441 -0.009977585469 -4.543224655e-12)
(1.27044218 -0.009631433312 -4.543702393e-12)
(1.277688356 -0.009306667149 -4.539786566e-12)
(1.284483438 -0.009000486632 -4.635762467e-12)
(1.290848512 -0.008710694514 -4.619549777e-12)
(1.296805016 -0.008435559292 -4.615337408e-12)
(1.302374446 -0.00817369907 -4.535754168e-12)
(1.307578103 -0.007923986476 -4.567602229e-12)
(1.312436881 -0.007685483103 -4.668256422e-12)
(1.316971098 -0.007457395049 -4.756194928e-12)
(1.321200366 -0.007239039134 -4.815531031e-12)
(1.325143496 -0.007029817973 -4.854164557e-12)
(1.328818434 -0.006829201322 -4.879177692e-12)
(1.332242228 -0.006636712567 -4.89836898e-12)
(1.335431007 -0.006451918571 -4.920626456e-12)
(1.338399992 -0.006274422094 -4.931557034e-12)
(1.341163502 -0.006103856128 -5.00247956e-12)
(1.343734984 -0.005939879316 -4.993940902e-12)
(1.346127043 -0.005782172892 -5.006000654e-12)
(1.348351475 -0.005630437748 -5.002878486e-12)
(1.350419309 -0.005484392659 -5.041648582e-12)
(1.352340848 -0.005343772354 -5.007640077e-12)
(1.354125707 -0.005208326347 -4.993533581e-12)
(1.355782855 -0.005077817642 -4.976839444e-12)
(1.357320655 -0.004952021842 -5.006442308e-12)
(1.358746903 -0.004830726326 -4.980730345e-12)
(1.360068866 -0.004713729368 -4.966221981e-12)
(1.361293316 -0.004600839732 -4.950486203e-12)
(1.362426562 -0.004491875722 -4.933750409e-12)
(1.363474486 -0.00438666494 -4.9191708e-12)
(1.364442571 -0.004285043616 -4.908741918e-12)
(1.365335926 -0.004186856182 -4.904267671e-12)
(1.366159317 -0.004091954747 -4.897847759e-12)
(1.366917187 -0.004000198879 -4.922362733e-12)
(1.367613684 -0.003911454965 -4.909016615e-12)
(1.368252677 -0.003825596055 -4.905735623e-12)
(1.368837776 -0.003742501367 -4.90342816e-12)
(1.369372357 -0.003662056026 -4.899608706e-12)
(1.369859568 -0.003584150762 -4.893615823e-12)
(1.370302355 -0.003508681578 -4.88512493e-12)
(1.37070347 -0.003435549486 -4.874139952e-12)
(1.371065488 -0.003364660254 -4.86082892e-12)
(1.371390816 -0.003295924135 -4.845404878e-12)
(1.37168171 -0.003229255658 -4.828290395e-12)
(1.006116677 -0.02060475575 2.513747834e-14)
(1.041445497 -0.03777950874 -1.467949283e-13)
(1.081474454 -0.0342951225 6.929655798e-13)
(1.109714495 -0.02820877045 -3.892287007e-12)
(1.129494122 -0.02398836691 -8.303348872e-12)
(1.146532091 -0.02079536736 -7.863843008e-12)
(1.16220657 -0.01849269166 -7.098010821e-12)
(1.176529298 -0.01692781276 -6.529055497e-12)
(1.189705869 -0.01575695558 -6.170296846e-12)
(1.201929107 -0.01479193152 -5.946522102e-12)
(1.21325609 -0.01397546359 -5.814230773e-12)
(1.223703528 -0.01327051378 -5.719632788e-12)
(1.23330056 -0.01264358554 -5.655921613e-12)
(1.242085297 -0.01207401632 -5.607152545e-12)
(1.250097748 -0.0115504712 -5.540592609e-12)
(1.257380123 -0.01106514712 -5.479314768e-12)
(1.26397751 -0.01061212745 -5.437433509e-12)
(1.269936627 -0.01018719546 -5.430177002e-12)
(1.275304219 -0.009787324225 -5.441919713e-12)
(1.280125993 -0.009410158271 -5.449431298e-12)
(1.284445959 -0.00905376707 -5.519235913e-12)
(1.288305948 -0.008716538311 -5.243579044e-12)
(1.291745292 -0.008397093274 -4.849659914e-12)
(1.294800664 -0.008094220585 -5.592643884e-12)
(1.297506044 -0.007806834627 -5.936985323e-12)
(1.299892758 -0.007533951114 -5.873795303e-12)
(1.301989569 -0.007274668821 -5.744682287e-12)
(1.303822811 -0.007028156982 -5.6527156e-12)
(1.305416531 -0.006793645674 -5.617115876e-12)
(1.306792656 -0.006570419106 -5.622845557e-12)
(1.307971147 -0.006357810247 -5.648924955e-12)
(1.308970161 -0.006155196585 -5.671098409e-12)
(1.309806202 -0.005961996635 -5.69094548e-12)
(1.310494267 -0.005777666604 -5.697065985e-12)
(1.311047977 -0.005601698096 -5.661667469e-12)
(1.311479708 -0.005433615229 -5.588987995e-12)
(1.3118007 -0.005272972866 -5.52288128e-12)
(1.312021168 -0.00511935417 -5.481807292e-12)
(1.312150394 -0.004972369006 -5.461819044e-12)
(1.312196818 -0.004831651948 -5.456857594e-12)
(1.312168116 -0.004696860747 -5.457758627e-12)
(1.312071271 -0.004567674795 -5.420396526e-12)
(1.311912642 -0.0044437935 -5.35016953e-12)
(1.311698018 -0.004324935294 -5.285646832e-12)
(1.311432675 -0.004210835866 -5.248635596e-12)
(1.311121424 -0.004101247445 -5.237329571e-12)
(1.310768651 -0.003995937432 -5.241631917e-12)
(1.310378359 -0.003894687471 -5.2520736e-12)
(1.309954204 -0.003797292369 -5.260714785e-12)
(1.309499525 -0.003703559466 -5.265406649e-12)
(1.309017371 -0.003613307468 -5.261496042e-12)
(1.308510533 -0.003526365974 -5.251584107e-12)
(1.307981562 -0.003442574541 -5.235076771e-12)
(1.307432793 -0.003361782134 -5.212543774e-12)
(1.306866362 -0.003283846487 -5.18589969e-12)
(1.306284225 -0.003208633499 -5.154014541e-12)
(1.305688176 -0.003136016711 -5.120694799e-12)
(1.305079857 -0.003065876818 -5.084434623e-12)
(1.304460771 -0.002998101191 -5.046439004e-12)
(1.3038323 -0.00293258346 -5.007963107e-12)
(1.007462806 -0.0246346786 1.939231142e-14)
(1.047682305 -0.04261212962 -1.15237991e-13)
(1.090266714 -0.0376204826 5.909016517e-13)
(1.119050809 -0.03070511768 -3.652048178e-12)
(1.13923527 -0.02595666002 -5.753771953e-12)
(1.156706134 -0.02245294468 -5.807929055e-12)
(1.172546427 -0.02000957901 -5.90121157e-12)
(1.186635544 -0.01833218184 -6.047578865e-12)
(1.199092964 -0.01702985324 -6.132472002e-12)
(1.21006502 -0.01592293746 -6.169833527e-12)
(1.219629987 -0.01496011114 -6.178476296e-12)
(1.227868494 -0.01410713627 -6.145407761e-12)
(1.234887679 -0.01333473564 -6.125695628e-12)
(1.240805315 -0.01262602244 -6.019020004e-12)
(1.245737021 -0.01197204923 -5.791375377e-12)
(1.249792588 -0.011366397 -5.800035063e-12)
(1.253074745 -0.01080382115 -5.93554183e-12)
(1.255677835 -0.01028020825 -6.059098567e-12)
(1.257687002 -0.009792229651 -6.123573531e-12)
(1.259178219 -0.009336974982 -6.127082385e-12)
(1.260218806 -0.008911813889 -6.152844105e-12)
(1.260868106 -0.008514364373 -5.879333542e-12)
(1.261178219 -0.008142460496 -5.442038079e-12)
(1.261194755 -0.007794121042 -5.363702011e-12)
(1.260957577 -0.007467528824 -5.741949544e-12)
(1.260501481 -0.007161018429 -5.655619462e-12)
(1.259856825 -0.006873063261 -5.693031205e-12)
(1.259050083 -0.006602264607 -5.911960461e-12)
(1.258104344 -0.006347340654 -6.141626396e-12)
(1.257039746 -0.006107116997 -6.295994344e-12)
(1.255873861 -0.005880517516 -6.362174175e-12)
(1.254622022 -0.005666556023 -6.337334423e-12)
(1.253297621 -0.005464328564 -6.320814175e-12)
(1.251912353 -0.005273005868 -6.172301104e-12)
(1.250476438 -0.005091827311 -5.776341957e-12)
(1.248998811 -0.004920094191 -5.55597094e-12)
(1.247487282 -0.00475716487 -5.602837949e-12)
(1.245948683 -0.004602449135 -5.714910596e-12)
(1.244388988 -0.004455404056 -5.775011922e-12)
(1.242813422 -0.004315529468 -5.840459548e-12)
(1.241226553 -0.004182364388 -5.765600236e-12)
(1.239632376 -0.004055483559 -5.407435085e-12)
(1.238034378 -0.003934494099 -5.187579935e-12)
(1.236435605 -0.00381903317 -5.245505998e-12)
(1.234838712 -0.00370876472 -5.382390183e-12)
(1.233246013 -0.003603377816 -5.501256603e-12)
(1.231659519 -0.003502584128 -5.575624444e-12)
(1.230080975 -0.00340611619 -5.605693864e-12)
(1.228511893 -0.003313725501 -5.599722995e-12)
(1.226953577 -0.003225181271 -5.567666707e-12)
(1.225407148 -0.003140268558 -5.517977644e-12)
(1.223873569 -0.003058787385 -5.457531915e-12)
(1.222353656 -0.002980551218 -5.391232611e-12)
(1.220848103 -0.002905386096 -5.322294596e-12)
(1.219357491 -0.002833129594 -5.25296364e-12)
(1.217882304 -0.002763629901 -5.184271833e-12)
(1.216422938 -0.002696745026 -5.117364006e-12)
(1.214979712 -0.002632342051 -5.05168241e-12)
(1.213552878 -0.002570296444 -4.988425636e-12)
(1.212142628 -0.002510491438 -4.929815459e-12)
(1.009121491 -0.02949230265 3.473323719e-15)
(1.055481152 -0.04785549037 -1.982712247e-14)
(1.101749582 -0.04127414247 1.011840883e-13)
(1.132026804 -0.03349403587 -3.818693016e-13)
(1.152868246 -0.02808473261 -6.457335746e-13)
(1.169915577 -0.02416180493 -2.96963697e-12)
(1.184015581 -0.02146010636 -5.923072427e-12)
(1.195159906 -0.0195257496 -6.189719074e-12)
(1.203673462 -0.01794282825 -6.238972287e-12)
(1.209940695 -0.01655919323 -6.260958497e-12)
(1.214290116 -0.01533907865 -6.227907797e-12)
(1.217024885 -0.01425454628 -6.102784145e-12)
(1.218427784 -0.0132796115 -6.14997427e-12)
(1.21874728 -0.01239779296 -5.485317477e-12)
(1.218192376 -0.01159838622 -4.68243392e-12)
(1.21693633 -0.01087229122 -6.056323139e-12)
(1.215122213 -0.01021130474 -6.938175817e-12)
(1.212867574 -0.009608350961 -6.888570829e-12)
(1.21026845 -0.009057312176 -6.673078899e-12)
(1.20740305 -0.008552765553 -6.496697382e-12)
(1.204334991 -0.008089876582 -6.331866223e-12)
(1.201115986 -0.007664360681 -6.425785602e-12)
(1.197788029 -0.007272427914 -5.323414704e-12)
(1.194385191 -0.006910722079 -3.938435398e-12)
(1.190935092 -0.006576267939 -4.23365841e-12)
(1.187460089 -0.006266428184 -4.226059395e-12)
(1.183978246 -0.005978862533 -5.86623584e-12)
(1.180504118 -0.005711492139 -7.469629591e-12)
(1.177049388 -0.005462467316 -7.619408936e-12)
(1.173623389 -0.005230139868 -7.345480422e-12)
(1.170233526 -0.00501303854 -6.954056854e-12)
(1.166885622 -0.004809847798 -6.551969985e-12)
(1.163584198 -0.004619389296 -6.514703975e-12)
(1.16033271 -0.004440605203 -5.218849351e-12)
(1.157133737 -0.004272544762 -3.336401175e-12)
(1.153989134 -0.004114351159 -4.618284137e-12)
(1.150900166 -0.003965251475 -6.323391303e-12)
(1.147867614 -0.003824546649 -6.488720473e-12)
(1.14489186 -0.003691603766 -6.25497816e-12)
(1.141972964 -0.003565848362 -6.304563802e-12)
(1.139110719 -0.003446758445 -5.035203208e-12)
(1.136304709 -0.003333858781 -2.985202474e-12)
(1.133554343 -0.003226715876 -4.144898962e-12)
(1.130858895 -0.003124934078 -5.996369846e-12)
(1.128217529 -0.003028151021 -6.31852713e-12)
(1.125629327 -0.002936035081 -6.27769662e-12)
(1.123093306 -0.002848281768 -6.127653425e-12)
(1.120608434 -0.00276461138 -5.941219687e-12)
(1.118173646 -0.002684766378 -5.750263577e-12)
(1.115787856 -0.002608509725 -5.570401923e-12)
(1.113449962 -0.002535622406 -5.407778777e-12)
(1.111158858 -0.002465902352 -5.263243657e-12)
(1.108913439 -0.002399162429 -5.135210401e-12)
(1.106712606 -0.002335229417 -5.021213852e-12)
(1.104555271 -0.002273942688 -4.919062817e-12)
(1.102440358 -0.002215153098 -4.82588219e-12)
(1.100366811 -0.00215872204 -4.742612492e-12)
(1.098333588 -0.00210452055 -4.659939423e-12)
(1.096339672 -0.002052428502 -4.594723238e-12)
(1.094384065 -0.002002333883 -4.531464421e-12)
(1.011160787 -0.03535911833 -5.532553207e-15)
(1.067092187 -0.05322307209 2.626710124e-14)
(1.119284392 -0.04519527948 -7.446845066e-14)
(1.150268786 -0.0365694804 1.483000251e-13)
(1.167751223 -0.03015990703 3.532394867e-13)
(1.178180491 -0.02541336018 -2.690238206e-12)
(1.183486536 -0.0220874147 -4.678679232e-12)
(1.184712659 -0.01961433812 -5.727442666e-12)
(1.182946056 -0.01756886634 -6.176857962e-12)
(1.179080369 -0.01581377638 -6.101171496e-12)
(1.173763427 -0.01430870105 -5.599525436e-12)
(1.167471529 -0.01301321713 -5.432136112e-12)
(1.160558727 -0.01188852301 -5.764687282e-12)
(1.153282238 -0.01090573617 -5.381839283e-12)
(1.145824573 -0.0100430426 -4.832820122e-12)
(1.138314095 -0.009282265107 -5.291029874e-12)
(1.130840843 -0.008608088904 -5.873630197e-12)
(1.123467372 -0.008007919381 -5.747683219e-12)
(1.116236272 -0.007471387247 -5.81353373e-12)
(1.109175666 -0.006989823961 -5.917345364e-12)
(1.102303264 -0.006555930298 -5.926423507e-12)
(1.095629286 -0.006163554804 -6.129382519e-12)
(1.089158569 -0.005807496904 -5.157575213e-12)
(1.082892098 -0.00548333831 -3.73953621e-12)
(1.076828132 -0.005187307175 -3.715406037e-12)
(1.070963028 -0.004916171767 -4.404665034e-12)
(1.065291847 -0.004667151464 -5.860924902e-12)
(1.059808792 -0.004437844559 -7.383088307e-12)
(1.054507533 -0.004226168166 -7.02945951e-12)
(1.049381448 -0.00403030926 -5.911807788e-12)
(1.04442379 -0.003848683824 -5.16721298e-12)
(1.039627812 -0.00367990323 -5.098555084e-12)
(1.034986858 -0.003522746164 -5.368893167e-12)
(1.030494426 -0.003376134441 -4.551556628e-12)
(1.026144202 -0.003239114122 -3.225223253e-12)
(1.021930099 -0.003110837845 -3.995244219e-12)
(1.017846265 -0.002990551474 -5.320279336e-12)
(1.013887095 -0.002877581427 -5.478224875e-12)
(1.010047232 -0.002771325092 -5.274468092e-12)
(1.00632157 -0.002671241358 -5.688730201e-12)
(1.002705243 -0.002576843706 -4.946147876e-12)
(0.9991936232 -0.002487693373 -2.412528137e-12)
(0.9957823107 -0.002403393845 -3.032255696e-12)
(0.9924671254 -0.00232358632 -5.645662312e-12)
(0.9892440968 -0.002247944719 -6.36708162e-12)
(0.9861094545 -0.00217617308 -6.096590099e-12)
(0.9830596186 -0.002108001494 -5.614847933e-12)
(0.9800911895 -0.002043183793 -5.199350102e-12)
(0.977200939 -0.001981494705 -4.894059687e-12)
(0.9743858005 -0.001922728313 -4.676129088e-12)
(0.9716428608 -0.001866695297 -4.516076e-12)
(0.9689693512 -0.001813222139 -4.392267951e-12)
(0.9663626397 -0.001762148857 -4.291216441e-12)
(0.9638202233 -0.001713328205 -4.204805346e-12)
(0.9613397207 -0.001666624277 -4.128873965e-12)
(0.9589188654 -0.001621911466 -4.058119645e-12)
(0.9565554996 -0.001579073564 -4.001283426e-12)
(0.9542475677 -0.001538002903 -3.915603926e-12)
(0.9519931109 -0.001498599613 -3.943245428e-12)
(0.9497902616 -0.001460770911 -3.732444388e-12)
(1.015958855 -0.04380087694 -9.727476659e-15)
(1.087908679 -0.05995542587 5.554109745e-14)
(1.14102194 -0.0493508432 -2.532886973e-13)
(1.159141374 -0.03869263603 1.193263943e-12)
(1.157057916 -0.03034089092 -1.243562233e-13)
(1.146233746 -0.02421693495 -4.810011974e-12)
(1.131345968 -0.02001946343 -6.695177961e-12)
(1.114607708 -0.01699810365 -6.596549367e-12)
(1.097385497 -0.01464268414 -6.594349361e-12)
(1.08044503 -0.0127526921 -4.488819653e-12)
(1.064153429 -0.01122663076 -1.73865733e-12)
(1.048671297 -0.009979472774 -4.005176285e-12)
(1.03405544 -0.008944058676 -6.589129829e-12)
(1.020305003 -0.008073143792 -6.666592079e-12)
(1.007387096 -0.007332953297 -6.545482041e-12)
(0.9952534812 -0.006697860281 -4.147866778e-12)
(0.9838504683 -0.006148091452 -9.712064959e-13)
(0.9731238843 -0.005668450043 -2.900555086e-12)
(0.9630214185 -0.005247121538 -5.551192667e-12)
(0.9534938066 -0.004874727311 -5.775455246e-12)
(0.9444953996 -0.004543716325 -5.706657613e-12)
(0.9359843132 -0.00424796316 -5.706408631e-12)
(0.9279223334 -0.003982457093 -5.72544005e-12)
(0.9202747053 -0.003743063096 -4.954172195e-12)
(0.9130098762 -0.003526340172 -6.59202799e-12)
(0.9060992206 -0.003329406615 -9.505597978e-12)
(0.8995167652 -0.003149832778 -7.002838865e-12)
(0.8932389302 -0.002985558166 -4.232226089e-12)
(0.8872442863 -0.002834825143 -1.80787868e-12)
(0.8815133365 -0.002696126525 1.329023365e-12)
(0.8760283155 -0.002568163447 -1.044019425e-12)
(0.8707730137 -0.002449811237 -4.680908375e-12)
(0.8657326161 -0.002340092255 -4.786824927e-12)
(0.8608935614 -0.002238152191 -7.148177241e-12)
(0.8562434158 -0.002143242804 -7.794241185e-12)
(0.8517707599 -0.002054705149 -1.746186747e-12)
(0.8474650899 -0.001971957931 -4.947568875e-13)
(0.8433167289 -0.001894485637 -3.57590645e-12)
(0.8393167472 -0.001821830776 -3.757139124e-12)
(0.8354568925 -0.001753585016 -6.474392396e-12)
(0.8317295269 -0.001689383709 -7.737293836e-12)
(0.8281275708 -0.001628899926 -1.127335433e-12)
(0.8246444526 -0.001571839808 -1.568599309e-12)
(0.8212740648 -0.001517938948 -8.017817898e-12)
(0.818010722 -0.001466958093 -6.63566279e-12)
(0.8148491262 -0.00141868127 -3.341844341e-12)
(0.8117843335 -0.001372912255 -2.804836216e-12)
(0.8088117247 -0.001329472954 -2.85266958e-12)
(0.8059269792 -0.001288200847 -2.970783129e-12)
(0.8031260505 -0.001248948238 -3.056326446e-12)
(0.8004051453 -0.001211579463 -3.103124867e-12)
(0.7977607029 -0.001175970959 -3.122224865e-12)
(0.795189378 -0.001142008881 -3.123800793e-12)
(0.7926880244 -0.001109588949 -3.114305839e-12)
(0.7902536798 -0.001078615138 -3.098541849e-12)
(0.7878835528 -0.001048998957 -3.074654433e-12)
(0.7855750103 -0.001020658759 -3.067405018e-12)
(0.7833255665 -0.0009935190963 -2.955753543e-12)
(0.7811328722 -0.000967510158 -3.351592731e-12)
(0.7789947057 -0.0009425672395 -1.177131598e-12)
(1.03215895 -0.05801544646 -6.172075484e-15)
(1.106840552 -0.07084836707 3.705935809e-14)
(1.121812672 -0.0525795005 -1.984089352e-13)
(1.090436267 -0.03611967019 1.066020347e-12)
(1.045545557 -0.02466975372 -1.399092631e-13)
(1.002829198 -0.01757922772 -2.482169556e-12)
(0.9654862096 -0.01343719857 -4.54542018e-12)
(0.9332175939 -0.01082487671 -4.543715835e-12)
(0.9052714242 -0.00898631136 -4.658681711e-12)
(0.8808928851 -0.007624325185 -2.580072267e-12)
(0.8594193718 -0.006589359309 4.251215728e-13)
(0.840325582 -0.005778923671 -1.457780968e-12)
(0.8232095873 -0.00512543616 -4.67650333e-12)
(0.8077592512 -0.004587197175 -4.956834324e-12)
(0.7937262591 -0.004137159395 -5.089796724e-12)
(0.7809102193 -0.003756127515 -2.853859169e-12)
(0.7691480029 -0.003429938245 1.322452847e-12)
(0.7583054764 -0.003148058047 1.059848725e-12)
(0.7482710891 -0.002902500094 -2.125977069e-12)
(0.7389511441 -0.002687046015 -3.907759711e-12)
(0.7302663141 -0.002496769441 -5.026603147e-12)
(0.7221489618 -0.002327734086 -5.433318016e-12)
(0.7145410306 -0.002176762923 -5.487522992e-12)
(0.7073923766 -0.002041265935 -4.759858599e-12)
(0.7006594465 -0.001919109955 -6.733783238e-12)
(0.6943042142 -0.001808526141 -1.0040273e-11)
(0.6882933161 -0.001708035796 -7.071204226e-12)
(0.6825973474 -0.001616394802 -3.350030099e-12)
(0.6771902807 -0.001532549553 -3.062252601e-13)
(0.672048987 -0.001455602329 3.374791147e-12)
(0.6671528341 -0.001384784287 7.036061809e-13)
(0.6624833545 -0.001319432994 -3.524821817e-12)
(0.6580239614 -0.001258976009 -3.472413149e-12)
(0.6537597116 -0.001202914849 -6.264092928e-12)
(0.6496771021 -0.001150815376 -7.355376406e-12)
(0.6457638972 -0.00110229625 -6.579855499e-13)
(0.6420089799 -0.001057022888 9.104400051e-13)
(0.6384022256 -0.001014698929 -2.598816428e-12)
(0.6349343894 -0.0009750629126 -2.612478813e-12)
(0.6315970118 -0.0009378816497 -5.615180697e-12)
(0.6283823349 -0.0009029477338 -6.978993335e-12)
(0.6252832289 -0.0008700757247 1.622710296e-13)
(0.6222931292 -0.0008390992158 -7.894427629e-13)
(0.6194059804 -0.0008098690373 -8.10347875e-12)
(0.6166161856 -0.0007822502612 -5.956251199e-12)
(0.6139185637 -0.0007561215972 -1.892640427e-12)
(0.6113083106 -0.0007313728779 -1.390387815e-12)
(0.6087809642 -0.0007079045037 -1.533780405e-12)
(0.6063323743 -0.0006856253972 -1.713433043e-12)
(0.6039586744 -0.0006644534676 -1.844626532e-12)
(0.6016562587 -0.0006443128129 -1.935145574e-12)
(0.5994217584 -0.0006251350124 -1.998180996e-12)
(0.5972520232 -0.0006068566265 -2.041834971e-12)
(0.5951441027 -0.000589419916 -2.070632646e-12)
(0.5930952311 -0.0005727716944 -2.088649984e-12)
(0.5911028118 -0.0005568630137 -2.093662177e-12)
(0.5891644054 -0.0005416487762 -2.112013893e-12)
(0.5872777165 -0.0005270873557 -2.020121225e-12)
(0.585440584 -0.0005131402797 -2.470202475e-12)
(0.5836509706 -0.0004997719395 5.255648842e-14)
(1.039557193 -0.06620058112 -1.402444592e-15)
(1.012738795 -0.0704027904 7.234380486e-15)
(0.9183242736 -0.042527988 -3.077108614e-14)
(0.8170759917 -0.0217682184 8.359862926e-14)
(0.7403494713 -0.01062285253 2.759520619e-13)
(0.6880479346 -0.005959797799 3.808078626e-13)
(0.6509058866 -0.004362071589 -4.234811845e-13)
(0.6223177273 -0.003671199159 -1.166450102e-12)
(0.5990351149 -0.003158960534 -1.759276755e-12)
(0.5794455424 -0.002725013538 -1.879870807e-12)
(0.5626093807 -0.002371271877 -9.001115282e-13)
(0.5479152466 -0.002085992273 -3.4165422e-13)
(0.5349397824 -0.001852912541 -1.02009138e-12)
(0.5233730864 -0.001659770064 -1.737972711e-12)
(0.5129783957 -0.001497807454 -2.17979901e-12)
(0.5035707118 -0.001360395945 -2.933264421e-12)
(0.4950036818 -0.001242539399 3.293090372e-12)
(0.4871599617 -0.001140544589 1.010186103e-11)
(0.4799440132 -0.001051614725 2.135629771e-12)
(0.4732770294 -0.0009735480365 -6.781772455e-12)
(0.467093355 -0.0009045805641 -7.023049176e-12)
(0.4613378233 -0.0008432975159 -5.636805074e-12)
(0.4559636941 -0.0007885549403 -4.52214698e-12)
(0.4509310661 -0.0007394189625 -3.639985416e-12)
(0.4462056407 -0.0006951184718 -3.475667192e-12)
(0.4417577549 -0.0006550137659 -4.509025945e-12)
(0.4375616036 -0.000618569514 -4.702313333e-12)
(0.4335946189 -0.0005853350996 -3.728598267e-12)
(0.4298369659 -0.0005549287733 -2.339354117e-12)
(0.4262711318 -0.0005270250527 -3.166968332e-13)
(0.4228815872 -0.0005013452517 4.770737209e-13)
(0.4196545064 -0.0004776489258 -4.126987015e-13)
(0.4165775358 -0.0004557286561 -1.091605263e-12)
(0.4136395958 -0.0004354033419 -2.121129969e-12)
(0.4108307194 -0.0004165156818 -3.385864469e-12)
(0.40814191 -0.0003989270606 -2.422012899e-12)
(0.4055650258 -0.0003825163051 -9.163466391e-13)
(0.4030926756 -0.0003671755712 -9.554625416e-13)
(0.4007181347 -0.0003528102235 -1.102215397e-12)
(0.3984352674 -0.0003393354636 -1.917106698e-12)
(0.396238463 -0.0003266760499 -3.174001584e-12)
(0.3941225803 -0.0003147647046 -2.010296808e-12)
(0.3920828964 -0.0003035409452 -9.153306745e-13)
(0.3901150669 -0.0002929507374 -2.427457123e-12)
(0.3882150842 -0.0002829450025 -3.229657349e-12)
(0.3863792472 -0.000273479792 -2.464160905e-12)
(0.3846041311 -0.0002645150524 -1.665074793e-12)
(0.3828865618 -0.0002560147553 -1.226341298e-12)
(0.3812235908 -0.0002479456513 -1.064845444e-12)
(0.3796124783 -0.0002402781826 -1.040546501e-12)
(0.3780506716 -0.0002329845525 -1.067757515e-12)
(0.3765357915 -0.0002260401607 -1.106609939e-12)
(0.3750656152 -0.0002194218307 -1.14189325e-12)
(0.3736380644 -0.000213108679 -1.169176437e-12)
(0.3722511937 -0.0002070813863 -1.188796343e-12)
(0.3709031795 -0.0002013221933 -1.199412417e-12)
(0.3695923103 -0.00019581474 -1.215129274e-12)
(0.3683169781 -0.0001905439225 -1.17693695e-12)
(0.3670756705 -0.0001854957808 -1.330094065e-12)
(0.3658669635 -0.0001806574053 -9.766002997e-13)
(0.774487404 -0.03204106162 -1.802272046e-16)
(0.5140040472 -0.02349333643 1.091611536e-15)
(0.3645071786 -0.005611465516 -5.396261144e-15)
(0.2879354372 0.0005936303741 1.958124905e-14)
(0.2569174384 0.001120369967 -6.917208815e-14)
(0.2427520316 0.0004269640249 1.746982653e-13)
(0.2321130589 -5.287090043e-05 -1.428595574e-14)
(0.2225088608 -0.0001812392687 -2.678144621e-13)
(0.2140983295 -0.000169512656 -4.837070453e-13)
(0.2068929741 -0.0001437981447 -5.829586025e-13)
(0.2006791541 -0.0001272592781 -3.737459788e-13)
(0.1952462682 -0.0001154264141 -1.552531141e-13)
(0.190441251 -0.0001053291237 -2.557176066e-13)
(0.1861524918 -9.646739357e-05 -4.73377483e-13)
(0.1822942849 -8.870176528e-05 -6.218537754e-13)
(0.1787995075 -8.18323974e-05 -1.130069433e-12)
(0.1756151434 -7.571248824e-05 4.969936463e-12)
(0.172698579 -7.025802723e-05 8.752066562e-12)
(0.170014862 -6.539470535e-05 -1.851327337e-12)
(0.1675349791 -6.104392586e-05 -7.390250271e-12)
(0.1652346866 -5.713443666e-05 -3.694157885e-12)
(0.1630935879 -5.360839298e-05 -2.014572095e-12)
(0.1610943733 -5.04175254e-05 -1.470728415e-12)
(0.1592222468 -4.75205264e-05 -1.187380778e-12)
(0.1574644747 -4.48816662e-05 -1.086891131e-12)
(0.1558100386 -4.247064986e-05 -1.335836471e-12)
(0.1542493454 -4.026145602e-05 -1.467215466e-12)
(0.1527740012 -3.823163799e-05 -1.253349277e-12)
(0.151376626 -3.636182722e-05 -8.531282682e-13)
(0.1500507009 -3.463515954e-05 -2.463569604e-13)
(0.1487904437 -3.303702984e-05 1.050865147e-13)
(0.1475907047 -3.155451961e-05 -5.834386732e-14)
(0.1464468832 -3.017650909e-05 -2.827498722e-13)
(0.1453548498 -2.889299129e-05 -5.870453069e-13)
(0.1443108916 -2.769533161e-05 -9.884631964e-13)
(0.1433116548 -2.657569666e-05 -8.402565167e-13)
(0.1423541056 -2.552732613e-05 -3.913590142e-13)
(0.1414354882 -2.454396188e-05 -2.954255764e-13)
(0.1405532967 -2.362027564e-05 -3.238233507e-13)
(0.1397052435 -2.275128455e-05 -5.36590192e-13)
(0.1388892368 -2.193262569e-05 -9.260925904e-13)
(0.1381033602 -2.116035005e-05 -7.181101339e-13)
(0.1373458525 -2.043086037e-05 -3.485878343e-13)
(0.1366150952 -1.97409709e-05 -6.576916623e-13)
(0.1359095933 -1.908773529e-05 -9.652561522e-13)
(0.1352279674 -1.846851614e-05 -8.323544635e-13)
(0.1345689411 -1.788088077e-05 -5.808169833e-13)
(0.1339313314 -1.732269291e-05 -4.131241104e-13)
(0.1333140381 -1.679185319e-05 -3.424463311e-13)
(0.1327160411 -1.628663762e-05 -3.266713829e-13)
(0.1321363882 -1.580524447e-05 -3.320688225e-13)
(0.1315741933 -1.534624994e-05 -3.448997208e-13)
(0.1310286278 -1.490815579e-05 -3.566488599e-13)
(0.1304989168 -1.448970042e-05 -3.658803624e-13)
(0.1299843357 -1.40896639e-05 -3.725716805e-13)
(0.1294842049 -1.370694262e-05 -3.772693501e-13)
(0.1289978867 -1.334051232e-05 -3.817348547e-13)
(0.128524782 -1.298942411e-05 -3.710802713e-13)
(0.1280643273 -1.265279702e-05 -4.111968133e-13)
(0.1276159923 -1.232982302e-05 -3.51267081e-13)
)
;

boundaryField
{
    axis
    {
        type            empty;
    }
    inlet
    {
        type            fixedValue;
        value           uniform (1 0 0);
    }
    outlet
    {
        type            zeroGradient;
    }
    wall
    {
        type            noSlip;
    }
    wedgeLow
    {
        type            wedge;
    }
    wedgeHigh
    {
        type            wedge;
    }
    procBoundary0to1
    {
        type            processor;
        value           nonuniform List<vector> 
20
(
(1.488252249 -0.000269684777 -9.62786378e-14)
(1.488549608 -0.0006912006997 -2.823179441e-13)
(1.489145281 -0.001094399332 -5.116584049e-13)
(1.489864889 -0.001521668887 -8.002589324e-13)
(1.490388186 -0.001932798574 -1.187734404e-12)
(1.490131638 -0.002325266048 -1.755697043e-12)
(1.488105011 -0.002682810021 -2.588522153e-12)
(1.482749474 -0.002985959799 -3.107196672e-12)
(1.471796657 -0.003210090407 -3.583702098e-12)
(1.45221114 -0.003328701239 -4.051181209e-12)
(1.420286379 -0.003318233488 -4.478671164e-12)
(1.371940279 -0.003164573377 -4.809585087e-12)
(1.303195708 -0.002869223115 -4.969521675e-12)
(1.210749101 -0.002452817484 -4.865589822e-12)
(1.092465792 -0.001954132196 -4.377585651e-12)
(0.9476372383 -0.001424430613 -2.92797507e-12)
(0.7769089643 -0.0009186303817 2.378620543e-12)
(0.5819069542 -0.000486949343 4.182605903e-12)
(0.3646895152 -0.0001760168177 1.233121648e-12)
(0.1271792769 -1.201973468e-05 4.052509126e-13)
)
;
    }
}


// ************************************************************************* //
