/*--------------------------------*- C++ -*----------------------------------*\
  =========                 |
  \\      /  F ield         | OpenFOAM: The Open Source CFD Toolbox
   \\    /   O peration     | Website:  https://openfoam.org
    \\  /    A nd           | Version:  11
     \\/     M anipulation  |
\*---------------------------------------------------------------------------*/
FoamFile
{
    format      ascii;
    class       volScalarField;
    location    "1000";
    object      Ccz;
}
// * * * * * * * * * * * * * * * * * * * * * * * * * * * * * * * * * * * * * //

dimensions      [0 1 0 0 0 0 0];

internalField   nonuniform List<scalar> 
4800
(
0
0
-1.235785565e-21
-1.348723291e-21
-3.820294421e-21
1.348723291e-21
-1.235785565e-21
0
1.348723291e-21
-1.235785565e-21
0
0
0
0
0
0
0
0
0
0
0
-3.707356695e-21
2.528039993e-21
-3.707356695e-21
-3.707356695e-21
0
-3.707356695e-21
2.528039993e-21
-3.707356695e-21
-3.707356695e-21
0
-3.707356695e-21
2.528039993e-21
-3.707356695e-21
-3.707356695e-21
0
-3.707356695e-21
2.528039993e-21
-3.707356695e-21
-3.707356695e-21
2.528039993e-21
-1.235785565e-21
2.528039993e-21
0
2.528039993e-21
2.528039993e-21
-1.235785565e-21
2.528039993e-21
0
2.528039993e-21
2.528039993e-21
-1.235785565e-21
2.528039993e-21
-1.235785565e-21
5.646886315e-23
2.47157113e-21
-1.235785565e-21
2.528039993e-21
-1.235785565e-21
5.646886315e-23
2.47157113e-21
-1.235785565e-21
2.528039993e-21
-1.235785565e-21
5.646886315e-23
2.47157113e-21
-1.235785565e-21
2.528039993e-21
-1.235785565e-21
5.646886315e-23
2.47157113e-21
-1.235785565e-21
2.528039993e-21
-1.235785565e-21
5.646886315e-23
2.47157113e-21
-1.235785565e-21
2.528039993e-21
-1.235785565e-21
5.646886315e-23
5.056079986e-21
0
0
5.056079986e-21
0
5.056079986e-21
0
0
5.056079986e-21
0
5.056079986e-21
0
0
5.056079986e-21
0
5.056079986e-21
0
0
5.056079986e-21
0
5.056079986e-21
0
0
5.056079986e-21
0
5.056079986e-21
0
0
5.056079986e-21
0
5.056079986e-21
5.056079986e-21
0
5.056079986e-21
0
5.056079986e-21
5.056079986e-21
0
5.056079986e-21
0
5.056079986e-21
5.056079986e-21
0
5.056079986e-21
0
5.056079986e-21
5.056079986e-21
0
5.056079986e-21
0
5.056079986e-21
5.056079986e-21
0
5.056079986e-21
0
5.056079986e-21
5.056079986e-21
0
5.056079986e-21
0
5.056079986e-21
5.056079986e-21
0
5.056079986e-21
0
5.056079986e-21
5.056079986e-21
0
5.056079986e-21
0
5.056079986e-21
5.056079986e-21
0
5.056079986e-21
0
5.056079986e-21
5.056079986e-21
0
5.056079986e-21
0
0
2.47157113e-21
0
5.646886315e-23
0
0
2.47157113e-21
0
5.646886315e-23
0
0
2.47157113e-21
0
5.646886315e-23
0
0
2.47157113e-21
0
5.646886315e-23
0
0
2.47157113e-21
0
5.646886315e-23
0
0
2.47157113e-21
0
5.646886315e-23
0
0
2.47157113e-21
0
5.646886315e-23
0
0
2.47157113e-21
0
5.646886315e-23
0
0
2.47157113e-21
0
5.646886315e-23
0
0
2.47157113e-21
0
5.646886315e-23
0
0
2.47157113e-21
0
2.47157113e-21
-1.348723291e-21
1.348723291e-21
2.47157113e-21
0
2.47157113e-21
-1.348723291e-21
1.348723291e-21
2.47157113e-21
0
2.47157113e-21
-1.348723291e-21
1.348723291e-21
2.47157113e-21
0
2.47157113e-21
-1.348723291e-21
1.348723291e-21
2.47157113e-21
0
2.47157113e-21
-1.348723291e-21
1.348723291e-21
2.47157113e-21
0
2.47157113e-21
-1.348723291e-21
3.295428173e-21
-3.269688622e-21
2.573955096e-23
-2.399734831e-20
2.573955096e-23
1.384417934e-20
2.573955096e-23
2.573955096e-23
1.384417934e-20
2.573955096e-23
2.573955096e-23
2.573955096e-23
2.573955096e-23
2.573955096e-23
-6.565116796e-21
6.616595898e-21
2.573955096e-23
2.573955096e-23
2.573955096e-23
-6.565116796e-21
6.616595898e-21
-6.565116796e-21
2.573955096e-23
2.573955096e-23
-6.565116796e-21
6.616595898e-21
2.573955096e-23
2.573955096e-23
2.573955096e-23
-6.565116796e-21
6.616595898e-21
2.573955096e-23
2.573955096e-23
2.573955096e-23
-6.565116796e-21
6.616595898e-21
2.573955096e-23
2.573955096e-23
2.573955096e-23
-6.565116796e-21
2.573955096e-23
-6.565116796e-21
2.573955096e-23
1.023038762e-20
2.573955096e-23
2.573955096e-23
-6.565116796e-21
2.573955096e-23
1.023038762e-20
2.573955096e-23
2.573955096e-23
-6.565116796e-21
2.573955096e-23
-6.565116796e-21
6.934959447e-21
-6.883480345e-21
-6.565116796e-21
2.573955096e-23
-6.565116796e-21
6.934959447e-21
-6.883480345e-21
-6.565116796e-21
2.573955096e-23
-6.565116796e-21
6.934959447e-21
-6.883480345e-21
-6.565116796e-21
2.573955096e-23
-6.565116796e-21
6.934959447e-21
-6.883480345e-21
-6.565116796e-21
2.573955096e-23
-6.565116796e-21
6.934959447e-21
-6.883480345e-21
-6.565116796e-21
2.573955096e-23
-6.565116796e-21
6.934959447e-21
2.573955096e-23
2.573955096e-23
2.573955096e-23
2.573955096e-23
2.573955096e-23
2.573955096e-23
2.573955096e-23
2.573955096e-23
2.573955096e-23
2.573955096e-23
2.573955096e-23
2.573955096e-23
2.573955096e-23
2.573955096e-23
2.573955096e-23
2.573955096e-23
2.573955096e-23
2.573955096e-23
2.573955096e-23
2.573955096e-23
2.573955096e-23
2.573955096e-23
2.573955096e-23
2.573955096e-23
2.573955096e-23
2.573955096e-23
2.573955096e-23
2.573955096e-23
2.573955096e-23
2.573955096e-23
2.573955096e-23
2.573955096e-23
2.573955096e-23
2.573955096e-23
2.573955096e-23
2.573955096e-23
2.573955096e-23
2.573955096e-23
2.573955096e-23
2.573955096e-23
2.573955096e-23
2.573955096e-23
2.573955096e-23
2.573955096e-23
2.573955096e-23
2.573955096e-23
2.573955096e-23
2.573955096e-23
2.573955096e-23
2.573955096e-23
2.573955096e-23
2.573955096e-23
2.573955096e-23
2.573955096e-23
2.573955096e-23
2.573955096e-23
2.573955096e-23
2.573955096e-23
2.573955096e-23
2.573955096e-23
2.573955096e-23
2.573955096e-23
2.573955096e-23
2.573955096e-23
2.573955096e-23
2.573955096e-23
2.573955096e-23
2.573955096e-23
2.573955096e-23
2.573955096e-23
2.573955096e-23
2.573955096e-23
2.573955096e-23
2.573955096e-23
2.573955096e-23
2.573955096e-23
2.573955096e-23
2.573955096e-23
2.573955096e-23
2.573955096e-23
2.573955096e-23
6.934959447e-21
2.573955096e-23
3.639531274e-21
2.573955096e-23
2.573955096e-23
6.934959447e-21
2.573955096e-23
3.639531274e-21
2.573955096e-23
2.573955096e-23
6.934959447e-21
2.573955096e-23
3.639531274e-21
2.573955096e-23
2.573955096e-23
6.934959447e-21
2.573955096e-23
3.639531274e-21
2.573955096e-23
2.573955096e-23
6.934959447e-21
2.573955096e-23
3.639531274e-21
2.573955096e-23
2.573955096e-23
6.934959447e-21
2.573955096e-23
3.639531274e-21
2.573955096e-23
2.573955096e-23
6.934959447e-21
2.573955096e-23
3.639531274e-21
2.573955096e-23
2.573955096e-23
6.934959447e-21
2.573955096e-23
3.639531274e-21
2.573955096e-23
2.573955096e-23
6.934959447e-21
2.573955096e-23
3.639531274e-21
2.573955096e-23
2.573955096e-23
6.934959447e-21
2.573955096e-23
3.639531274e-21
2.573955096e-23
2.573955096e-23
6.934959447e-21
2.573955096e-23
6.934959447e-21
-3.588052172e-21
3.639531274e-21
6.934959447e-21
2.573955096e-23
6.934959447e-21
-3.588052172e-21
3.639531274e-21
6.934959447e-21
2.573955096e-23
6.934959447e-21
-3.588052172e-21
3.639531274e-21
6.934959447e-21
2.573955096e-23
6.934959447e-21
-3.588052172e-21
3.639531274e-21
6.934959447e-21
2.573955096e-23
6.934959447e-21
-3.588052172e-21
3.639531274e-21
6.934959447e-21
2.573955096e-23
6.934959447e-21
-3.588052172e-21
-7.909027616e-21
8.655518101e-21
1.261003191e-20
6.217152118e-23
1.261003191e-20
7.971199137e-21
4.701004293e-21
4.701004293e-21
6.217152118e-23
4.701004293e-21
4.701004293e-21
-4.576661251e-21
4.701004293e-21
-4.576661251e-21
9.339837065e-21
-7.846856095e-21
-4.576661251e-21
4.701004293e-21
-4.576661251e-21
9.339837065e-21
-1.248568887e-20
-1.111705094e-20
6.217152118e-23
-2.039471648e-20
-1.111705094e-20
-1.248568887e-20
-2.039471648e-20
6.217152118e-23
-2.039471648e-20
-1.111705094e-20
-1.248568887e-20
-2.039471648e-20
6.217152118e-23
-2.039471648e-20
-1.111705094e-20
-1.248568887e-20
-2.039471648e-20
6.217152118e-23
-2.039471648e-20
-1.111705094e-20
6.217152118e-23
6.217152118e-23
6.217152118e-23
-7.846856095e-21
6.217152118e-23
6.217152118e-23
6.217152118e-23
6.217152118e-23
-7.846856095e-21
6.217152118e-23
6.217152118e-23
6.217152118e-23
6.217152118e-23
6.217152118e-23
6.217152118e-23
6.217152118e-23
6.217152118e-23
6.217152118e-23
6.217152118e-23
6.217152118e-23
6.217152118e-23
6.217152118e-23
6.217152118e-23
6.217152118e-23
6.217152118e-23
6.217152118e-23
6.217152118e-23
6.217152118e-23
6.217152118e-23
6.217152118e-23
6.217152118e-23
6.217152118e-23
6.217152118e-23
6.217152118e-23
6.217152118e-23
6.217152118e-23
6.217152118e-23
6.217152118e-23
6.217152118e-23
6.217152118e-23
6.217152118e-23
6.217152118e-23
6.217152118e-23
6.217152118e-23
6.217152118e-23
6.217152118e-23
6.217152118e-23
6.217152118e-23
6.217152118e-23
6.217152118e-23
6.217152118e-23
6.217152118e-23
6.217152118e-23
6.217152118e-23
6.217152118e-23
6.217152118e-23
6.217152118e-23
6.217152118e-23
6.217152118e-23
6.217152118e-23
6.217152118e-23
6.217152118e-23
6.217152118e-23
6.217152118e-23
6.217152118e-23
6.217152118e-23
6.217152118e-23
6.217152118e-23
6.217152118e-23
6.217152118e-23
6.217152118e-23
6.217152118e-23
6.217152118e-23
6.217152118e-23
6.217152118e-23
6.217152118e-23
6.217152118e-23
6.217152118e-23
6.217152118e-23
6.217152118e-23
6.217152118e-23
6.217152118e-23
6.217152118e-23
6.217152118e-23
6.217152118e-23
6.217152118e-23
6.217152118e-23
6.217152118e-23
6.217152118e-23
6.217152118e-23
6.217152118e-23
6.217152118e-23
6.217152118e-23
6.217152118e-23
6.217152118e-23
6.217152118e-23
6.217152118e-23
6.217152118e-23
6.217152118e-23
6.217152118e-23
6.217152118e-23
6.217152118e-23
6.217152118e-23
6.217152118e-23
6.217152118e-23
6.217152118e-23
6.217152118e-23
6.217152118e-23
6.217152118e-23
6.217152118e-23
6.217152118e-23
6.217152118e-23
6.217152118e-23
6.217152118e-23
6.217152118e-23
6.217152118e-23
6.217152118e-23
6.217152118e-23
6.217152118e-23
6.217152118e-23
6.217152118e-23
-8.531175059e-21
6.217152118e-23
8.655518101e-21
6.217152118e-23
6.217152118e-23
-8.531175059e-21
6.217152118e-23
8.655518101e-21
6.217152118e-23
6.217152118e-23
-8.531175059e-21
6.217152118e-23
8.655518101e-21
6.217152118e-23
6.217152118e-23
-8.531175059e-21
6.217152118e-23
8.655518101e-21
6.217152118e-23
6.217152118e-23
-8.531175059e-21
6.217152118e-23
8.655518101e-21
6.217152118e-23
6.217152118e-23
-8.531175059e-21
6.217152118e-23
8.655518101e-21
6.217152118e-23
6.217152118e-23
-8.531175059e-21
6.217152118e-23
8.655518101e-21
6.217152118e-23
6.217152118e-23
-8.531175059e-21
6.217152118e-23
8.655518101e-21
6.217152118e-23
6.217152118e-23
-8.531175059e-21
6.217152118e-23
8.655518101e-21
6.217152118e-23
6.217152118e-23
-8.531175059e-21
6.217152118e-23
8.655518101e-21
6.217152118e-23
6.217152118e-23
-8.531175059e-21
6.217152118e-23
-8.531175059e-21
6.217152118e-23
6.217152118e-23
-8.531175059e-21
6.217152118e-23
-8.531175059e-21
6.217152118e-23
6.217152118e-23
-8.531175059e-21
6.217152118e-23
-8.531175059e-21
6.217152118e-23
6.217152118e-23
-8.531175059e-21
6.217152118e-23
-8.531175059e-21
6.217152118e-23
6.217152118e-23
-8.531175059e-21
6.217152118e-23
-8.531175059e-21
6.217152118e-23
6.217152118e-23
-8.531175059e-21
6.217152118e-23
-8.531175059e-21
6.217152118e-23
-1.129861088e-20
3.530435304e-20
1.835643672e-20
-1.694791632e-20
0
0
0
-1.129861088e-20
1.835643672e-20
0
-1.129861088e-20
-5.64930544e-21
-1.129861088e-20
-5.64930544e-21
-1.200287108e-20
-4.240785044e-21
-5.64930544e-21
-1.129861088e-20
-5.64930544e-21
-1.200287108e-20
2.471000235e-20
6.353565638e-21
-7.04260198e-22
2.471000235e-20
6.353565638e-21
2.471000235e-20
2.471000235e-20
-7.04260198e-22
2.471000235e-20
6.353565638e-21
2.471000235e-20
2.471000235e-20
-7.04260198e-22
2.471000235e-20
6.353565638e-21
2.471000235e-20
2.471000235e-20
-7.04260198e-22
2.471000235e-20
6.353565638e-21
-7.04260198e-22
-1.694791632e-20
-7.04260198e-22
2.400574216e-20
-7.04260198e-22
-7.04260198e-22
-1.694791632e-20
-7.04260198e-22
2.400574216e-20
-7.04260198e-22
-7.04260198e-22
-1.694791632e-20
-7.04260198e-22
-1.694791632e-20
-7.04260198e-22
1.624365612e-20
-1.694791632e-20
-7.04260198e-22
-1.694791632e-20
-7.04260198e-22
1.624365612e-20
-1.694791632e-20
-7.04260198e-22
-1.694791632e-20
-7.04260198e-22
1.624365612e-20
-1.694791632e-20
-7.04260198e-22
-1.694791632e-20
-7.04260198e-22
1.624365612e-20
-1.694791632e-20
-7.04260198e-22
-1.694791632e-20
-7.04260198e-22
1.624365612e-20
-1.694791632e-20
-7.04260198e-22
-1.694791632e-20
-7.04260198e-22
4.945045242e-21
1.624365612e-20
1.129861088e-20
4.945045242e-21
1.624365612e-20
4.945045242e-21
1.624365612e-20
1.129861088e-20
4.945045242e-21
1.624365612e-20
4.945045242e-21
1.624365612e-20
1.129861088e-20
4.945045242e-21
1.624365612e-20
4.945045242e-21
1.624365612e-20
1.129861088e-20
4.945045242e-21
1.624365612e-20
4.945045242e-21
1.624365612e-20
1.129861088e-20
4.945045242e-21
1.624365612e-20
4.945045242e-21
1.624365612e-20
1.129861088e-20
4.945045242e-21
1.624365612e-20
4.945045242e-21
4.945045242e-21
1.129861088e-20
4.945045242e-21
1.624365612e-20
4.945045242e-21
4.945045242e-21
1.129861088e-20
4.945045242e-21
1.624365612e-20
4.945045242e-21
4.945045242e-21
1.129861088e-20
4.945045242e-21
1.624365612e-20
4.945045242e-21
4.945045242e-21
1.129861088e-20
4.945045242e-21
1.624365612e-20
4.945045242e-21
4.945045242e-21
1.129861088e-20
4.945045242e-21
1.624365612e-20
4.945045242e-21
4.945045242e-21
1.129861088e-20
4.945045242e-21
1.624365612e-20
4.945045242e-21
4.945045242e-21
1.129861088e-20
4.945045242e-21
1.624365612e-20
4.945045242e-21
4.945045242e-21
1.129861088e-20
4.945045242e-21
1.624365612e-20
4.945045242e-21
4.945045242e-21
1.129861088e-20
4.945045242e-21
1.624365612e-20
4.945045242e-21
4.945045242e-21
1.129861088e-20
4.945045242e-21
1.624365612e-20
1.129861088e-20
0
1.129861088e-20
0
1.129861088e-20
1.129861088e-20
0
1.129861088e-20
0
1.129861088e-20
1.129861088e-20
0
1.129861088e-20
0
1.129861088e-20
1.129861088e-20
0
1.129861088e-20
0
1.129861088e-20
1.129861088e-20
0
1.129861088e-20
0
1.129861088e-20
1.129861088e-20
0
1.129861088e-20
0
1.129861088e-20
1.129861088e-20
0
1.129861088e-20
0
1.129861088e-20
1.129861088e-20
0
1.129861088e-20
0
1.129861088e-20
1.129861088e-20
0
1.129861088e-20
0
1.129861088e-20
1.129861088e-20
0
1.129861088e-20
0
1.129861088e-20
1.129861088e-20
0
1.129861088e-20
0
2.400574216e-20
1.129861088e-20
0
1.129861088e-20
0
2.400574216e-20
1.129861088e-20
0
1.129861088e-20
0
2.400574216e-20
1.129861088e-20
0
1.129861088e-20
0
2.400574216e-20
1.129861088e-20
0
1.129861088e-20
0
2.400574216e-20
1.129861088e-20
0
1.129861088e-20
0
2.400574216e-20
-1.825313997e-20
-3.477733752e-20
2.816776284e-20
2.959820409e-20
1.20225872e-20
3.234778759e-21
1.20225872e-20
1.804337506e-21
3.234778759e-21
1.20225872e-20
1.804337506e-21
3.738962543e-22
1.804337506e-21
3.738962543e-22
1.20225872e-20
-8.41391219e-21
3.738962543e-22
1.804337506e-21
3.738962543e-22
1.20225872e-20
-2.598952908e-20
1.20225872e-20
1.804337506e-21
-1.577127938e-20
1.20225872e-20
-2.598952908e-20
-1.577127938e-20
1.804337506e-21
-1.577127938e-20
1.20225872e-20
-2.598952908e-20
-1.577127938e-20
1.804337506e-21
-1.577127938e-20
1.20225872e-20
-2.598952908e-20
-1.577127938e-20
1.804337506e-21
-1.577127938e-20
1.20225872e-20
1.804337506e-21
-1.720172064e-20
1.804337506e-21
1.804337506e-21
1.804337506e-21
1.804337506e-21
-1.720172064e-20
1.804337506e-21
1.804337506e-21
1.804337506e-21
1.804337506e-21
-1.720172064e-20
1.804337506e-21
-1.720172064e-20
1.804337506e-21
1.804337506e-21
-1.720172064e-20
1.804337506e-21
-1.720172064e-20
1.804337506e-21
1.804337506e-21
-1.720172064e-20
1.804337506e-21
-1.720172064e-20
1.804337506e-21
1.804337506e-21
-1.720172064e-20
1.804337506e-21
-1.720172064e-20
1.804337506e-21
1.804337506e-21
-1.720172064e-20
1.804337506e-21
-1.720172064e-20
1.804337506e-21
1.804337506e-21
-1.720172064e-20
1.804337506e-21
-1.720172064e-20
1.804337506e-21
1.804337506e-21
2.959820409e-20
-2.598952908e-20
2.959820409e-20
2.959820409e-20
1.804337506e-21
2.959820409e-20
-2.598952908e-20
2.959820409e-20
2.959820409e-20
1.804337506e-21
2.959820409e-20
-2.598952908e-20
2.959820409e-20
2.959820409e-20
1.804337506e-21
2.959820409e-20
-2.598952908e-20
2.959820409e-20
2.959820409e-20
1.804337506e-21
2.959820409e-20
-2.598952908e-20
2.959820409e-20
2.959820409e-20
1.804337506e-21
2.959820409e-20
-2.598952908e-20
2.959820409e-20
2.959820409e-20
1.804337506e-21
2.959820409e-20
-2.598952908e-20
2.959820409e-20
2.959820409e-20
1.804337506e-21
2.959820409e-20
-2.598952908e-20
2.959820409e-20
2.959820409e-20
1.804337506e-21
2.959820409e-20
-2.598952908e-20
2.959820409e-20
2.959820409e-20
1.804337506e-21
2.959820409e-20
-2.598952908e-20
2.959820409e-20
2.959820409e-20
1.804337506e-21
2.959820409e-20
-2.598952908e-20
2.959820409e-20
2.959820409e-20
1.804337506e-21
2.959820409e-20
-2.598952908e-20
2.959820409e-20
2.959820409e-20
1.804337506e-21
2.959820409e-20
-2.598952908e-20
2.959820409e-20
-1.455364544e-13
-1.455364527e-13
-1.455364544e-13
-1.455364527e-13
2.959820409e-20
2.959820409e-20
1.804337506e-21
2.959820409e-20
-2.598952908e-20
2.959820409e-20
2.959820409e-20
1.804337506e-21
2.959820409e-20
-2.598952908e-20
2.959820409e-20
2.959820409e-20
1.455364302e-13
1.455365412e-13
1.455364302e-13
1.455365324e-13
-2.598952908e-20
-2.598952908e-20
4.717382098e-20
-2.598952908e-20
3.838601254e-20
-2.598952908e-20
-2.598952908e-20
4.717382098e-20
-1.45536491e-13
-1.455364717e-13
1.455364302e-13
1.455364666e-13
1.45536458e-13
1.455364666e-13
3.838601254e-20
-2.598952908e-20
-2.598952908e-20
4.717382098e-20
-2.598952908e-20
3.838601254e-20
-2.598952908e-20
-2.598952908e-20
4.717382098e-20
-2.598952908e-20
3.838601254e-20
-2.598952908e-20
-2.598952908e-20
4.717382098e-20
-2.598952908e-20
3.838601254e-20
-2.598952908e-20
-2.598952908e-20
4.717382098e-20
-2.598952908e-20
3.838601254e-20
-2.598952908e-20
-1.45536491e-13
-2.910729443e-13
-1.455364527e-13
3.838601254e-20
-2.598952908e-20
-2.598952908e-20
4.717382098e-20
-2.598952908e-20
3.838601254e-20
-2.598952908e-20
-2.598952908e-20
4.717382098e-20
-2.598952908e-20
4.717382098e-20
-5.235295441e-20
-2.598952908e-20
4.717382098e-20
-2.598952908e-20
4.717382098e-20
-5.235295441e-20
-2.598952908e-20
4.717382098e-20
-2.598952908e-20
4.717382098e-20
-5.235295441e-20
-2.598952908e-20
4.717382098e-20
-1.45536491e-13
-1.455364527e-13
-1.455365275e-13
-1.455364527e-13
4.717382098e-20
-2.598952908e-20
4.717382098e-20
-5.235295441e-20
-2.598952908e-20
4.717382098e-20
-2.598952908e-20
4.717382098e-20
-5.235295441e-20
2.876010048e-20
1.265171627e-20
4.430042294e-20
-2.840308759e-22
4.430042294e-20
-2.840308759e-22
5.868047318e-20
-4.486848469e-20
5.868047318e-20
5.868047318e-20
-4.486848469e-20
-1.466408112e-20
-4.486848469e-20
-1.466408112e-20
-2.840308759e-22
-4.486848469e-20
-1.466408112e-20
-4.486848469e-20
-1.466408112e-20
-2.840308759e-22
-1.466408112e-20
3.136467579e-20
1.160272217e-21
1.698462555e-20
3.136467579e-20
-1.466408112e-20
1.698462555e-20
1.160272217e-21
1.698462555e-20
3.136467579e-20
-1.466408112e-20
1.698462555e-20
1.160272217e-21
1.698462555e-20
3.136467579e-20
-1.466408112e-20
1.698462555e-20
1.160272217e-21
1.698462555e-20
3.136467579e-20
1.160272217e-21
4.574472603e-20
1.160272217e-21
-2.840308759e-22
1.160272217e-21
1.160272217e-21
4.574472603e-20
1.160272217e-21
-2.840308759e-22
1.160272217e-21
1.160272217e-21
4.574472603e-20
1.160272217e-21
4.574472603e-20
1.160272217e-21
1.409601936e-20
4.574472603e-20
1.160272217e-21
4.574472603e-20
1.160272217e-21
1.409601936e-20
4.574472603e-20
1.160272217e-21
4.574472603e-20
1.160272217e-21
1.409601936e-20
4.574472603e-20
1.160272217e-21
4.574472603e-20
1.160272217e-21
1.409601936e-20
4.574472603e-20
1.160272217e-21
4.574472603e-20
1.160272217e-21
1.409601936e-20
4.574472603e-20
1.160272217e-21
4.574472603e-20
1.160272217e-21
2.84760696e-20
1.409601936e-20
-1.466408112e-20
2.84760696e-20
1.409601936e-20
2.84760696e-20
1.409601936e-20
-1.466408112e-20
2.84760696e-20
1.409601936e-20
2.84760696e-20
1.409601936e-20
-1.466408112e-20
2.84760696e-20
1.409601936e-20
2.84760696e-20
1.409601936e-20
-1.466408112e-20
2.84760696e-20
1.409601936e-20
2.84760696e-20
1.409601936e-20
-1.466408112e-20
2.84760696e-20
1.409601936e-20
2.84760696e-20
1.409601936e-20
-1.466408112e-20
2.84760696e-20
1.409601936e-20
2.84760696e-20
2.84760696e-20
-1.466408112e-20
2.84760696e-20
1.409601936e-20
2.84760696e-20
2.84760696e-20
-1.466408112e-20
2.84760696e-20
1.409601936e-20
2.84760696e-20
2.84760696e-20
-1.466408112e-20
2.84760696e-20
1.409601936e-20
2.84760696e-20
2.84760696e-20
-1.466408112e-20
2.84760696e-20
1.409601936e-20
2.84760696e-20
2.84760696e-20
-1.466408112e-20
2.84760696e-20
1.409601936e-20
2.84760696e-20
2.84760696e-20
-1.466408112e-20
2.84760696e-20
1.409601936e-20
2.84760696e-20
2.84760696e-20
-1.466408112e-20
2.84760696e-20
2.18304703e-13
2.18304736e-13
2.183047332e-13
2.1830468e-13
2.84760696e-20
1.409601936e-20
2.84760696e-20
2.84760696e-20
-1.466408112e-20
2.84760696e-20
1.409601936e-20
2.84760696e-20
2.84760696e-20
-1.466408112e-20
2.84760696e-20
1.409601936e-20
-2.183047064e-13
-2.183046949e-13
-2.183047064e-13
-2.183046949e-13
-1.466408112e-20
-1.466408112e-20
2.99203727e-20
-1.466408112e-20
2.99203727e-20
-1.466408112e-20
-1.466408112e-20
2.99203727e-20
2.183046915e-13
2.183047087e-13
-2.183047064e-13
-2.183047251e-13
-2.183046748e-13
-2.183047251e-13
2.99203727e-20
-1.466408112e-20
-1.466408112e-20
2.99203727e-20
-1.466408112e-20
2.99203727e-20
-1.466408112e-20
-1.466408112e-20
2.99203727e-20
-1.466408112e-20
2.99203727e-20
-1.466408112e-20
-1.466408112e-20
2.99203727e-20
-1.466408112e-20
2.99203727e-20
-1.466408112e-20
-1.466408112e-20
2.99203727e-20
-1.466408112e-20
2.99203727e-20
-1.466408112e-20
2.183046915e-13
4.366093828e-13
2.1830468e-13
2.99203727e-20
-1.466408112e-20
-1.466408112e-20
2.99203727e-20
-1.466408112e-20
2.99203727e-20
-1.466408112e-20
-1.466408112e-20
2.99203727e-20
-1.466408112e-20
2.99203727e-20
-1.321977802e-20
1.409601936e-20
2.99203727e-20
-1.466408112e-20
2.99203727e-20
-1.321977802e-20
1.409601936e-20
2.99203727e-20
-1.466408112e-20
2.99203727e-20
-1.321977802e-20
1.409601936e-20
2.99203727e-20
2.183046915e-13
2.183047231e-13
2.183046598e-13
2.183047087e-13
2.99203727e-20
-1.466408112e-20
2.99203727e-20
-1.321977802e-20
1.409601936e-20
2.99203727e-20
-1.466408112e-20
2.99203727e-20
-1.321977802e-20
2.503641121e-20
-1.187915045e-20
1.742444114e-21
-1.333301021e-20
1.742444114e-21
2.885843636e-22
3.824564849e-20
2.31701942e-20
2.885843636e-22
3.969950832e-20
2.183047235e-13
2.183047606e-13
-1.333301016e-20
6.403497784e-20
1.391017893e-20
2.885843636e-22
7.620271278e-20
3.824564857e-20
7.620271278e-20
1.391017893e-20
-1.187915045e-20
1.391017893e-20
3.196303865e-21
2.607791375e-20
1.391017893e-20
-1.187915045e-20
2.607791375e-20
3.196303865e-21
-3.912233952e-20
2.31701942e-20
-1.187915045e-20
2.607791375e-20
3.196303865e-21
2.607791375e-20
1.391017893e-20
-1.187915045e-20
2.607791375e-20
3.196303865e-21
2.607791375e-20
1.391017893e-20
3.196303865e-21
-1.187915045e-20
3.196303865e-21
2.4624054e-20
3.196303865e-21
3.196303865e-21
-1.187915045e-20
3.196303865e-21
2.183046977e-13
4.366094931e-13
2.183046969e-13
-2.404688522e-20
3.196303865e-21
-1.187915045e-20
2.607791375e-20
2.183047492e-13
4.366094279e-13
2.183047596e-13
-1.187915045e-20
2.607791375e-20
3.196303865e-21
-1.187915045e-20
3.196303865e-21
-1.187915045e-20
2.183047478e-13
2.183047718e-13
-1.187915045e-20
3.196303865e-21
-1.187915045e-20
2.607791375e-20
3.196303865e-21
2.183046977e-13
2.183047596e-13
-1.187915045e-20
2.607791375e-20
3.196303865e-21
-1.187915045e-20
3.196303865e-21
-1.187915045e-20
2.607791375e-20
-2.404688527e-20
1.245631918e-20
2.885843636e-22
-3.766847984e-20
2.183047463e-13
2.183047839e-13
1.245631918e-20
2.885843636e-22
-3.766847984e-20
1.245631918e-20
-2.404688527e-20
1.245631918e-20
2.885843636e-22
-3.766847984e-20
1.245631918e-20
-2.404688527e-20
1.245631918e-20
2.885843636e-22
-3.766847984e-20
1.245631918e-20
-2.404688527e-20
2.183047463e-13
2.183047334e-13
2.60779137e-20
1.245631918e-20
-2.404688527e-20
1.245631918e-20
2.885843636e-22
2.183047235e-13
2.183047445e-13
-2.404688527e-20
-3.766847984e-20
2.885843636e-22
-3.766847984e-20
1.245631918e-20
-2.404688527e-20
-3.766847984e-20
-2.404688522e-20
2.60779137e-20
1.245631918e-20
-2.404688527e-20
-3.766847984e-20
2.885843636e-22
-3.766847984e-20
1.245631918e-20
-2.404688527e-20
-3.766847984e-20
2.885843636e-22
-3.766847984e-20
1.245631918e-20
-2.404688527e-20
-3.766847984e-20
2.885843636e-22
-3.766847984e-20
1.245631918e-20
-2.404688527e-20
-3.766847984e-20
2.885843636e-22
-3.766847984e-20
1.245631918e-20
-2.404688527e-20
-3.766847984e-20
2.885843636e-22
-3.766847984e-20
1.245631918e-20
-2.404688527e-20
-3.766847984e-20
2.885843636e-22
-3.766847984e-20
1.245631918e-20
-2.404688527e-20
-3.766847984e-20
2.885843636e-22
-3.766847984e-20
1.245631918e-20
-2.404688527e-20
-3.766847984e-20
2.885843636e-22
-3.766847984e-20
1.245631918e-20
2.885843636e-22
1.245631918e-20
2.885843636e-22
2.885843636e-22
2.885843636e-22
2.885843636e-22
1.245631918e-20
2.885843636e-22
2.885843636e-22
2.885843636e-22
2.885843636e-22
1.245631918e-20
2.885843636e-22
2.885843636e-22
2.885843636e-22
2.885843636e-22
1.245631918e-20
2.885843636e-22
2.885843636e-22
2.885843636e-22
2.885843636e-22
1.245631918e-20
2.885843636e-22
2.885843636e-22
2.885843636e-22
2.885843636e-22
1.245631918e-20
2.885843636e-22
2.885843636e-22
-2.1830472e-13
-2.183047182e-13
1.245631918e-20
2.885843636e-22
2.885843631e-22
5.186724304e-20
2.885843636e-22
1.245631918e-20
2.885843636e-22
2.885843636e-22
-2.404688522e-20
5.186724304e-20
1.245631918e-20
2.885843636e-22
2.885843636e-22
2.885843636e-22
2.885843636e-22
1.245631918e-20
2.885843636e-22
2.885843636e-22
2.885843636e-22
-2.404688522e-20
-1.042529068e-20
2.885843636e-22
1.245631918e-20
2.607791375e-20
-3.621462002e-20
-2.183046938e-13
-2.183047182e-13
2.183047463e-13
2.183047338e-13
2.885843636e-22
1.245631918e-20
2.885843636e-22
1.245631918e-20
2.607791375e-20
2.885843636e-22
-2.550074497e-20
2.885843636e-22
-1.042529068e-20
2.607791375e-20
2.885843636e-22
-2.550074497e-20
2.885843636e-22
-1.042529068e-20
2.183047478e-13
2.183047338e-13
1.245631918e-20
2.885843636e-22
1.245631918e-20
2.607791375e-20
0
4.335040098e-20
-2.919267229e-22
-2.919267229e-22
2.372050788e-20
-2.919267229e-22
2.079881359e-20
-2.919267224e-22
2.079881354e-20
2.079881354e-20
-2.91072995e-13
-2.910729808e-13
2.079881363e-20
4.335040106e-20
-2.919267229e-22
2.225966071e-20
4.481124814e-20
-2.919267229e-22
4.481124814e-20
-2.919267229e-22
4.090614775e-21
6.444114124e-20
-2.919267229e-22
2.518135504e-20
6.444114124e-20
4.090614775e-21
2.518135504e-20
-2.919267229e-22
-2.919267234e-22
-2.919267224e-22
4.090614775e-21
2.518135504e-20
-2.919267229e-22
2.518135504e-20
6.444114124e-20
4.090614775e-21
2.518135504e-20
-2.919267229e-22
2.518135504e-20
6.444114124e-20
-2.919267229e-22
-2.919267229e-22
-2.919267229e-22
2.225966071e-20
-2.919267229e-22
-2.919267229e-22
-2.919267229e-22
-2.919267229e-22
-2.910729513e-13
-5.821459333e-13
-2.910729779e-13
1.168920442e-21
-2.919267229e-22
-2.919267229e-22
2.079881354e-20
-2.910729979e-13
-5.821459755e-13
-2.910729606e-13
-2.919267229e-22
2.079881354e-20
-2.919267229e-22
-2.919267229e-22
-2.919267229e-22
-2.919267229e-22
-2.910729979e-13
-2.910729606e-13
-2.919267229e-22
-2.919267229e-22
-2.919267229e-22
2.079881354e-20
-2.919267229e-22
-2.910729499e-13
-2.910729606e-13
-2.919267229e-22
2.079881354e-20
-2.919267229e-22
-2.919267229e-22
-2.919267229e-22
-2.919267229e-22
2.079881354e-20
2.079881354e-20
2.079881354e-20
-2.919267229e-22
2.079881354e-20
-2.910729979e-13
-2.910729803e-13
2.079881354e-20
-2.919267229e-22
2.079881354e-20
2.079881354e-20
2.079881354e-20
2.079881354e-20
-2.919267229e-22
2.079881354e-20
2.079881354e-20
2.079881354e-20
2.079881354e-20
-2.919267229e-22
2.079881354e-20
2.079881354e-20
2.079881354e-20
-2.910729979e-13
-2.910729808e-13
-2.919267224e-22
2.079881354e-20
2.079881354e-20
2.079881354e-20
-2.919267229e-22
-2.910729739e-13
-2.910729832e-13
2.079881354e-20
2.079881354e-20
-2.919267229e-22
2.079881354e-20
2.079881354e-20
2.079881354e-20
2.079881354e-20
-2.919267234e-22
-2.919267224e-22
2.079881354e-20
2.079881354e-20
2.079881354e-20
-2.919267229e-22
2.079881354e-20
2.079881354e-20
2.079881354e-20
2.079881354e-20
-2.919267229e-22
2.079881354e-20
2.079881354e-20
2.079881354e-20
2.079881354e-20
-2.919267229e-22
2.079881354e-20
2.079881354e-20
2.079881354e-20
2.079881354e-20
-2.919267229e-22
2.079881354e-20
2.079881354e-20
2.079881354e-20
2.079881354e-20
-2.919267229e-22
2.079881354e-20
2.079881354e-20
2.079881354e-20
2.079881354e-20
-2.919267229e-22
2.079881354e-20
2.079881354e-20
2.079881354e-20
2.079881354e-20
-2.919267229e-22
2.079881354e-20
2.079881354e-20
2.079881354e-20
2.079881354e-20
-2.919267229e-22
2.079881354e-20
2.079881354e-20
-2.919267229e-22
-2.138266699e-20
-2.919267229e-22
-2.919267229e-22
-2.919267229e-22
-2.919267229e-22
-2.138266699e-20
-2.919267229e-22
-2.919267229e-22
-2.919267229e-22
-2.919267229e-22
-2.138266699e-20
-2.919267229e-22
-2.919267229e-22
-2.919267229e-22
-2.919267229e-22
-2.138266699e-20
-2.919267229e-22
-2.919267229e-22
-2.919267229e-22
-2.919267229e-22
-2.138266699e-20
-2.919267229e-22
-2.919267229e-22
-2.919267229e-22
-2.919267229e-22
-2.138266699e-20
-2.919267229e-22
-2.919267229e-22
2.910729959e-13
2.910729976e-13
-2.138266699e-20
-2.919267229e-22
4.481124823e-20
1.168920442e-21
-2.919267229e-22
-2.138266699e-20
-2.919267229e-22
-2.919267229e-22
-2.919267234e-22
1.168920442e-21
-2.138266699e-20
-2.919267229e-22
-2.919267229e-22
-2.919267229e-22
-2.919267229e-22
-2.138266699e-20
-2.919267229e-22
-2.919267229e-22
-2.919267229e-22
-2.919267234e-22
-2.919267224e-22
-2.919267229e-22
-2.138266699e-20
-6.502499469e-20
-2.28435142e-20
2.910729528e-13
2.910729976e-13
-2.91072995e-13
-2.910729999e-13
1.933796638e-20
-2.138266699e-20
-2.919267229e-22
-2.138266699e-20
-6.502499469e-20
1.933796638e-20
2.372050792e-20
-2.919267229e-22
-2.919267224e-22
-6.502499469e-20
1.933796638e-20
2.372050792e-20
-2.919267229e-22
-2.919267224e-22
-2.910729739e-13
-2.910729817e-13
-2.138266699e-20
-2.919267229e-22
-2.138266699e-20
-6.502499469e-20
7.586442769e-20
4.419032599e-21
2.944844262e-22
-5.434175485e-20
2.944844267e-22
2.944844267e-22
2.944844262e-22
-1.565662272e-20
4.419032592e-21
4.419032592e-21
-1.565662272e-20
1.003987733e-19
-1.565662272e-20
1.003987733e-19
4.419032592e-21
2.952853984e-21
1.003987733e-19
-3.42660995e-20
-3.839064774e-20
-7.707577991e-20
2.944844267e-22
2.037013978e-20
4.310416461e-20
-7.295123145e-20
4.310416461e-20
-7.441741006e-20
2.910728171e-13
2.91072923e-13
-7.295123145e-20
4.310416461e-20
-7.441741006e-20
-7.295123145e-20
4.310416461e-20
-7.295123145e-20
4.310416461e-20
-7.441741006e-20
-7.295123145e-20
4.310416461e-20
-7.295123145e-20
4.310416461e-20
4.310416461e-20
2.910728744e-13
2.91072923e-13
2.910729145e-13
2.91072923e-13
4.310416461e-20
-5.434175485e-20
4.044579513e-20
-3.279992089e-20
4.044579513e-20
4.310416461e-20
-5.434175474e-20
4.310416461e-20
-5.434175474e-20
4.310416461e-20
-1.419044411e-20
-5.434175474e-20
4.310416461e-20
-5.434175485e-20
4.693020245e-21
-3.279992089e-20
2.944844262e-22
4.310416461e-20
-5.434175485e-20
4.693020245e-21
-1.419044411e-20
-5.434175474e-20
4.310416461e-20
-5.434175474e-20
2.910728945e-13
2.910728246e-13
2.944844262e-22
-5.434175485e-20
2.944844262e-22
4.419032599e-21
2.944844267e-22
2.910728522e-13
2.91072923e-13
-2.910729645e-13
-2.910728421e-13
-2.910729042e-13
-2.910728994e-13
4.419032592e-21
-1.419044411e-20
5.885211208e-21
-1.684881371e-20
5.885211208e-21
-3.839064774e-20
-1.684881371e-20
5.885211208e-21
-1.684881371e-20
-2.910729042e-13
-2.910728435e-13
-2.910729042e-13
-2.910728994e-13
-1.419044411e-20
-1.419044411e-20
2.910728558e-13
2.910728828e-13
5.885211208e-21
-7.56096013e-20
-5.700012452e-20
-3.839064774e-20
-1.684881371e-20
5.885211208e-21
-1.684881371e-20
-1.419044411e-20
4.419032592e-21
-1.419044411e-20
-2.910729042e-13
-2.910728994e-13
-1.419044411e-20
4.419032592e-21
-1.419044411e-20
5.885211208e-21
-7.56096013e-20
-3.692446914e-20
-3.839064774e-20
-1.684881371e-20
5.885211208e-21
-1.684881371e-20
5.885211208e-21
7.619857001e-20
-1.419044411e-20
-1.419044411e-20
-1.419044411e-20
-1.419044411e-20
4.419032592e-21
2.910728959e-13
2.910728828e-13
-1.419044411e-20
-1.419044411e-20
-3.279992089e-20
-1.684881371e-20
5.885211208e-21
-1.684881371e-20
-1.419044411e-20
4.419032592e-21
-1.419044411e-20
-1.419044411e-20
-1.419044411e-20
-2.910729042e-13
-2.910728435e-13
-1.419044411e-20
-1.419044411e-20
2.910728602e-13
2.910728828e-13
4.419032592e-21
-1.419044411e-20
5.885211208e-21
-1.684881371e-20
5.885211208e-21
7.619857001e-20
-1.419044411e-20
-1.419044411e-20
-1.419044411e-20
-1.419044411e-20
-3.279992089e-20
-3.692446914e-20
-5.700012452e-20
2.910728909e-13
3.289714519e-20
-2.910728435e-13
-2.910728886e-13
-2.910728435e-13
4.419032592e-21
4.419032599e-21
7.619857001e-20
2.30285093e-20
2.910728558e-13
2.910728834e-13
2.910729697e-13
5.821457906e-13
5.82145795e-13
2.9107292e-13
-3.279992089e-20
-2.910729461e-13
-2.910728435e-13
-2.910728886e-13
-2.910728435e-13
4.419032592e-21
2.30285093e-20
4.419032592e-21
-1.565662275e-20
2.910728909e-13
2.910728834e-13
2.910729697e-13
2.9107292e-13
2.910728959e-13
2.9107292e-13
2.910728558e-13
3.289715036e-20
-2.910729401e-13
6.198762908e-20
-2.910728842e-13
-2.910728435e-13
4.419032599e-21
7.619857001e-20
2.30285093e-20
-3.279992089e-20
7.619857001e-20
2.910728959e-13
2.9107292e-13
-1.565662275e-20
-3.839064774e-20
2.910728909e-13
2.910729058e-13
-3.279992089e-20
6.198762908e-20
4.419032592e-21
4.419032592e-21
4.419032599e-21
7.619857001e-20
4.419032599e-21
2.910728894e-13
2.910728426e-13
4.419032599e-21
7.619857001e-20
2.910728959e-13
2.910729788e-13
5.885211208e-21
6.198762908e-20
-3.279992089e-20
6.198762908e-20
4.457034322e-20
5.885211208e-21
-3.839064774e-20
7.619857001e-20
2.30285093e-20
2.910729145e-13
2.910728426e-13
2.910728959e-13
2.9107292e-13
4.419032599e-21
5.612291466e-20
5.885211208e-21
6.198762908e-20
-3.279992089e-20
6.198762908e-20
4.457034322e-20
0
1.899833569e-20
-5.930095086e-22
-3.095341768e-20
-3.389417835e-20
-5.930095076e-22
-5.348552362e-20
4.935874396e-20
1.899833572e-20
-5.930095076e-22
4.935874396e-20
-5.930095076e-22
4.935874396e-20
-5.930095076e-22
6.600932845e-20
1.311681424e-20
-5.930095076e-22
1.899833569e-20
-3.389417835e-20
-7.307686867e-20
-8.678669236e-20
-5.930095086e-22
-5.930095076e-22
5.22995047e-20
6.600932845e-20
-5.930095076e-22
-3.638410508e-13
-3.638411027e-13
5.22995047e-20
6.600932845e-20
-5.930095076e-22
5.22995047e-20
-5.930095076e-22
5.22995047e-20
6.600932845e-20
-5.930095076e-22
5.22995047e-20
-5.930095076e-22
5.22995047e-20
6.600932845e-20
-5.930095076e-22
-3.638410175e-13
-3.638411027e-13
-3.638409842e-13
-3.638411027e-13
-5.930095076e-22
3.27081594e-20
-1.03437277e-19
3.27081594e-20
-1.03437277e-19
-5.930095076e-22
-1.430283326e-20
-5.930095076e-22
-1.430283326e-20
-3.389417848e-20
1.605757498e-20
-1.430283326e-20
-5.930095076e-22
3.27081594e-20
-8.384593178e-20
-1.724359396e-20
1.899833569e-20
-5.930095076e-22
3.27081594e-20
-8.384593178e-20
1.605757498e-20
-1.430283326e-20
-5.930095076e-22
-1.430283326e-20
-3.638411428e-13
-3.638411353e-13
1.899833569e-20
-2.01843547e-20
1.899833569e-20
-7.30768688e-20
-5.054476277e-20
-3.63841003e-13
-3.638411027e-13
3.638410359e-13
3.63841022e-13
3.638410359e-13
3.638410553e-13
5.22995047e-20
-5.930095076e-22
-5.642628435e-20
-5.054476287e-20
-5.642628435e-20
-5.930095076e-22
-8.384593178e-20
-5.642628435e-20
-5.054476287e-20
3.638410359e-13
3.638411944e-13
3.638410359e-13
3.638410553e-13
-5.930095076e-22
-5.930095076e-22
-3.63841037e-13
-3.63841136e-13
-5.642628435e-20
-5.054476277e-20
-1.724359393e-20
-5.930095076e-22
-8.384593178e-20
-5.642628435e-20
-5.054476287e-20
-5.930095076e-22
5.22995047e-20
-5.930095076e-22
3.638410359e-13
3.638410553e-13
-5.930095076e-22
5.22995047e-20
-5.930095076e-22
-5.642628435e-20
-5.054476277e-20
-5.054476277e-20
-5.930095076e-22
-8.384593178e-20
-5.642628435e-20
-5.054476287e-20
-5.642628435e-20
7.18908498e-20
-5.930095076e-22
-5.930095076e-22
-5.930095076e-22
-5.930095076e-22
5.22995047e-20
-3.638411595e-13
-3.63841136e-13
-5.930095076e-22
-5.930095076e-22
1.899833569e-20
-8.384593178e-20
-5.642628435e-20
-5.054476287e-20
-5.930095076e-22
5.22995047e-20
-5.930095076e-22
-5.930095076e-22
-5.930095076e-22
3.638410359e-13
3.638411944e-13
-5.930095076e-22
-5.930095076e-22
-3.638411399e-13
-3.63841136e-13
5.22995047e-20
-5.930095076e-22
-5.642628435e-20
-5.054476287e-20
-5.642628435e-20
7.18908498e-20
-5.930095076e-22
-5.930095076e-22
-5.930095076e-22
-5.930095076e-22
1.899833569e-20
-5.054476277e-20
-1.724359393e-20
-3.638410696e-13
-6.332369266e-20
3.638411944e-13
3.638411583e-13
3.638411944e-13
5.22995047e-20
-1.724359396e-20
7.18908498e-20
-5.930095076e-22
-3.63841037e-13
-3.638411187e-13
-3.638411059e-13
-7.276821914e-13
-7.276821777e-13
-3.638410498e-13
1.899833569e-20
3.638410215e-13
3.638411944e-13
3.638411583e-13
3.638411944e-13
5.22995047e-20
-5.930095076e-22
5.22995047e-20
-5.930095066e-22
-3.638410696e-13
-3.638411187e-13
-3.638411059e-13
-3.638410498e-13
-3.638411262e-13
-3.638410498e-13
-3.63841037e-13
-6.332367974e-20
3.638411574e-13
-5.054476287e-20
3.638411416e-13
3.638411944e-13
-1.724359396e-20
7.18908498e-20
-5.930095076e-22
1.899833569e-20
7.18908498e-20
-3.638411595e-13
-3.638410498e-13
-5.930095066e-22
-5.930095076e-22
-3.638410696e-13
-3.638411723e-13
1.899833569e-20
-5.054476287e-20
5.22995047e-20
5.22995047e-20
-1.724359396e-20
7.18908498e-20
-1.724359396e-20
-3.638411725e-13
-3.638410498e-13
-1.724359396e-20
7.18908498e-20
-3.638411595e-13
-3.638411889e-13
-1.430283322e-20
-5.054476287e-20
1.899833569e-20
-5.054476287e-20
-7.01361082e-20
-1.430283322e-20
-5.930095076e-22
7.18908498e-20
-5.930095076e-22
-3.638412094e-13
-3.638410498e-13
-3.638411595e-13
-3.638410498e-13
-1.724359396e-20
1.899833569e-20
-1.430283322e-20
-5.054476287e-20
1.899833569e-20
-5.054476287e-20
-7.01361082e-20
0
2.738530164e-20
1.269841568e-13
1.269840436e-13
2.738530164e-20
6.046248479e-20
2.738530164e-20
-9.608076834e-20
6.046248479e-20
2.738530164e-20
1.269841568e-13
1.269840135e-13
-9.608076834e-20
-2.744327305e-21
-3.287395625e-20
1.269841237e-13
1.269840135e-13
-9.608076834e-20
-2.744327305e-21
1.269842803e-13
1.269842303e-13
-9.313321414e-20
2.738530164e-20
-3.287395625e-20
-9.313321414e-20
2.738530164e-20
-3.287395625e-20
2.738530164e-20
-3.287395625e-20
-9.313321414e-20
2.738530164e-20
-3.287395625e-20
1.269841568e-13
1.2698417e-13
-9.313321414e-20
2.738530164e-20
1.269841568e-13
1.2698417e-13
-3.287395625e-20
-9.313321414e-20
1.269841568e-13
1.269842332e-13
2.738530164e-20
-2.744327305e-21
2.738530164e-20
2.738530164e-20
6.046248479e-20
2.738530164e-20
-2.744327305e-21
1.269841568e-13
1.2698417e-13
6.046248479e-20
2.738530164e-20
6.046248479e-20
2.738530164e-20
2.738530164e-20
-2.744327305e-21
-3.936891135e-21
6.046248479e-20
2.738530164e-20
2.738530164e-20
6.046248479e-20
2.738530164e-20
6.046248479e-20
2.738530164e-20
2.738530164e-20
6.046248479e-20
2.738530164e-20
6.046248479e-20
2.738530164e-20
2.738530164e-20
6.046248479e-20
2.738530164e-20
6.046248479e-20
2.738530164e-20
1.269841568e-13
1.269842332e-13
2.738530164e-20
6.046248479e-20
2.738530164e-20
-2.744327305e-21
2.738530164e-20
-2.744327305e-21
-2.744327305e-21
2.738530164e-20
-2.744327305e-21
6.04624848e-20
-3.406652009e-20
-2.744327305e-21
2.738530164e-20
-2.744327305e-21
2.738530164e-20
-2.744327305e-21
-2.744327305e-21
2.738530164e-20
-2.744327305e-21
2.738530164e-20
-2.744327305e-21
-2.744327305e-21
2.738530164e-20
-2.744327305e-21
2.738530164e-20
-2.744327305e-21
-2.744327305e-21
2.738530164e-20
-2.744327305e-21
2.738530164e-20
-2.744327305e-21
-2.744327305e-21
2.738530164e-20
-2.744327305e-21
-2.744327305e-21
-2.744327305e-21
-2.744327305e-21
2.738530164e-20
-2.744327305e-21
-2.744327305e-21
-2.744327305e-21
-2.744327305e-21
2.738530164e-20
-2.744327305e-21
-2.744327305e-21
-2.744327305e-21
-2.744327305e-21
2.738530164e-20
-2.744327305e-21
-2.744327305e-21
-2.744327305e-21
-2.744327305e-21
2.738530164e-20
-2.744327305e-21
-2.744327305e-21
-2.744327305e-21
2.738530165e-20
-3.936891135e-21
-2.744327305e-21
-2.744327305e-21
-2.744327305e-21
-2.744327305e-21
2.738530164e-20
-2.744327305e-21
-2.744327305e-21
-2.744327305e-21
-2.744327305e-21
2.738530164e-20
-2.744327305e-21
2.738530165e-20
-3.406652009e-20
-2.744327305e-21
2.738530164e-20
-2.744327305e-21
-2.744327305e-21
-2.744327305e-21
-2.744327305e-21
2.738530164e-20
-2.744327305e-21
-2.744327305e-21
-2.744327305e-21
-2.744327305e-21
2.738530164e-20
-2.744327305e-21
-2.744327305e-21
-2.744327305e-21
3.033285585e-20
-3.406652009e-20
-2.744327305e-21
-2.744327305e-21
-2.744327305e-21
2.738530164e-20
-2.744327305e-21
-2.744327305e-21
-2.744327305e-21
-2.744327305e-21
2.738530164e-20
-2.744327305e-21
-2.744327305e-21
-2.744327305e-21
-2.744327305e-21
2.738530164e-20
-2.744327305e-21
-2.744327305e-21
-2.744327305e-21
-2.744327305e-21
2.738530164e-20
-2.744327305e-21
-2.744327305e-21
-2.744327305e-21
-2.744327305e-21
2.738530164e-20
2.738530165e-20
-3.406652009e-20
-2.744327305e-21
-2.744327305e-21
3.033285585e-20
-3.406652009e-20
-2.744327305e-21
-2.744327305e-21
-2.744327305e-21
2.738530164e-20
-2.744327305e-21
-2.744327305e-21
-2.744327305e-21
-1.269841924e-13
-1.2698408e-13
-2.744327305e-21
-2.744327305e-21
-1.269840359e-13
-1.269842336e-13
2.738530164e-20
-2.744327305e-21
-2.744327305e-21
3.033285585e-20
-3.406652009e-20
-2.744327305e-21
6.046248479e-20
-2.744327305e-21
-2.744327305e-21
-2.744327305e-21
-2.744327305e-21
-2.744327305e-21
-6.714370324e-20
-2.744327305e-21
-2.744327305e-21
3.033285585e-20
-6.884445333e-21
-6.714370324e-20
-2.744327305e-21
-2.744327305e-21
-2.744327305e-21
6.046248479e-20
-2.744327305e-21
-2.744327305e-21
-2.744327305e-21
-2.744327305e-21
6.046248479e-20
-2.744327305e-21
3.033285585e-20
-3.406652009e-20
-2.744327305e-21
6.046248479e-20
2.750966132e-20
2.750966132e-20
1.231884538e-13
1.231884359e-13
2.750966132e-20
-8.252898397e-20
-3.046282116e-20
0
-8.252898397e-20
-3.046282116e-20
1.231884262e-13
1.231883809e-13
0
0
-3.046282116e-20
1.231884842e-13
1.231883809e-13
0
0
1.231883958e-13
1.231884389e-13
-3.046282116e-20
2.750966132e-20
0
-3.046282116e-20
0
0
2.750966132e-20
0
-3.046282116e-20
0
0
1.231884488e-13
1.231884969e-13
-3.046282116e-20
0
1.231884262e-13
1.231884664e-13
0
-3.046282116e-20
1.231884488e-13
1.231884389e-13
2.750966132e-20
8.548214381e-20
2.750966132e-20
2.750966132e-20
3.046282116e-20
2.750966132e-20
8.548214381e-20
1.231884488e-13
1.231884664e-13
3.046282116e-20
2.750966132e-20
3.046282116e-20
2.750966132e-20
0
-4.919479562e-21
0
3.046282116e-20
2.750966132e-20
0
3.046282116e-20
2.750966132e-20
3.046282116e-20
2.750966132e-20
0
3.046282116e-20
2.750966132e-20
3.046282116e-20
2.750966132e-20
0
3.046282116e-20
2.750966132e-20
3.046282116e-20
2.750966132e-20
1.231883909e-13
1.231884389e-13
2.750966132e-20
3.046282116e-20
2.750966132e-20
0
2.750966132e-20
0
2.750966132e-20
2.750966132e-20
0
2.750966133e-20
-5.79724825e-20
2.750966132e-20
2.750966132e-20
0
2.750966132e-20
0
2.750966132e-20
2.750966132e-20
0
2.750966132e-20
0
2.750966132e-20
2.750966132e-20
0
2.750966132e-20
0
2.750966132e-20
2.750966132e-20
0
2.750966132e-20
0
2.750966132e-20
2.750966132e-20
0
2.750966132e-20
0
2.750966132e-20
2.750966132e-20
0
2.750966132e-20
0
2.750966132e-20
2.750966132e-20
0
2.750966132e-20
0
2.750966132e-20
2.750966132e-20
0
2.750966132e-20
0
2.750966132e-20
2.750966132e-20
0
2.750966132e-20
0
0
-5.79724825e-20
0
2.750966132e-20
0
2.750966132e-20
2.750966132e-20
0
2.750966132e-20
0
2.750966132e-20
2.750966132e-20
0
0
-5.79724825e-20
2.750966132e-20
2.750966132e-20
0
2.750966132e-20
0
2.750966132e-20
2.750966132e-20
0
2.750966132e-20
0
2.750966132e-20
2.750966132e-20
0
-2.750966132e-20
0
0
-5.79724825e-20
0
-2.750966132e-20
0
-2.750966132e-20
0
0
-2.750966132e-20
0
-2.750966132e-20
0
0
-2.750966132e-20
0
-2.750966132e-20
0
0
-2.750966132e-20
0
-2.750966132e-20
0
0
-2.750966132e-20
0
-2.750966132e-20
2.750966133e-20
-5.79724825e-20
-2.750966132e-20
0
0
-5.79724825e-20
0
-2.750966132e-20
0
-2.750966132e-20
0
0
-2.750966132e-20
-1.231885039e-13
-1.231884676e-13
0
0
-1.231884233e-13
-1.231885226e-13
-2.750966132e-20
0
0
3.046282117e-20
-5.79724825e-20
-2.750966132e-20
-2.750966132e-20
0
-2.750966132e-20
0
-2.750966132e-20
0
-5.79724825e-20
-2.750966132e-20
0
3.046282117e-20
-2.953159841e-21
-5.79724825e-20
-2.750966132e-20
0
-2.750966132e-20
-2.750966132e-20
0
-2.750966132e-20
0
-2.750966132e-20
-2.750966132e-20
0
3.046282117e-20
-5.79724825e-20
-2.750966132e-20
-2.750966132e-20
5.061777663e-20
-2.591014669e-20
-3.182587498e-20
4.366094831e-13
4.366094998e-13
-7.948578747e-20
5.297438241e-20
-2.591014669e-20
-2.591014669e-20
5.297438241e-20
-2.591014669e-20
-6.012583691e-22
-2.591014669e-20
-6.012583691e-22
-4.826117085e-20
-8.244365162e-20
-6.012583691e-22
-2.591014669e-20
-6.012583691e-22
-4.826117085e-20
-1.330614282e-19
-1.554124524e-19
4.366095307e-13
4.366094492e-13
-1.554124524e-19
-1.330614282e-19
-1.836792049e-19
-7.948578747e-20
-1.836792049e-19
-1.554124524e-19
-1.330614282e-19
-1.836792049e-19
-7.948578747e-20
-1.836792049e-19
-1.554124524e-19
-1.330614282e-19
-1.836792049e-19
-7.948578747e-20
-1.836792049e-19
-1.554124524e-19
-7.948578747e-20
-6.012583691e-22
-7.948578747e-20
-7.948578747e-20
-7.948578747e-20
-7.948578747e-20
-6.012583691e-22
-7.948578747e-20
-7.948578747e-20
-6.012583692e-22
-5.01289047e-21
-8.685528373e-20
-7.948578747e-20
-6.012583691e-22
-2.886801083e-20
-2.591014669e-20
-1.345151962e-19
-5.01289047e-21
-6.012583691e-22
-2.886801083e-20
-5.1219035e-20
-6.012583691e-22
-7.948578747e-20
-6.012583691e-22
-2.886801083e-20
-5.1219035e-20
-6.012583691e-22
-7.948578747e-20
-6.012583691e-22
2.470762995e-20
-1.598240846e-19
-8.685528373e-20
-7.948578747e-20
-6.012583691e-22
2.470762995e-20
-3.032177879e-20
-6.012583692e-22
-5.01289047e-21
-6.012583691e-22
-2.886801083e-20
-6.012583692e-22
-5.01289047e-21
-3.03217788e-20
-5.01289047e-21
-6.012583692e-22
-5.01289047e-21
-5.01289047e-21
-3.03217788e-20
-5.01289047e-21
-5.01289047e-21
-5.01289047e-21
-5.01289047e-21
-6.012583691e-22
1.266666951e-13
1.266667066e-13
-6.012583692e-22
-5.01289047e-21
-3.03217788e-20
-5.01289047e-21
-5.01289047e-21
-6.012583692e-22
-5.01289047e-21
-3.03217788e-20
-5.01289047e-21
-5.01289047e-21
-5.01289047e-21
-5.01289047e-21
-5.01289047e-21
-2.591014669e-20
-6.012583691e-22
-2.591014669e-20
-6.012583692e-22
-3.03217788e-20
-5.01289047e-21
-5.01289047e-21
-2.591014669e-20
-2.591014669e-20
-6.012583692e-22
-5.01289047e-21
-6.012583692e-22
-5.01289047e-21
-5.01289047e-21
-3.03217788e-20
-5.01289047e-21
-6.012583691e-22
-2.591014669e-20
-2.591014669e-20
-6.012583691e-22
-6.012583692e-22
-5.01289047e-21
-5.01289047e-21
-2.591014669e-20
-6.012583691e-22
-6.012583692e-22
-5.01289047e-21
-2.591014669e-20
-6.012583692e-22
-3.03217788e-20
-5.01289047e-21
-6.012583691e-22
-2.591014669e-20
-2.591014669e-20
-6.012583691e-22
-2.591014669e-20
-6.012583691e-22
-6.012583692e-22
-5.01289047e-21
-6.012583691e-22
-2.591014669e-20
-6.012583691e-22
-6.012583692e-22
-5.01289047e-21
-6.012583691e-22
-2.591014669e-20
-6.012583691e-22
-2.591014669e-20
-2.591014669e-20
-6.012583691e-22
-2.591014669e-20
-6.012583691e-22
-6.012583691e-22
-2.591014669e-20
-6.012583691e-22
1.318589115e-19
-6.012583691e-22
-6.012583691e-22
-6.012583692e-22
-3.03217788e-20
2.029599785e-20
-6.012583691e-22
-6.012583691e-22
-2.591014669e-20
-6.012583691e-22
1.318589115e-19
-6.012583692e-22
-3.03217788e-20
-3.032177879e-20
-6.012583691e-22
1.318589115e-19
-6.012583691e-22
-6.012583691e-22
-2.591014669e-20
-6.012583692e-22
2.029599785e-20
-6.012583691e-22
-6.012583691e-22
-2.591014669e-20
-6.012583691e-22
2.470762995e-20
-3.03217788e-20
-5.01289047e-21
-2.591014669e-20
-6.012583691e-22
1.318589115e-19
-6.012583691e-22
-6.012583691e-22
-2.591014669e-20
-6.012583691e-22
1.318589115e-19
-6.012583691e-22
-6.012583691e-22
-2.591014669e-20
-6.012583691e-22
1.318589115e-19
-6.012583691e-22
-6.012583692e-22
-3.032177879e-20
-6.012583691e-22
1.318589115e-19
-6.012583691e-22
-6.012583691e-22
-2.591014669e-20
-6.012583691e-22
-2.591014669e-20
-7.652792332e-20
-7.948578747e-20
-2.591014669e-20
-6.012583691e-22
-2.591014669e-20
-7.652792332e-20
-7.948578747e-20
-2.591014669e-20
-6.012583691e-22
-2.591014669e-20
-7.652792332e-20
-7.948578747e-20
-2.591014669e-20
-6.012583692e-22
-3.032177879e-20
-7.652792332e-20
-7.948578747e-20
-2.591014669e-20
-6.012583691e-22
-2.591014669e-20
-7.652792332e-20
-7.948578747e-20
-2.591014669e-20
-6.012583691e-22
-2.591014669e-20
-7.652792332e-20
-2.343415594e-20
0
-4.983018021e-20
-5.093776064e-13
-5.093776707e-13
-7.030246783e-20
4.983018021e-20
-4.983018021e-20
-7.030246783e-20
4.983018021e-20
-4.983018021e-20
-2.961868329e-21
-4.983018021e-20
-2.961868329e-21
2.961868329e-21
-1.026222288e-19
-2.961868329e-21
-4.983018021e-20
-2.961868329e-21
2.961868329e-21
-1.026222288e-19
5.279204854e-20
-5.093778936e-13
-5.093778143e-13
5.279204854e-20
-1.026222288e-19
0
-4.983018021e-20
0
5.279204854e-20
-1.026222288e-19
0
-4.983018021e-20
0
5.279204854e-20
-1.026222288e-19
0
-4.983018021e-20
0
5.279204854e-20
-4.983018021e-20
-4.983018021e-20
-4.983018021e-20
-4.983018021e-20
-4.983018021e-20
-4.983018021e-20
-4.983018021e-20
-4.983018021e-20
-4.983018021e-20
-1.92477733e-20
0
-4.186382648e-21
-4.983018021e-20
-4.983018021e-20
0
-1.92477733e-20
-2.343415595e-20
-4.186382648e-21
-4.983018021e-20
0
-4.983018021e-20
-4.983018021e-20
-4.983018021e-20
-4.983018021e-20
0
-4.983018021e-20
-4.983018021e-20
-4.983018021e-20
-4.983018021e-20
4.186382648e-21
0
-4.186382648e-21
-4.983018021e-20
-4.983018021e-20
4.186382648e-21
-4.186382648e-21
-6.611608519e-20
-4.186382648e-21
-4.983018021e-20
0
4.186382648e-21
0
-7.326433618e-20
-2.762053859e-20
4.186382648e-21
-2.639602428e-20
0
-7.326433618e-20
-2.639602428e-20
0
-2.639602428e-20
-4.186382648e-21
0
1.23456722e-13
1.234567167e-13
4.186382648e-21
0
-7.326433618e-20
-2.639602428e-20
-4.186382648e-21
4.186382648e-21
0
-7.326433618e-20
-2.639602428e-20
0
-2.639602428e-20
0
-1.008848748e-19
0
0
0
4.186382648e-21
-7.326433618e-20
-2.639602428e-20
-4.186382648e-21
0
0
4.186382648e-21
-2.762053859e-20
4.186382648e-21
-2.639602428e-20
-2.639602428e-20
-7.326433618e-20
-2.762053859e-20
0
0
0
0
4.186382648e-21
0
-2.762053859e-20
0
0
4.186382648e-21
-4.186382648e-21
0
4.186382648e-21
-7.326433618e-20
-2.762053859e-20
0
0
0
0
0
0
4.186382648e-21
-2.762053859e-20
0
0
0
4.186382648e-21
-2.762053859e-20
0
0
0
0
0
0
0
0
0
-1.465286723e-19
0
-1.055840971e-19
0
0
-1.230945164e-19
-7.326433618e-20
-9.966036044e-20
0
0
-1.465286723e-19
0
-1.055840971e-19
4.186382648e-21
-7.326433618e-20
0
0
-1.055840971e-19
0
0
-1.465286723e-19
4.186382648e-21
-9.966036044e-20
0
0
-1.465286723e-19
0
2.343415595e-20
-7.326433618e-20
-1.008848748e-19
-1.465286723e-19
0
-1.055840971e-19
0
0
-1.465286723e-19
0
-1.055840971e-19
0
0
-1.465286723e-19
0
-1.055840971e-19
0
4.186382648e-21
0
0
-1.055840971e-19
0
0
-1.465286723e-19
0
-1.465286723e-19
-8.885604987e-21
0
-1.465286723e-19
0
-1.465286723e-19
-8.885604987e-21
0
-1.465286723e-19
0
-1.465286723e-19
-8.885604987e-21
0
-1.465286723e-19
4.186382648e-21
0
-8.885604987e-21
0
-1.465286723e-19
0
-1.465286723e-19
-8.885604987e-21
0
-1.465286723e-19
0
-1.465286723e-19
-8.885604987e-21
-4.363601435e-20
9.320266441e-20
0
-1.737580441e-19
-2.96531785e-21
5.093776506e-13
5.093777919e-13
0
-2.96531785e-21
-2.96531785e-21
0
0
0
0
5.093775604e-13
5.093776115e-13
0
0
0
-4.66013322e-20
-2.96531785e-21
-4.956665005e-20
0
5.093777438e-13
5.09377789e-13
5.09377607e-13
5.093777919e-13
0
-2.96531785e-21
-4.956665005e-20
-2.96531785e-21
-2.96531785e-21
0
-2.96531785e-21
5.093776099e-13
5.093776115e-13
-2.96531785e-21
0
-2.96531785e-21
-4.956665005e-20
0
5.093775663e-13
5.093777017e-13
-9.023734656e-20
0
0
-9.023734656e-20
0
-9.023734656e-20
0
0
-9.023734656e-20
0
-9.023734656e-20
-1.368386788e-19
0
-9.023734656e-20
0
-9.023734656e-20
-1.368386788e-19
0
-9.023734656e-20
0
-9.023734656e-20
-1.368386788e-19
0
-9.023734656e-20
0
-9.023734656e-20
-1.368386788e-19
5.093776972e-13
5.093775649e-13
0
-9.023734656e-20
-1.368386788e-19
0
-9.023734656e-20
0
-9.023734656e-20
-1.368386788e-19
4.956665005e-20
-9.320266441e-20
-1.83440011e-19
4.956665005e-20
-9.320266441e-20
4.956665005e-20
-9.320266441e-20
-1.83440011e-19
4.956665005e-20
-9.320266441e-20
4.956665005e-20
-9.320266441e-20
-1.83440011e-19
1.264366389e-13
1.264367735e-13
4.956665005e-20
-9.320266441e-20
-1.83440011e-19
4.956665005e-20
-9.320266441e-20
4.956665005e-20
-9.320266441e-20
-1.83440011e-19
4.956665005e-20
-9.320266441e-20
4.956665005e-20
1.264367261e-13
1.264367765e-13
4.956665005e-20
-9.320266441e-20
4.956665005e-20
4.956665005e-20
-1.83440011e-19
4.956665005e-20
-2.965317853e-21
-2.965317848e-21
4.956665005e-20
-1.83440011e-19
4.956665005e-20
-9.320266441e-20
4.956665005e-20
4.956665005e-20
-1.83440011e-19
4.956665005e-20
1.264367261e-13
1.264367329e-13
4.956665005e-20
-1.83440011e-19
4.956665005e-20
-9.320266441e-20
4.956665005e-20
4.956665005e-20
-1.83440011e-19
4.956665005e-20
-9.320266441e-20
4.956665005e-20
4.956665005e-20
-1.83440011e-19
4.956665005e-20
-9.320266441e-20
4.956665005e-20
4.956665005e-20
-1.83440011e-19
4.956665005e-20
-9.320266441e-20
4.956665005e-20
4.956665005e-20
-1.83440011e-19
4.956665005e-20
-9.320266441e-20
1.264366389e-13
1.264367765e-13
-1.83440011e-19
4.956665005e-20
-1.264368193e-13
-1.406017299e-19
1.264367765e-13
-1.83440011e-19
-1.264367202e-13
-1.264367824e-13
-1.83440011e-19
0
-1.83440011e-19
-4.363601435e-20
-1.83440011e-19
-1.83440011e-19
0
-1.83440011e-19
-4.363601435e-20
-1.83440011e-19
-1.83440011e-19
0
-1.83440011e-19
-4.363601435e-20
-1.83440011e-19
-1.83440011e-19
-1.264368164e-13
-1.264369163e-13
-4.363601435e-20
-1.83440011e-19
-1.264369066e-13
-1.02896349e-19
1.264367765e-13
-4.363601435e-20
-1.83440011e-19
-1.83440011e-19
0
-1.83440011e-19
-4.363601435e-20
-1.83440011e-19
-1.83440011e-19
0
-1.83440011e-19
-4.363601435e-20
1.264366795e-13
1.264367765e-13
0
-1.83440011e-19
-4.363601435e-20
1.264366795e-13
1.264367765e-13
0
-1.83440011e-19
-4.363601435e-20
-5.093778717e-13
-5.093778404e-13
-5.093777874e-13
-5.093778404e-13
-4.363601435e-20
-1.83440011e-19
-1.83440011e-19
0
-1.83440011e-19
0
-8.727202871e-20
-5.093778717e-13
-5.093776599e-13
-1.83440011e-19
0
-8.727202871e-20
1.264366795e-13
1.264367329e-13
-1.83440011e-19
0
-4.956665015e-20
1.26436767e-13
1.264367329e-13
-1.83440011e-19
0
-8.727202871e-20
-1.83440011e-19
0
-1.83440011e-19
-5.930635706e-21
8.727202888e-20
-1.83440011e-19
0
-1.83440011e-19
0
-8.727202871e-20
0
-8.697189851e-20
-8.400357801e-20
4.750136191e-20
6.063180403e-22
-5.821459939e-13
-5.821458769e-13
6.063180403e-22
-1.218560453e-19
6.063180403e-22
6.063180403e-22
6.063180403e-22
6.063180403e-22
6.063180403e-22
-5.821459093e-13
-5.821460024e-13
6.063180403e-22
6.063180403e-22
6.063180403e-22
1.698261102e-19
-4.615111073e-20
6.063180403e-22
3.574638533e-21
-5.82145956e-13
-5.82145874e-13
-5.82145956e-13
-5.821459207e-13
3.574638533e-21
-4.615111073e-20
6.063180403e-22
-4.615111073e-20
-4.615111073e-20
3.574638533e-21
-4.615111073e-20
-5.821459093e-13
-5.821458799e-13
-4.615111073e-20
3.574638533e-21
-4.615111073e-20
6.063180403e-22
3.574638533e-21
-5.82145988e-13
-5.821459237e-13
6.063180403e-22
3.574638533e-21
3.574638533e-21
6.063180403e-22
3.574638533e-21
6.063180403e-22
3.574638533e-21
3.574638533e-21
6.063180403e-22
3.574638533e-21
6.063180403e-22
6.542959026e-21
8.52162141e-20
6.063180403e-22
3.574638533e-21
6.063180403e-22
6.542959026e-21
8.52162141e-20
6.063180403e-22
3.574638533e-21
6.063180403e-22
6.542959026e-21
8.52162141e-20
6.063180403e-22
3.574638533e-21
6.063180403e-22
6.542959026e-21
-5.821459123e-13
-5.821459645e-13
3.574638533e-21
6.063180403e-22
6.542959026e-21
8.52162141e-20
6.063180403e-22
3.574638533e-21
6.063180403e-22
6.542959026e-21
8.52162141e-20
6.063180403e-22
6.063180403e-22
-2.362002452e-21
6.063180403e-22
8.52162141e-20
6.063180403e-22
6.063180403e-22
-2.362002452e-21
6.063180403e-22
8.52162141e-20
6.063180403e-22
6.063180403e-22
1.236558962e-13
1.236559313e-13
8.52162141e-20
6.063180403e-22
6.063180403e-22
-2.362002452e-21
6.063180403e-22
8.52162141e-20
6.063180403e-22
6.063180403e-22
-2.362002452e-21
6.063180403e-22
8.52162141e-20
1.23655937e-13
1.23655851e-13
-2.362002452e-21
6.063180403e-22
8.52162141e-20
-2.362002452e-21
6.063180403e-22
-2.362002452e-21
3.574638529e-21
7.615798566e-20
-2.362002452e-21
6.063180403e-22
-2.362002452e-21
6.063180403e-22
8.52162141e-20
-2.362002452e-21
6.063180403e-22
-2.362002452e-21
1.23655937e-13
1.236560189e-13
-2.362002452e-21
6.063180403e-22
-2.362002452e-21
6.063180403e-22
8.52162141e-20
-2.362002452e-21
6.063180403e-22
-2.362002452e-21
6.063180403e-22
8.52162141e-20
-2.362002452e-21
6.063180403e-22
-2.362002452e-21
6.063180403e-22
8.52162141e-20
-2.362002452e-21
6.063180403e-22
-2.362002452e-21
6.063180403e-22
8.52162141e-20
-2.362002452e-21
6.063180403e-22
-2.362002452e-21
6.063180403e-22
1.236559837e-13
1.236559313e-13
6.063180403e-22
-2.362002452e-21
-1.236559022e-13
1.233833831e-20
1.236559313e-13
6.063180403e-22
-1.236559052e-13
-1.23655924e-13
6.063180403e-22
4.142710582e-20
6.063180403e-22
7.927957311e-20
6.063180403e-22
6.063180403e-22
4.142710582e-20
6.063180403e-22
7.927957311e-20
6.063180403e-22
6.063180403e-22
4.142710582e-20
6.063180403e-22
7.927957311e-20
6.063180403e-22
6.063180403e-22
-1.236559095e-13
-1.236559386e-13
7.927957311e-20
6.063180403e-22
-1.236558628e-13
1.233834161e-20
1.23655851e-13
7.927957311e-20
6.063180403e-22
6.063180403e-22
4.142710582e-20
6.063180403e-22
7.927957311e-20
6.063180403e-22
6.063180403e-22
4.142710582e-20
6.063180403e-22
7.927957311e-20
1.236559545e-13
1.23655851e-13
4.142710582e-20
6.063180403e-22
7.927957311e-20
1.236559545e-13
1.23655851e-13
4.142710582e-20
6.063180403e-22
7.927957311e-20
5.821459573e-13
5.821460065e-13
5.821459892e-13
5.821460065e-13
7.927957311e-20
6.063180403e-22
6.063180403e-22
4.142710582e-20
6.063180403e-22
4.142710582e-20
-4.021446974e-20
5.821460419e-13
5.821460852e-13
6.063180403e-22
4.142710582e-20
-4.021446974e-20
1.236560391e-13
1.236559794e-13
6.063180403e-22
4.142710582e-20
1.290053221e-19
1.236558956e-13
1.236559794e-13
6.063180403e-22
4.142710582e-20
-4.021446974e-20
8.52162141e-20
4.142710582e-20
6.063180403e-22
-8.400357785e-20
-8.451910242e-21
8.52162141e-20
4.142710582e-20
6.063180403e-22
4.142710582e-20
-4.021446974e-20
4.127704341e-20
-8.263551661e-20
-1.593291176e-19
-8.263551661e-20
5.82146038e-13
5.821459502e-13
0
2.970957812e-21
0
0
5.821459554e-13
5.821458628e-13
4.428871619e-20
0
4.428871612e-20
7.966455879e-20
5.821461147e-13
5.821460683e-13
-1.262625767e-13
-1.262625149e-13
4.13177583e-20
1.209823171e-19
3.537584268e-20
4.13177583e-20
1.209823171e-19
-5.82146035e-13
-5.821459826e-13
3.537584268e-20
4.13177583e-20
5.821460734e-13
5.821459916e-13
-1.262626091e-13
-1.262628011e-13
4.13177583e-20
-5.821458698e-13
5.237416299e-20
5.821459916e-13
1.262626121e-13
2.525253066e-13
1.262628096e-13
-5.8214592e-13
8.08544811e-21
5.821460269e-13
-5.821458757e-13
-5.821460653e-13
3.537584268e-20
7.669360098e-20
3.537584268e-20
7.669360098e-20
3.537584268e-20
3.537584268e-20
7.669360098e-20
3.537584268e-20
7.669360098e-20
1.180113593e-19
7.372264317e-20
7.669360098e-20
3.537584268e-20
7.669360098e-20
1.180113593e-19
5.821460321e-13
5.821459473e-13
1.262626121e-13
1.262626886e-13
1.262626947e-13
1.262627653e-13
5.82145914e-13
5.821460269e-13
7.669360098e-20
1.180113593e-19
7.372264317e-20
-5.82145917e-13
-1.48272712e-19
5.821459473e-13
1.180113593e-19
7.372264317e-20
7.669360098e-20
3.537584268e-20
7.669360098e-20
1.180113593e-19
-4.428871612e-20
1.180113593e-19
-3.834680049e-20
-8.263551661e-20
1.180113593e-19
5.82145914e-13
5.821460653e-13
-3.834680049e-20
-8.263551661e-20
1.180113593e-19
5.82145914e-13
5.821460653e-13
-3.834680049e-20
-8.263551661e-20
1.180113593e-19
-4.428871612e-20
1.180113593e-19
-3.834680049e-20
-8.263551661e-20
-5.821459524e-13
-5.82146024e-13
1.180113593e-19
-3.834680049e-20
5.821459494e-13
5.821460653e-13
-4.428871612e-20
1.180113593e-19
-3.834680049e-20
-8.263551661e-20
1.180113593e-19
-4.428871612e-20
-8.263551661e-20
-3.834680049e-20
-8.263551661e-20
1.180113593e-19
-4.428871612e-20
-8.263551661e-20
-5.821459937e-13
-5.821460623e-13
1.180113593e-19
-4.428871612e-20
-8.263551661e-20
-3.834680049e-20
-5.8214592e-13
-5.821459119e-13
-4.428871612e-20
-8.263551661e-20
-3.834680049e-20
-8.263551661e-20
-5.821459524e-13
-5.82146024e-13
-8.263551661e-20
-3.834680049e-20
-8.263551661e-20
1.180113593e-19
-5.821458816e-13
-5.821460623e-13
-3.834680049e-20
-8.263551661e-20
1.180113593e-19
-4.428871612e-20
-8.263551661e-20
0
-3.280776733e-20
1.180113593e-19
-4.428871612e-20
-8.263551661e-20
-3.834680049e-20
-5.8214592e-13
-5.821459119e-13
-4.428871612e-20
-8.263551661e-20
-3.834680049e-20
-8.263551661e-20
-5.821459524e-13
-5.82146024e-13
-8.263551661e-20
-3.834680049e-20
-8.263551661e-20
1.180113593e-19
-3.834680049e-20
4.13177583e-20
-3.834680049e-20
4.13177583e-20
-3.834680049e-20
-3.834680049e-20
-5.821459524e-13
-5.821460269e-13
4.13177583e-20
-3.834680049e-20
-3.834680049e-20
4.13177583e-20
-5.821459937e-13
-5.821459826e-13
-3.834680049e-20
-3.834680049e-20
4.13177583e-20
-3.834680049e-20
-5.821459524e-13
-5.821460269e-13
-3.834680049e-20
4.13177583e-20
-3.834680049e-20
5.821459967e-13
5.821458646e-13
-3.834680049e-20
4.131775838e-20
-2.006468763e-19
4.13177583e-20
-3.834680049e-20
-5.821459937e-13
-1.16429198e-12
-5.821460269e-13
4.13177583e-20
-3.834680049e-20
-3.834680049e-20
4.13177583e-20
-3.834680049e-20
4.13177583e-20
-3.834680049e-20
-3.834680049e-20
1.209823171e-19
2.06185909e-19
-5.821459524e-13
-5.821457477e-13
-2.006468763e-19
4.13177583e-20
-3.834680049e-20
4.13177583e-20
-5.821459937e-13
-5.821460269e-13
4.13177583e-20
-3.834680049e-20
4.13177583e-20
4.13177583e-20
0
4.13177583e-20
-3.834680049e-20
4.13177583e-20
4.13177583e-20
0
4.13177583e-20
-5.821459937e-13
-5.82146021e-13
4.13177583e-20
0
4.13177583e-20
0
4.685679154e-20
-8.263551675e-20
0
4.13177583e-20
-3.834680049e-20
4.13177583e-20
-5.821459937e-13
-1.164291783e-12
-5.821460634e-13
-2.006468763e-19
4.13177583e-20
4.13177583e-20
7.377856609e-20
-6.087284504e-22
-1.873330882e-19
1.440134911e-19
-6.549142772e-13
-6.549141438e-13
-6.087284504e-22
-6.087284504e-22
5.337856859e-21
-6.087284504e-22
-6.549141177e-13
-6.549140673e-13
-6.087284515e-22
7.764896665e-20
-3.676428334e-20
3.554682644e-20
-6.54914193e-13
-6.549139601e-13
-1.238093484e-13
-1.238094197e-13
3.554682644e-20
-1.511775333e-19
-6.087284504e-22
-1.150219784e-19
-1.511775333e-19
6.549141165e-13
6.549139248e-13
-6.087284504e-22
-1.150219784e-19
-6.549141177e-13
-6.549139601e-13
-1.238094212e-13
-1.238097268e-13
-1.150219784e-19
6.549139238e-13
-1.140829731e-19
-6.549139601e-13
1.238097207e-13
2.476188225e-13
1.238094703e-13
6.549142309e-13
3.302752837e-22
-6.549142251e-13
6.54914225e-13
6.549142319e-13
-6.087284504e-22
-6.087284504e-22
-6.087284504e-22
-6.087284504e-22
-6.087284504e-22
-6.087284504e-22
-6.087284504e-22
-6.087284504e-22
-6.087284504e-22
4.149341175e-20
-7.886642355e-20
-6.087284504e-22
-6.087284504e-22
-6.087284504e-22
4.149341175e-20
-6.54914196e-13
-6.549141106e-13
1.238097207e-13
1.238095486e-13
1.238097207e-13
1.238095842e-13
-6.549141118e-13
-6.549142251e-13
-6.087284504e-22
4.149341175e-20
-7.886642355e-20
6.549141829e-13
3.302781795e-22
-6.549141106e-13
4.149341175e-20
-7.886642355e-20
-6.087284504e-22
-6.087284504e-22
-6.087284504e-22
4.149341175e-20
-1.511775333e-19
7.170238134e-20
3.554682644e-20
-6.555313759e-21
7.170238134e-20
-6.549142321e-13
-6.549141829e-13
3.554682644e-20
-6.555313759e-21
7.170238134e-20
-6.549142321e-13
-6.549141829e-13
3.554682644e-20
-6.555313759e-21
7.170238134e-20
-1.511775333e-19
7.170238134e-20
3.554682644e-20
-6.555313759e-21
6.54914225e-13
6.549140813e-13
7.170238134e-20
3.554682644e-20
-6.549142321e-13
-6.549141829e-13
-1.511775333e-19
7.170238134e-20
3.554682644e-20
-6.555313759e-21
7.170238134e-20
-1.511775333e-19
-6.555313759e-21
3.554682644e-20
-6.555313759e-21
7.170238134e-20
-1.511775333e-19
-6.555313759e-21
6.549141888e-13
6.549142259e-13
7.170238134e-20
-1.511775333e-19
-6.555313759e-21
3.554682644e-20
6.54914225e-13
6.549142259e-13
-1.511775333e-19
-6.555313759e-21
3.554682644e-20
-6.555313759e-21
6.54914225e-13
6.549140813e-13
-6.555313759e-21
3.554682644e-20
-6.555313759e-21
7.170238134e-20
6.549140804e-13
6.549142259e-13
3.554682644e-20
-6.555313759e-21
7.170238134e-20
-1.511775333e-19
-6.555313759e-21
-1.112489606e-21
1.576278798e-19
7.170238134e-20
-1.511775333e-19
-6.555313759e-21
3.554682644e-20
6.54914225e-13
6.549142259e-13
-1.511775333e-19
-6.555313759e-21
3.554682644e-20
-6.555313759e-21
6.54914225e-13
6.549140813e-13
-6.555313759e-21
3.554682644e-20
-6.555313759e-21
7.170238134e-20
3.554682644e-20
-6.087284504e-22
3.554682644e-20
-6.555313759e-21
3.554682644e-20
3.554682644e-20
6.549141046e-13
6.549141898e-13
-6.555313759e-21
3.554682644e-20
3.554682644e-20
-6.087284504e-22
6.549141888e-13
6.549141056e-13
3.554682644e-20
3.554682644e-20
-6.087284504e-22
3.554682644e-20
6.549141467e-13
6.549141898e-13
3.554682644e-20
-6.087284504e-22
3.554682644e-20
-6.549141177e-13
-6.549141468e-13
3.554682644e-20
-4.271086857e-20
-6.087284515e-22
-6.555313759e-21
3.554682644e-20
6.549141888e-13
1.309828339e-12
6.549141898e-13
-6.555313759e-21
3.554682644e-20
3.554682644e-20
-6.087284504e-22
3.554682644e-20
-6.555313759e-21
3.554682644e-20
3.554682644e-20
-7.059074915e-21
7.059074915e-21
6.549141467e-13
6.549139597e-13
-6.087284515e-22
-6.087284504e-22
3.554682644e-20
-6.555313759e-21
6.549141888e-13
6.549141898e-13
-6.087284504e-22
3.554682644e-20
-6.087284504e-22
1.108312289e-19
-3.676428334e-20
-6.087284504e-22
3.554682644e-20
-6.087284504e-22
1.108312289e-19
-3.676428334e-20
-6.087284504e-22
6.549141888e-13
6.549140753e-13
1.108312289e-19
-3.676428334e-20
-6.087284504e-22
-1.112489606e-21
-1.073541748e-19
-6.087284515e-22
-3.676428334e-20
-6.087284504e-22
3.554682644e-20
-6.087284504e-22
6.549141888e-13
1.309828227e-12
6.549142276e-13
-6.087284515e-22
-6.087284504e-22
1.108312289e-19
0
1.09773827e-19
-3.298172374e-20
1.219476833e-21
-1.261260522e-13
-1.261262735e-13
1.09773827e-19
-1.073348732e-19
1.219476835e-21
1.219476831e-21
-7.313367265e-20
1.097738268e-19
-7.313367265e-20
1.439750276e-19
-7.313367265e-20
-7.313367265e-20
1.097738268e-19
6.549142426e-13
6.549142604e-13
-7.313367265e-20
-3.298172368e-20
-6.718292418e-20
3.542067734e-20
1.219476835e-21
-1.415360736e-19
1.50346657e-19
1.439750276e-19
-1.474868224e-19
1.439750276e-19
1.219476833e-21
7.170225305e-21
-1.013841247e-19
-3.893247215e-20
-1.013841247e-19
-6.718292418e-20
-3.298172368e-20
1.219476835e-21
3.542067734e-20
1.219476835e-21
1.219476833e-21
-1.474868224e-19
1.219476833e-21
3.542067734e-20
1.097738268e-19
3.542067734e-20
1.219476833e-21
1.219476833e-21
-3.893247215e-20
6.962187784e-20
-3.893247215e-20
3.542067734e-20
1.097738268e-19
-1.474868224e-19
1.219476833e-21
-3.893247221e-20
-3.298172374e-20
1.219476833e-21
-1.474868224e-19
1.219476833e-21
-3.893247221e-20
-3.298172374e-20
1.781762278e-19
-6.549142744e-13
-6.54914186e-13
1.219476835e-21
-6.549142415e-13
-6.549141862e-13
6.549140952e-13
6.549141532e-13
1.219476835e-21
3.542067734e-20
1.097738268e-19
3.542067734e-20
1.097738268e-19
1.219476831e-21
-1.415360737e-19
1.781762278e-19
-3.893247215e-20
1.219476833e-21
-1.073348731e-19
1.220962047e-19
1.219476835e-21
1.219476833e-21
7.557262645e-20
1.219476831e-21
1.219476835e-21
7.557262645e-20
-1.073348732e-19
3.542067734e-20
1.219476831e-21
1.219476835e-21
1.219476831e-21
-1.415360734e-19
1.097738266e-19
6.962187771e-20
1.219476835e-21
1.219476831e-21
6.962187785e-20
1.219476831e-21
1.219476835e-21
1.219476831e-21
1.219476835e-21
-6.549139961e-13
-6.549140836e-13
7.557262645e-20
7.557262645e-20
1.219476831e-21
6.962187785e-20
6.549140729e-13
6.549143301e-13
4.137142574e-20
3.542067734e-20
1.219476833e-21
1.219476831e-21
1.219476835e-21
7.557262645e-20
7.557262645e-20
1.219476833e-21
7.557262645e-20
1.219476831e-21
1.219476835e-21
7.557262645e-20
-1.073348732e-19
1.097738266e-19
1.219476835e-21
7.557262645e-20
1.219476831e-21
6.962187785e-20
1.219476831e-21
1.219476835e-21
7.557262645e-20
7.557262645e-20
-1.073348732e-19
3.542067734e-20
7.557262645e-20
1.219476831e-21
3.542067734e-20
-1.073348732e-19
1.097738266e-19
1.219476835e-21
7.557262645e-20
1.219476831e-21
6.962187785e-20
7.557262645e-20
7.557262645e-20
1.219476831e-21
3.542067734e-20
1.219476833e-21
7.557262645e-20
1.219476831e-21
4.137142574e-20
3.542067734e-20
1.219476833e-21
1.219476831e-21
6.962187771e-20
1.219476835e-21
7.557262645e-20
-1.073348732e-19
1.097738266e-19
6.962187771e-20
6.549141743e-13
6.54914434e-13
-1.073348732e-19
1.219476835e-21
6.549139242e-13
6.549140176e-13
1.219476831e-21
-1.415360734e-19
6.549139572e-13
6.549140176e-13
-1.073348732e-19
-6.549139607e-13
-6.54913981e-13
6.549141755e-13
6.549142959e-13
-1.415360734e-19
-4.731271642e-21
6.549139242e-13
6.549143373e-13
1.219476833e-21
-6.549139961e-13
-6.549144092e-13
1.219476833e-21
-3.298172368e-20
-1.415360734e-19
6.962187785e-20
-1.073348734e-19
1.219476833e-21
-3.298172368e-20
-6.549143146e-13
-6.54913981e-13
1.219476831e-21
-1.415360734e-19
-3.29817236e-20
6.962187785e-20
1.219476833e-21
-1.073348734e-19
-1.073348732e-19
1.219476835e-21
1.219476833e-21
-1.073348732e-19
1.219476833e-21
-1.415360734e-19
5.287880468e-13
5.287878993e-13
1.219476833e-21
1.219476831e-21
6.549141743e-13
6.549140163e-13
-1.415360734e-19
-1.415360734e-19
1.219476833e-21
6.549141743e-13
6.54914434e-13
-6.549139961e-13
-6.549139066e-13
6.549141755e-13
6.549142959e-13
1.219476833e-21
-6.549142804e-13
-6.549139066e-13
-1.073348734e-19
-1.073348732e-19
-6.549139607e-13
-6.54913981e-13
6.549139242e-13
6.549140505e-13
-1.415360734e-19
-4.731271642e-21
1.219476833e-21
1.219476833e-21
1.219476831e-21
-6.549143146e-13
-6.549144092e-13
1.261261972e-13
1.261261716e-13
1.219476833e-21
6.962187785e-20
-1.073348734e-19
1.219476833e-21
0
7.202266052e-21
7.805133478e-20
1.247782769e-21
-1.239317026e-13
-1.239316246e-13
1.429459202e-19
7.202266064e-21
0
3.964955885e-20
-2.0063824e-19
-3.119951001e-20
-2.0063824e-19
1.429459202e-19
-1.550341979e-19
-1.622364639e-19
-3.119951001e-20
-7.276826544e-13
-7.276826976e-13
-7.084906885e-20
-2.524502672e-20
-3.244729279e-20
-1.929054344e-20
-1.681909472e-19
3.369507556e-20
-2.527151971e-20
7.202266052e-21
1.045441442e-19
7.202266052e-21
7.202266052e-21
7.202266052e-21
7.202266064e-21
1.032963616e-19
7.202266064e-21
-3.244729279e-20
-2.524502672e-20
-1.681909472e-19
-1.929054344e-20
-1.681909472e-19
7.202266052e-21
1.045441442e-19
-9.60940954e-20
-1.929054344e-20
0
-1.929054344e-20
0
0
1.032963616e-19
7.805133493e-20
1.032963616e-19
-1.929054344e-20
-7.084906885e-20
1.045441442e-19
-9.60940954e-20
1.429459202e-19
3.369507549e-20
-9.60940954e-20
1.045441442e-19
-9.60940954e-20
1.429459202e-19
3.369507549e-20
4.560404214e-20
7.276825366e-13
7.276823577e-13
0
7.276825305e-13
7.27682426e-13
-7.276823155e-13
-7.27682389e-13
0
1.315674935e-20
-7.084906885e-20
-1.929054344e-20
-7.084906885e-20
4.560404214e-20
1.741454305e-19
4.560404214e-20
1.032963616e-19
-9.60940954e-20
7.202266064e-21
1.045176516e-19
5.954483277e-21
7.202266052e-21
1.247782769e-21
-9.01396123e-20
7.084906885e-20
7.20968515e-20
-1.285413884e-19
7.084906885e-20
-9.01396123e-20
7.084906885e-20
-9.01396123e-20
2.006382404e-19
-1.681909475e-19
-1.622364643e-19
7.084906885e-20
-9.01396123e-20
-7.084906885e-20
-9.01396123e-20
5.954483277e-21
7.805133493e-20
5.954483277e-21
7.276824272e-13
7.276824909e-13
7.20968515e-20
1.247782769e-21
-9.01396123e-20
-7.084906885e-20
-7.276824188e-13
-7.276826546e-13
-3.840177614e-20
7.084906885e-20
7.202266052e-21
-9.01396123e-20
5.954483277e-21
1.247782769e-21
1.247782769e-21
7.202266052e-21
1.247782769e-21
-9.01396123e-20
7.084906885e-20
1.247782769e-21
-1.285413884e-19
-1.681909475e-19
5.954483277e-21
1.247782769e-21
-9.01396123e-20
-7.084906885e-20
-9.01396123e-20
5.954483277e-21
1.247782769e-21
1.247782769e-21
-1.285413884e-19
7.084906885e-20
7.20968515e-20
7.805133493e-20
7.084906885e-20
-1.285413884e-19
-1.681909475e-19
5.954483277e-21
1.247782769e-21
-9.01396123e-20
-7.084906885e-20
1.247782769e-21
7.20968515e-20
7.805133493e-20
7.084906885e-20
7.202266052e-21
1.247782769e-21
-9.01396123e-20
-3.840177614e-20
7.084906885e-20
7.202266052e-21
-9.01396123e-20
-1.622364643e-19
7.084906885e-20
1.247782769e-21
-1.285413884e-19
-1.681909475e-19
-1.622364643e-19
-7.276820586e-13
-7.276824585e-13
-1.285413884e-19
-3.840177607e-20
-7.276825486e-13
-7.276826591e-13
-1.285413884e-19
2.006382404e-19
-7.276825691e-13
-7.276826591e-13
-1.285413884e-19
7.276826605e-13
7.276825558e-13
-7.276824512e-13
-7.276822593e-13
2.006382404e-19
-1.032963616e-19
-7.276825486e-13
-7.27682426e-13
7.202266052e-21
7.276824272e-13
7.276825174e-13
7.202266052e-21
-3.119951001e-20
2.006382404e-19
-7.084906885e-20
1.045441442e-19
7.202266052e-21
-3.119951001e-20
7.276821883e-13
7.276825558e-13
-1.285413884e-19
2.006382404e-19
6.489458571e-20
-7.084906885e-20
7.202266052e-21
1.045441442e-19
-1.285413884e-19
-3.840177607e-20
7.202266052e-21
-1.285413884e-19
0
2.006382404e-19
-8.516140575e-13
-8.516141599e-13
7.202266052e-21
-1.285413884e-19
-7.276820586e-13
-7.276825691e-13
2.006382404e-19
2.006382404e-19
0
-7.276820586e-13
-7.276824585e-13
7.276825305e-13
7.276824909e-13
-7.276825486e-13
-7.276822593e-13
0
7.276825572e-13
7.276824909e-13
1.045441442e-19
-1.285413884e-19
7.276826605e-13
7.276826267e-13
-7.276826194e-13
-7.27682634e-13
2.006382404e-19
-1.032963616e-19
1.104986275e-19
-6.364680268e-20
-1.285413884e-19
7.276821883e-13
7.276825174e-13
1.239314781e-13
1.239314817e-13
0
-7.084906885e-20
1.045441442e-19
1.104986275e-19
)
;

boundaryField
{
    axis
    {
        type            empty;
    }
    inlet
    {
        type            calculated;
        value           nonuniform List<scalar> 
20
(
0
0
0
0
-1.406049351e-20
0
0
0
-2.977516273e-20
0
2.410370316e-20
0
0
0
0
0
0
0
0
-5.191566836e-20
)
;
    }
    outlet
    {
        type            calculated;
        value           nonuniform List<scalar> 
20
(
0
1.882295438e-22
4.517509052e-22
0
1.305660261e-20
-2.053413205e-21
2.085004178e-21
-2.108170891e-21
3.190104934e-20
-4.279745418e-21
-1.980131358e-20
0
-4.336808689e-21
0
0
4.371782953e-21
0
-4.388437364e-21
8.790828427e-21
5.191566836e-20
)
;
    }
    wall
    {
        type            calculated;
        value           uniform 0;
    }
    wedgeLow
    {
        type            wedge;
    }
    wedgeHigh
    {
        type            wedge;
    }
}


// ************************************************************************* //
