FoamFile
{
    format ascii;
    class dictionary;
    object blockMeshDict;
}
convertToMeters 1;
vertices
(
    (0.05 0 0)
(0.0353553390593 0.0353553390593 0)
(3.06161699787e-18 0.05 0)
(-0.0353553390593 0.0353553390593 0)
(-0.05 6.12323399574e-18 0)
(-0.0353553390593 -0.0353553390593 0)
(-9.18485099361e-18 -0.05 0)
(0.0353553390593 -0.0353553390593 0)
(1 0 0)
(0.707106781187 0.707106781187 0)
(6.12323399574e-17 1 0)
(-0.707106781187 0.707106781187 0)
(-1 1.22464679915e-16 0)
(-0.707106781187 -0.707106781187 0)
(-1.83697019872e-16 -1 0)
(0.707106781187 -0.707106781187 0)
(0.05 0 0.01)
(0.0353553390593 0.0353553390593 0.01)
(3.06161699787e-18 0.05 0.01)
(-0.0353553390593 0.0353553390593 0.01)
(-0.05 6.12323399574e-18 0.01)
(-0.0353553390593 -0.0353553390593 0.01)
(-9.18485099361e-18 -0.05 0.01)
(0.0353553390593 -0.0353553390593 0.01)
(1 0 0.01)
(0.707106781187 0.707106781187 0.01)
(6.12323399574e-17 1 0.01)
(-0.707106781187 0.707106781187 0.01)
(-1 1.22464679915e-16 0.01)
(-0.707106781187 -0.707106781187 0.01)
(-1.83697019872e-16 -1 0.01)
(0.707106781187 -0.707106781187 0.01)
);
blocks
(
    hex (0 8 9 1 16 24 25 17) (40 12 1) simpleGrading (10 1 1)
hex (1 9 10 2 17 25 26 18) (40 12 1) simpleGrading (10 1 1)
hex (2 10 11 3 18 26 27 19) (40 12 1) simpleGrading (10 1 1)
hex (3 11 12 4 19 27 28 20) (40 12 1) simpleGrading (10 1 1)
hex (4 12 13 5 20 28 29 21) (40 12 1) simpleGrading (10 1 1)
hex (5 13 14 6 21 29 30 22) (40 12 1) simpleGrading (10 1 1)
hex (6 14 15 7 22 30 31 23) (40 12 1) simpleGrading (10 1 1)
hex (7 15 8 0 23 31 24 16) (40 12 1) simpleGrading (10 1 1)
);
edges
(
    arc 0 1 (0.0461939766256 0.0191341716183 0)
arc 16 17 (0.0461939766256 0.0191341716183 0.01)
arc 8 9 (0.923879532511 0.382683432365 0)
arc 24 25 (0.923879532511 0.382683432365 0.01)
arc 1 2 (0.0191341716183 0.0461939766256 0)
arc 17 18 (0.0191341716183 0.0461939766256 0.01)
arc 9 10 (0.382683432365 0.923879532511 0)
arc 25 26 (0.382683432365 0.923879532511 0.01)
arc 2 3 (-0.0191341716183 0.0461939766256 0)
arc 18 19 (-0.0191341716183 0.0461939766256 0.01)
arc 10 11 (-0.382683432365 0.923879532511 0)
arc 26 27 (-0.382683432365 0.923879532511 0.01)
arc 3 4 (-0.0461939766256 0.0191341716183 0)
arc 19 20 (-0.0461939766256 0.0191341716183 0.01)
arc 11 12 (-0.923879532511 0.382683432365 0)
arc 27 28 (-0.923879532511 0.382683432365 0.01)
arc 4 5 (-0.0461939766256 -0.0191341716183 0)
arc 20 21 (-0.0461939766256 -0.0191341716183 0.01)
arc 12 13 (-0.923879532511 -0.382683432365 0)
arc 28 29 (-0.923879532511 -0.382683432365 0.01)
arc 5 6 (-0.0191341716183 -0.0461939766256 0)
arc 21 22 (-0.0191341716183 -0.0461939766256 0.01)
arc 13 14 (-0.382683432365 -0.923879532511 0)
arc 29 30 (-0.382683432365 -0.923879532511 0.01)
arc 6 7 (0.0191341716183 -0.0461939766256 0)
arc 22 23 (0.0191341716183 -0.0461939766256 0.01)
arc 14 15 (0.382683432365 -0.923879532511 0)
arc 30 31 (0.382683432365 -0.923879532511 0.01)
arc 7 0 (0.0461939766256 -0.0191341716183 0)
arc 23 16 (0.0461939766256 -0.0191341716183 0.01)
arc 15 8 (0.923879532511 -0.382683432365 0)
arc 31 24 (0.923879532511 -0.382683432365 0.01)
);
boundary
(
    inlet
    {
        type patch;
        faces ((10 11 27 26) (11 12 28 27) (12 13 29 28) (13 14 30 29));
    }
    outlet
    {
        type patch;
        faces ((8 9 25 24) (9 10 26 25) (14 15 31 30) (15 8 24 31));
    }
    cylinder
    {
        type wall;
        faces ((0 16 17 1) (1 17 18 2) (2 18 19 3) (3 19 20 4) (4 20 21 5) (5 21 22 6) (6 22 23 7) (7 23 16 0));
    }
    frontAndBack
    {
        type empty;
        faces ((0 1 9 8) (16 24 25 17) (1 2 10 9) (17 25 26 18) (2 3 11 10) (18 26 27 19) (3 4 12 11) (19 27 28 20) (4 5 13 12) (20 28 29 21) (5 6 14 13) (21 29 30 22) (6 7 15 14) (22 30 31 23) (7 0 8 15) (23 31 24 16));
    }
);
mergePatchPairs ();
