/*--------------------------------*- C++ -*----------------------------------*\
  =========                 |
  \\      /  F ield         | OpenFOAM: The Open Source CFD Toolbox
   \\    /   O peration     | Website:  https://openfoam.org
    \\  /    A nd           | Version:  11
     \\/     M anipulation  |
\*---------------------------------------------------------------------------*/
FoamFile
{
    format      ascii;
    class       volScalarField;
    location    "500";
    object      p;
}
// * * * * * * * * * * * * * * * * * * * * * * * * * * * * * * * * * * * * * //

dimensions      [0 2 -2 0 0 0 0];

internalField   nonuniform List<scalar> 
1000
(
14.95265586
14.77119025
14.62546742
14.47494637
14.32500591
14.17499935
14.02500006
13.87499999
13.725
13.575
13.425
13.275
13.125
12.975
12.825
12.675
12.525
12.375
12.225
12.075
11.925
11.775
11.625
11.475
11.325
11.175
11.025
10.875
10.725
10.575
10.425
10.275
10.125
9.975
9.825
9.675
9.525
9.375
9.225
9.075
8.925
8.775
8.625
8.475
8.325
8.175
8.025
7.875
7.725
7.575
7.425
7.275
7.125
6.975
6.825
6.675
6.525
6.375
6.225
6.075
5.925
5.775
5.625
5.475
5.325
5.175
5.025
4.875
4.725
4.575
4.425
4.275
4.125
3.975
3.825
3.675
3.525
3.375
3.225
3.075
2.925
2.775
2.625
2.475
2.325
2.175
2.025
1.875
1.725
1.575
1.425
1.275
1.125
0.9750000001
0.8250000001
0.6750000001
0.5250000001
0.375
0.225
0.07500000001
14.95265543
14.77119073
14.62546738
14.4749464
14.32500592
14.17499936
14.02500007
13.87499999
13.725
13.575
13.425
13.275
13.125
12.975
12.825
12.675
12.525
12.375
12.225
12.075
11.925
11.775
11.625
11.475
11.325
11.175
11.025
10.875
10.725
10.575
10.425
10.275
10.125
9.975
9.825
9.675
9.525
9.375
9.225
9.075
8.925
8.775
8.625
8.475
8.325
8.175
8.025
7.875
7.725
7.575
7.425
7.275
7.125
6.975
6.825
6.675
6.525
6.375
6.225
6.075
5.925
5.775
5.625
5.475
5.325
5.175
5.025
4.875
4.725
4.575
4.425
4.275
4.125
3.975
3.825
3.675
3.525
3.375
3.225
3.075
2.925
2.775
2.625
2.475
2.325
2.175
2.025
1.875
1.725
1.575
1.425
1.275
1.125
0.9750000001
0.8250000001
0.6750000001
0.5250000001
0.375
0.225
0.07500000001
14.95265534
14.77119081
14.62546738
14.47494642
14.32500592
14.17499936
14.02500007
13.87499999
13.725
13.575
13.425
13.275
13.125
12.975
12.825
12.675
12.525
12.375
12.225
12.075
11.925
11.775
11.625
11.475
11.325
11.175
11.025
10.875
10.725
10.575
10.425
10.275
10.125
9.975
9.825
9.675
9.525
9.375
9.225
9.075
8.925
8.775
8.625
8.475
8.325
8.175
8.025
7.875
7.725
7.575
7.425
7.275
7.125
6.975
6.825
6.675
6.525
6.375
6.225
6.075
5.925
5.775
5.625
5.475
5.325
5.175
5.025
4.875
4.725
4.575
4.425
4.275
4.125
3.975
3.825
3.675
3.525
3.375
3.225
3.075
2.925
2.775
2.625
2.475
2.325
2.175
2.025
1.875
1.725
1.575
1.425
1.275
1.125
0.9750000001
0.8250000001
0.6750000001
0.5250000001
0.375
0.225
0.07500000001
14.95265528
14.77119085
14.62546739
14.47494643
14.32500593
14.17499936
14.02500007
13.87499999
13.725
13.575
13.425
13.275
13.125
12.975
12.825
12.675
12.525
12.375
12.225
12.075
11.925
11.775
11.625
11.475
11.325
11.175
11.025
10.875
10.725
10.575
10.425
10.275
10.125
9.975
9.825
9.675
9.525
9.375
9.225
9.075
8.925
8.775
8.625
8.475
8.325
8.175
8.025
7.875
7.725
7.575
7.425
7.275
7.125
6.975
6.825
6.675
6.525
6.375
6.225
6.075
5.925
5.775
5.625
5.475
5.325
5.175
5.025
4.875
4.725
4.575
4.425
4.275
4.125
3.975
3.825
3.675
3.525
3.375
3.225
3.075
2.925
2.775
2.625
2.475
2.325
2.175
2.025
1.875
1.725
1.575
1.425
1.275
1.125
0.9750000001
0.8250000001
0.6750000001
0.5250000001
0.375
0.225
0.07500000001
14.95265526
14.77119086
14.62546739
14.47494643
14.32500593
14.17499936
14.02500007
13.87499999
13.725
13.575
13.425
13.275
13.125
12.975
12.825
12.675
12.525
12.375
12.225
12.075
11.925
11.775
11.625
11.475
11.325
11.175
11.025
10.875
10.725
10.575
10.425
10.275
10.125
9.975
9.825
9.675
9.525
9.375
9.225
9.075
8.925
8.775
8.625
8.475
8.325
8.175
8.025
7.875
7.725
7.575
7.425
7.275
7.125
6.975
6.825
6.675
6.525
6.375
6.225
6.075
5.925
5.775
5.625
5.475
5.325
5.175
5.025
4.875
4.725
4.575
4.425
4.275
4.125
3.975
3.825
3.675
3.525
3.375
3.225
3.075
2.925
2.775
2.625
2.475
2.325
2.175
2.025
1.875
1.725
1.575
1.425
1.275
1.125
0.9750000001
0.8250000001
0.6750000001
0.5250000001
0.375
0.225
0.07500000001
14.95265526
14.77119086
14.62546739
14.47494643
14.32500593
14.17499936
14.02500007
13.87499999
13.725
13.575
13.425
13.275
13.125
12.975
12.825
12.675
12.525
12.375
12.225
12.075
11.925
11.775
11.625
11.475
11.325
11.175
11.025
10.875
10.725
10.575
10.425
10.275
10.125
9.975
9.825
9.675
9.525
9.375
9.225
9.075
8.925
8.775
8.625
8.475
8.325
8.175
8.025
7.875
7.725
7.575
7.425
7.275
7.125
6.975
6.825
6.675
6.525
6.375
6.225
6.075
5.925
5.775
5.625
5.475
5.325
5.175
5.025
4.875
4.725
4.575
4.425
4.275
4.125
3.975
3.825
3.675
3.525
3.375
3.225
3.075
2.925
2.775
2.625
2.475
2.325
2.175
2.025
1.875
1.725
1.575
1.425
1.275
1.125
0.9750000001
0.8250000001
0.6750000001
0.5250000001
0.375
0.225
0.07500000001
14.95265528
14.77119085
14.62546739
14.47494643
14.32500593
14.17499936
14.02500007
13.87499999
13.725
13.575
13.425
13.275
13.125
12.975
12.825
12.675
12.525
12.375
12.225
12.075
11.925
11.775
11.625
11.475
11.325
11.175
11.025
10.875
10.725
10.575
10.425
10.275
10.125
9.975
9.825
9.675
9.525
9.375
9.225
9.075
8.925
8.775
8.625
8.475
8.325
8.175
8.025
7.875
7.725
7.575
7.425
7.275
7.125
6.975
6.825
6.675
6.525
6.375
6.225
6.075
5.925
5.775
5.625
5.475
5.325
5.175
5.025
4.875
4.725
4.575
4.425
4.275
4.125
3.975
3.825
3.675
3.525
3.375
3.225
3.075
2.925
2.775
2.625
2.475
2.325
2.175
2.025
1.875
1.725
1.575
1.425
1.275
1.125
0.9750000001
0.8250000001
0.6750000001
0.5250000001
0.375
0.225
0.07500000001
14.95265534
14.77119081
14.62546738
14.47494642
14.32500592
14.17499936
14.02500007
13.87499999
13.725
13.575
13.425
13.275
13.125
12.975
12.825
12.675
12.525
12.375
12.225
12.075
11.925
11.775
11.625
11.475
11.325
11.175
11.025
10.875
10.725
10.575
10.425
10.275
10.125
9.975
9.825
9.675
9.525
9.375
9.225
9.075
8.925
8.775
8.625
8.475
8.325
8.175
8.025
7.875
7.725
7.575
7.425
7.275
7.125
6.975
6.825
6.675
6.525
6.375
6.225
6.075
5.925
5.775
5.625
5.475
5.325
5.175
5.025
4.875
4.725
4.575
4.425
4.275
4.125
3.975
3.825
3.675
3.525
3.375
3.225
3.075
2.925
2.775
2.625
2.475
2.325
2.175
2.025
1.875
1.725
1.575
1.425
1.275
1.125
0.9750000001
0.8250000001
0.6750000001
0.5250000001
0.375
0.225
0.07500000001
14.95265543
14.77119073
14.62546738
14.4749464
14.32500592
14.17499936
14.02500007
13.87499999
13.725
13.575
13.425
13.275
13.125
12.975
12.825
12.675
12.525
12.375
12.225
12.075
11.925
11.775
11.625
11.475
11.325
11.175
11.025
10.875
10.725
10.575
10.425
10.275
10.125
9.975
9.825
9.675
9.525
9.375
9.225
9.075
8.925
8.775
8.625
8.475
8.325
8.175
8.025
7.875
7.725
7.575
7.425
7.275
7.125
6.975
6.825
6.675
6.525
6.375
6.225
6.075
5.925
5.775
5.625
5.475
5.325
5.175
5.025
4.875
4.725
4.575
4.425
4.275
4.125
3.975
3.825
3.675
3.525
3.375
3.225
3.075
2.925
2.775
2.625
2.475
2.325
2.175
2.025
1.875
1.725
1.575
1.425
1.275
1.125
0.9750000001
0.8250000001
0.6750000001
0.5250000001
0.375
0.225
0.07500000001
14.95265586
14.77119025
14.62546742
14.47494637
14.32500591
14.17499935
14.02500006
13.87499999
13.725
13.575
13.425
13.275
13.125
12.975
12.825
12.675
12.525
12.375
12.225
12.075
11.925
11.775
11.625
11.475
11.325
11.175
11.025
10.875
10.725
10.575
10.425
10.275
10.125
9.975
9.825
9.675
9.525
9.375
9.225
9.075
8.925
8.775
8.625
8.475
8.325
8.175
8.025
7.875
7.725
7.575
7.425
7.275
7.125
6.975
6.825
6.675
6.525
6.375
6.225
6.075
5.925
5.775
5.625
5.475
5.325
5.175
5.025
4.875
4.725
4.575
4.425
4.275
4.125
3.975
3.825
3.675
3.525
3.375
3.225
3.075
2.925
2.775
2.625
2.475
2.325
2.175
2.025
1.875
1.725
1.575
1.425
1.275
1.125
0.9750000001
0.8250000001
0.6750000001
0.5250000001
0.375
0.225
0.07500000001
)
;

boundaryField
{
    inlet
    {
        type            zeroGradient;
    }
    outlet
    {
        type            fixedValue;
        value           uniform 0;
    }
    topBottom
    {
        type            symmetry;
    }
    frontAndBack
    {
        type            empty;
    }
}


// ************************************************************************* //
