/*--------------------------------*- C++ -*----------------------------------*\
  =========                 |
  \\      /  F ield         | OpenFOAM: The Open Source CFD Toolbox
   \\    /   O peration     | Website:  https://openfoam.org
    \\  /    A nd           | Version:  11
     \\/     M anipulation  |
\*---------------------------------------------------------------------------*/
FoamFile
{
    format      ascii;
    class       surfaceScalarField;
    location    "30";
    object      phi;
}
// * * * * * * * * * * * * * * * * * * * * * * * * * * * * * * * * * * * * * //

dimensions      [0 3 -1 0 0 0 0];

internalField   nonuniform List<scalar> 
4900
(
5.121017506e-08
-5.120968492e-08
1.742581116e-07
-1.230479364e-07
3.129291784e-07
-1.386710654e-07
4.289777675e-07
-1.160485895e-07
5.036536713e-07
-7.467590534e-08
5.310472944e-07
-2.739362184e-08
5.118902748e-07
1.915702255e-08
4.486665067e-07
6.32237703e-08
3.423923706e-07
1.062741354e-07
1.911379097e-07
1.51254461e-07
-9.967813716e-09
2.011057255e-07
-2.676905787e-07
2.577227662e-07
-5.893500816e-07
3.216595039e-07
-9.812259259e-07
3.918758462e-07
-1.447185284e-06
4.659593582e-07
-1.987405313e-06
5.402200287e-07
-2.597209202e-06
6.098038897e-07
-3.26608282e-06
6.6887362e-07
-3.977001776e-06
7.109189566e-07
-4.706227481e-06
7.292257061e-07
-5.423712962e-06
7.174854819e-07
-6.094218209e-06
6.70505248e-07
-6.679176239e-06
5.849580303e-07
-7.139266727e-06
4.600904875e-07
-7.437672664e-06
2.984059363e-07
-7.543910276e-06
1.062376114e-07
-7.423277908e-06
-1.2063237e-07
-7.07051592e-06
-3.527619884e-07
-6.484440062e-06
-5.860758593e-07
-5.680877701e-06
-8.035623612e-07
-4.69258778e-06
-9.882899215e-07
-3.568207424e-06
-1.124380356e-06
-2.369904422e-06
-1.198303002e-06
-1.169140356e-06
-1.200764067e-06
-3.936382774e-08
-1.12977653e-06
9.565721741e-07
-9.959360036e-07
1.756940101e-06
-8.003679289e-07
2.327786629e-06
-5.708465288e-07
2.65854723e-06
-3.307606022e-07
2.762645677e-06
-1.040984476e-07
2.673625113e-06
8.902056416e-08
2.436792893e-06
2.36832219e-07
2.10054777e-06
3.362451223e-07
1.709649002e-06
3.908987676e-07
1.30030267e-06
4.093463321e-07
9.000950142e-07
4.002076559e-07
5.331312577e-07
3.669637559e-07
2.298122845e-07
3.033189724e-07
3.728706983e-08
1.925252145e-07
3.728706904e-08
1.251872937e-07
-1.763969787e-07
3.503443279e-07
-3.482049713e-07
5.778713191e-07
-3.661980543e-07
7.432965265e-07
-2.814737924e-07
8.086206055e-07
-1.399999835e-07
7.554380262e-07
2.578895602e-08
5.768202364e-07
1.977748118e-07
2.693780983e-07
3.706659118e-07
-1.713209641e-07
5.46973201e-07
-7.533351973e-07
7.332686936e-07
-1.487855053e-06
9.356255804e-07
-2.386858407e-06
1.15672612e-06
-3.45952555e-06
1.394326647e-06
-4.70860407e-06
1.640954366e-06
-6.12706869e-06
1.884423978e-06
-7.695491058e-06
2.108642396e-06
-9.380490233e-06
2.294803064e-06
-1.113456881e-05
2.422952193e-06
-1.289753053e-05
2.47388068e-06
-1.459943759e-05
2.431132767e-06
-1.616477835e-05
2.28282624e-06
-1.751734939e-05
2.023076289e-06
-1.858531699e-05
1.652925634e-06
-1.930556185e-05
1.180335348e-06
-1.962710787e-05
6.199519478e-07
-1.953268682e-05
1.181657102e-08
-1.897461845e-05
-6.787007418e-07
-1.796199078e-05
-1.365389658e-06
-1.651934193e-05
-2.028724703e-06
-1.468936919e-05
-2.633535099e-06
-1.253527697e-05
-3.142382142e-06
-1.014044479e-05
-3.519212533e-06
-7.605927894e-06
-3.732819896e-06
-5.045830984e-06
-3.760860976e-06
-2.580831051e-06
-3.594776463e-06
-3.331160238e-07
-3.243651032e-06
1.60031672e-06
-2.733800674e-06
3.13319627e-06
-2.103726079e-06
4.21744127e-06
-1.415005603e-06
4.843927941e-06
-7.305851189e-07
5.044389045e-06
-1.114405409e-07
4.877269427e-06
4.039518352e-07
4.421773319e-06
7.917412285e-07
3.765556036e-06
1.04711605e-06
2.992515613e-06
1.182386755e-06
2.178059334e-06
1.214663934e-06
1.391650037e-06
1.153373052e-06
7.058082694e-07
9.891607392e-07
2.061871499e-07
6.921463324e-07
2.434742189e-07
1.449575774e-07
-3.213545544e-07
3.723312605e-07
-5.755786563e-07
5.64932193e-07
-5.587989883e-07
6.48020676e-07
-3.645622721e-07
5.750496719e-07
-6.702897603e-08
3.190979173e-07
2.817407118e-07
-1.356658199e-07
6.525385489e-07
-8.007431522e-07
1.035743244e-06
-1.688194488e-06
1.434424539e-06
-2.811612957e-06
1.856687166e-06
-4.184150905e-06
2.308163531e-06
-5.814151541e-06
2.786726756e-06
-7.699866937e-06
3.280042044e-06
-9.824548916e-06
3.765636347e-06
-1.215296275e-05
4.212837818e-06
-1.463022484e-05
4.585904488e-06
-1.718339585e-05
4.847974067e-06
-1.97257726e-05
4.965328945e-06
-2.216315316e-05
4.911261239e-06
-2.440084473e-05
4.668824347e-06
-2.635009973e-05
4.23208124e-06
-2.793296867e-05
3.605945221e-06
-2.908518298e-05
2.805139943e-06
-2.975822646e-05
1.853378833e-06
-2.992335397e-05
7.850794518e-07
-2.954501005e-05
-3.665273484e-07
-2.86399253e-05
-1.583785496e-06
-2.721191588e-05
-2.79339907e-06
-2.52900635e-05
-3.950577088e-06
-2.292029974e-05
-5.003298857e-06
-2.016624368e-05
-5.896438208e-06
-1.711001545e-05
-6.575440755e-06
-1.385212587e-05
-6.990709481e-06
-1.050958113e-05
-7.103405721e-06
-7.211987194e-06
-6.892370398e-06
-4.095076684e-06
-6.360561544e-06
-1.290878247e-06
-5.537999112e-06
1.091069677e-06
-4.485674005e-06
2.965329851e-06
-3.289265778e-06
4.282608658e-06
-2.047863926e-06
5.041148782e-06
-8.699806666e-07
5.285531341e-06
1.595692747e-07
5.083786219e-06
9.934863499e-07
4.535494435e-06
1.595407834e-06
3.746874611e-06
1.971006578e-06
2.824442889e-06
2.137095655e-06
1.872249087e-06
2.105566853e-06
9.968803062e-07
1.86452952e-06
3.192491193e-07
1.369777519e-06
5.627233379e-07
1.214720567e-07
-4.428266093e-07
2.703775846e-07
-7.24484182e-07
3.281519429e-07
-6.165733492e-07
2.207903359e-07
-2.572006654e-07
-9.990085405e-08
2.536622157e-07
-6.660571229e-07
8.478969828e-07
-1.500968056e-06
1.487449482e-06
-2.623974654e-06
2.158749843e-06
-4.052834181e-06
2.863284066e-06
-5.8021316e-06
3.605984585e-06
-7.878642363e-06
4.384674295e-06
-1.027510271e-05
5.183187107e-06
-1.296440073e-05
5.969340057e-06
-1.589609673e-05
6.697332348e-06
-1.899657885e-05
7.313319934e-06
-2.217331024e-05
7.76263588e-06
-2.532241858e-05
7.997082409e-06
-2.833782691e-05
7.980737279e-06
-3.111973226e-05
7.693166589e-06
-3.358074094e-05
7.129833029e-06
-3.56489936e-05
6.300333891e-06
-3.72685498e-05
5.225501426e-06
-3.839795102e-05
3.934541168e-06
-3.900841895e-05
2.463846753e-06
-3.908372106e-05
8.603815625e-07
-3.860723212e-05
-8.430162814e-07
-3.758748548e-05
-2.603532133e-06
-3.603186255e-05
-4.349022003e-06
-3.395866498e-05
-6.023774659e-06
-3.139926853e-05
-7.562695303e-06
-2.840051484e-05
-8.895191895e-06
-2.502733718e-05
-9.948618418e-06
-2.136511717e-05
-1.065292949e-05
-1.752068647e-05
-1.094783642e-05
-1.36211498e-05
-1.079190707e-05
-9.809377985e-06
-1.017233337e-05
-6.234157785e-06
-9.113219312e-06
-3.038824108e-06
-7.681007683e-06
-3.454490904e-07
-5.982640796e-06
1.764229517e-06
-4.157542535e-06
3.24369538e-06
-2.349446531e-06
4.100831446e-06
-6.975667927e-07
4.395431251e-06
6.988865445e-07
4.211798602e-06
1.779040482e-06
3.662423167e-06
2.520382012e-06
2.869935483e-06
2.929583338e-06
1.961880185e-06
3.013622151e-06
1.072141107e-06
2.754268597e-06
3.519452101e-07
2.089973415e-06
9.146685482e-07
6.459473641e-08
-5.07421346e-07
6.601100046e-08
-7.259004415e-07
-9.614426922e-08
-4.544180796e-07
-4.842655418e-07
1.309206061e-07
-1.143755899e-06
9.131525727e-07
-2.1091388e-06
1.813279886e-06
-3.408668097e-06
2.786978781e-06
-5.066339746e-06
3.816421492e-06
-7.100120535e-06
4.897064856e-06
-9.516961921e-06
6.022825971e-06
-1.230587213e-05
7.173584502e-06
-1.543158354e-05
8.308898516e-06
-1.883148969e-05
9.369246215e-06
-2.241762081e-05
1.028346346e-05
-2.608379192e-05
1.097949104e-05
-2.971624229e-05
1.139508625e-05
-3.320483795e-05
1.148567808e-05
-3.645190899e-05
1.122780831e-05
-3.937707201e-05
1.061832961e-05
-4.191807133e-05
9.670832354e-06
-4.402879505e-05
8.411057604e-06
-4.567590878e-05
6.872615163e-06
-4.683532621e-05
5.093958597e-06
-4.748904627e-05
3.117566816e-06
-4.762125338e-05
9.925886636e-07
-4.722239296e-05
-1.241876699e-06
-4.629225099e-05
-3.5336741e-06
-4.482462881e-05
-5.816644187e-06
-4.282166186e-05
-8.026741602e-06
-4.029461131e-05
-1.008974585e-05
-3.726746915e-05
-1.192233406e-05
-3.378141287e-05
-1.343467469e-05
-2.989958282e-05
-1.453475955e-05
-2.571121054e-05
-1.51362087e-05
-2.133389511e-05
-1.51692225e-05
-1.691218481e-05
-1.459404367e-05
-1.261069576e-05
-1.341470836e-05
-8.601547762e-06
-1.169015568e-05
-5.046301484e-06
-9.537887075e-06
-2.078434193e-06
-7.125409828e-06
2.193048179e-07
-4.647185543e-06
1.817930499e-06
-2.296192474e-06
2.749746827e-06
-2.329297828e-07
3.0882225e-06
1.440564809e-06
2.943054092e-06
2.66555042e-06
2.444576386e-06
3.428061044e-06
1.735770139e-06
3.722428398e-06
9.705004528e-07
3.519538283e-06
3.209781698e-07
2.739495698e-06
1.235646718e-06
-2.198523042e-08
-4.854361181e-07
-2.266111769e-07
-5.212744927e-07
-6.808083098e-07
-2.20944898e-10
-1.42244497e-06
8.725572666e-07
-2.491577208e-06
1.982284809e-06
-3.921707335e-06
3.243410013e-06
-5.742914146e-06
4.608185593e-06
-7.978033369e-06
6.051540715e-06
-1.063675148e-05
7.555782971e-06
-1.370785923e-05
9.093933715e-06
-1.715225871e-05
1.061798399e-05
-2.090006683e-05
1.205670663e-05
-2.485405555e-05
1.332323493e-05
-2.889928996e-05
1.432869788e-05
-3.291629601e-05
1.499649709e-05
-3.679376341e-05
1.527255366e-05
-4.043734662e-05
1.512926128e-05
-4.377318895e-05
1.456365065e-05
-4.67469519e-05
1.359209255e-05
-4.932025828e-05
1.224413874e-05
-5.146637364e-05
1.055717297e-05
-5.316625976e-05
8.572501284e-06
-5.440537612e-05
6.333074956e-06
-5.517064453e-05
3.882835226e-06
-5.544529148e-05
1.26723561e-06
-5.522138477e-05
-1.465783409e-06
-5.449112064e-05
-4.263938225e-06
-5.323747948e-05
-7.070285349e-06
-5.144698282e-05
-9.817238267e-06
-4.911020731e-05
-1.242652136e-05
-4.622572022e-05
-1.480682115e-05
-4.280557983e-05
-1.685481508e-05
-3.888224839e-05
-1.845809098e-05
-3.451628483e-05
-1.950217226e-05
-2.980321053e-05
-1.98822968e-05
-2.487751118e-05
-1.951974302e-05
-1.991082622e-05
-1.838139333e-05
-1.510203216e-05
-1.649894974e-05
-1.065799385e-05
-1.398192538e-05
-6.76691523e-06
-1.101648845e-05
-3.569440767e-06
-7.844660007e-06
-1.139355444e-06
-4.726277797e-06
5.208427086e-07
-1.893127935e-06
1.475274574e-06
4.861329426e-07
1.830540228e-06
2.310284765e-06
1.723941744e-06
3.534659528e-06
1.310756821e-06
4.13561332e-06
7.592275709e-07
4.071067534e-06
2.529466996e-07
3.24577657e-06
1.488593418e-06
-1.364489349e-07
-3.489871846e-07
-6.009511656e-07
-5.677226267e-08
-1.398046237e-06
7.968741261e-07
-2.548260553e-06
2.022771585e-06
-4.074067146e-06
3.508091402e-06
-6.006591664e-06
5.175934529e-06
-8.372855916e-06
6.974449846e-06
-1.118708767e-05
8.865772468e-06
-1.444148133e-05
1.081017663e-05
-1.809811476e-05
1.275056714e-05
-2.208542275e-05
1.460529198e-05
-2.630203546e-05
1.627331934e-05
-3.062791899e-05
1.764911847e-05
-3.493947152e-05
1.86402504e-05
-3.91235813e-05
1.918060687e-05
-4.308669612e-05
1.923566847e-05
-4.675769924e-05
1.88002644e-05
-5.008609008e-05
1.789204148e-05
-5.303786267e-05
1.654386515e-05
-5.55910737e-05
1.479734976e-05
-5.773207715e-05
1.269817643e-05
-5.945253126e-05
1.029295539e-05
-6.074689613e-05
7.627439834e-06
-6.160943193e-05
4.745371023e-06
-6.202839312e-05
1.6861968e-06
-6.199721321e-05
-1.496963322e-06
-6.151085177e-05
-4.750299662e-06
-6.054504087e-05
-8.036096256e-06
-5.907423077e-05
-1.128804836e-05
-5.707031818e-05
-1.443043395e-05
-5.450561509e-05
-1.737152425e-05
-5.135861783e-05
-2.000181234e-05
-4.762213111e-05
-2.219457771e-05
-4.331426152e-05
-2.381004185e-05
-3.849023022e-05
-2.47063281e-05
-3.325366036e-05
-2.475631288e-05
-2.776343343e-05
-2.387162026e-05
-2.22312699e-05
-2.203111328e-05
-1.690602371e-05
-1.930717158e-05
-1.204268846e-05
-1.58798237e-05
-7.860736902e-06
-1.202661157e-05
-4.505284025e-06
-8.081730676e-06
-2.026038644e-06
-4.372373316e-06
-3.809323715e-07
-1.158973331e-06
5.364252686e-07
1.392927125e-06
8.746710947e-07
3.196413702e-06
8.052842129e-07
4.205000202e-06
5.085465688e-07
4.367805179e-06
1.746826723e-07
3.579640467e-06
1.663276091e-06
-2.762162084e-07
-7.277097596e-08
-1.036222758e-06
7.03234285e-07
-2.221077813e-06
1.981729179e-06
-3.809036696e-06
3.610730469e-06
-5.81156006e-06
5.510614766e-06
-8.25268486e-06
7.617059329e-06
-1.115052002e-05
9.872285003e-06
-1.450313294e-05
1.221838539e-05
-1.827818508e-05
1.458522877e-05
-2.24077925e-05
1.688017456e-05
-2.67913432e-05
1.898884268e-05
-3.130673982e-05
2.078871597e-05
-3.582664896e-05
2.21690276e-05
-4.023398887e-05
2.304759032e-05
-4.443198672e-05
2.337860472e-05
-4.83474351e-05
2.315111685e-05
-5.192894003e-05
2.238176933e-05
-5.514313211e-05
2.110623356e-05
-5.797079205e-05
1.937152509e-05
-6.040355884e-05
1.723011655e-05
-6.244105362e-05
1.47356712e-05
-6.408824171e-05
1.194014348e-05
-6.535272514e-05
8.891923257e-06
-6.624142803e-05
5.634073915e-06
-6.675513232e-05
2.199901099e-06
-6.688960105e-05
-1.362494594e-06
-6.665003361e-05
-4.989867102e-06
-6.600993416e-05
-8.676195707e-06
-6.493693087e-05
-1.236105165e-05
-6.338915156e-05
-1.597821327e-05
-6.131592366e-05
-1.944475214e-05
-5.866261975e-05
-2.265511626e-05
-5.537853338e-05
-2.547866408e-05
-5.142872938e-05
-2.775984585e-05
-4.680996987e-05
-2.932508761e-05
-4.156934039e-05
-2.999694236e-05
-3.582195767e-05
-2.961900298e-05
-2.976164862e-05
-2.809142233e-05
-2.365728587e-05
-2.541153433e-05
-1.782692713e-05
-2.171018244e-05
-1.25878087e-05
-1.726572999e-05
-8.192987844e-06
-1.247655154e-05
-4.779109812e-06
-7.78625135e-06
-2.351008181e-06
-3.587074963e-06
-8.081219872e-07
-1.499590687e-07
1.610400268e-08
2.372187712e-06
3.084779326e-07
3.912626272e-06
2.726321422e-07
4.40365097e-06
1.065334721e-07
3.745739137e-06
1.769809563e-06
-4.333255409e-07
3.605545659e-07
-1.518557762e-06
1.788466506e-06
-3.108002724e-06
3.571174137e-06
-5.140781085e-06
5.643508831e-06
-7.612455985e-06
7.982289666e-06
-1.053679411e-05
1.054139746e-05
-1.39174738e-05
1.325296469e-05
-1.773077768e-05
1.603168927e-05
-2.191706748e-05
1.877151857e-05
-2.638117122e-05
2.134427831e-05
-3.100214112e-05
2.360981257e-05
-3.564955922e-05
2.543613407e-05
-4.020042022e-05
2.671988861e-05
-4.455093757e-05
2.739810766e-05
-4.862124352e-05
2.744891068e-05
-5.235475528e-05
2.68846286e-05
-5.571525096e-05
2.574226502e-05
-5.868374453e-05
2.407472713e-05
-6.125579106e-05
2.194357162e-05
-6.343879408e-05
1.941311957e-05
-6.524896703e-05
1.654584416e-05
-6.670795187e-05
1.339912832e-05
-6.783928431e-05
1.002325569e-05
-6.866493276e-05
6.459722373e-06
-6.920219623e-05
2.737164568e-06
-6.945240975e-05
-1.112281079e-06
-6.942789936e-05
-5.014377495e-06
-6.91085297e-05
-8.995565366e-06
-6.846240118e-05
-1.300718017e-05
-6.744184274e-05
-1.699877171e-05
-6.598190256e-05
-2.090469232e-05
-6.400271481e-05
-2.463430401e-05
-6.141494233e-05
-2.806643655e-05
-5.813030747e-05
-3.104448071e-05
-5.407822374e-05
-3.337717134e-05
-4.922842246e-05
-3.484674364e-05
-4.36179061e-05
-3.522951934e-05
-3.737842563e-05
-3.433090279e-05
-3.075297822e-05
-3.203698174e-05
-2.408896001e-05
-2.837420065e-05
-1.779566543e-05
-2.355902457e-05
-1.226448654e-05
-1.800773043e-05
-7.774660704e-06
-1.227607718e-05
-4.431026027e-06
-6.930709641e-06
-2.167715881e-06
-2.413269215e-06
-8.11775265e-07
1.016247095e-06
-1.383488875e-07
3.239199894e-06
7.882396352e-08
4.186478118e-06
5.872087316e-08
3.765842227e-06
1.828530436e-06
-6.035560111e-07
9.641105758e-07
-2.021880494e-06
3.206790991e-06
-4.012176903e-06
5.561470543e-06
-6.471809519e-06
8.103141447e-06
-9.378387926e-06
1.088886807e-05
-1.273190767e-05
1.38949172e-05
-1.651741703e-05
1.703847405e-05
-2.068694075e-05
2.020121298e-05
-2.515518124e-05
2.323975907e-05
-2.980622437e-05
2.599532143e-05
-3.450851581e-05
2.831210401e-05
-3.913261106e-05
3.006022932e-05
-4.356521361e-05
3.115249116e-05
-4.7716414e-05
3.154930805e-05
-5.152094435e-05
3.125344103e-05
-5.493653969e-05
3.030022394e-05
-5.794184083e-05
2.874756616e-05
-6.053421802e-05
2.666710432e-05
-6.272706888e-05
2.413642248e-05
-6.454628905e-05
2.123233974e-05
-6.60260977e-05
1.802565282e-05
-6.720466375e-05
1.457769437e-05
-6.812005004e-05
1.093864198e-05
-6.88071602e-05
7.146832537e-06
-6.929670221e-05
3.226706578e-06
-6.960070529e-05
-8.082779984e-07
-6.973248234e-05
-4.882600441e-06
-6.968337581e-05
-9.044671902e-06
-6.94294932e-05
-1.326106278e-05
-6.892716556e-05
-1.750109935e-05
-6.810996302e-05
-2.172189486e-05
-6.688754936e-05
-2.585671767e-05
-6.514710564e-05
-2.980688028e-05
-6.275947807e-05
-3.343210828e-05
-5.95923985e-05
-3.654425091e-05
-5.553254127e-05
-3.890660088e-05
-5.05173955e-05
-4.024466511e-05
-4.457414913e-05
-4.027414917e-05
-3.785923593e-05
-3.875189495e-05
-3.06836018e-05
-3.554983478e-05
-2.349944637e-05
-3.074318e-05
-1.68299573e-05
-2.46772195e-05
-1.114386805e-05
-1.796216643e-05
-6.72306246e-06
-1.135151523e-05
-3.603702987e-06
-5.532628689e-06
-1.627666532e-06
-9.597893612e-07
-5.406212657e-07
2.152154626e-06
-7.231641009e-08
3.718173262e-06
3.140498297e-08
3.662120834e-06
1.859935418e-06
-7.751992565e-07
1.739309829e-06
-2.516031015e-06
4.947622753e-06
-4.881981269e-06
7.927420794e-06
-7.727954873e-06
1.094911505e-05
-1.101209455e-05
1.417300775e-05
-1.471791603e-05
1.760073868e-05
-1.880974473e-05
2.113030275e-05
-2.321609001e-05
2.460755827e-05
-2.783066413e-05
2.785433318e-05
-3.252444296e-05
3.068910026e-05
-3.716313482e-05
3.295079586e-05
-4.162343745e-05
3.452053195e-05
-4.580345148e-05
3.533250519e-05
-4.962663806e-05
3.537249462e-05
-5.304206327e-05
3.466886623e-05
-5.602342368e-05
3.328158436e-05
-5.856747353e-05
3.129161601e-05
-6.069128503e-05
2.879091582e-05
-6.242804811e-05
2.587318556e-05
-6.382188012e-05
2.262617175e-05
-6.492247289e-05
1.912624559e-05
-6.57802792e-05
1.543550067e-05
-6.644270598e-05
1.160106876e-05
-6.695184166e-05
7.655968219e-06
-6.734488218e-05
3.619747098e-06
-6.76458987e-05
-5.07261475e-07
-6.786382459e-05
-4.664674545e-06
-6.800323295e-05
-8.905263548e-06
-6.805236047e-05
-1.321193526e-05
-6.797953321e-05
-1.757392662e-05
-6.772957339e-05
-2.197185467e-05
-6.721914282e-05
-2.636714824e-05
-6.633349e-05
-3.06925331e-05
-6.492620679e-05
-3.483939148e-05
-6.282543407e-05
-3.864502363e-05
-5.984978795e-05
-4.1882247e-05
-5.583746171e-05
-4.425699134e-05
-5.068984458e-05
-4.54217663e-05
-4.442703515e-05
-4.501470438e-05
-3.724380632e-05
-4.273306361e-05
-2.954475757e-05
-3.844222874e-05
-2.191853964e-05
-3.230343744e-05
-1.502078953e-05
-2.485991654e-05
-9.382008157e-06
-1.699029661e-05
-5.239332583e-06
-9.675304265e-06
-2.515967531e-06
-3.683154415e-06
-9.455676221e-07
5.817547176e-07
-2.041348838e-07
2.976740522e-06
1.680994442e-08
3.441176006e-06
1.876745362e-06
-9.357297831e-07
2.67503961e-06
-2.969510272e-06
6.981403243e-06
-5.666214531e-06
1.062412505e-05
-8.839138401e-06
1.412203892e-05
-1.242579733e-05
1.775966668e-05
-1.639167373e-05
2.156661509e-05
-2.068050205e-05
2.541913106e-05
-2.520045907e-05
2.91275153e-05
-2.983025663e-05
3.248413074e-05
-3.443466945e-05
3.529351308e-05
-3.888217062e-05
3.739829703e-05
-4.305859726e-05
3.86969586e-05
-4.687461883e-05
3.914852676e-05
-5.026844307e-05
3.876631887e-05
-5.320630352e-05
3.760672668e-05
-5.568169207e-05
3.575697291e-05
-5.771277654e-05
3.332270049e-05
-5.933761336e-05
3.041575264e-05
-6.060778573e-05
2.714335792e-05
-6.158171794e-05
2.360010396e-05
-6.231880778e-05
1.986333543e-05
-6.287501709e-05
1.599170999e-05
-6.330007812e-05
1.202612979e-05
-6.363631517e-05
7.992205267e-06
-6.39197999e-05
3.903231837e-06
-6.418216628e-05
-2.448950985e-07
-6.442648361e-05
-4.420357215e-06
-6.466813417e-05
-8.66361298e-06
-6.490689407e-05
-1.297317536e-05
-6.512658125e-05
-1.735423944e-05
-6.529145976e-05
-2.180697616e-05
-6.533926547e-05
-2.631934253e-05
-6.517398723e-05
-3.085781134e-05
-6.465925039e-05
-3.535412832e-05
-6.361578569e-05
-3.968848833e-05
-6.182706608e-05
-4.367096662e-05
-5.905849518e-05
-4.702556225e-05
-5.509528504e-05
-4.938497644e-05
-4.980184065e-05
-5.030814877e-05
-4.31990475e-05
-4.933585676e-05
-3.554263936e-05
-4.609863688e-05
-2.736735304e-05
-4.047872377e-05
-1.943412647e-05
-3.279314312e-05
-1.253492838e-05
-2.38894947e-05
-7.211975404e-06
-1.499825724e-05
-3.583476138e-06
-7.311653682e-06
-1.42079958e-06
-1.580921839e-06
-3.525499714e-07
1.908490913e-06
2.372634984e-09
3.086253399e-06
1.879117997e-06
-1.073010738e-06
3.748050347e-06
-3.352768905e-06
9.261161411e-06
-6.319015888e-06
1.359037203e-05
-9.745451363e-06
1.75484744e-05
-1.354819363e-05
2.156240894e-05
-1.767438528e-05
2.569280674e-05
-2.204915969e-05
2.979390547e-05
-2.656497611e-05
3.364333172e-05
-3.109163838e-05
3.701079301e-05
-3.549354015e-05
3.969541484e-05
-3.964599562e-05
4.15507525e-05
-4.344654634e-05
4.249750932e-05
-4.68208597e-05
4.252284013e-05
-4.972519031e-05
4.167064947e-05
-5.214677883e-05
4.002831521e-05
-5.410185016e-05
3.771204424e-05
-5.563062706e-05
3.485147738e-05
-5.678994872e-05
3.15750743e-05
-5.764508509e-05
2.799849429e-05
-5.82623864e-05
2.421740527e-05
-5.870381486e-05
2.03047639e-05
-5.902368641e-05
1.631158154e-05
-5.926739483e-05
1.22698382e-05
-5.947162659e-05
8.196437027e-06
-5.966586518e-05
4.09747043e-06
-5.988068926e-05
-3.007102116e-08
-6.011661085e-05
-4.184435623e-06
-6.039352388e-05
-8.386699948e-06
-6.071889226e-05
-1.264780699e-05
-6.109085519e-05
-1.698227651e-05
-6.149469448e-05
-2.140313688e-05
-6.189549696e-05
-2.591854005e-05
-6.222889435e-05
-3.052441395e-05
-6.239004638e-05
-3.519297628e-05
-6.222333887e-05
-3.985519584e-05
-6.151669948e-05
-4.437760601e-05
-6.00065999e-05
-4.853566184e-05
-5.74014383e-05
-5.199013805e-05
-5.343107101e-05
-5.427851606e-05
-4.792710533e-05
-5.483982245e-05
-4.092904949e-05
-5.309669273e-05
-3.279065414e-05
-4.861711912e-05
-2.422760665e-05
-4.13561906e-05
-1.62060162e-05
-3.191108515e-05
-9.621385804e-06
-2.158288764e-05
-4.92605747e-06
-1.200698202e-05
-2.033926584e-06
-4.473052726e-06
-5.532478789e-07
4.278122086e-07
-2.302514013e-08
2.556030659e-06
1.856092857e-06
-1.176365087e-06
4.924415433e-06
-3.64099006e-06
1.172578638e-05
-6.803688323e-06
1.67530703e-05
-1.040153613e-05
2.11463222e-05
-1.432892748e-05
2.54898003e-05
-1.851548707e-05
2.987936632e-05
-2.287103417e-05
3.414945257e-05
-2.72775313e-05
3.804982885e-05
-3.16016563e-05
4.133491801e-05
-3.571224559e-05
4.380600414e-05
-3.949501316e-05
4.533352007e-05
-4.286221557e-05
4.586471173e-05
-4.57577869e-05
4.541841146e-05
-4.815942083e-05
4.40722834e-05
-5.007770917e-05
4.194660355e-05
-5.155162385e-05
3.918595892e-05
-5.264062118e-05
3.594047472e-05
-5.341509141e-05
3.234954453e-05
-5.394731296e-05
2.853071583e-05
-5.43044836e-05
2.457457592e-05
-5.454448147e-05
2.054476177e-05
-5.471424068e-05
1.648134075e-05
-5.48501382e-05
1.240573572e-05
-5.497965034e-05
8.325949169e-06
-5.512351606e-05
4.241336149e-06
-5.530324839e-05
1.496613164e-07
-5.552159311e-05
-3.966090908e-06
-5.579544993e-05
-8.112843121e-06
-5.613596847e-05
-1.230728845e-05
-5.65513776e-05
-1.656686738e-05
-5.704404409e-05
-2.091047039e-05
-5.760456236e-05
-2.535802178e-05
-5.82027407e-05
-2.992623562e-05
-5.877511429e-05
-3.46206027e-05
-5.920996045e-05
-3.942034968e-05
-5.93324662e-05
-4.425510026e-05
-5.889552208e-05
-4.897260596e-05
-5.758454084e-05
-5.330111929e-05
-5.504714322e-05
-5.681591368e-05
-5.095890095e-05
-5.892806472e-05
-4.513189339e-05
-5.892370029e-05
-3.765852801e-05
-5.609048449e-05
-2.904937322e-05
-4.996534539e-05
-2.026568481e-05
-4.069477357e-05
-1.248658401e-05
-2.936198843e-05
-6.605528161e-06
-1.788803787e-05
-2.835350084e-06
-8.243230803e-06
-8.335371308e-07
-1.574000746e-06
-6.825230074e-08
1.790745827e-06
1.787840555e-06
-1.237659335e-06
6.162074767e-06
-3.816107419e-06
1.430423447e-05
-7.095071488e-06
2.003203436e-05
-1.077884813e-05
2.483009884e-05
-1.474024579e-05
2.945119796e-05
-1.889305525e-05
3.403217578e-05
-2.313583276e-05
3.839223008e-05
-2.734536766e-05
4.225936375e-05
-3.139039607e-05
4.537994642e-05
-3.514833966e-05
4.756394773e-05
-3.851865241e-05
4.870383282e-05
-4.143131545e-05
4.877737477e-05
-4.385126345e-05
4.783835946e-05
-4.577927712e-05
4.600029707e-05
-4.724875502e-05
4.341608145e-05
-4.831816642e-05
4.025537032e-05
-4.906065535e-05
3.668296365e-05
-4.955334153e-05
3.28422307e-05
-4.986855533e-05
2.884592964e-05
-5.006817267e-05
2.477419326e-05
-5.020114852e-05
2.067773762e-05
-5.030368507e-05
1.65838773e-05
-5.040111393e-05
1.250316457e-05
-5.051064427e-05
8.435479513e-06
-5.064436945e-05
4.375061327e-06
-5.081199396e-05
3.172858294e-07
-5.101959675e-05
-3.758488123e-06
-5.127740059e-05
-7.855039282e-06
-5.159696594e-05
-1.198772309e-05
-5.199137395e-05
-1.617245937e-05
-5.247355122e-05
-2.042829312e-05
-5.305260351e-05
-2.477896948e-05
-5.372677755e-05
-2.925206158e-05
-5.447232294e-05
-3.387505731e-05
-5.522750778e-05
-3.866516484e-05
-5.58727768e-05
-4.360983123e-05
-5.621073914e-05
-4.863464363e-05
-5.595344372e-05
-5.355841471e-05
-5.472859529e-05
-5.804076212e-05
-5.211967831e-05
-6.15369817e-05
-4.775530772e-05
-6.328807088e-05
-4.145654086e-05
-6.238925136e-05
-3.342855406e-05
-5.79933322e-05
-2.442622211e-05
-4.969710552e-05
-1.571958383e-05
-3.806862671e-05
-8.633862995e-06
-2.49737587e-05
-3.851423944e-06
-1.302566985e-05
-1.210505941e-06
-4.214918749e-06
-1.384772653e-07
7.187171511e-07
1.649363289e-06
-1.251995026e-06
7.414069792e-06
-3.867816781e-06
1.692005623e-05
-7.18035034e-06
2.334456792e-05
-1.086583484e-05
2.851558335e-05
-1.477609953e-05
3.336146265e-05
-1.88113494e-05
3.806742565e-05
-2.286318602e-05
4.244406671e-05
-2.680823857e-05
4.62044163e-05
-3.052176841e-05
4.909347626e-05
-3.389333548e-05
5.09355148e-05
-3.683889606e-05
5.16493934e-05
-3.930825843e-05
5.124673714e-05
-4.12883506e-05
4.981845162e-05
-4.280207069e-05
4.751401716e-05
-4.390217144e-05
4.45161822e-05
-4.466099129e-05
4.101419017e-05
-4.515854892e-05
3.718052128e-05
-4.547188447e-05
3.315556625e-05
-4.566755897e-05
2.904160413e-05
-4.579788737e-05
2.490452166e-05
-4.590043385e-05
2.07802841e-05
-4.599976752e-05
1.668321097e-05
-4.611048672e-05
1.261388377e-05
-4.624057767e-05
8.565570458e-06
-4.639441058e-05
4.528894238e-06
-4.657350973e-05
4.963849803e-07
-4.678315364e-05
-3.548844209e-06
-4.702847893e-05
-7.609713998e-06
-4.73188505e-05
-1.169735152e-05
-4.766768895e-05
-1.582362092e-05
-4.809198837e-05
-2.00039937e-05
-4.861081148e-05
-2.426014637e-05
-4.924112186e-05
-2.86217512e-05
-4.998966949e-05
-3.312650968e-05
-5.083917146e-05
-3.781566286e-05
-5.172804196e-05
-4.272096074e-05
-5.252472092e-05
-4.783796467e-05
-5.300167456e-05
-5.308146106e-05
-5.281994976e-05
-5.822248691e-05
-5.154033111e-05
-6.281660036e-05
-4.868128566e-05
-6.614711632e-05
-4.384358527e-05
-6.722695175e-05
-3.691081393e-05
-6.492610354e-05
-2.829781741e-05
-5.831010204e-05
-1.911935177e-05
-4.724709234e-05
-1.096541101e-05
-3.312769947e-05
-5.086636442e-06
-1.890444442e-05
-1.690945319e-06
-7.610609872e-06
-2.356212966e-07
-7.366068724e-07
1.413741992e-06
-1.217953741e-06
8.632023531e-06
-3.793644103e-06
1.949574659e-05
-7.058526604e-06
2.660945042e-05
-1.066646695e-05
3.212352369e-05
-1.444936057e-05
3.714435627e-05
-1.829626605e-05
4.191433113e-05
-2.209597471e-05
4.624377537e-05
-2.572942899e-05
4.983787058e-05
-2.908205995e-05
5.244610722e-05
-3.205824727e-05
5.391170212e-05
-3.459213943e-05
5.418328555e-05
-3.665387756e-05
5.330847527e-05
-3.825115553e-05
5.14157296e-05
-3.942555898e-05
4.868842061e-05
-4.024372704e-05
4.533435026e-05
-4.078523295e-05
4.155569608e-05
-4.11303492e-05
3.752563753e-05
-4.135046354e-05
3.33756806e-05
-4.150249115e-05
2.919363174e-05
-4.162718791e-05
2.502921842e-05
-4.175044202e-05
2.090353822e-05
-4.188628264e-05
1.681905159e-05
-4.204050032e-05
1.276810145e-05
-4.221406635e-05
8.739136491e-06
-4.240577097e-05
4.720598865e-06
-4.261277054e-05
7.033845443e-07
-4.283737099e-05
-3.324243755e-06
-4.308135428e-05
-7.365730708e-06
-4.335097316e-05
-1.142773264e-05
-4.365714574e-05
-1.551744835e-05
-4.401597556e-05
-1.964516388e-05
-4.44489437e-05
-2.382717823e-05
-4.498154697e-05
-2.808914794e-05
-4.563891078e-05
-3.246914587e-05
-4.643614313e-05
-3.701843051e-05
-4.736110687e-05
-4.179599699e-05
-4.834833811e-05
-4.685073344e-05
-4.924615728e-05
-5.21836419e-05
-4.978433098e-05
-5.768431322e-05
-4.955820746e-05
-6.304272388e-05
-4.805158304e-05
-6.765374074e-05
-4.472473918e-05
-7.055379562e-05
-3.919182788e-05
-7.045901484e-05
-3.149296504e-05
-6.600896487e-05
-2.239773028e-05
-5.634232711e-05
-1.348909252e-05
-4.203633722e-05
-6.52278786e-06
-2.587074909e-05
-2.274738253e-06
-1.185865948e-05
-3.605493301e-07
-2.650795796e-06
1.053192662e-06
-1.137416891e-06
9.76944042e-06
-3.598241944e-06
2.195657165e-05
-6.738883036e-06
2.975009151e-05
-1.019757445e-05
3.558221511e-05
-1.378773296e-05
4.073451478e-05
-1.738960807e-05
4.551620623e-05
-2.089283991e-05
4.974700721e-05
-2.41863158e-05
5.313134647e-05
-2.716838394e-05
5.542817536e-05
-2.975980903e-05
5.65031272e-05
-3.191321263e-05
5.633668916e-05
-3.361777651e-05
5.501303914e-05
-3.489874771e-05
5.26967008e-05
-3.581131121e-05
4.960098411e-05
-3.642971591e-05
4.595275496e-05
-3.68344079e-05
4.196038807e-05
-3.710053207e-05
3.779176169e-05
-3.729013131e-05
3.356527985e-05
-3.744869115e-05
2.935219158e-05
-3.760541414e-05
2.518594141e-05
-3.777589307e-05
2.107401714e-05
-3.796584902e-05
1.700900754e-05
-3.817487401e-05
1.297712644e-05
-3.83995238e-05
8.963786286e-06
-3.863545124e-05
4.956526301e-06
-3.887812508e-05
9.460583845e-07
-3.91269773e-05
-3.075391539e-06
-3.938177981e-05
-7.110928195e-06
-3.964579509e-05
-1.116371736e-05
-3.992631159e-05
-1.523693184e-05
-4.023570311e-05
-1.933577237e-05
-4.059269686e-05
-2.347018447e-05
-4.102315727e-05
-2.765868752e-05
-4.155913948e-05
-3.193316367e-05
-4.223401482e-05
-3.634355517e-05
-4.307056842e-05
-4.09594434e-05
-4.405881396e-05
-4.586248789e-05
-4.512214403e-05
-5.112031183e-05
-4.607555605e-05
-5.67309012e-05
-4.65876775e-05
-6.253060242e-05
-4.616992897e-05
-6.807148927e-05
-4.422300685e-05
-7.250071774e-05
-4.017417894e-05
-7.450784274e-05
-3.373164067e-05
-7.245150314e-05
-2.524584437e-05
-6.482812341e-05
-1.603028938e-05
-5.125189221e-05
-8.115134968e-06
-3.37859035e-05
-2.955533706e-06
-1.701826074e-05
-5.135674123e-07
-5.09276209e-06
5.396252486e-07
-1.015049123e-06
1.078448954e-05
-3.292129859e-06
2.423365238e-05
-6.23880495e-06
3.26967666e-05
-9.485561433e-06
3.882897159e-05
-1.282919598e-05
4.407814933e-05
-1.614312975e-05
4.883014001e-05
-1.93207653e-05
5.292464276e-05
-2.226163552e-05
5.607221668e-05
-2.487869747e-05
5.804523731e-05
-2.710946611e-05
5.873389585e-05
-2.892390288e-05
5.815112593e-05
-3.032740184e-05
5.64165381e-05
-3.135823189e-05
5.372753085e-05
-3.207942867e-05
5.032218089e-05
-3.256684091e-05
4.64401672e-05
-3.289657644e-05
4.22901236e-05
-3.313501907e-05
3.803020433e-05
-3.33331144e-05
3.376337517e-05
-3.352496614e-05
2.954404332e-05
-3.372963778e-05
2.539061305e-05
-3.395469374e-05
2.12990731e-05
-3.420016502e-05
1.725447882e-05
-3.44620359e-05
1.323899732e-05
-3.473480415e-05
9.236554533e-06
-3.501305377e-05
5.234775917e-06
-3.529215233e-05
1.225156953e-06
-3.556990164e-05
-2.797642236e-06
-3.584502972e-05
-6.835800108e-06
-3.611848819e-05
-1.08902589e-05
-3.639403368e-05
-1.496138635e-05
-3.667937685e-05
-1.905042919e-05
-3.698790325e-05
-2.316165807e-05
-3.734072559e-05
-2.730586518e-05
-3.776826614e-05
-3.150562312e-05
-3.830962182e-05
-3.580219948e-05
-3.900662021e-05
-4.026244501e-05
-3.988823227e-05
-4.498087583e-05
-4.094108775e-05
-5.006745635e-05
-4.206521805e-05
-5.560677091e-05
-4.302228906e-05
-6.157353141e-05
-4.33952843e-05
-6.769849403e-05
-4.259363361e-05
-7.330236843e-05
-3.994299763e-05
-7.715847872e-05
-3.490007124e-05
-7.749442954e-05
-2.741453057e-05
-7.231366408e-05
-1.837685271e-05
-6.028957006e-05
-9.78628078e-06
-4.237647543e-05
-3.719279244e-06
-2.308526228e-05
-6.93906339e-07
-8.118134996e-06
-1.542810912e-07
-8.576269746e-07
1.164211652e-05
-2.89021926e-06
2.626624467e-05
-5.581421031e-06
3.538796837e-05
-8.563070902e-06
4.181062146e-05
-1.161763711e-05
4.713271554e-05
-1.461315713e-05
5.182566003e-05
-1.744881935e-05
5.576030497e-05
-2.003649071e-05
5.865988804e-05
-2.230440343e-05
6.031315003e-05
-2.420608227e-05
6.063557468e-05
-2.572654455e-05
5.96715882e-05
-2.68835639e-05
5.757355746e-05
-2.772336767e-05
5.456733461e-05
-2.831130592e-05
5.091011915e-05
-2.871980958e-05
4.684867085e-05
-2.901699217e-05
4.25873062e-05
-2.92586079e-05
3.827182005e-05
-2.948440625e-05
3.398917353e-05
-2.971840158e-05
2.977803865e-05
-2.997168022e-05
2.564389169e-05
-3.024628755e-05
2.157368043e-05
-3.053901225e-05
1.754720352e-05
-3.084437762e-05
1.354436269e-05
-3.11566006e-05
9.548777513e-06
-3.147062642e-05
5.548801738e-06
-3.178254863e-05
1.537079161e-06
-3.208988315e-05
-2.490307721e-06
-3.23910028e-05
-6.534680453e-06
-3.268540684e-05
-1.059585487e-05
-3.297408432e-05
-1.467270887e-05
-3.326045755e-05
-1.876405597e-05
-3.355206623e-05
-2.287004939e-05
-3.386306978e-05
-2.699486163e-05
-3.421725829e-05
-3.115143461e-05
-3.465046974e-05
-3.536898804e-05
-3.520991278e-05
-3.970300197e-05
-3.594598499e-05
-4.424480361e-05
-3.689061361e-05
-4.912282774e-05
-3.801706194e-05
-5.448032257e-05
-3.918240037e-05
-6.040819298e-05
-4.006656466e-05
-6.681432974e-05
-4.013860363e-05
-7.323032945e-05
-3.869729669e-05
-7.859978566e-05
-3.503483196e-05
-8.115689426e-05
-2.876703366e-05
-7.858146237e-05
-2.032906615e-05
-6.872753757e-05
-1.142861301e-05
-5.127692857e-05
-4.541854837e-06
-2.997202045e-05
-8.992552948e-07
-1.176073454e-05
-1.053536387e-06
-6.733289859e-07
1.23154455e-05
-2.410347344e-06
2.800326303e-05
-4.793360619e-06
3.777098165e-05
-7.465985895e-06
4.448324673e-05
-1.019911741e-05
4.986584706e-05
-1.285626149e-05
5.44828041e-05
-1.534339796e-05
5.824744144e-05
-1.758549692e-05
6.0901987e-05
-1.95258219e-05
6.225347501e-05
-2.113230383e-05
6.224205661e-05
-2.240200057e-05
6.094128494e-05
-2.336083221e-05
5.85323891e-05
-2.405807828e-05
5.526458069e-05
-2.455667296e-05
5.140871382e-05
-2.492193807e-05
4.721393597e-05
-2.521189568e-05
4.287726381e-05
-2.547127276e-05
3.853119714e-05
-2.572965569e-05
3.424755646e-05
-2.600292206e-05
3.005130503e-05
-2.629653047e-05
2.593750009e-05
-2.660930989e-05
2.188645986e-05
-2.693678275e-05
1.787467638e-05
-2.727355153e-05
1.388113147e-05
-2.761468169e-05
9.889907667e-06
-2.795627849e-05
5.890398544e-06
-2.829555411e-05
1.876354783e-06
-2.863060051e-05
-2.155261322e-06
-2.895994908e-05
-6.20533189e-06
-2.928241501e-05
-1.027338893e-05
-2.959719196e-05
-1.435793193e-05
-2.990445124e-05
-1.845679668e-05
-3.02066917e-05
-2.256780894e-05
-3.051109671e-05
-2.669045662e-05
-3.083298494e-05
-3.082954638e-05
-3.119992294e-05
-3.500205004e-05
-3.165486549e-05
-3.924805941e-05
-3.22546333e-05
-4.364503581e-05
-3.305736351e-05
-4.832009752e-05
-3.409100738e-05
-5.344667871e-05
-3.52980131e-05
-5.920118726e-05
-3.646274167e-05
-6.564960116e-05
-3.71469281e-05
-7.254614302e-05
-3.668147383e-05
-7.906523993e-05
-3.427418574e-05
-8.356418236e-05
-2.929160688e-05
-8.356404123e-05
-2.175048663e-05
-7.626865782e-05
-1.292193609e-05
-6.010547912e-05
-5.388056771e-06
-3.750589977e-05
-1.125370396e-06
-1.602342092e-05
-2.178906784e-06
-4.711838555e-07
1.278662936e-05
-1.871954156e-06
2.940403333e-05
-3.902809313e-06
3.98018368e-05
-6.231013014e-06
4.681145043e-05
-8.619009267e-06
5.225384331e-05
-1.09261036e-05
5.678989843e-05
-1.306512583e-05
6.038646368e-05
-1.497404341e-05
6.281090458e-05
-1.661021235e-05
6.388964396e-05
-1.795384275e-05
6.358568701e-05
-1.901074431e-05
6.19981865e-05
-1.981087709e-05
5.933252189e-05
-2.040230143e-05
5.585600503e-05
-2.08418995e-05
5.184831189e-05
-2.118553281e-05
4.755756927e-05
-2.148033697e-05
4.317206798e-05
-2.176064132e-05
3.881150148e-05
-2.204749995e-05
3.453441509e-05
-2.235077831e-05
3.035458339e-05
-2.267246143e-05
2.625918321e-05
-2.301002364e-05
2.222402207e-05
-2.335913688e-05
1.822378961e-05
-2.371544256e-05
1.423743715e-05
-2.407543655e-05
1.024990166e-05
-2.443669583e-05
6.251657827e-06
-2.479770225e-05
2.237361199e-06
-2.515743374e-05
-1.795529836e-06
-2.551490987e-05
-5.847855758e-06
-2.586883669e-05
-9.919462114e-06
-2.621749314e-05
-1.400927547e-05
-2.655898851e-05
-1.811530132e-05
-2.689216225e-05
-2.22346352e-05
-2.721846004e-05
-2.636415883e-05
-2.754512714e-05
-3.050287928e-05
-2.788981961e-05
-3.465735757e-05
-2.828591556e-05
-3.885196346e-05
-2.878597653e-05
-4.314497484e-05
-2.945771722e-05
-4.764835683e-05
-3.036340818e-05
-5.254098775e-05
-3.151302598e-05
-5.805156947e-05
-3.278928699e-05
-6.437334015e-05
-3.38623116e-05
-7.147311841e-05
-3.413722422e-05
-7.879032731e-05
-3.280468039e-05
-8.489672618e-05
-2.906398831e-05
-8.730473331e-05
-2.257994802e-05
-8.275269811e-05
-1.415822854e-05
-6.85271986e-05
-6.21353828e-06
-4.545059003e-05
-1.365119171e-06
-2.087184003e-05
-3.544025956e-06
-2.637202382e-07
1.305034959e-05
-1.294440655e-06
3.043475374e-05
-2.938105718e-06
4.144550186e-05
-4.894032168e-06
4.876737688e-05
-6.920094546e-06
5.427990569e-05
-8.871530648e-06
5.874133454e-05
-1.066723564e-05
6.218216867e-05
-1.225731379e-05
6.440098273e-05
-1.361178594e-05
6.52441161e-05
-1.472081274e-05
6.469471381e-05
-1.559579142e-05
6.287316519e-05
-1.626713321e-05
6.000386368e-05
-1.677830938e-05
5.636718119e-05
-1.717765544e-05
5.224765795e-05
-1.751036808e-05
4.789028191e-05
-1.781282779e-05
4.347452769e-05
-1.811015775e-05
3.910883144e-05
-1.841667835e-05
3.484093569e-05
-1.873819812e-05
3.067610316e-05
-1.907498511e-05
2.65959702e-05
-1.94245169e-05
2.257355385e-05
-1.978352005e-05
1.858279276e-05
-2.01491764e-05
1.46030935e-05
-2.051961161e-05
1.062033688e-05
-2.089388608e-05
6.625932288e-06
-2.127170069e-05
2.615175812e-06
-2.165294102e-05
-1.4142895e-06
-2.203723309e-05
-5.463563695e-06
-2.24235279e-05
-9.533167299e-06
-2.280984461e-05
-1.362295876e-05
-2.319326262e-05
-1.773188331e-05
-2.357038955e-05
-2.185750826e-05
-2.393864303e-05
-2.599590535e-05
-2.429880524e-05
-3.014271707e-05
-2.46593024e-05
-3.42968604e-05
-2.504221912e-05
-3.846904675e-05
-2.548977638e-05
-4.269741757e-05
-2.606702002e-05
-4.707111318e-05
-2.685208118e-05
-5.175592659e-05
-2.790157119e-05
-5.700207946e-05
-2.918151447e-05
-6.309339687e-05
-3.047098754e-05
-7.018364534e-05
-3.127554025e-05
-7.79857746e-05
-3.082055165e-05
-8.535171479e-05
-2.821108373e-05
-8.991420122e-05
-2.283750209e-05
-8.812627976e-05
-1.506659123e-05
-7.629810945e-05
-6.971778633e-06
-5.354540263e-05
-1.608141969e-06
-2.623547669e-05
-5.152167925e-06
-4.702270291e-08
1.309737229e-05
-6.956805488e-07
3.108341159e-05
-1.926624533e-06
4.267644585e-05
-3.488913051e-06
5.03296654e-05
-5.141521813e-06
5.593251445e-05
-6.735855573e-06
6.033566829e-05
-8.195330943e-06
6.364164404e-05
-9.480721718e-06
6.56863735e-05
-1.05730255e-05
6.633641989e-05
-1.147013263e-05
6.559182093e-05
-1.218630152e-05
6.358933407e-05
-1.274955165e-05
6.056711381e-05
-1.31963621e-05
5.681399164e-05
-1.35650404e-05
5.261633625e-05
-1.388977138e-05
4.821501289e-05
-1.419686046e-05
4.378161678e-05
-1.450359937e-05
3.941557035e-05
-1.48192378e-05
3.515657411e-05
-1.514712451e-05
3.100398987e-05
-1.548710574e-05
2.693595143e-05
-1.583755719e-05
2.292400531e-05
-1.619676577e-05
1.894200134e-05
-1.656364615e-05
1.496997388e-05
-1.693793194e-05
1.099462266e-05
-1.732003023e-05
7.008030575e-06
-1.771069775e-05
3.005843329e-06
-1.811062462e-05
-1.014362626e-06
-1.852002486e-05
-5.054163452e-06
-1.89382553e-05
-9.114936864e-06
-1.936348389e-05
-1.319773018e-05
-1.979250981e-05
-1.730285739e-05
-2.022088933e-05
-2.142912874e-05
-2.064366204e-05
-2.557313265e-05
-2.105714741e-05
-2.972923169e-05
-2.146244026e-05
-3.389156754e-05
-2.187108487e-05
-3.806040214e-05
-2.2312758e-05
-4.225574445e-05
-2.28424003e-05
-4.654147088e-05
-2.353965364e-05
-5.105867326e-05
-2.448764435e-05
-5.605408875e-05
-2.571577744e-05
-6.186526378e-05
-2.710244507e-05
-6.879697771e-05
-2.826461391e-05
-7.682360575e-05
-2.849942865e-05
-8.511690005e-05
-2.687890077e-05
-9.15347291e-05
-2.259387384e-05
-9.241130669e-05
-1.562499882e-05
-8.326698447e-05
-7.622073201e-06
-6.154832826e-05
-1.841615886e-06
-3.201593401e-05
-6.99378381e-06
1.569829786e-07
1.294038932e-05
-9.149206108e-08
3.133188663e-05
-8.951003522e-07
4.348005414e-05
-2.047094103e-06
5.148165915e-05
-3.318607352e-06
5.72040277e-05
-4.556747232e-06
6.157380817e-05
-5.687806507e-06
6.477270331e-05
-6.681121593e-06
6.667968859e-05
-7.526815674e-06
6.718211397e-05
-8.228581215e-06
6.629358647e-05
-8.801422668e-06
6.416217553e-05
-9.268984412e-06
6.103467555e-05
-9.659299466e-06
5.72043067e-05
-1.000000757e-05
5.295704436e-05
-1.031450526e-05
4.852951057e-05
-1.061992692e-05
4.408703844e-05
-1.092701283e-05
3.972265626e-05
-1.124128556e-05
3.547084684e-05
-1.15648014e-05
3.132750572e-05
-1.189784095e-05
2.726899098e-05
-1.224019795e-05
2.326636231e-05
-1.25919485e-05
1.929375189e-05
-1.295375431e-05
1.533177969e-05
-1.332683968e-05
1.136770804e-05
-1.371278065e-05
7.393971545e-06
-1.411320754e-05
3.406270219e-06
-1.452947339e-05
-5.980967818e-07
-1.496230461e-05
-4.621332234e-06
-1.541149889e-05
-8.665742577e-06
-1.587558085e-05
-1.273364822e-05
-1.635153503e-05
-1.682690321e-05
-1.68347016e-05
-2.094596218e-05
-1.731906311e-05
-2.508877114e-05
-1.779833583e-05
-2.924995897e-05
-1.826855315e-05
-3.342135022e-05
-1.873278079e-05
-3.759617449e-05
-1.920867616e-05
-4.177984908e-05
-1.973780866e-05
-4.601233839e-05
-2.039181957e-05
-5.040466234e-05
-2.126354445e-05
-5.518236388e-05
-2.242495658e-05
-6.070385165e-05
-2.383752133e-05
-6.738441296e-05
-2.522817078e-05
-7.54329563e-05
-2.59894784e-05
-8.435559243e-05
-2.520853622e-05
-9.231567127e-05
-2.194237194e-05
-9.567747097e-05
-1.584564793e-05
-8.936370847e-05
-8.136104767e-06
-6.925787142e-05
-2.053567532e-06
-3.809847124e-05
-9.047351343e-06
3.442969407e-07
1.259609237e-05
4.821300307e-07
3.119405354e-05
1.320583379e-07
4.383012583e-05
-5.980098023e-07
5.221172729e-05
-1.483381623e-06
5.808939952e-05
-2.367258043e-06
6.24576846e-05
-3.177687876e-06
6.558313315e-05
-3.88906556e-06
6.739106627e-05
-4.499109174e-06
6.779215759e-05
-5.015807723e-06
6.681028502e-05
-5.453564633e-06
6.459993244e-05
-5.830585859e-06
6.141169678e-05
-6.165850112e-06
5.753957095e-05
-6.476288047e-06
5.32674823e-05
-6.77501426e-06
4.882823678e-05
-7.070884781e-06
4.438290896e-05
-7.369116731e-06
4.002088821e-05
-7.672475787e-06
3.57742059e-05
-7.982464549e-06
3.163749448e-05
-8.300272104e-06
2.758679854e-05
-8.627346842e-06
2.359343705e-05
-8.965607303e-06
1.963201236e-05
-9.317394918e-06
1.56835673e-05
-9.685293496e-06
1.173560662e-05
-1.007189561e-05
7.780573664e-06
-1.047956073e-05
3.813935333e-06
-1.091018253e-05
-1.674749741e-07
-1.136491933e-05
-4.166595436e-06
-1.184398468e-05
-8.186677229e-06
-1.234633625e-05
-1.223129664e-05
-1.286938786e-05
-1.630385161e-05
-1.340877878e-05
-2.040657126e-05
-1.39583591e-05
-2.453919081e-05
-1.451071194e-05
-2.869760613e-05
-1.505891368e-05
-3.287314848e-05
-1.560003244e-05
-3.705505573e-05
-1.614174227e-05
-4.123813925e-05
-1.671208929e-05
-4.544199137e-05
-1.736961819e-05
-4.974713345e-05
-1.820456539e-05
-5.434741667e-05
-1.931250503e-05
-5.959591201e-05
-2.071844298e-05
-6.597847501e-05
-2.224988514e-05
-7.390151414e-05
-2.340597509e-05
-8.319950249e-05
-2.332400578e-05
-9.239764058e-05
-2.098313737e-05
-9.801833938e-05
-1.577479664e-05
-9.45720492e-05
-8.508161227e-06
-7.652450683e-05
-2.237061e-06
-4.436957147e-05
-1.128441234e-05
5.127086821e-07
1.208338369e-05
1.030845577e-06
3.067591664e-05
1.124292086e-06
4.373667932e-05
8.28510425e-07
5.250750895e-05
3.345482554e-07
5.858336169e-05
-2.006581906e-07
6.299289104e-05
-6.964841477e-07
6.60789591e-05
-1.133217244e-06
6.782779937e-05
-1.513767853e-06
6.81727082e-05
-1.849249675e-06
6.714576684e-05
-2.152955971e-06
6.490363873e-05
-2.437616455e-06
6.169635726e-05
-2.713488641e-06
5.781544313e-05
-2.987310218e-06
5.354130387e-05
-3.262487322e-06
4.910341388e-05
-3.540247289e-06
4.466066893e-05
-3.820885863e-06
4.030152678e-05
-4.105000598e-06
3.605832064e-05
-4.393869739e-06
3.192636362e-05
-4.689756719e-06
2.788268552e-05
-4.995798366e-06
2.389947869e-05
-5.315704343e-06
1.995191833e-05
-5.653403271e-06
1.602126623e-05
-6.012736039e-06
1.209493939e-05
-6.397216128e-06
8.165053753e-06
-6.80984968e-06
4.226568884e-06
-7.253002015e-06
2.756773609e-07
-7.728204613e-06
-3.691392837e-06
-8.236051798e-06
-7.678830044e-06
-8.775944988e-06
-1.169140345e-05
-9.345830691e-06
-1.57339659e-05
-9.941922454e-06
-1.98104795e-05
-1.05585097e-05
-2.392260357e-05
-1.118809723e-05
-2.80680186e-05
-1.182246567e-05
-3.223878004e-05
-1.245503051e-05
-3.64224909e-05
-1.308610476e-05
-4.060706499e-05
-1.373191906e-05
-4.479617707e-05
-1.443636243e-05
-4.904269008e-05
-1.527923518e-05
-5.350454392e-05
-1.636429197e-05
-5.851085521e-05
-1.776044594e-05
-6.458232105e-05
-1.938121271e-05
-7.228074736e-05
-2.083281614e-05
-8.174789905e-05
-2.132729165e-05
-9.190316507e-05
-1.981183316e-05
-9.953379787e-05
-1.547165425e-05
-9.891222812e-05
-8.735807925e-06
-8.326035315e-05
-2.389952884e-06
-5.071542651e-05
-1.367436523e-05
6.56857707e-07
1.142652599e-05
1.534493114e-06
2.979828123e-05
2.072023537e-06
4.31991489e-05
2.211355641e-06
5.236817685e-05
2.112412417e-06
5.868230491e-05
1.931556329e-06
6.317374713e-05
1.747001095e-06
6.626351434e-05
1.579712176e-06
6.799508829e-05
1.42369784e-06
6.832872253e-05
1.266515982e-06
6.73029487e-05
1.09721876e-06
6.507293595e-05
9.090191025e-07
6.188455692e-05
6.999163667e-07
5.802454587e-05
4.72083674e-07
5.376913656e-05
2.303085534e-07
4.9345189e-05
-2.00097307e-08
4.491098721e-05
-2.748990516e-07
4.05564161e-05
-5.325544905e-07
3.631597607e-05
-7.940051421e-07
3.218781427e-05
-1.062521011e-06
2.815120139e-05
-1.342819674e-06
2.417977736e-05
-1.640274317e-06
2.024937298e-05
-1.960306005e-06
1.634129792e-05
-2.307953941e-06
1.244258733e-05
-2.687620191e-06
8.544720004e-06
-3.102941844e-06
4.641890535e-06
-3.556736253e-06
7.294717695e-07
-4.050906868e-06
-3.197222223e-06
-4.58639351e-06
-7.143343402e-06
-5.163046003e-06
-1.111475096e-05
-5.779380994e-06
-1.511763091e-05
-6.432326225e-06
-1.915753427e-05
-7.116919432e-06
-2.323801036e-05
-7.826247266e-06
-2.735869076e-05
-8.552004128e-06
-3.151302318e-05
-9.285898315e-06
-3.568859671e-05
-1.002346655e-05
-3.986949676e-05
-1.07716793e-05
-4.404796432e-05
-1.156057481e-05
-4.825379457e-05
-1.245553841e-05
-5.260958032e-05
-1.355724973e-05
-5.740914389e-05
-1.496072466e-05
-6.317884611e-05
-1.664821577e-05
-7.059325626e-05
-1.832693095e-05
-8.006918386e-05
-1.929806815e-05
-9.093202788e-05
-1.851247425e-05
-0.0001003193918
-1.499724464e-05
-0.0001024274577
-8.835332234e-06
-8.942226556e-05
-2.513317192e-06
-5.703744156e-05
-1.618768242e-05
7.732276104e-07
1.065329838e-05
1.979415947e-06
2.85920929e-05
2.948726042e-06
4.222983881e-05
3.524612279e-06
5.179229061e-05
3.822200469e-06
5.838471672e-05
3.991606031e-06
6.300434157e-05
4.117808246e-06
6.613731212e-05
4.222420371e-06
6.789047616e-05
4.296623064e-06
6.825451984e-05
4.325583659e-06
6.72739881e-05
4.299482898e-06
6.509903671e-05
4.216668906e-06
6.196737091e-05
4.08313188e-06
5.815808289e-05
3.910059215e-06
5.394220923e-05
3.71048496e-06
4.954476326e-05
3.496055568e-06
4.51254166e-05
3.274865386e-06
4.077760628e-05
3.050383168e-06
3.654045829e-05
2.821884329e-06
3.241631311e-05
2.58538086e-06
2.838770485e-05
2.334868739e-06
2.443028948e-05
2.063494844e-06
2.052074687e-05
1.764453005e-06
1.664033975e-05
1.431547314e-06
1.277549302e-05
1.059477654e-06
8.916789663e-06
6.439410756e-07
5.057427112e-06
1.816430712e-07
1.191769772e-06
-3.297513365e-07
-2.685827817e-06
-8.915762828e-07
-6.581518456e-06
-1.504089102e-06
-1.050223814e-05
-2.166395897e-06
-1.445532412e-05
-2.876244489e-06
-1.844768568e-05
-3.6298253e-06
-2.248442955e-05
-4.420454687e-06
-2.656806138e-05
-5.241322101e-06
-3.069215576e-05
-6.083657201e-06
-3.484626162e-05
-6.940354874e-06
-3.901279908e-05
-7.811814494e-06
-4.31765047e-05
-8.71633195e-06
-4.734927711e-05
-9.704024642e-06
-5.162188763e-05
-1.086496602e-05
-5.624820252e-05
-1.230548269e-05
-6.173832944e-05
-1.405892139e-05
-6.883981755e-05
-1.59231885e-05
-7.820491676e-05
-1.729497668e-05
-8.956023969e-05
-1.715527876e-05
-0.0001004590897
-1.441423328e-05
-0.0001051685032
-8.846066044e-06
-9.49904328e-05
-2.613326777e-06
-6.327018082e-05
-1.88010092e-05
8.598083868e-07
9.79348999e-06
2.354477619e-06
2.709742366e-05
3.734422035e-06
4.084989439e-05
4.742509833e-06
5.078420281e-05
5.437937814e-06
5.768928874e-05
5.958189041e-06
6.248409034e-05
6.393055107e-06
6.570244605e-05
6.768619276e-06
6.751491199e-05
7.076104798e-06
6.794703431e-05
7.299430482e-06
6.705066241e-05
7.429380343e-06
6.496908685e-05
7.467849028e-06
6.192890222e-05
7.426779772e-06
5.819915214e-05
7.324455289e-06
5.404453371e-05
7.180840468e-06
4.968837808e-05
7.013390454e-06
4.529286662e-05
6.834291484e-06
4.095670525e-05
6.649463466e-06
3.672528631e-05
6.459038738e-06
3.260673784e-05
6.258768532e-06
2.858797506e-05
6.041719889e-06
2.464733812e-05
5.79981726e-06
2.07626495e-05
5.525000506e-06
1.691515651e-05
5.209946519e-06
1.3090547e-05
4.848421598e-06
9.278314584e-06
4.435382692e-06
5.470466017e-06
3.966941416e-06
1.660211046e-06
3.4403015e-06
-2.159187902e-06
2.853752816e-06
-5.994969773e-06
2.206522565e-06
-9.855007891e-06
1.498943039e-06
-1.37477446e-05
7.326932413e-07
-1.768143588e-05
-8.898800288e-08
-2.166274831e-05
-9.637713412e-07
-2.569327804e-05
-1.883221126e-06
-2.977270598e-05
-2.839924821e-06
-3.388955792e-05
-3.825594164e-06
-3.802712974e-05
-4.836684884e-06
-4.216541398e-05
-5.882587335e-06
-4.630337466e-05
-6.998878634e-06
-5.050559633e-05
-8.260897194e-06
-5.498618395e-05
-9.775067035e-06
-6.02241596e-05
-1.160931172e-05
-6.700557287e-05
-1.363933298e-05
-7.61748955e-05
-1.535795411e-05
-8.784161856e-05
-1.579559211e-05
-0.0001000214517
-1.377988581e-05
-0.0001071842095
-8.808460107e-06
-9.99618585e-05
-2.702563903e-06
-6.937607703e-05
-2.15035731e-05
9.160553606e-07
8.877434629e-06
2.651332081e-06
2.536214694e-05
4.410790972e-06
3.90904355e-05
5.840330341e-06
4.935466344e-05
6.933038084e-06
5.6596581e-05
7.805360127e-06
6.16117683e-05
8.550015136e-06
6.495779105e-05
9.199564418e-06
6.686536271e-05
9.747540625e-06
6.739905811e-05
1.017734528e-05
6.662085776e-05
1.047957873e-05
6.46668534e-05
1.065799472e-05
6.175048623e-05
1.072854526e-05
5.81286016e-05
1.071491195e-05
5.405816703e-05
1.064284362e-05
4.976044641e-05
1.053507044e-05
4.54006398e-05
1.040795023e-05
4.108382546e-05
1.027020003e-05
3.686303651e-05
1.012342409e-05
3.275351378e-05
9.963746763e-06
2.874765238e-05
9.783833347e-06
2.482725154e-05
9.574754451e-06
2.09717284e-05
9.327405523e-06
1.716250544e-05
9.0334105e-06
1.338454203e-05
8.685579184e-06
9.626145902e-06
8.278049984e-06
5.877995217e-06
7.806254665e-06
2.132006364e-06
7.266780638e-06
-1.619713875e-06
6.657410833e-06
-5.385599969e-06
5.976773935e-06
-9.174370993e-06
5.224468788e-06
-1.299543945e-05
4.401056947e-06
-1.685802404e-05
3.508074485e-06
-2.076976585e-05
2.549747767e-06
-2.473495132e-05
1.530147781e-06
-2.875310599e-05
4.562550449e-07
-3.281566519e-05
-6.663509222e-07
-3.690452377e-05
-1.8319487e-06
-4.09998162e-05
-3.042084892e-06
-4.509323846e-05
-4.317347473e-06
-4.923033374e-05
-5.719788439e-06
-5.358374299e-05
-7.34712703e-06
-5.859682101e-05
-9.28737747e-06
-6.506532243e-05
-1.148032301e-05
-7.398194995e-05
-1.351133698e-05
-8.58106046e-05
-1.447443239e-05
-9.905835629e-05
-1.31426196e-05
-0.0001085160223
-8.763138502e-06
-0.0001043413396
-2.799841273e-06
-7.533937425e-05
-2.430341437e-05
9.42730078e-07
7.934704553e-06
2.86413846e-06
2.344073856e-05
4.961256757e-06
3.699331721e-05
6.793509487e-06
4.752241071e-05
8.279664365e-06
5.511042612e-05
9.505364372e-06
6.038606829e-05
1.056251671e-05
6.390063871e-05
1.149112723e-05
6.593675219e-05
1.22891132e-05
6.660107213e-05
1.294020655e-05
6.59697644e-05
1.343408482e-05
6.417297514e-05
1.37745974e-05
6.140997364e-05
1.397960346e-05
5.792359554e-05
1.407627481e-05
5.396149568e-05
1.409476003e-05
4.974196118e-05
1.406234353e-05
4.54330563e-05
1.399945851e-05
4.114671047e-05
1.391800456e-05
3.694449047e-05
1.382170712e-05
3.284981122e-05
1.370778646e-05
2.886157304e-05
1.356915446e-05
2.496588353e-05
1.33965195e-05
2.114436336e-05
1.318004701e-05
1.737897792e-05
1.29104632e-05
1.365412584e-05
1.257965372e-05
9.956955385e-06
1.218088478e-05
6.276764161e-06
1.170879272e-05
2.604098429e-06
1.115920487e-05
-1.070126027e-06
1.052934094e-05
-4.755736036e-06
9.817053305e-06
-8.462083359e-06
9.021103039e-06
-1.219948918e-05
8.141054729e-06
-1.597797573e-05
7.177413624e-06
-1.980612474e-05
6.131973559e-06
-2.368951126e-05
5.007536282e-06
-2.762866872e-05
3.808519022e-06
-3.161664793e-05
2.541946409e-06
-3.563795116e-05
1.214323462e-06
-3.967219326e-05
-1.728271304e-07
-4.370608787e-05
-1.63863717e-06
-4.776452371e-05
-3.218482113e-06
-5.200389805e-05
-4.998399828e-06
-5.681690329e-05
-7.075661846e-06
-6.298806041e-05
-9.440595579e-06
-7.161701622e-05
-1.17659332e-05
-8.348526698e-05
-1.321903196e-05
-9.760525753e-05
-1.254105709e-05
-0.0001091939972
-8.749162062e-06
-0.0001081332346
-2.929864074e-06
-8.115867224e-05
-2.723327845e-05
9.41729667e-07
6.992974888e-06
2.989974242e-06
2.139249398e-05
5.371694148e-06
3.46115973e-05
7.577812095e-06
4.531629276e-05
9.448325053e-06
5.323991316e-05
1.102764445e-05
5.88067489e-05
1.240085229e-05
6.252743086e-05
1.36149237e-05
6.472268078e-05
1.467394265e-05
6.554205318e-05
1.556309467e-05
6.508061239e-05
1.627065372e-05
6.346541608e-05
1.679883593e-05
6.088179144e-05
1.7165143e-05
5.755728848e-05
1.739805715e-05
5.372858152e-05
1.753043864e-05
4.96095797e-05
1.759312465e-05
4.537037029e-05
1.76103119e-05
4.112952321e-05
1.759733304e-05
3.695746933e-05
1.75606412e-05
3.288650306e-05
1.749930936e-05
2.892290487e-05
1.740723632e-05
2.505795658e-05
1.727538503e-05
2.127621465e-05
1.709363679e-05
1.756072615e-05
1.685209364e-05
1.389566898e-05
1.654184607e-05
1.026720296e-05
1.615531239e-05
6.663297844e-06
1.568625735e-05
3.073153468e-06
1.51294001e-05
-5.132687764e-07
1.448164889e-05
-4.107984822e-06
1.373968237e-05
-7.72011684e-06
1.290129711e-05
-1.136110393e-05
1.196490956e-05
-1.504158818e-05
1.092959171e-05
-1.877080689e-05
9.795226219e-06
-2.255514577e-05
8.562717888e-06
-2.639616039e-05
7.234538305e-06
-3.028846834e-05
5.815242314e-06
-3.421865517e-05
4.310383394e-06
-3.816733434e-05
2.723458042e-06
-4.211916252e-05
1.052527378e-06
-4.609359304e-05
-7.352031797e-07
-5.021616749e-05
-2.705072752e-06
-5.484703372e-05
-4.952865933e-06
-6.074026723e-05
-7.506764623e-06
-6.906311753e-05
-1.012079402e-05
-8.087123758e-05
-1.204316004e-05
-9.56828915e-05
-1.200245436e-05
-0.0001092347028
-8.800929403e-06
-0.0001113347596
-3.121707035e-06
-8.683789461e-05
-3.035498548e-05
9.158842168e-07
6.077090673e-06
3.029092154e-06
1.927928604e-05
5.631304618e-06
3.200938484e-05
8.170132983e-06
4.27774644e-05
1.04079825e-05
5.100206364e-05
1.233821093e-05
5.687652047e-05
1.403097671e-05
6.083466508e-05
1.55377572e-05
6.321590028e-05
1.686982729e-05
6.420998309e-05
1.801511601e-05
6.393532366e-05
1.896041647e-05
6.252011563e-05
1.97048195e-05
6.01373884e-05
2.026319129e-05
5.699891669e-05
2.066293502e-05
5.332883778e-05
2.093761343e-05
4.933490129e-05
2.112025248e-05
4.518773124e-05
2.123816413e-05
4.101161157e-05
2.131009808e-05
3.688553538e-05
2.134568011e-05
3.285092103e-05
2.134653964e-05
2.892204534e-05
2.130834172e-05
2.50961545e-05
2.122302409e-05
2.136153229e-05
2.10807644e-05
1.770298584e-05
2.087145045e-05
1.410498293e-05
2.058562106e-05
1.055303235e-05
2.021497367e-05
7.033945235e-06
1.975262473e-05
3.535502408e-06
1.919129726e-05
4.805869049e-08
1.852844878e-05
-3.445136343e-06
1.775878184e-05
-6.950449895e-06
1.6879136e-05
-1.048145809e-05
1.588654344e-05
-1.404899562e-05
1.477842898e-05
-1.766269243e-05
1.355274108e-05
-2.132945787e-05
1.220825482e-05
-2.505167412e-05
1.074514998e-05
-2.88253635e-05
9.165623586e-06
-3.263912877e-05
7.474048318e-06
-3.647575907e-05
5.676024931e-06
-4.032113913e-05
3.773414016e-06
-4.419098213e-05
1.750548912e-06
-4.819330239e-05
-4.435099293e-07
-5.265297488e-05
-2.894484715e-06
-5.828929245e-05
-5.658518404e-06
-6.629908384e-05
-8.563886508e-06
-7.796586947e-05
-1.094669348e-05
-9.330008454e-05
-1.154064354e-05
-0.0001086407528
-8.944520352e-06
-0.0001139308828
-3.405875288e-06
-9.237653967e-05
-3.376086077e-05
8.687029343e-07
5.20838774e-06
2.98494189e-06
1.716304708e-05
5.733515486e-06
2.926081124e-05
8.54970369e-06
3.996127619e-05
1.112677183e-05
4.84249955e-05
1.339964808e-05
5.460364423e-05
1.541399268e-05
5.882032048e-05
1.722097655e-05
6.140891641e-05
1.883870827e-05
6.259225137e-05
2.025896368e-05
6.251506826e-05
2.146738068e-05
6.131169862e-05
2.245885538e-05
5.91459137e-05
2.324353038e-05
5.621424169e-05
2.38452693e-05
5.272709886e-05
2.429605456e-05
4.888411603e-05
2.462934788e-05
4.485443792e-05
2.487450604e-05
4.076645341e-05
2.505329885e-05
3.670674257e-05
2.517868322e-05
3.272553666e-05
2.525538153e-05
2.884534703e-05
2.528155534e-05
2.506998069e-05
2.525088282e-05
2.139220481e-05
2.515452744e-05
1.779934122e-05
2.498271025e-05
1.427680013e-05
2.472578684e-05
1.080995575e-05
2.437484906e-05
7.384883022e-06
2.392185798e-05
3.988493485e-06
2.336122642e-05
6.086902522e-07
2.268500778e-05
-2.768917711e-06
2.188939645e-05
-6.154838567e-06
2.096937788e-05
-9.561439509e-06
1.992036256e-05
-1.299998031e-05
1.873794321e-05
-1.648027308e-05
1.74179811e-05
-2.000949576e-05
1.595694932e-05
-2.359064234e-05
1.435258161e-05
-2.722099579e-05
1.260475779e-05
-3.089130495e-05
1.071641139e-05
-3.458741266e-05
8.693660161e-06
-3.82983879e-05
6.542652656e-06
-4.203997462e-05
4.259753553e-06
-4.591040328e-05
1.812522748e-06
-5.020574407e-05
-8.737731027e-07
-5.56029966e-05
-3.868657005e-06
-6.330419994e-05
-7.071863413e-06
-7.476266307e-05
-9.91424218e-06
-9.045770577e-05
-1.115273279e-05
-0.0001074022622
-9.192844123e-06
-0.0001158907714
-3.809715602e-06
-9.775966819e-05
-3.757057637e-05
8.040587906e-07
4.404328949e-06
2.863797079e-06
1.51033088e-05
5.676613687e-06
2.644799463e-05
8.69950965e-06
3.693838023e-05
1.157332683e-05
4.555117832e-05
1.417170998e-05
5.200526108e-05
1.650607472e-05
5.648595573e-05
1.862008065e-05
5.929491049e-05
2.053628173e-05
6.067605029e-05
2.22506453e-05
6.080070468e-05
2.374817662e-05
5.98141673e-05
2.501901778e-05
5.787507254e-05
2.606689508e-05
5.51663644e-05
2.690979699e-05
5.188419694e-05
2.757570227e-05
4.821821076e-05
2.809641899e-05
4.433372119e-05
2.850183824e-05
4.036103417e-05
2.881589909e-05
3.639268172e-05
2.905465191e-05
3.248678383e-05
2.92261585e-05
2.867384045e-05
2.933164056e-05
2.496449862e-05
2.936723339e-05
2.135661198e-05
2.932582023e-05
1.784075438e-05
2.919861247e-05
1.44040079e-05
2.897631857e-05
1.103224965e-05
2.864989394e-05
7.711307656e-06
2.82109546e-05
4.427432824e-06
2.765207584e-05
1.167569011e-06
2.696549299e-05
-2.082334866e-06
2.614545778e-05
-5.334803354e-06
2.518556518e-05
-8.601546905e-06
2.407942076e-05
-1.18938359e-05
2.282062472e-05
-1.522147704e-05
2.140283569e-05
-1.859170673e-05
1.982014458e-05
-2.200795124e-05
1.806782643e-05
-2.546867763e-05
1.614347886e-05
-2.896695739e-05
1.404846119e-05
-3.2492395e-05
1.178900379e-05
-3.60389305e-05
9.375081508e-06
-3.962605235e-05
6.813182295e-06
-4.334850407e-05
4.08846714e-06
-4.748102892e-05
1.143819475e-06
-5.265834893e-05
-2.101672778e-06
-6.005870768e-05
-5.609536452e-06
-7.125479939e-05
-8.913204578e-06
-8.715403765e-05
-1.08151629e-05
-0.0001055003038
-9.540141976e-06
-0.0001171657924
-4.351374262e-06
-0.0001029484359
-4.192195063e-05
7.257876467e-07
3.6785413e-06
2.673798782e-06
1.315529766e-05
5.463641379e-06
2.365815204e-05
8.607461951e-06
3.379455965e-05
1.171840202e-05
4.244023825e-05
1.461254278e-05
4.911112032e-05
1.725895899e-05
5.383953953e-05
1.968474173e-05
5.686912775e-05
2.19119321e-05
5.844885992e-05
2.393955023e-05
5.877308654e-05
2.575222869e-05
5.800148884e-05
2.733522059e-05
5.629208064e-05
2.868469052e-05
5.381689447e-05
2.981077379e-05
5.075811367e-05
3.073509473e-05
4.729388981e-05
3.148553109e-05
4.358328483e-05
3.209062746e-05
3.97559378e-05
3.257518106e-05
3.590812811e-05
3.295763522e-05
3.210432966e-05
3.324923981e-05
2.838223586e-05
3.345454941e-05
2.475918901e-05
3.357270275e-05
2.123845864e-05
3.359897888e-05
1.781447824e-05
3.352626987e-05
1.44767169e-05
3.334626269e-05
1.121225683e-05
3.305025403e-05
8.007316312e-06
3.262959372e-05
4.848093142e-06
3.207594165e-05
1.721221073e-06
3.138075717e-05
-1.387150378e-06
3.053736124e-05
-4.491407422e-06
2.95374574e-05
-7.601643068e-06
2.837278029e-05
-1.072915878e-05
2.70348906e-05
-1.388358735e-05
2.551519304e-05
-1.707200917e-05
2.380540477e-05
-2.029816296e-05
2.189843995e-05
-2.356171281e-05
1.978979257e-05
-2.685831001e-05
1.747944167e-05
-3.01820441e-05
1.49738119e-05
-3.353330072e-05
1.228627915e-05
-3.693851959e-05
9.432381176e-06
-4.04946061e-05
6.413834475e-06
-4.446248222e-05
3.191671809e-06
-4.943618626e-05
-3.18252974e-07
-5.65487829e-05
-4.129137542e-06
-6.744391483e-05
-7.891595766e-06
-8.339157942e-05
-1.047970934e-05
-0.0001029121903
-9.956335747e-06
-0.000117689166
-5.032669632e-06
-0.000107872102
-4.695462026e-05
6.371322807e-07
3.041409017e-06
2.423222426e-06
1.136920751e-05
5.100947781e-06
2.098042668e-05
8.266594511e-06
3.062891292e-05
1.153633025e-05
3.917050251e-05
1.468046857e-05
4.5966982e-05
1.762123947e-05
5.089876863e-05
2.035945452e-05
5.413091269e-05
2.290914136e-05
5.589917307e-05
2.526893887e-05
5.641328904e-05
2.742242425e-05
5.584800346e-05
2.934992467e-05
5.436458021e-05
3.103946233e-05
5.212735681e-05
3.249191117e-05
4.930566483e-05
3.372053152e-05
4.606526946e-05
3.474704654e-05
4.255676981e-05
3.559657328e-05
3.890641106e-05
3.629308225e-05
3.521161914e-05
3.685625282e-05
3.154115909e-05
3.729991529e-05
2.793857339e-05
3.763183624e-05
2.442726806e-05
3.785440967e-05
2.101588521e-05
3.79658027e-05
1.770308521e-05
3.796119314e-05
1.448132646e-05
3.783387322e-05
1.133957675e-05
3.757606946e-05
8.265120068e-06
3.717949429e-05
5.244668317e-06
3.663517609e-05
2.265539269e-06
3.59327132e-05
-6.846874946e-07
3.506692065e-05
-3.625614864e-06
3.402644933e-05
-6.561171748e-06
3.28013972e-05
-9.504106658e-06
3.138138264e-05
-1.24635728e-05
2.975562503e-05
-1.544625155e-05
2.791363063e-05
-1.845616857e-05
2.584622182e-05
-2.1494304e-05
2.354717092e-05
-2.455925911e-05
2.101554692e-05
-2.765042011e-05
1.825838653e-05
-3.077614033e-05
1.529245841e-05
-3.397259147e-05
1.214147929e-05
-3.734362698e-05
8.8222598e-06
-4.114326272e-05
5.31510412e-06
-4.592903059e-05
1.541594935e-06
-5.277527372e-05
-2.567120869e-06
-6.333519902e-05
-6.777420691e-06
-7.91812796e-05
-1.007080946e-05
-9.96188015e-05
-1.038162518e-05
-0.0001173783502
-5.831270736e-06
-0.0001124224565
-5.2785891e-05
5.398440051e-07
2.501565013e-06
2.117655768e-06
9.791395745e-06
4.594674362e-06
1.850340809e-05
7.673235579e-06
2.755035171e-05
1.100550181e-05
3.583823627e-05
1.433567754e-05
4.263680626e-05
1.754031079e-05
4.769413538e-05
2.058512172e-05
5.108610176e-05
2.346660439e-05
5.30176904e-05
2.617697536e-05
5.370291806e-05
2.869632211e-05
5.332865672e-05
3.099953009e-05
5.206137223e-05
3.306626451e-05
5.006062239e-05
3.488740068e-05
4.748452865e-05
3.646642633e-05
4.448624381e-05
3.781703776e-05
4.120615839e-05
3.895890765e-05
3.776454117e-05
3.991331299e-05
3.42572138e-05
4.069966169e-05
3.07548104e-05
4.13333239e-05
2.730491117e-05
4.182471958e-05
2.393587239e-05
4.217936554e-05
2.066123925e-05
4.239851386e-05
1.748393689e-05
4.248003531e-05
1.439980501e-05
4.241933297e-05
1.140027909e-05
4.221006865e-05
8.474384392e-06
4.18450726e-05
5.609664367e-06
4.131684255e-05
2.793769315e-06
4.060804022e-05
2.411482876e-08
3.972175079e-05
-2.739325438e-06
3.864015319e-05
-5.479574147e-06
3.735314481e-05
-8.217098272e-06
3.584846553e-05
-1.095889352e-05
3.411343339e-05
-1.371121941e-05
3.213575548e-05
-1.647849067e-05
2.990467899e-05
-1.926322751e-05
2.741290792e-05
-2.206748805e-05
2.465936042e-05
-2.489687261e-05
2.165236233e-05
-2.776914224e-05
1.841227518e-05
-3.073250431e-05
1.497013825e-05
-3.390149005e-05
1.135596745e-05
-3.752909192e-05
7.568349426e-06
-4.214141257e-05
3.537076334e-06
-4.874400063e-05
-8.478355639e-07
-5.895028713e-05
-5.479690452e-06
-7.454942471e-05
-9.485020433e-06
-9.561347152e-05
-1.072189741e-05
-0.0001161414733
-6.693097859e-06
-0.000116451256
-5.947898886e-05
4.325014706e-07
2.069063544e-06
1.755461743e-06
8.468435469e-06
3.94432224e-06
1.631454759e-05
6.821851084e-06
2.467282286e-05
1.010652365e-05
3.25535637e-05
1.354137067e-05
3.920195925e-05
1.696480024e-05
4.427070581e-05
2.030161415e-05
4.774928785e-05
2.352041593e-05
4.979888862e-05
2.65985887e-05
5.06247453e-05
2.950799983e-05
5.041924559e-05
3.221642754e-05
4.935294451e-05
3.469489335e-05
4.758215658e-05
3.692410379e-05
4.525531821e-05
3.889711866e-05
4.251322894e-05
4.061837253e-05
3.948490451e-05
4.210045851e-05
3.628245519e-05
4.336019387e-05
3.299747844e-05
4.4415069e-05
2.969993526e-05
4.528064876e-05
2.643933142e-05
4.596905727e-05
2.324746387e-05
4.648839825e-05
2.014189827e-05
4.684284404e-05
1.71294911e-05
4.703310035e-05
1.42095487e-05
4.705702097e-05
1.137635847e-05
4.691015975e-05
8.621245607e-06
4.658594276e-05
5.933881361e-06
4.607563041e-05
3.304081664e-06
4.53769398e-05
7.228054361e-07
4.446794895e-05
-1.830334586e-06
4.334625688e-05
-4.357882068e-06
4.199727837e-05
-6.868119768e-06
4.040729077e-05
-9.368905909e-06
3.856255039e-05
-1.186647903e-05
3.644968298e-05
-1.436562326e-05
3.405720156e-05
-1.687074609e-05
3.137773361e-05
-1.93880201e-05
2.841108226e-05
-2.193022125e-05
2.516766623e-05
-2.452572621e-05
2.167158928e-05
-2.723642737e-05
1.796002459e-05
-3.018992537e-05
1.407337957e-05
-3.36424469e-05
1.002552027e-05
-3.809355327e-05
5.756963162e-06
-4.447544352e-05
1.126302411e-06
-5.431962638e-05
-3.886392184e-06
-6.953673012e-05
-8.593244846e-06
-9.090661885e-05
-1.084923117e-05
-0.0001138854869
-7.528607341e-06
-0.0001197718798
-6.70075962e-05
3.074163899e-07
1.761647155e-06
1.320563295e-06
7.455288565e-06
3.132545644e-06
1.450256524e-05
5.695429831e-06
2.210993868e-05
8.816599316e-06
2.943239422e-05
1.226279985e-05
3.575575872e-05
1.58469291e-05
4.068657656e-05
1.94513998e-05
4.414481715e-05
2.300774786e-05
4.624254057e-05
2.646861611e-05
4.716387705e-05
2.979084669e-05
4.709701501e-05
3.293179354e-05
4.621199766e-05
3.585291562e-05
4.466103449e-05
3.85248153e-05
4.258341853e-05
4.093017027e-05
4.010787396e-05
4.306372133e-05
3.735135344e-05
4.493001348e-05
3.441616304e-05
4.654005739e-05
3.138743452e-05
4.790793337e-05
2.833205928e-05
4.904798167e-05
2.529928312e-05
4.997284513e-05
2.232260041e-05
5.069235328e-05
1.942239012e-05
5.121308157e-05
1.660876281e-05
5.153837649e-05
1.388425378e-05
5.166860282e-05
1.124613213e-05
5.160158032e-05
8.688268107e-06
5.133279939e-05
6.20266229e-06
5.085643721e-05
3.780443845e-06
5.016466257e-05
1.414580079e-06
4.924150707e-05
-9.071790869e-07
4.808457235e-05
-3.200947349e-06
4.667773476e-05
-5.461282171e-06
4.500700357e-05
-7.698174726e-06
4.305857252e-05
-9.918047976e-06
4.0819184e-05
-1.212623475e-05
3.827801562e-05
-1.432957771e-05
3.542902774e-05
-1.653903222e-05
3.227413642e-05
-1.877532994e-05
2.882650787e-05
-2.107809766e-05
2.511362613e-05
-2.352354564e-05
2.11766743e-05
-2.625297353e-05
1.706222498e-05
-2.952799758e-05
1.279410815e-05
-3.382543644e-05
8.323079214e-06
-4.000441458e-05
3.486368107e-06
-4.948291527e-05
-1.852100846e-06
-6.419826116e-05
-7.241362417e-06
-8.551735728e-05
-1.060850828e-05
-0.0001105183411
-8.223278306e-06
-0.0001221571098
-7.52308745e-05
1.503927997e-07
1.611254354e-06
7.710052266e-07
6.834676141e-06
2.110555592e-06
1.316301487e-05
4.251150546e-06
1.996934372e-05
7.099471707e-06
2.658407306e-05
1.04630652e-05
3.239216522e-05
1.414361199e-05
3.700602977e-05
1.798383911e-05
4.030459002e-05
2.187199521e-05
4.235438447e-05
2.572665645e-05
4.33092158e-05
2.948169283e-05
4.334197863e-05
3.307921885e-05
4.261447165e-05
3.646923776e-05
4.127101557e-05
3.961210772e-05
3.944054858e-05
4.248058875e-05
3.723939293e-05
4.50600433e-05
3.47718989e-05
4.734680108e-05
3.212940526e-05
4.934538955e-05
2.938884605e-05
5.106543574e-05
2.661201309e-05
5.25188484e-05
2.384587046e-05
5.371760861e-05
2.112384019e-05
5.467226319e-05
1.846773555e-05
5.539103881e-05
1.588998718e-05
5.587946672e-05
1.339582587e-05
5.614027182e-05
1.098532703e-05
5.617360761e-05
8.654932318e-06
5.597713557e-05
6.399134323e-06
5.554718686e-05
4.210392554e-06
5.48791213e-05
2.08264564e-06
5.394881841e-05
2.312380946e-08
5.276837691e-05
-2.020505857e-06
5.131454081e-05
-4.007446065e-06
4.957665391e-05
-5.96028783e-06
4.754225e-05
-7.883644064e-06
4.519987723e-05
-9.783861984e-06
4.254122202e-05
-1.167092249e-05
3.95631555e-05
-1.35609657e-05
3.627074573e-05
-1.548292016e-05
3.267985727e-05
-1.74872092e-05
2.88198275e-05
-1.966351587e-05
2.473208411e-05
-2.216523014e-05
2.046322096e-05
-2.525913444e-05
1.603886984e-05
-2.940108532e-05
1.141558769e-05
-3.538113243e-05
6.416371902e-06
-4.448369948e-05
7.998050851e-07
-5.858169434e-05
-5.230302379e-06
-7.948724982e-05
-9.806220766e-06
-0.0001059424227
-8.682993579e-06
-0.000123280337
-8.391386808e-05
-9.814052585e-08
1.709394878e-06
1.090482143e-08
6.725630797e-06
7.796631835e-07
1.239425651e-05
2.40282674e-06
1.834618017e-05
4.892326838e-06
2.409457296e-05
8.095356055e-06
2.918913601e-05
1.181524674e-05
3.328613909e-05
1.585907196e-05
3.62607648e-05
2.006943107e-05
3.814402536e-05
2.432424102e-05
3.905440585e-05
2.852726671e-05
3.913895294e-05
3.260018878e-05
3.854154958e-05
3.647892935e-05
3.7392275e-05
4.011301116e-05
3.580646677e-05
4.34657977e-05
3.388660638e-05
4.651407435e-05
3.172362224e-05
4.924650304e-05
2.939697657e-05
5.166119914e-05
2.697414995e-05
5.376293468e-05
2.451027756e-05
5.556044161e-05
2.204836352e-05
5.706412378e-05
1.962015803e-05
5.828432432e-05
1.724753501e-05
5.923013365e-05
1.494417785e-05
5.990868684e-05
1.271727268e-05
6.032480048e-05
1.05692134e-05
6.048085881e-05
8.49887398e-06
6.037686955e-05
6.503123586e-06
6.000989911e-05
4.577363002e-06
5.93748372e-05
2.717707548e-06
5.847780031e-05
9.20160703e-07
5.72872814e-05
-8.299869493e-07
5.581209586e-05
-2.532260528e-06
5.40386282e-05
-4.186820168e-06
5.195789589e-05
-5.80291175e-06
4.956279958e-05
-7.388765675e-06
4.684943974e-05
-8.957562651e-06
4.381870129e-05
-1.053022726e-05
4.047891887e-05
-1.214313774e-05
3.684706965e-05
-1.385535997e-05
3.29509001e-05
-1.576734633e-05
2.882596239e-05
-1.804029243e-05
2.451031617e-05
-2.094348822e-05
2.00202408e-05
-2.491100995e-05
1.531004397e-05
-3.067093559e-05
1.019672956e-05
-3.937038508e-05
4.372809757e-06
-5.275777454e-05
-2.235201855e-06
-7.287923821e-05
-8.172196014e-06
-0.0001000054285
-8.654593767e-06
-0.0001227979393
-9.256846185e-05
-4.931630311e-07
2.202557907e-06
-1.072666119e-06
7.305133888e-06
-1.019985886e-06
1.234157628e-05
2.724941374e-08
1.729894487e-05
2.096804996e-06
2.202501738e-05
5.096395508e-06
2.618954549e-05
8.823618594e-06
2.9558916e-05
1.305082369e-05
3.203355971e-05
1.757554654e-05
3.361930251e-05
2.223266437e-05
3.439728801e-05
2.689178201e-05
3.44798353e-05
3.14505361e-05
3.398279548e-05
3.582846694e-05
3.301434416e-05
3.996350276e-05
3.167143095e-05
4.381002236e-05
3.004008678e-05
4.73371921e-05
2.81964525e-05
5.052697251e-05
2.620719616e-05
5.337171946e-05
2.412940301e-05
5.587157479e-05
2.201042222e-05
5.803192973e-05
1.988800858e-05
5.986118264e-05
1.779090512e-05
6.136893723e-05
1.573978042e-05
6.25646562e-05
1.374845888e-05
6.345675345e-05
1.182517543e-05
6.405204681e-05
9.973920044e-06
6.435541814e-05
8.195502645e-06
6.436987236e-05
6.488669375e-06
6.409639564e-05
4.850839721e-06
6.353581046e-05
3.27829273e-06
6.268834317e-05
1.767627986e-06
6.15426695e-05
3.156867238e-07
6.010113925e-05
-1.090730273e-06
5.835941415e-05
-2.445095071e-06
5.631398516e-05
-3.757482758e-06
5.396332157e-05
-5.038102083e-06
5.130905242e-05
-6.303293505e-06
4.835584999e-05
-7.577024833e-06
4.511366717e-05
-8.900954925e-06
4.159669885e-05
-1.033839166e-05
3.782537129e-05
-1.199601877e-05
3.38206071e-05
-1.403552823e-05
2.960123289e-05
-1.6724114e-05
2.51601415e-05
-2.046991857e-05
2.043566186e-05
-2.594645596e-05
1.523613544e-05
-3.417085865e-05
9.214053982e-06
-4.673569309e-05
2.039100107e-06
-6.570428433e-05
-5.402356923e-06
-9.256397149e-05
-7.956566467e-06
-0.0001202437297
-0.0001005250283
-1.187254715e-06
3.38981262e-06
-2.755162118e-06
8.873041291e-06
-3.553760547e-06
1.314017471e-05
-3.145971022e-06
1.689115534e-05
-1.44786391e-06
2.032691026e-05
1.390837624e-06
2.335084396e-05
5.13137578e-06
2.581837784e-05
9.551450199e-06
2.761348529e-05
1.439468145e-05
2.877607126e-05
1.945564676e-05
2.933632271e-05
2.457084408e-05
2.936463799e-05
2.961404475e-05
2.893959482e-05
3.448801096e-05
2.814037795e-05
3.91190858e-05
2.704035611e-05
4.34533146e-05
2.570585798e-05
4.745333977e-05
2.419642733e-05
5.109566919e-05
2.256486674e-05
5.436805793e-05
2.085701426e-05
5.726694906e-05
1.91115311e-05
5.979507499e-05
1.735988265e-05
6.195931451e-05
1.562666561e-05
6.376892967e-05
1.393016525e-05
6.523416479e-05
1.228322376e-05
6.636526067e-05
1.069407956e-05
6.717175366e-05
9.167427045e-06
6.766211909e-05
7.705137225e-06
6.784360664e-05
6.307181821e-06
6.77223411e-05
4.972105263e-06
6.730309637e-05
3.69753746e-06
6.658982388e-05
2.480900468e-06
6.558711424e-05
1.318396366e-06
6.42941528e-05
2.0223117e-07
6.271659423e-05
-8.675365028e-07
6.085697476e-05
-1.897863284e-06
5.871849651e-05
-2.899623836e-06
5.630749931e-05
-3.892296303e-06
5.362960427e-05
-4.899129796e-06
5.069254566e-05
-5.963896318e-06
4.750164446e-05
-7.147490462e-06
4.406282894e-05
-8.557203239e-06
4.037217773e-05
-1.034487703e-05
3.641774584e-05
-1.276968211e-05
3.215217337e-05
-1.62043461e-05
2.74793576e-05
-2.127364019e-05
2.218135363e-05
-2.887285467e-05
1.58751066e-05
-4.042944606e-05
7.994868501e-06
-5.782404624e-05
-1.018145982e-06
-8.355095701e-05
-6.289148129e-06
-0.0001149727276
-0.0001068141764
-2.407968156e-06
5.797780778e-06
-5.367942112e-06
1.183301525e-05
-7.15042384e-06
1.492265643e-05
-7.331478703e-06
1.707221021e-05
-5.938415458e-06
1.893384702e-05
-3.16198261e-06
2.057441111e-05
7.183877912e-07
2.193800744e-05
5.363142443e-06
2.296873064e-05
1.054978999e-05
2.35894237e-05
1.601839043e-05
2.386772227e-05
2.158076123e-05
2.380226718e-05
2.7092226e-05
2.342813005e-05
3.24419002e-05
2.279070375e-05
3.754696301e-05
2.193529331e-05
4.234730324e-05
2.090551775e-05
4.680121924e-05
1.974251133e-05
5.088199858e-05
1.84840874e-05
5.457498782e-05
1.716402503e-05
5.787497954e-05
1.581153937e-05
6.078388496e-05
1.445097723e-05
6.330865175e-05
1.310189882e-05
6.545956104e-05
1.177925596e-05
6.72487791e-05
1.04940057e-05
6.868935937e-05
9.253499285e-06
6.979436615e-05
8.06242027e-06
7.057650185e-05
6.923001521e-06
7.104764397e-05
5.836039707e-06
7.121901276e-05
4.800736472e-06
7.110050502e-05
3.816045202e-06
7.070206063e-05
2.879344852e-06
7.00319706e-05
1.988486395e-06
6.909642704e-05
1.137774737e-06
6.790840528e-05
3.204852551e-07
6.647156195e-05
-4.610199535e-07
6.4790387e-05
-1.218448886e-06
6.287290109e-05
-1.974810396e-06
6.072073604e-05
-2.746964753e-06
5.833521303e-05
-3.578373303e-06
5.570709386e-05
-4.519371289e-06
5.282241175e-05
-5.672521125e-06
4.964375757e-05
-7.166222848e-06
4.611802768e-05
-9.243952233e-06
4.213926058e-05
-1.2225579e-05
3.755040479e-05
-1.66847844e-05
3.207456237e-05
-2.339701226e-05
2.529315352e-05
-3.36480372e-05
1.657241378e-05
-4.910330649e-05
5.694702517e-06
-7.267324574e-05
-2.872514739e-06
-0.0001064055103
-0.0001096866912
-4.58179973e-06
1.037958051e-05
-9.42370435e-06
1.667491987e-05
-1.216328046e-05
1.766223255e-05
-1.269778864e-05
1.760671838e-05
-1.133572103e-05
1.757177941e-05
-8.409012489e-06
1.764770258e-05
-4.268993608e-06
1.779798856e-05
7.457767968e-07
1.795396023e-05
6.324141503e-06
1.8011059e-05
1.221631023e-05
1.797555354e-05
1.822793344e-05
1.779064397e-05
2.420502581e-05
1.745103767e-05
3.003084973e-05
1.696487983e-05
3.561903244e-05
1.634711059e-05
4.090720145e-05
1.561734875e-05
4.585224117e-05
1.479747161e-05
5.042655833e-05
1.390977024e-05
5.461492355e-05
1.297565981e-05
5.84118177e-05
1.201464522e-05
6.181915147e-05
1.104364345e-05
6.484421335e-05
1.007683693e-05
6.74980444e-05
9.125424919e-06
6.979395085e-05
8.198099245e-06
7.174655558e-05
7.300894558e-06
7.337079131e-05
6.438184539e-06
7.46816257e-05
5.612167137e-06
7.569321531e-05
4.824450088e-06
7.641928887e-05
4.074662912e-06
7.68722687e-05
3.36306537e-06
7.706433861e-05
2.687274942e-06
7.700598295e-05
2.046842053e-06
7.670727254e-05
1.43648516e-06
7.617256854e-05
8.551892505e-07
7.5415701e-05
2.958475835e-07
7.444126533e-05
-2.440132226e-07
7.325001426e-05
-7.835593279e-07
7.183826266e-05
-1.335213151e-06
7.019943116e-05
-1.939541797e-06
6.830862656e-05
-2.628566685e-06
6.613184086e-05
-3.495735422e-06
6.359591305e-05
-4.630295046e-06
6.059964437e-05
-6.247683557e-06
5.696522746e-05
-8.59116209e-06
5.2441422e-05
-1.216097892e-05
4.663830216e-05
-1.759389242e-05
3.901688546e-05
-2.60266205e-05
2.896558276e-05
-3.90520038e-05
1.57457045e-05
-5.945336748e-05
2.842482144e-06
-9.350228794e-05
-0.000106844209
-9.215697686e-06
1.95952782e-05
-1.53281428e-05
2.278736498e-05
-1.748933544e-05
1.982342519e-05
-1.699733294e-05
1.711471589e-05
-1.456003661e-05
1.513448308e-05
-1.066895387e-05
1.375661984e-05
-5.715247009e-06
1.28442817e-05
-7.325439446e-09
1.224603866e-05
6.141350764e-06
1.186238279e-05
1.25680148e-05
1.15488895e-05
1.9097862e-05
1.126079677e-05
2.559459902e-05
1.095430065e-05
3.195479776e-05
1.060468109e-05
3.809957491e-05
1.020233344e-05
4.397003742e-05
9.746886237e-06
4.952388659e-05
9.24362244e-06
5.473248437e-05
8.701172454e-06
5.957844344e-05
8.12970074e-06
6.405336912e-05
7.539719542e-06
6.815595969e-05
6.94105288e-06
7.189023986e-05
6.342556757e-06
7.526416924e-05
5.751495539e-06
7.828829505e-05
5.173973436e-06
8.097491594e-05
4.614273676e-06
8.333709471e-05
4.076005763e-06
8.53883867e-05
3.560875152e-06
8.714200399e-05
3.070832797e-06
8.861113546e-05
2.605531438e-06
8.980797468e-05
2.166226143e-06
9.074454199e-05
1.750707635e-06
9.143098128e-05
1.360402768e-06
9.187690053e-05
9.905659124e-07
9.208948314e-05
6.426066438e-07
9.207934871e-05
3.059820048e-07
9.185241596e-05
-1.708047569e-08
9.140776984e-05
-3.389132025e-07
9.073684588e-05
-6.642891904e-07
8.982755793e-05
-1.030253845e-06
8.864497341e-05
-1.445982164e-06
8.713869698e-05
-1.989458994e-06
8.520933542e-05
-2.700933492e-06
8.27091903e-05
-3.747538432e-06
7.938985831e-05
-5.271830093e-06
7.487888599e-05
-7.650006611e-06
6.863538338e-05
-1.135038981e-05
5.986853295e-05
-1.725977007e-05
4.776216439e-05
-2.694563524e-05
3.111786057e-05
-4.280906366e-05
1.150691681e-05
-7.389134419e-05
-9.533729223e-05
-1.603642024e-05
3.563169843e-05
-1.500573579e-05
2.175668054e-05
-9.451266417e-06
1.426895582e-05
-3.290517933e-06
1.095396741e-05
3.065101521e-06
8.778863629e-06
9.582193306e-06
7.239528055e-06
1.623042145e-05
6.196053559e-06
2.296494159e-05
5.511518524e-06
2.975907102e-05
5.068253359e-06
3.655145042e-05
4.756510108e-06
4.329215962e-05
4.520087576e-06
4.992610649e-05
4.32035377e-06
5.639907328e-05
4.131714302e-06
6.266184861e-05
3.939558105e-06
6.867202802e-05
3.736706823e-06
7.439491595e-05
3.520734511e-06
7.980375131e-05
3.292337082e-06
8.48794195e-05
3.054032547e-06
8.960980006e-05
2.809338981e-06
9.398890375e-05
2.561949184e-06
9.801592577e-05
2.315534733e-06
0.0001016942544
2.073166908e-06
0.000105030576
1.837651868e-06
0.0001080340024
1.610847216e-06
0.0001107154244
1.394583769e-06
0.0001130868338
1.189465782e-06
0.0001151609876
9.966789468e-07
0.0001169508696
8.156494472e-07
0.0001184696612
6.474345778e-07
0.0001197301645
4.902043149e-07
0.0001207449136
3.45653642e-07
0.000121524777
2.107025724e-07
0.0001220773324
9.005122393e-08
0.0001224091781
-2.586369418e-08
0.0001225405161
-1.48418511e-07
0.0001224635875
-2.619845931e-07
0.0001221730199
-3.737215182e-07
0.0001216519062
-5.091401905e-07
0.0001208686874
-6.627633292e-07
0.0001197599472
-8.807187952e-07
0.0001182252349
-1.166221226e-06
0.0001160870153
-1.609318846e-06
0.000113061244
-2.246058824e-06
0.0001086719575
-3.260720084e-06
0.0001021936835
-4.872115828e-06
9.256611624e-05
-7.632202766e-06
7.840072412e-05
-1.278024314e-05
5.79538076e-05
-2.236214713e-05
2.808557595e-05
-4.402311254e-05
-6.725171628e-05
3.563169843e-05
5.738837897e-05
7.165733478e-05
8.261130219e-05
9.139016581e-05
9.862969387e-05
0.0001048257474
0.0001103372659
0.0001154055193
0.0001201620294
0.000124682117
0.0001290024708
0.0001331341851
0.0001370737432
0.00014081045
0.0001443311845
0.0001476235216
0.0001506775541
0.0001534868931
0.0001560488423
0.000158364377
0.0001604375439
0.0001622751958
0.000163886043
0.0001652806268
0.0001664700926
0.0001674667715
0.000168282421
0.0001689298555
0.0001694200599
0.0001697657135
0.0001699764161
0.0001700664673
0.0001700406036
0.0001698921851
0.0001696302005
0.000169256479
0.0001687473388
0.0001680845755
0.0001672038567
0.0001660376354
0.0001644283166
0.0001621822578
0.0001589215377
0.0001540494219
0.0001464172191
0.000133636976
0.0001112748288
6.725171627e-05
)
;

boundaryField
{
    movingWall
    {
        type            calculated;
        value           uniform 0;
    }
    fixedWalls
    {
        type            calculated;
        value           uniform 0;
    }
    frontAndBack
    {
        type            empty;
    }
}


// ************************************************************************* //
