FoamFile
{
    format ascii;
    class dictionary;
    object blockMeshDict;
}
convertToMeters 1;
vertices
(
    (1 0.00126 0)
(0.99961451812 0.00131407405492 0)
(0.998458666867 0.00147605825887 0)
(0.996534228477 0.00174524131334 0)
(0.993844170298 0.00212044626858 0)
(0.990392640202 0.00260004311919 0)
(0.986184960199 0.00318196599206 0)
(0.981227618227 0.00386373449574 0)
(0.975528258148 0.00464247869779 0)
(0.969095667961 0.00551496710895 0)
(0.961939766256 0.00647763698284 0)
(0.954071586913 0.00752662618836 0)
(0.945503262094 0.00865780588179 0)
(0.936248003536 0.00986681319671 0)
(0.926320082177 0.0111490831831 0)
(0.915734806151 0.0124998792616 0)
(0.904508497187 0.0139143215158 0)
(0.89265846544 0.0153874122192 0)
(0.8802029828 0.0169140580875 0)
(0.867161254718 0.0184890888552 0)
(0.853553390593 0.0201072718943 0)
(0.839400372766 0.0217633227235 0)
(0.824724024165 0.0234519113906 0)
(0.809546974655 0.0251676648476 0)
(0.793892626146 0.0269051655718 0)
(0.77778511651 0.0286589468173 0)
(0.761249282358 0.0304234849991 0)
(0.744310620748 0.0321931898196 0)
(0.72699524987 0.0339623928385 0)
(0.709329868769 0.0357253352608 0)
(0.691341716183 0.0374761557654 0)
(0.673058528539 0.0392088792303 0)
(0.654508497187 0.0409174072117 0)
(0.635720224933 0.0425955110153 0)
(0.616722681928 0.0442368281547 0)
(0.597545161008 0.0458348629227 0)
(0.57821723252 0.047382991711 0)
(0.558768698729 0.0488744736018 0)
(0.539229547864 0.0503024666263 0)
(0.51962990788 0.0516600499388 0)
(0.5 0.0529402520006 0)
(0.48037009212 0.0541360847013 0)
(0.460770452136 0.0552405831782 0)
(0.441231301271 0.0562468509246 0)
(0.42178276748 0.0571481096162 0)
(0.402454838992 0.0579377529269 0)
(0.383277318072 0.0586094034669 0)
(0.364279775067 0.0591569718462 0)
(0.345491502813 0.0595747167654 0)
(0.326941471461 0.0598573049508 0)
(0.308658283817 0.0599998696958 0)
(0.290670131231 0.0599980667425 0)
(0.27300475013 0.0598481262374 0)
(0.255689379252 0.0595468995253 0)
(0.238750717642 0.0590918996068 0)
(0.22221488349 0.0584813341725 0)
(0.206107373854 0.057714130244 0)
(0.190453025345 0.0567899495932 0)
(0.175275975835 0.0557091942774 0)
(0.160599627234 0.0544730018075 0)
(0.146446609407 0.0530832296688 0)
(0.132838745282 0.0515424291233 0)
(0.1197970172 0.0498538084362 0)
(0.10734153456 0.0480211858907 0)
(0.0954915028125 0.0460489331692 0)
(0.0842651938487 0.0439419098842 0)
(0.073679917823 0.0417053902403 0)
(0.0637519964636 0.0393449829824 0)
(0.0544967379058 0.0368665459432 0)
(0.0459284130875 0.0342760966327 0)
(0.0380602337444 0.0315797204167 0)
(0.0309043320388 0.0287834779003 0)
(0.0244717418524 0.0258933131749 0)
(0.0187723817732 0.0229149645895 0)
(0.0138150398012 0.0198538796804 0)
(0.00960735979838 0.016715135829 0)
(0.00615582970243 0.0135033681226 0)
(0.00346577152254 0.0102227057664 0)
(0.00154133313344 0.00687671823939 0)
(0.000385481879639 0.00346837220673 0)
(0 0 0)
(0.000385481879639 -0.00346837220673 0)
(0.00154133313344 -0.00687671823939 0)
(0.00346577152254 -0.0102227057664 0)
(0.00615582970243 -0.0135033681226 0)
(0.00960735979838 -0.016715135829 0)
(0.0138150398012 -0.0198538796804 0)
(0.0187723817732 -0.0229149645895 0)
(0.0244717418524 -0.0258933131749 0)
(0.0309043320388 -0.0287834779003 0)
(0.0380602337444 -0.0315797204167 0)
(0.0459284130875 -0.0342760966327 0)
(0.0544967379058 -0.0368665459432 0)
(0.0637519964636 -0.0393449829824 0)
(0.073679917823 -0.0417053902403 0)
(0.0842651938487 -0.0439419098842 0)
(0.0954915028125 -0.0460489331692 0)
(0.10734153456 -0.0480211858907 0)
(0.1197970172 -0.0498538084362 0)
(0.132838745282 -0.0515424291233 0)
(0.146446609407 -0.0530832296688 0)
(0.160599627234 -0.0544730018075 0)
(0.175275975835 -0.0557091942774 0)
(0.190453025345 -0.0567899495932 0)
(0.206107373854 -0.057714130244 0)
(0.22221488349 -0.0584813341725 0)
(0.238750717642 -0.0590918996068 0)
(0.255689379252 -0.0595468995253 0)
(0.27300475013 -0.0598481262374 0)
(0.290670131231 -0.0599980667425 0)
(0.308658283817 -0.0599998696958 0)
(0.326941471461 -0.0598573049508 0)
(0.345491502813 -0.0595747167654 0)
(0.364279775067 -0.0591569718462 0)
(0.383277318072 -0.0586094034669 0)
(0.402454838992 -0.0579377529269 0)
(0.42178276748 -0.0571481096162 0)
(0.441231301271 -0.0562468509246 0)
(0.460770452136 -0.0552405831782 0)
(0.48037009212 -0.0541360847013 0)
(0.5 -0.0529402520006 0)
(0.51962990788 -0.0516600499388 0)
(0.539229547864 -0.0503024666263 0)
(0.558768698729 -0.0488744736018 0)
(0.57821723252 -0.047382991711 0)
(0.597545161008 -0.0458348629227 0)
(0.616722681928 -0.0442368281547 0)
(0.635720224933 -0.0425955110153 0)
(0.654508497187 -0.0409174072117 0)
(0.673058528539 -0.0392088792303 0)
(0.691341716183 -0.0374761557654 0)
(0.709329868769 -0.0357253352608 0)
(0.72699524987 -0.0339623928385 0)
(0.744310620748 -0.0321931898196 0)
(0.761249282358 -0.0304234849991 0)
(0.77778511651 -0.0286589468173 0)
(0.793892626146 -0.0269051655718 0)
(0.809546974655 -0.0251676648476 0)
(0.824724024165 -0.0234519113906 0)
(0.839400372766 -0.0217633227235 0)
(0.853553390593 -0.0201072718943 0)
(0.867161254718 -0.0184890888552 0)
(0.8802029828 -0.0169140580875 0)
(0.89265846544 -0.0153874122192 0)
(0.904508497187 -0.0139143215158 0)
(0.915734806151 -0.0124998792616 0)
(0.926320082177 -0.0111490831831 0)
(0.936248003536 -0.00986681319671 0)
(0.945503262094 -0.00865780588179 0)
(0.954071586913 -0.00752662618836 0)
(0.961939766256 -0.00647763698284 0)
(0.969095667961 -0.00551496710895 0)
(0.975528258148 -0.00464247869779 0)
(0.981227618227 -0.00386373449574 0)
(0.986184960199 -0.00318196599206 0)
(0.990392640202 -0.00260004311919 0)
(0.993844170298 -0.00212044626858 0)
(0.996534228477 -0.00174524131334 0)
(0.998458666867 -0.00147605825887 0)
(0.99961451812 -0.00131407405492 0)
(1 -0.00126 0)
(5.94485894774 0.741780078698 0)
(1.6937095462 4.95290291926 0)
(1.69158233422 4.953200968 0)
(1.68804571965 4.95369554978 0)
(1.68311267457 4.95438345716 0)
(1.67680108956 4.95526028189 0)
(1.66913350767 4.95632049439 0)
(1.66013678838 4.95755754202 0)
(1.64984170593 4.95896396344 0)
(1.63828248757 4.96053151607 0)
(1.62549629786 4.96225131315 0)
(1.61152267619 4.96411396681 0)
(1.59640293535 4.96610973357 0)
(1.5801795295 4.96822865859 0)
(1.56289540089 4.97046071521 0)
(1.54459331442 4.97279593661 0)
(1.52531519 4.97522453659 0)
(1.50510144252 4.97773701698 0)
(1.48399033917 4.98032425958 0)
(1.46201738375 4.98297760085 0)
(1.43921473709 4.9856888881 0)
(1.41561068232 4.98845051633 0)
(1.39122914266 4.99125544522 0)
(1.36608925888 4.99409719603 0)
(1.34020503227 4.99696982862 0)
(1.31358503782 4.9998678988 0)
(1.28623221116 5.00278639658 0)
(1.25814371122 5.00572066588 0)
(1.22931085933 5.00866630649 0)
(1.19971915381 5.01161905892 0)
(1.16934835767 5.01457467304 0)
(1.13817265547 5.01752876137 0)
(1.10616087388 5.02047663777 0)
(1.07327675893 5.02341314265 0)
(1.03947930141 5.02633245557 0)
(1.00472310048 5.02922789635 0)
(0.96895875404 5.03209171573 0)
(0.932133262758 5.0349148768 0)
(0.894190433457 5.03768682816 0)
(0.855071265628 5.04039526996 0)
(0.814714303322 5.04302591332 0)
(0.773055932668 5.04556223348 0)
(0.730030603117 5.04798521625 0)
(0.685570947974 5.05027309605 0)
(0.639607776713 5.05240108273 0)
(0.592069907968 5.05434107188 0)
(0.542883807541 5.05606133105 0)
(0.491972990253 5.05752615017 0)
(0.439257137522 5.05869544003 0)
(0.384650873825 5.05952425635 0)
(0.32806213419 5.05996221861 0)
(0.269390040817 5.05995278231 0)
(0.208522188855 5.05943230888 0)
(0.145331218084 5.05832885879 0)
(0.0796705168584 5.05656060783 0)
(0.0113688648937 5.05403375172 0)
(-0.0597762310547 5.05063971637 0)
(-0.134006824248 5.04625142414 0)
(-0.211614846384 5.04071827067 0)
(-0.292954990555 5.03385933033 0)
(-0.378460859182 5.02545410777 0)
(-0.46866530203 5.01522985694 0)
(-0.564226170272 5.00284404455 0)
(-0.665959111881 4.98785985838 0)
(-0.774879553926 4.96971161694 0)
(-0.89225667043 4.94765530369 0)
(-1.01968289252 4.92069686031 0)
(-1.15916324011 4.88748672226 0)
(-1.31322901141 4.84616236494 0)
(-1.48507901571 4.79410973374 0)
(-1.67874572674 4.72759689394 0)
(-1.89926659626 4.6412058553 0)
(-2.15279620922 4.52694921921 0)
(-2.44648688202 4.37291459244 0)
(-2.78771969411 4.16127913371 0)
(-3.18176571707 3.86575889815 0)
(-3.62615821882 3.44953227558 0)
(-4.09970909569 2.86748643337 0)
(-4.54771523937 2.08154889417 0)
(-4.87856244333 1.09702547774 0)
(-5 0 0)
(-4.87856244333 -1.09702547774 0)
(-4.54771523937 -2.08154889417 0)
(-4.09970909569 -2.86748643337 0)
(-3.62615821882 -3.44953227558 0)
(-3.18176571707 -3.86575889815 0)
(-2.78771969411 -4.16127913371 0)
(-2.44648688202 -4.37291459244 0)
(-2.15279620922 -4.52694921921 0)
(-1.89926659626 -4.6412058553 0)
(-1.67874572674 -4.72759689394 0)
(-1.48507901571 -4.79410973374 0)
(-1.31322901141 -4.84616236494 0)
(-1.15916324011 -4.88748672226 0)
(-1.01968289252 -4.92069686031 0)
(-0.89225667043 -4.94765530369 0)
(-0.774879553926 -4.96971161694 0)
(-0.665959111881 -4.98785985838 0)
(-0.564226170272 -5.00284404455 0)
(-0.46866530203 -5.01522985694 0)
(-0.378460859182 -5.02545410777 0)
(-0.292954990555 -5.03385933033 0)
(-0.211614846384 -5.04071827067 0)
(-0.134006824248 -5.04625142414 0)
(-0.0597762310547 -5.05063971637 0)
(0.0113688648937 -5.05403375172 0)
(0.0796705168584 -5.05656060783 0)
(0.145331218084 -5.05832885879 0)
(0.208522188855 -5.05943230888 0)
(0.269390040817 -5.05995278231 0)
(0.32806213419 -5.05996221861 0)
(0.384650873825 -5.05952425635 0)
(0.439257137522 -5.05869544003 0)
(0.491972990253 -5.05752615017 0)
(0.542883807541 -5.05606133105 0)
(0.592069907968 -5.05434107188 0)
(0.639607776713 -5.05240108273 0)
(0.685570947974 -5.05027309605 0)
(0.730030603117 -5.04798521625 0)
(0.773055932668 -5.04556223348 0)
(0.814714303322 -5.04302591332 0)
(0.855071265628 -5.04039526996 0)
(0.894190433457 -5.03768682816 0)
(0.932133262758 -5.0349148768 0)
(0.96895875404 -5.03209171573 0)
(1.00472310048 -5.02922789635 0)
(1.03947930141 -5.02633245557 0)
(1.07327675893 -5.02341314265 0)
(1.10616087388 -5.02047663777 0)
(1.13817265547 -5.01752876137 0)
(1.16934835767 -5.01457467304 0)
(1.19971915381 -5.01161905892 0)
(1.22931085933 -5.00866630649 0)
(1.25814371122 -5.00572066588 0)
(1.28623221116 -5.00278639658 0)
(1.31358503782 -4.9998678988 0)
(1.34020503227 -4.99696982862 0)
(1.36608925888 -4.99409719603 0)
(1.39122914266 -4.99125544522 0)
(1.41561068232 -4.98845051633 0)
(1.43921473709 -4.9856888881 0)
(1.46201738375 -4.98297760085 0)
(1.48399033917 -4.98032425958 0)
(1.50510144252 -4.97773701698 0)
(1.52531519 -4.97522453659 0)
(1.54459331442 -4.97279593661 0)
(1.56289540089 -4.97046071521 0)
(1.5801795295 -4.96822865859 0)
(1.59640293535 -4.96610973357 0)
(1.61152267619 -4.96411396681 0)
(1.62549629786 -4.96225131315 0)
(1.63828248757 -4.96053151607 0)
(1.64984170593 -4.95896396344 0)
(1.66013678838 -4.95755754202 0)
(1.66913350767 -4.95632049439 0)
(1.67680108956 -4.95526028189 0)
(1.68311267457 -4.95438345716 0)
(1.68804571965 -4.95369554978 0)
(1.69158233422 -4.953200968 0)
(1.6937095462 -4.95290291926 0)
(5.94485894774 -0.741780078698 0)
(1 0.00126 0.01)
(0.99961451812 0.00131407405492 0.01)
(0.998458666867 0.00147605825887 0.01)
(0.996534228477 0.00174524131334 0.01)
(0.993844170298 0.00212044626858 0.01)
(0.990392640202 0.00260004311919 0.01)
(0.986184960199 0.00318196599206 0.01)
(0.981227618227 0.00386373449574 0.01)
(0.975528258148 0.00464247869779 0.01)
(0.969095667961 0.00551496710895 0.01)
(0.961939766256 0.00647763698284 0.01)
(0.954071586913 0.00752662618836 0.01)
(0.945503262094 0.00865780588179 0.01)
(0.936248003536 0.00986681319671 0.01)
(0.926320082177 0.0111490831831 0.01)
(0.915734806151 0.0124998792616 0.01)
(0.904508497187 0.0139143215158 0.01)
(0.89265846544 0.0153874122192 0.01)
(0.8802029828 0.0169140580875 0.01)
(0.867161254718 0.0184890888552 0.01)
(0.853553390593 0.0201072718943 0.01)
(0.839400372766 0.0217633227235 0.01)
(0.824724024165 0.0234519113906 0.01)
(0.809546974655 0.0251676648476 0.01)
(0.793892626146 0.0269051655718 0.01)
(0.77778511651 0.0286589468173 0.01)
(0.761249282358 0.0304234849991 0.01)
(0.744310620748 0.0321931898196 0.01)
(0.72699524987 0.0339623928385 0.01)
(0.709329868769 0.0357253352608 0.01)
(0.691341716183 0.0374761557654 0.01)
(0.673058528539 0.0392088792303 0.01)
(0.654508497187 0.0409174072117 0.01)
(0.635720224933 0.0425955110153 0.01)
(0.616722681928 0.0442368281547 0.01)
(0.597545161008 0.0458348629227 0.01)
(0.57821723252 0.047382991711 0.01)
(0.558768698729 0.0488744736018 0.01)
(0.539229547864 0.0503024666263 0.01)
(0.51962990788 0.0516600499388 0.01)
(0.5 0.0529402520006 0.01)
(0.48037009212 0.0541360847013 0.01)
(0.460770452136 0.0552405831782 0.01)
(0.441231301271 0.0562468509246 0.01)
(0.42178276748 0.0571481096162 0.01)
(0.402454838992 0.0579377529269 0.01)
(0.383277318072 0.0586094034669 0.01)
(0.364279775067 0.0591569718462 0.01)
(0.345491502813 0.0595747167654 0.01)
(0.326941471461 0.0598573049508 0.01)
(0.308658283817 0.0599998696958 0.01)
(0.290670131231 0.0599980667425 0.01)
(0.27300475013 0.0598481262374 0.01)
(0.255689379252 0.0595468995253 0.01)
(0.238750717642 0.0590918996068 0.01)
(0.22221488349 0.0584813341725 0.01)
(0.206107373854 0.057714130244 0.01)
(0.190453025345 0.0567899495932 0.01)
(0.175275975835 0.0557091942774 0.01)
(0.160599627234 0.0544730018075 0.01)
(0.146446609407 0.0530832296688 0.01)
(0.132838745282 0.0515424291233 0.01)
(0.1197970172 0.0498538084362 0.01)
(0.10734153456 0.0480211858907 0.01)
(0.0954915028125 0.0460489331692 0.01)
(0.0842651938487 0.0439419098842 0.01)
(0.073679917823 0.0417053902403 0.01)
(0.0637519964636 0.0393449829824 0.01)
(0.0544967379058 0.0368665459432 0.01)
(0.0459284130875 0.0342760966327 0.01)
(0.0380602337444 0.0315797204167 0.01)
(0.0309043320388 0.0287834779003 0.01)
(0.0244717418524 0.0258933131749 0.01)
(0.0187723817732 0.0229149645895 0.01)
(0.0138150398012 0.0198538796804 0.01)
(0.00960735979838 0.016715135829 0.01)
(0.00615582970243 0.0135033681226 0.01)
(0.00346577152254 0.0102227057664 0.01)
(0.00154133313344 0.00687671823939 0.01)
(0.000385481879639 0.00346837220673 0.01)
(0 0 0.01)
(0.000385481879639 -0.00346837220673 0.01)
(0.00154133313344 -0.00687671823939 0.01)
(0.00346577152254 -0.0102227057664 0.01)
(0.00615582970243 -0.0135033681226 0.01)
(0.00960735979838 -0.016715135829 0.01)
(0.0138150398012 -0.0198538796804 0.01)
(0.0187723817732 -0.0229149645895 0.01)
(0.0244717418524 -0.0258933131749 0.01)
(0.0309043320388 -0.0287834779003 0.01)
(0.0380602337444 -0.0315797204167 0.01)
(0.0459284130875 -0.0342760966327 0.01)
(0.0544967379058 -0.0368665459432 0.01)
(0.0637519964636 -0.0393449829824 0.01)
(0.073679917823 -0.0417053902403 0.01)
(0.0842651938487 -0.0439419098842 0.01)
(0.0954915028125 -0.0460489331692 0.01)
(0.10734153456 -0.0480211858907 0.01)
(0.1197970172 -0.0498538084362 0.01)
(0.132838745282 -0.0515424291233 0.01)
(0.146446609407 -0.0530832296688 0.01)
(0.160599627234 -0.0544730018075 0.01)
(0.175275975835 -0.0557091942774 0.01)
(0.190453025345 -0.0567899495932 0.01)
(0.206107373854 -0.057714130244 0.01)
(0.22221488349 -0.0584813341725 0.01)
(0.238750717642 -0.0590918996068 0.01)
(0.255689379252 -0.0595468995253 0.01)
(0.27300475013 -0.0598481262374 0.01)
(0.290670131231 -0.0599980667425 0.01)
(0.308658283817 -0.0599998696958 0.01)
(0.326941471461 -0.0598573049508 0.01)
(0.345491502813 -0.0595747167654 0.01)
(0.364279775067 -0.0591569718462 0.01)
(0.383277318072 -0.0586094034669 0.01)
(0.402454838992 -0.0579377529269 0.01)
(0.42178276748 -0.0571481096162 0.01)
(0.441231301271 -0.0562468509246 0.01)
(0.460770452136 -0.0552405831782 0.01)
(0.48037009212 -0.0541360847013 0.01)
(0.5 -0.0529402520006 0.01)
(0.51962990788 -0.0516600499388 0.01)
(0.539229547864 -0.0503024666263 0.01)
(0.558768698729 -0.0488744736018 0.01)
(0.57821723252 -0.047382991711 0.01)
(0.597545161008 -0.0458348629227 0.01)
(0.616722681928 -0.0442368281547 0.01)
(0.635720224933 -0.0425955110153 0.01)
(0.654508497187 -0.0409174072117 0.01)
(0.673058528539 -0.0392088792303 0.01)
(0.691341716183 -0.0374761557654 0.01)
(0.709329868769 -0.0357253352608 0.01)
(0.72699524987 -0.0339623928385 0.01)
(0.744310620748 -0.0321931898196 0.01)
(0.761249282358 -0.0304234849991 0.01)
(0.77778511651 -0.0286589468173 0.01)
(0.793892626146 -0.0269051655718 0.01)
(0.809546974655 -0.0251676648476 0.01)
(0.824724024165 -0.0234519113906 0.01)
(0.839400372766 -0.0217633227235 0.01)
(0.853553390593 -0.0201072718943 0.01)
(0.867161254718 -0.0184890888552 0.01)
(0.8802029828 -0.0169140580875 0.01)
(0.89265846544 -0.0153874122192 0.01)
(0.904508497187 -0.0139143215158 0.01)
(0.915734806151 -0.0124998792616 0.01)
(0.926320082177 -0.0111490831831 0.01)
(0.936248003536 -0.00986681319671 0.01)
(0.945503262094 -0.00865780588179 0.01)
(0.954071586913 -0.00752662618836 0.01)
(0.961939766256 -0.00647763698284 0.01)
(0.969095667961 -0.00551496710895 0.01)
(0.975528258148 -0.00464247869779 0.01)
(0.981227618227 -0.00386373449574 0.01)
(0.986184960199 -0.00318196599206 0.01)
(0.990392640202 -0.00260004311919 0.01)
(0.993844170298 -0.00212044626858 0.01)
(0.996534228477 -0.00174524131334 0.01)
(0.998458666867 -0.00147605825887 0.01)
(0.99961451812 -0.00131407405492 0.01)
(1 -0.00126 0.01)
(5.94485894774 0.741780078698 0.01)
(1.6937095462 4.95290291926 0.01)
(1.69158233422 4.953200968 0.01)
(1.68804571965 4.95369554978 0.01)
(1.68311267457 4.95438345716 0.01)
(1.67680108956 4.95526028189 0.01)
(1.66913350767 4.95632049439 0.01)
(1.66013678838 4.95755754202 0.01)
(1.64984170593 4.95896396344 0.01)
(1.63828248757 4.96053151607 0.01)
(1.62549629786 4.96225131315 0.01)
(1.61152267619 4.96411396681 0.01)
(1.59640293535 4.96610973357 0.01)
(1.5801795295 4.96822865859 0.01)
(1.56289540089 4.97046071521 0.01)
(1.54459331442 4.97279593661 0.01)
(1.52531519 4.97522453659 0.01)
(1.50510144252 4.97773701698 0.01)
(1.48399033917 4.98032425958 0.01)
(1.46201738375 4.98297760085 0.01)
(1.43921473709 4.9856888881 0.01)
(1.41561068232 4.98845051633 0.01)
(1.39122914266 4.99125544522 0.01)
(1.36608925888 4.99409719603 0.01)
(1.34020503227 4.99696982862 0.01)
(1.31358503782 4.9998678988 0.01)
(1.28623221116 5.00278639658 0.01)
(1.25814371122 5.00572066588 0.01)
(1.22931085933 5.00866630649 0.01)
(1.19971915381 5.01161905892 0.01)
(1.16934835767 5.01457467304 0.01)
(1.13817265547 5.01752876137 0.01)
(1.10616087388 5.02047663777 0.01)
(1.07327675893 5.02341314265 0.01)
(1.03947930141 5.02633245557 0.01)
(1.00472310048 5.02922789635 0.01)
(0.96895875404 5.03209171573 0.01)
(0.932133262758 5.0349148768 0.01)
(0.894190433457 5.03768682816 0.01)
(0.855071265628 5.04039526996 0.01)
(0.814714303322 5.04302591332 0.01)
(0.773055932668 5.04556223348 0.01)
(0.730030603117 5.04798521625 0.01)
(0.685570947974 5.05027309605 0.01)
(0.639607776713 5.05240108273 0.01)
(0.592069907968 5.05434107188 0.01)
(0.542883807541 5.05606133105 0.01)
(0.491972990253 5.05752615017 0.01)
(0.439257137522 5.05869544003 0.01)
(0.384650873825 5.05952425635 0.01)
(0.32806213419 5.05996221861 0.01)
(0.269390040817 5.05995278231 0.01)
(0.208522188855 5.05943230888 0.01)
(0.145331218084 5.05832885879 0.01)
(0.0796705168584 5.05656060783 0.01)
(0.0113688648937 5.05403375172 0.01)
(-0.0597762310547 5.05063971637 0.01)
(-0.134006824248 5.04625142414 0.01)
(-0.211614846384 5.04071827067 0.01)
(-0.292954990555 5.03385933033 0.01)
(-0.378460859182 5.02545410777 0.01)
(-0.46866530203 5.01522985694 0.01)
(-0.564226170272 5.00284404455 0.01)
(-0.665959111881 4.98785985838 0.01)
(-0.774879553926 4.96971161694 0.01)
(-0.89225667043 4.94765530369 0.01)
(-1.01968289252 4.92069686031 0.01)
(-1.15916324011 4.88748672226 0.01)
(-1.31322901141 4.84616236494 0.01)
(-1.48507901571 4.79410973374 0.01)
(-1.67874572674 4.72759689394 0.01)
(-1.89926659626 4.6412058553 0.01)
(-2.15279620922 4.52694921921 0.01)
(-2.44648688202 4.37291459244 0.01)
(-2.78771969411 4.16127913371 0.01)
(-3.18176571707 3.86575889815 0.01)
(-3.62615821882 3.44953227558 0.01)
(-4.09970909569 2.86748643337 0.01)
(-4.54771523937 2.08154889417 0.01)
(-4.87856244333 1.09702547774 0.01)
(-5 0 0.01)
(-4.87856244333 -1.09702547774 0.01)
(-4.54771523937 -2.08154889417 0.01)
(-4.09970909569 -2.86748643337 0.01)
(-3.62615821882 -3.44953227558 0.01)
(-3.18176571707 -3.86575889815 0.01)
(-2.78771969411 -4.16127913371 0.01)
(-2.44648688202 -4.37291459244 0.01)
(-2.15279620922 -4.52694921921 0.01)
(-1.89926659626 -4.6412058553 0.01)
(-1.67874572674 -4.72759689394 0.01)
(-1.48507901571 -4.79410973374 0.01)
(-1.31322901141 -4.84616236494 0.01)
(-1.15916324011 -4.88748672226 0.01)
(-1.01968289252 -4.92069686031 0.01)
(-0.89225667043 -4.94765530369 0.01)
(-0.774879553926 -4.96971161694 0.01)
(-0.665959111881 -4.98785985838 0.01)
(-0.564226170272 -5.00284404455 0.01)
(-0.46866530203 -5.01522985694 0.01)
(-0.378460859182 -5.02545410777 0.01)
(-0.292954990555 -5.03385933033 0.01)
(-0.211614846384 -5.04071827067 0.01)
(-0.134006824248 -5.04625142414 0.01)
(-0.0597762310547 -5.05063971637 0.01)
(0.0113688648937 -5.05403375172 0.01)
(0.0796705168584 -5.05656060783 0.01)
(0.145331218084 -5.05832885879 0.01)
(0.208522188855 -5.05943230888 0.01)
(0.269390040817 -5.05995278231 0.01)
(0.32806213419 -5.05996221861 0.01)
(0.384650873825 -5.05952425635 0.01)
(0.439257137522 -5.05869544003 0.01)
(0.491972990253 -5.05752615017 0.01)
(0.542883807541 -5.05606133105 0.01)
(0.592069907968 -5.05434107188 0.01)
(0.639607776713 -5.05240108273 0.01)
(0.685570947974 -5.05027309605 0.01)
(0.730030603117 -5.04798521625 0.01)
(0.773055932668 -5.04556223348 0.01)
(0.814714303322 -5.04302591332 0.01)
(0.855071265628 -5.04039526996 0.01)
(0.894190433457 -5.03768682816 0.01)
(0.932133262758 -5.0349148768 0.01)
(0.96895875404 -5.03209171573 0.01)
(1.00472310048 -5.02922789635 0.01)
(1.03947930141 -5.02633245557 0.01)
(1.07327675893 -5.02341314265 0.01)
(1.10616087388 -5.02047663777 0.01)
(1.13817265547 -5.01752876137 0.01)
(1.16934835767 -5.01457467304 0.01)
(1.19971915381 -5.01161905892 0.01)
(1.22931085933 -5.00866630649 0.01)
(1.25814371122 -5.00572066588 0.01)
(1.28623221116 -5.00278639658 0.01)
(1.31358503782 -4.9998678988 0.01)
(1.34020503227 -4.99696982862 0.01)
(1.36608925888 -4.99409719603 0.01)
(1.39122914266 -4.99125544522 0.01)
(1.41561068232 -4.98845051633 0.01)
(1.43921473709 -4.9856888881 0.01)
(1.46201738375 -4.98297760085 0.01)
(1.48399033917 -4.98032425958 0.01)
(1.50510144252 -4.97773701698 0.01)
(1.52531519 -4.97522453659 0.01)
(1.54459331442 -4.97279593661 0.01)
(1.56289540089 -4.97046071521 0.01)
(1.5801795295 -4.96822865859 0.01)
(1.59640293535 -4.96610973357 0.01)
(1.61152267619 -4.96411396681 0.01)
(1.62549629786 -4.96225131315 0.01)
(1.63828248757 -4.96053151607 0.01)
(1.64984170593 -4.95896396344 0.01)
(1.66013678838 -4.95755754202 0.01)
(1.66913350767 -4.95632049439 0.01)
(1.67680108956 -4.95526028189 0.01)
(1.68311267457 -4.95438345716 0.01)
(1.68804571965 -4.95369554978 0.01)
(1.69158233422 -4.953200968 0.01)
(1.6937095462 -4.95290291926 0.01)
(5.94485894774 -0.741780078698 0.01)
);
blocks
(
    hex (0 161 162 1 322 483 484 323) (80 1 1) simpleGrading (80 1 1)
hex (1 162 163 2 323 484 485 324) (80 1 1) simpleGrading (80 1 1)
hex (2 163 164 3 324 485 486 325) (80 1 1) simpleGrading (80 1 1)
hex (3 164 165 4 325 486 487 326) (80 1 1) simpleGrading (80 1 1)
hex (4 165 166 5 326 487 488 327) (80 1 1) simpleGrading (80 1 1)
hex (5 166 167 6 327 488 489 328) (80 1 1) simpleGrading (80 1 1)
hex (6 167 168 7 328 489 490 329) (80 1 1) simpleGrading (80 1 1)
hex (7 168 169 8 329 490 491 330) (80 1 1) simpleGrading (80 1 1)
hex (8 169 170 9 330 491 492 331) (80 1 1) simpleGrading (80 1 1)
hex (9 170 171 10 331 492 493 332) (80 1 1) simpleGrading (80 1 1)
hex (10 171 172 11 332 493 494 333) (80 1 1) simpleGrading (80 1 1)
hex (11 172 173 12 333 494 495 334) (80 1 1) simpleGrading (80 1 1)
hex (12 173 174 13 334 495 496 335) (80 1 1) simpleGrading (80 1 1)
hex (13 174 175 14 335 496 497 336) (80 1 1) simpleGrading (80 1 1)
hex (14 175 176 15 336 497 498 337) (80 1 1) simpleGrading (80 1 1)
hex (15 176 177 16 337 498 499 338) (80 1 1) simpleGrading (80 1 1)
hex (16 177 178 17 338 499 500 339) (80 1 1) simpleGrading (80 1 1)
hex (17 178 179 18 339 500 501 340) (80 1 1) simpleGrading (80 1 1)
hex (18 179 180 19 340 501 502 341) (80 1 1) simpleGrading (80 1 1)
hex (19 180 181 20 341 502 503 342) (80 1 1) simpleGrading (80 1 1)
hex (20 181 182 21 342 503 504 343) (80 1 1) simpleGrading (80 1 1)
hex (21 182 183 22 343 504 505 344) (80 1 1) simpleGrading (80 1 1)
hex (22 183 184 23 344 505 506 345) (80 1 1) simpleGrading (80 1 1)
hex (23 184 185 24 345 506 507 346) (80 1 1) simpleGrading (80 1 1)
hex (24 185 186 25 346 507 508 347) (80 1 1) simpleGrading (80 1 1)
hex (25 186 187 26 347 508 509 348) (80 1 1) simpleGrading (80 1 1)
hex (26 187 188 27 348 509 510 349) (80 1 1) simpleGrading (80 1 1)
hex (27 188 189 28 349 510 511 350) (80 1 1) simpleGrading (80 1 1)
hex (28 189 190 29 350 511 512 351) (80 1 1) simpleGrading (80 1 1)
hex (29 190 191 30 351 512 513 352) (80 1 1) simpleGrading (80 1 1)
hex (30 191 192 31 352 513 514 353) (80 1 1) simpleGrading (80 1 1)
hex (31 192 193 32 353 514 515 354) (80 1 1) simpleGrading (80 1 1)
hex (32 193 194 33 354 515 516 355) (80 1 1) simpleGrading (80 1 1)
hex (33 194 195 34 355 516 517 356) (80 1 1) simpleGrading (80 1 1)
hex (34 195 196 35 356 517 518 357) (80 1 1) simpleGrading (80 1 1)
hex (35 196 197 36 357 518 519 358) (80 1 1) simpleGrading (80 1 1)
hex (36 197 198 37 358 519 520 359) (80 1 1) simpleGrading (80 1 1)
hex (37 198 199 38 359 520 521 360) (80 1 1) simpleGrading (80 1 1)
hex (38 199 200 39 360 521 522 361) (80 1 1) simpleGrading (80 1 1)
hex (39 200 201 40 361 522 523 362) (80 1 1) simpleGrading (80 1 1)
hex (40 201 202 41 362 523 524 363) (80 1 1) simpleGrading (80 1 1)
hex (41 202 203 42 363 524 525 364) (80 1 1) simpleGrading (80 1 1)
hex (42 203 204 43 364 525 526 365) (80 1 1) simpleGrading (80 1 1)
hex (43 204 205 44 365 526 527 366) (80 1 1) simpleGrading (80 1 1)
hex (44 205 206 45 366 527 528 367) (80 1 1) simpleGrading (80 1 1)
hex (45 206 207 46 367 528 529 368) (80 1 1) simpleGrading (80 1 1)
hex (46 207 208 47 368 529 530 369) (80 1 1) simpleGrading (80 1 1)
hex (47 208 209 48 369 530 531 370) (80 1 1) simpleGrading (80 1 1)
hex (48 209 210 49 370 531 532 371) (80 1 1) simpleGrading (80 1 1)
hex (49 210 211 50 371 532 533 372) (80 1 1) simpleGrading (80 1 1)
hex (50 211 212 51 372 533 534 373) (80 1 1) simpleGrading (80 1 1)
hex (51 212 213 52 373 534 535 374) (80 1 1) simpleGrading (80 1 1)
hex (52 213 214 53 374 535 536 375) (80 1 1) simpleGrading (80 1 1)
hex (53 214 215 54 375 536 537 376) (80 1 1) simpleGrading (80 1 1)
hex (54 215 216 55 376 537 538 377) (80 1 1) simpleGrading (80 1 1)
hex (55 216 217 56 377 538 539 378) (80 1 1) simpleGrading (80 1 1)
hex (56 217 218 57 378 539 540 379) (80 1 1) simpleGrading (80 1 1)
hex (57 218 219 58 379 540 541 380) (80 1 1) simpleGrading (80 1 1)
hex (58 219 220 59 380 541 542 381) (80 1 1) simpleGrading (80 1 1)
hex (59 220 221 60 381 542 543 382) (80 1 1) simpleGrading (80 1 1)
hex (60 221 222 61 382 543 544 383) (80 1 1) simpleGrading (80 1 1)
hex (61 222 223 62 383 544 545 384) (80 1 1) simpleGrading (80 1 1)
hex (62 223 224 63 384 545 546 385) (80 1 1) simpleGrading (80 1 1)
hex (63 224 225 64 385 546 547 386) (80 1 1) simpleGrading (80 1 1)
hex (64 225 226 65 386 547 548 387) (80 1 1) simpleGrading (80 1 1)
hex (65 226 227 66 387 548 549 388) (80 1 1) simpleGrading (80 1 1)
hex (66 227 228 67 388 549 550 389) (80 1 1) simpleGrading (80 1 1)
hex (67 228 229 68 389 550 551 390) (80 1 1) simpleGrading (80 1 1)
hex (68 229 230 69 390 551 552 391) (80 1 1) simpleGrading (80 1 1)
hex (69 230 231 70 391 552 553 392) (80 1 1) simpleGrading (80 1 1)
hex (70 231 232 71 392 553 554 393) (80 1 1) simpleGrading (80 1 1)
hex (71 232 233 72 393 554 555 394) (80 1 1) simpleGrading (80 1 1)
hex (72 233 234 73 394 555 556 395) (80 1 1) simpleGrading (80 1 1)
hex (73 234 235 74 395 556 557 396) (80 1 1) simpleGrading (80 1 1)
hex (74 235 236 75 396 557 558 397) (80 1 1) simpleGrading (80 1 1)
hex (75 236 237 76 397 558 559 398) (80 1 1) simpleGrading (80 1 1)
hex (76 237 238 77 398 559 560 399) (80 1 1) simpleGrading (80 1 1)
hex (77 238 239 78 399 560 561 400) (80 1 1) simpleGrading (80 1 1)
hex (78 239 240 79 400 561 562 401) (80 1 1) simpleGrading (80 1 1)
hex (79 240 241 80 401 562 563 402) (80 1 1) simpleGrading (80 1 1)
hex (80 241 242 81 402 563 564 403) (80 1 1) simpleGrading (80 1 1)
hex (81 242 243 82 403 564 565 404) (80 1 1) simpleGrading (80 1 1)
hex (82 243 244 83 404 565 566 405) (80 1 1) simpleGrading (80 1 1)
hex (83 244 245 84 405 566 567 406) (80 1 1) simpleGrading (80 1 1)
hex (84 245 246 85 406 567 568 407) (80 1 1) simpleGrading (80 1 1)
hex (85 246 247 86 407 568 569 408) (80 1 1) simpleGrading (80 1 1)
hex (86 247 248 87 408 569 570 409) (80 1 1) simpleGrading (80 1 1)
hex (87 248 249 88 409 570 571 410) (80 1 1) simpleGrading (80 1 1)
hex (88 249 250 89 410 571 572 411) (80 1 1) simpleGrading (80 1 1)
hex (89 250 251 90 411 572 573 412) (80 1 1) simpleGrading (80 1 1)
hex (90 251 252 91 412 573 574 413) (80 1 1) simpleGrading (80 1 1)
hex (91 252 253 92 413 574 575 414) (80 1 1) simpleGrading (80 1 1)
hex (92 253 254 93 414 575 576 415) (80 1 1) simpleGrading (80 1 1)
hex (93 254 255 94 415 576 577 416) (80 1 1) simpleGrading (80 1 1)
hex (94 255 256 95 416 577 578 417) (80 1 1) simpleGrading (80 1 1)
hex (95 256 257 96 417 578 579 418) (80 1 1) simpleGrading (80 1 1)
hex (96 257 258 97 418 579 580 419) (80 1 1) simpleGrading (80 1 1)
hex (97 258 259 98 419 580 581 420) (80 1 1) simpleGrading (80 1 1)
hex (98 259 260 99 420 581 582 421) (80 1 1) simpleGrading (80 1 1)
hex (99 260 261 100 421 582 583 422) (80 1 1) simpleGrading (80 1 1)
hex (100 261 262 101 422 583 584 423) (80 1 1) simpleGrading (80 1 1)
hex (101 262 263 102 423 584 585 424) (80 1 1) simpleGrading (80 1 1)
hex (102 263 264 103 424 585 586 425) (80 1 1) simpleGrading (80 1 1)
hex (103 264 265 104 425 586 587 426) (80 1 1) simpleGrading (80 1 1)
hex (104 265 266 105 426 587 588 427) (80 1 1) simpleGrading (80 1 1)
hex (105 266 267 106 427 588 589 428) (80 1 1) simpleGrading (80 1 1)
hex (106 267 268 107 428 589 590 429) (80 1 1) simpleGrading (80 1 1)
hex (107 268 269 108 429 590 591 430) (80 1 1) simpleGrading (80 1 1)
hex (108 269 270 109 430 591 592 431) (80 1 1) simpleGrading (80 1 1)
hex (109 270 271 110 431 592 593 432) (80 1 1) simpleGrading (80 1 1)
hex (110 271 272 111 432 593 594 433) (80 1 1) simpleGrading (80 1 1)
hex (111 272 273 112 433 594 595 434) (80 1 1) simpleGrading (80 1 1)
hex (112 273 274 113 434 595 596 435) (80 1 1) simpleGrading (80 1 1)
hex (113 274 275 114 435 596 597 436) (80 1 1) simpleGrading (80 1 1)
hex (114 275 276 115 436 597 598 437) (80 1 1) simpleGrading (80 1 1)
hex (115 276 277 116 437 598 599 438) (80 1 1) simpleGrading (80 1 1)
hex (116 277 278 117 438 599 600 439) (80 1 1) simpleGrading (80 1 1)
hex (117 278 279 118 439 600 601 440) (80 1 1) simpleGrading (80 1 1)
hex (118 279 280 119 440 601 602 441) (80 1 1) simpleGrading (80 1 1)
hex (119 280 281 120 441 602 603 442) (80 1 1) simpleGrading (80 1 1)
hex (120 281 282 121 442 603 604 443) (80 1 1) simpleGrading (80 1 1)
hex (121 282 283 122 443 604 605 444) (80 1 1) simpleGrading (80 1 1)
hex (122 283 284 123 444 605 606 445) (80 1 1) simpleGrading (80 1 1)
hex (123 284 285 124 445 606 607 446) (80 1 1) simpleGrading (80 1 1)
hex (124 285 286 125 446 607 608 447) (80 1 1) simpleGrading (80 1 1)
hex (125 286 287 126 447 608 609 448) (80 1 1) simpleGrading (80 1 1)
hex (126 287 288 127 448 609 610 449) (80 1 1) simpleGrading (80 1 1)
hex (127 288 289 128 449 610 611 450) (80 1 1) simpleGrading (80 1 1)
hex (128 289 290 129 450 611 612 451) (80 1 1) simpleGrading (80 1 1)
hex (129 290 291 130 451 612 613 452) (80 1 1) simpleGrading (80 1 1)
hex (130 291 292 131 452 613 614 453) (80 1 1) simpleGrading (80 1 1)
hex (131 292 293 132 453 614 615 454) (80 1 1) simpleGrading (80 1 1)
hex (132 293 294 133 454 615 616 455) (80 1 1) simpleGrading (80 1 1)
hex (133 294 295 134 455 616 617 456) (80 1 1) simpleGrading (80 1 1)
hex (134 295 296 135 456 617 618 457) (80 1 1) simpleGrading (80 1 1)
hex (135 296 297 136 457 618 619 458) (80 1 1) simpleGrading (80 1 1)
hex (136 297 298 137 458 619 620 459) (80 1 1) simpleGrading (80 1 1)
hex (137 298 299 138 459 620 621 460) (80 1 1) simpleGrading (80 1 1)
hex (138 299 300 139 460 621 622 461) (80 1 1) simpleGrading (80 1 1)
hex (139 300 301 140 461 622 623 462) (80 1 1) simpleGrading (80 1 1)
hex (140 301 302 141 462 623 624 463) (80 1 1) simpleGrading (80 1 1)
hex (141 302 303 142 463 624 625 464) (80 1 1) simpleGrading (80 1 1)
hex (142 303 304 143 464 625 626 465) (80 1 1) simpleGrading (80 1 1)
hex (143 304 305 144 465 626 627 466) (80 1 1) simpleGrading (80 1 1)
hex (144 305 306 145 466 627 628 467) (80 1 1) simpleGrading (80 1 1)
hex (145 306 307 146 467 628 629 468) (80 1 1) simpleGrading (80 1 1)
hex (146 307 308 147 468 629 630 469) (80 1 1) simpleGrading (80 1 1)
hex (147 308 309 148 469 630 631 470) (80 1 1) simpleGrading (80 1 1)
hex (148 309 310 149 470 631 632 471) (80 1 1) simpleGrading (80 1 1)
hex (149 310 311 150 471 632 633 472) (80 1 1) simpleGrading (80 1 1)
hex (150 311 312 151 472 633 634 473) (80 1 1) simpleGrading (80 1 1)
hex (151 312 313 152 473 634 635 474) (80 1 1) simpleGrading (80 1 1)
hex (152 313 314 153 474 635 636 475) (80 1 1) simpleGrading (80 1 1)
hex (153 314 315 154 475 636 637 476) (80 1 1) simpleGrading (80 1 1)
hex (154 315 316 155 476 637 638 477) (80 1 1) simpleGrading (80 1 1)
hex (155 316 317 156 477 638 639 478) (80 1 1) simpleGrading (80 1 1)
hex (156 317 318 157 478 639 640 479) (80 1 1) simpleGrading (80 1 1)
hex (157 318 319 158 479 640 641 480) (80 1 1) simpleGrading (80 1 1)
hex (158 319 320 159 480 641 642 481) (80 1 1) simpleGrading (80 1 1)
hex (159 320 321 160 481 642 643 482) (80 1 1) simpleGrading (80 1 1)
hex (160 321 161 0 482 643 483 322) (80 1 1) simpleGrading (80 1 1)
);
edges ();
boundary
(
    FARFIELD { type patch; faces ((161 162 484 483) (162 163 485 484) (163 164 486 485) (164 165 487 486) (165 166 488 487) (166 167 489 488) (167 168 490 489) (168 169 491 490) (169 170 492 491) (170 171 493 492) (171 172 494 493) (172 173 495 494) (173 174 496 495) (174 175 497 496) (175 176 498 497) (176 177 499 498) (177 178 500 499) (178 179 501 500) (179 180 502 501) (180 181 503 502) (181 182 504 503) (182 183 505 504) (183 184 506 505) (184 185 507 506) (185 186 508 507) (186 187 509 508) (187 188 510 509) (188 189 511 510) (189 190 512 511) (190 191 513 512) (191 192 514 513) (192 193 515 514) (193 194 516 515) (194 195 517 516) (195 196 518 517) (196 197 519 518) (197 198 520 519) (198 199 521 520) (199 200 522 521) (200 201 523 522) (201 202 524 523) (202 203 525 524) (203 204 526 525) (204 205 527 526) (205 206 528 527) (206 207 529 528) (207 208 530 529) (208 209 531 530) (209 210 532 531) (210 211 533 532) (211 212 534 533) (212 213 535 534) (213 214 536 535) (214 215 537 536) (215 216 538 537) (216 217 539 538) (217 218 540 539) (218 219 541 540) (219 220 542 541) (220 221 543 542) (221 222 544 543) (222 223 545 544) (223 224 546 545) (224 225 547 546) (225 226 548 547) (226 227 549 548) (227 228 550 549) (228 229 551 550) (229 230 552 551) (230 231 553 552) (231 232 554 553) (232 233 555 554) (233 234 556 555) (234 235 557 556) (235 236 558 557) (236 237 559 558) (237 238 560 559) (238 239 561 560) (239 240 562 561) (240 241 563 562) (241 242 564 563) (242 243 565 564) (243 244 566 565) (244 245 567 566) (245 246 568 567) (246 247 569 568) (247 248 570 569) (248 249 571 570) (249 250 572 571) (250 251 573 572) (251 252 574 573) (252 253 575 574) (253 254 576 575) (254 255 577 576) (255 256 578 577) (256 257 579 578) (257 258 580 579) (258 259 581 580) (259 260 582 581) (260 261 583 582) (261 262 584 583) (262 263 585 584) (263 264 586 585) (264 265 587 586) (265 266 588 587) (266 267 589 588) (267 268 590 589) (268 269 591 590) (269 270 592 591) (270 271 593 592) (271 272 594 593) (272 273 595 594) (273 274 596 595) (274 275 597 596) (275 276 598 597) (276 277 599 598) (277 278 600 599) (278 279 601 600) (279 280 602 601) (280 281 603 602) (281 282 604 603) (282 283 605 604) (283 284 606 605) (284 285 607 606) (285 286 608 607) (286 287 609 608) (287 288 610 609) (288 289 611 610) (289 290 612 611) (290 291 613 612) (291 292 614 613) (292 293 615 614) (293 294 616 615) (294 295 617 616) (295 296 618 617) (296 297 619 618) (297 298 620 619) (298 299 621 620) (299 300 622 621) (300 301 623 622) (301 302 624 623) (302 303 625 624) (303 304 626 625) (304 305 627 626) (305 306 628 627) (306 307 629 628) (307 308 630 629) (308 309 631 630) (309 310 632 631) (310 311 633 632) (311 312 634 633) (312 313 635 634) (313 314 636 635) (314 315 637 636) (315 316 638 637) (316 317 639 638) (317 318 640 639) (318 319 641 640) (319 320 642 641) (320 321 643 642) (321 161 483 643)); }
    WALL10 { type wall; faces ((0 322 323 1) (1 323 324 2) (2 324 325 3) (3 325 326 4) (4 326 327 5) (5 327 328 6) (6 328 329 7) (7 329 330 8) (8 330 331 9) (9 331 332 10) (10 332 333 11) (11 333 334 12) (12 334 335 13) (13 335 336 14) (14 336 337 15) (15 337 338 16) (16 338 339 17) (17 339 340 18) (18 340 341 19) (19 341 342 20) (20 342 343 21) (21 343 344 22) (22 344 345 23) (23 345 346 24) (24 346 347 25) (25 347 348 26) (26 348 349 27) (27 349 350 28) (28 350 351 29) (29 351 352 30) (30 352 353 31) (31 353 354 32) (32 354 355 33) (33 355 356 34) (34 356 357 35) (35 357 358 36) (36 358 359 37) (37 359 360 38) (38 360 361 39) (39 361 362 40) (40 362 363 41) (41 363 364 42) (42 364 365 43) (43 365 366 44) (44 366 367 45) (45 367 368 46) (46 368 369 47) (47 369 370 48) (48 370 371 49) (49 371 372 50) (50 372 373 51) (51 373 374 52) (52 374 375 53) (53 375 376 54) (54 376 377 55) (55 377 378 56) (56 378 379 57) (57 379 380 58) (58 380 381 59) (59 381 382 60) (60 382 383 61) (61 383 384 62) (62 384 385 63) (63 385 386 64) (64 386 387 65) (65 387 388 66) (66 388 389 67) (67 389 390 68) (68 390 391 69) (69 391 392 70) (70 392 393 71) (71 393 394 72) (72 394 395 73) (73 395 396 74) (74 396 397 75) (75 397 398 76) (76 398 399 77) (77 399 400 78) (78 400 401 79) (79 401 402 80) (80 402 403 81) (81 403 404 82) (82 404 405 83) (83 405 406 84) (84 406 407 85) (85 407 408 86) (86 408 409 87) (87 409 410 88) (88 410 411 89) (89 411 412 90) (90 412 413 91) (91 413 414 92) (92 414 415 93) (93 415 416 94) (94 416 417 95) (95 417 418 96) (96 418 419 97) (97 419 420 98) (98 420 421 99) (99 421 422 100) (100 422 423 101) (101 423 424 102) (102 424 425 103) (103 425 426 104) (104 426 427 105) (105 427 428 106) (106 428 429 107) (107 429 430 108) (108 430 431 109) (109 431 432 110) (110 432 433 111) (111 433 434 112) (112 434 435 113) (113 435 436 114) (114 436 437 115) (115 437 438 116) (116 438 439 117) (117 439 440 118) (118 440 441 119) (119 441 442 120) (120 442 443 121) (121 443 444 122) (122 444 445 123) (123 445 446 124) (124 446 447 125) (125 447 448 126) (126 448 449 127) (127 449 450 128) (128 450 451 129) (129 451 452 130) (130 452 453 131) (131 453 454 132) (132 454 455 133) (133 455 456 134) (134 456 457 135) (135 457 458 136) (136 458 459 137) (137 459 460 138) (138 460 461 139) (139 461 462 140) (140 462 463 141) (141 463 464 142) (142 464 465 143) (143 465 466 144) (144 466 467 145) (145 467 468 146) (146 468 469 147) (147 469 470 148) (148 470 471 149) (149 471 472 150) (150 472 473 151) (151 473 474 152) (152 474 475 153) (153 475 476 154) (154 476 477 155) (155 477 478 156) (156 478 479 157) (157 479 480 158) (158 480 481 159) (159 481 482 160) (160 482 322 0)); }
    SYMP3 { type empty; faces ((0 1 162 161) (322 483 484 323) (1 2 163 162) (323 484 485 324) (2 3 164 163) (324 485 486 325) (3 4 165 164) (325 486 487 326) (4 5 166 165) (326 487 488 327) (5 6 167 166) (327 488 489 328) (6 7 168 167) (328 489 490 329) (7 8 169 168) (329 490 491 330) (8 9 170 169) (330 491 492 331) (9 10 171 170) (331 492 493 332) (10 11 172 171) (332 493 494 333) (11 12 173 172) (333 494 495 334) (12 13 174 173) (334 495 496 335) (13 14 175 174) (335 496 497 336) (14 15 176 175) (336 497 498 337) (15 16 177 176) (337 498 499 338) (16 17 178 177) (338 499 500 339) (17 18 179 178) (339 500 501 340) (18 19 180 179) (340 501 502 341) (19 20 181 180) (341 502 503 342) (20 21 182 181) (342 503 504 343) (21 22 183 182) (343 504 505 344) (22 23 184 183) (344 505 506 345) (23 24 185 184) (345 506 507 346) (24 25 186 185) (346 507 508 347) (25 26 187 186) (347 508 509 348) (26 27 188 187) (348 509 510 349) (27 28 189 188) (349 510 511 350) (28 29 190 189) (350 511 512 351) (29 30 191 190) (351 512 513 352) (30 31 192 191) (352 513 514 353) (31 32 193 192) (353 514 515 354) (32 33 194 193) (354 515 516 355) (33 34 195 194) (355 516 517 356) (34 35 196 195) (356 517 518 357) (35 36 197 196) (357 518 519 358) (36 37 198 197) (358 519 520 359) (37 38 199 198) (359 520 521 360) (38 39 200 199) (360 521 522 361) (39 40 201 200) (361 522 523 362) (40 41 202 201) (362 523 524 363) (41 42 203 202) (363 524 525 364) (42 43 204 203) (364 525 526 365) (43 44 205 204) (365 526 527 366) (44 45 206 205) (366 527 528 367) (45 46 207 206) (367 528 529 368) (46 47 208 207) (368 529 530 369) (47 48 209 208) (369 530 531 370) (48 49 210 209) (370 531 532 371) (49 50 211 210) (371 532 533 372) (50 51 212 211) (372 533 534 373) (51 52 213 212) (373 534 535 374) (52 53 214 213) (374 535 536 375) (53 54 215 214) (375 536 537 376) (54 55 216 215) (376 537 538 377) (55 56 217 216) (377 538 539 378) (56 57 218 217) (378 539 540 379) (57 58 219 218) (379 540 541 380) (58 59 220 219) (380 541 542 381) (59 60 221 220) (381 542 543 382) (60 61 222 221) (382 543 544 383) (61 62 223 222) (383 544 545 384) (62 63 224 223) (384 545 546 385) (63 64 225 224) (385 546 547 386) (64 65 226 225) (386 547 548 387) (65 66 227 226) (387 548 549 388) (66 67 228 227) (388 549 550 389) (67 68 229 228) (389 550 551 390) (68 69 230 229) (390 551 552 391) (69 70 231 230) (391 552 553 392) (70 71 232 231) (392 553 554 393) (71 72 233 232) (393 554 555 394) (72 73 234 233) (394 555 556 395) (73 74 235 234) (395 556 557 396) (74 75 236 235) (396 557 558 397) (75 76 237 236) (397 558 559 398) (76 77 238 237) (398 559 560 399) (77 78 239 238) (399 560 561 400) (78 79 240 239) (400 561 562 401) (79 80 241 240) (401 562 563 402) (80 81 242 241) (402 563 564 403) (81 82 243 242) (403 564 565 404) (82 83 244 243) (404 565 566 405) (83 84 245 244) (405 566 567 406) (84 85 246 245) (406 567 568 407) (85 86 247 246) (407 568 569 408) (86 87 248 247) (408 569 570 409) (87 88 249 248) (409 570 571 410) (88 89 250 249) (410 571 572 411) (89 90 251 250) (411 572 573 412) (90 91 252 251) (412 573 574 413) (91 92 253 252) (413 574 575 414) (92 93 254 253) (414 575 576 415) (93 94 255 254) (415 576 577 416) (94 95 256 255) (416 577 578 417) (95 96 257 256) (417 578 579 418) (96 97 258 257) (418 579 580 419) (97 98 259 258) (419 580 581 420) (98 99 260 259) (420 581 582 421) (99 100 261 260) (421 582 583 422) (100 101 262 261) (422 583 584 423) (101 102 263 262) (423 584 585 424) (102 103 264 263) (424 585 586 425) (103 104 265 264) (425 586 587 426) (104 105 266 265) (426 587 588 427) (105 106 267 266) (427 588 589 428) (106 107 268 267) (428 589 590 429) (107 108 269 268) (429 590 591 430) (108 109 270 269) (430 591 592 431) (109 110 271 270) (431 592 593 432) (110 111 272 271) (432 593 594 433) (111 112 273 272) (433 594 595 434) (112 113 274 273) (434 595 596 435) (113 114 275 274) (435 596 597 436) (114 115 276 275) (436 597 598 437) (115 116 277 276) (437 598 599 438) (116 117 278 277) (438 599 600 439) (117 118 279 278) (439 600 601 440) (118 119 280 279) (440 601 602 441) (119 120 281 280) (441 602 603 442) (120 121 282 281) (442 603 604 443) (121 122 283 282) (443 604 605 444) (122 123 284 283) (444 605 606 445) (123 124 285 284) (445 606 607 446) (124 125 286 285) (446 607 608 447) (125 126 287 286) (447 608 609 448) (126 127 288 287) (448 609 610 449) (127 128 289 288) (449 610 611 450) (128 129 290 289) (450 611 612 451) (129 130 291 290) (451 612 613 452) (130 131 292 291) (452 613 614 453) (131 132 293 292) (453 614 615 454) (132 133 294 293) (454 615 616 455) (133 134 295 294) (455 616 617 456) (134 135 296 295) (456 617 618 457) (135 136 297 296) (457 618 619 458) (136 137 298 297) (458 619 620 459) (137 138 299 298) (459 620 621 460) (138 139 300 299) (460 621 622 461) (139 140 301 300) (461 622 623 462) (140 141 302 301) (462 623 624 463) (141 142 303 302) (463 624 625 464) (142 143 304 303) (464 625 626 465) (143 144 305 304) (465 626 627 466) (144 145 306 305) (466 627 628 467) (145 146 307 306) (467 628 629 468) (146 147 308 307) (468 629 630 469) (147 148 309 308) (469 630 631 470) (148 149 310 309) (470 631 632 471) (149 150 311 310) (471 632 633 472) (150 151 312 311) (472 633 634 473) (151 152 313 312) (473 634 635 474) (152 153 314 313) (474 635 636 475) (153 154 315 314) (475 636 637 476) (154 155 316 315) (476 637 638 477) (155 156 317 316) (477 638 639 478) (156 157 318 317) (478 639 640 479) (157 158 319 318) (479 640 641 480) (158 159 320 319) (480 641 642 481) (159 160 321 320) (481 642 643 482) (160 0 161 321) (482 643 483 322)); }
);
mergePatchPairs ();
