/*--------------------------------*- C++ -*----------------------------------*\
  =========                 |
  \\      /  F ield         | OpenFOAM: The Open Source CFD Toolbox
   \\    /   O peration     | Website:  https://openfoam.org
    \\  /    A nd           | Version:  11
     \\/     M anipulation  |
\*---------------------------------------------------------------------------*/
FoamFile
{
    format      ascii;
    class       volScalarField;
    location    "2000";
    object      k;
}
// * * * * * * * * * * * * * * * * * * * * * * * * * * * * * * * * * * * * * //

dimensions      [0 2 -2 0 0 0 0];

internalField   nonuniform List<scalar> 
6000
(
0.8316874656
0.819715471
0.808076742
0.796758976
0.7857488982
0.7750343482
0.7646031834
0.754443467
0.7445440808
0.7348946832
0.7254855217
0.7163074091
0.70735171
0.6986102701
0.6900753503
0.6817395898
0.6735959865
0.6656378768
0.657858913
0.6502530431
0.6428144918
0.6355377435
0.6284175246
0.6214487881
0.6146266986
0.6079466186
0.6014040963
0.5949948535
0.5887147759
0.5825599027
0.5765264186
0.5706106456
0.5648090362
0.559118167
0.5535347331
0.5480555431
0.5426775142
0.5373976684
0.5322131283
0.5271211138
0.5221189389
0.5172040084
0.5123738158
0.5076259399
0.502958043
0.4983678682
0.4938532373
0.4894120488
0.4850422754
0.4807419623
0.4765092253
0.4723422491
0.4682392848
0.4641986486
0.4602187199
0.4562979393
0.4524348069
0.4486278807
0.4448757743
0.4411771559
0.437530746
0.4339353158
0.4303896858
0.4268927239
0.4234433438
0.4200405038
0.4166832052
0.4133704906
0.4101014429
0.4068751834
0.403690871
0.4005477006
0.3974449021
0.3943817388
0.3913575067
0.3883715333
0.3854231762
0.3825118228
0.3796368888
0.3767978175
0.3739940788
0.3712251686
0.3684906075
0.3657899406
0.3631227362
0.3604885855
0.3578871017
0.3553179191
0.352780693
0.350275099
0.3478008321
0.3453576063
0.3429451543
0.3405632266
0.3382115914
0.3358900336
0.3335983548
0.3313363729
0.3291039214
0.3269008494
0.3247270207
0.322582314
0.3204666221
0.3183798516
0.3163219223
0.3142927675
0.3122923335
0.3103205797
0.3083774776
0.3064630107
0.3045771745
0.302719976
0.3008914338
0.2990915773
0.2973204471
0.295578094
0.2938645795
0.2921799747
0.2905243605
0.2888978273
0.287300475
0.2857324134
0.284193761
0.2826846452
0.2812052017
0.2797555743
0.2783359147
0.2769463825
0.2755871446
0.2742583753
0.2729602566
0.2716929769
0.2704567319
0.2692517231
0.2680781574
0.2669362472
0.2658262098
0.2647482682
0.2637026511
0.2626895923
0.2617093307
0.2607621101
0.2598481779
0.2589677847
0.2581211833
0.2573086288
0.2565303791
0.2557866955
0.2550778436
0.254404093
0.2537657167
0.2531629892
0.2525961842
0.2520655727
0.251571423
0.2511140027
0.2506935816
0.2503104343
0.2499648415
0.2496570893
0.2493874659
0.2491562558
0.2489637341
0.2488101608
0.2486957834
0.2486208431
0.2485855844
0.2485902621
0.2486351456
0.2487205162
0.2488466585
0.2490138491
0.2492223441
0.2494723692
0.249764114
0.2500977298
0.250473332
0.2508910105
0.2513509047
0.251853194
0.2523980906
0.2529858276
0.2536166431
0.2542907614
0.2550083761
0.255769639
0.256574654
0.2574234773
0.2583161219
0.2592525653
0.2602327576
0.2612566298
0.2623241014
0.2634350862
0.2645894961
0.2657872449
0.2670282487
0.2683124267
0.2696396997
0.2710099885
0.2724232125
0.2738792867
0.275378119
0.2769196081
0.27850364
0.280130086
0.2817987999
0.2835096158
0.2852623456
0.2870567774
0.2888926735
0.2907697688
0.2926877695
0.2946463519
0.296645161
0.2986838105
0.3007618814
0.3028789219
0.3050344471
0.3072279382
0.3094588423
0.3117265722
0.3140305054
0.3163699835
0.3187443116
0.321152758
0.323594554
0.3260688941
0.3285749362
0.3311118023
0.3336785792
0.3362743199
0.3388980446
0.3415487427
0.3442253741
0.3469268711
0.3496521402
0.3524000641
0.3551695032
0.357959298
0.3607682708
0.3635952291
0.3664389726
0.369298316
0.3721720773
0.3750590158
0.3779578738
0.38086738
0.3837862522
0.3867132045
0.3896469986
0.3925863825
0.3955300757
0.3984767735
0.4014251584
0.4043739108
0.4073217192
0.4102672878
0.413209342
0.4161466327
0.4190779385
0.4220020678
0.42491786
0.4278241864
0.4307199505
0.4336040887
0.4364755707
0.4393333999
0.4421766177
0.445004302
0.4478155638
0.4506095466
0.4533854263
0.4561424118
0.4588797462
0.4615967075
0.4642926104
0.466966806
0.4696186825
0.4722476644
0.4748532122
0.4774348215
0.4799920227
0.4825243801
0.485031491
0.4875129854
0.4899685245
0.4923978005
0.494800535
0.4971764783
0.4995254083
0.5018471293
0.5041414712
0.5064082862
0.5086474562
0.5108588623
0.5130424726
0.5151980596
0.5173252598
0.5193862197
0.8316845698
0.8197119257
0.8080722348
0.7967531964
0.7857416747
0.7750256193
0.7645929183
0.7544316601
0.7445307599
0.7348798987
0.7254693363
0.7162898952
0.7073329469
0.6985903405
0.6900543365
0.6817175713
0.6735730375
0.6656140638
0.6578342932
0.650227662
0.6427883817
0.6355109216
0.6283899919
0.6214205277
0.6145976749
0.6079167765
0.6013733605
0.5949631284
0.5886819455
0.5825258313
0.5764909508
0.5705736078
0.5647702371
0.5590773992
0.5534917748
0.5480101593
0.542629459
0.5373466866
0.5321589575
0.5270634863
0.5220575838
0.5171386539
0.5123041909
0.5075517764
0.5028790776
0.4982838442
0.4937639064
0.4893171725
0.4849416267
0.480635327
0.4763964035
0.4722230557
0.4681135511
0.4640662231
0.4600794688
0.4561517473
0.4522815778
0.4484675377
0.4447082605
0.4410024345
0.4373488005
0.43374615
0.4301933241
0.4266892109
0.4232327448
0.4198229043
0.4164587108
0.4131392271
0.4098635557
0.4066308377
0.4034402515
0.4002910112
0.3971823657
0.3941135973
0.3910840204
0.388092981
0.385139855
0.3822240477
0.3793449928
0.3765021511
0.3736950102
0.3709230834
0.3681859085
0.3654830479
0.3628140869
0.3601786336
0.3575763182
0.3550067919
0.3524697268
0.3499648151
0.3474917685
0.3450503179
0.3426402126
0.3402612198
0.3379131241
0.3355957274
0.3333088478
0.3310523199
0.3288259937
0.3266297351
0.3244634245
0.3223269574
0.3202202432
0.3181432052
0.3160957801
0.3140779176
0.312089581
0.3101307461
0.3082014009
0.3063015458
0.3044311926
0.3025903651
0.3007790981
0.2989974376
0.2972454402
0.2955231729
0.2938307129
0.2921681472
0.2905355719
0.2889330928
0.2873608252
0.2858188938
0.2843074319
0.282826581
0.2813764906
0.279957318
0.2785692278
0.2772123919
0.2758869897
0.2745932077
0.2733312392
0.2721012843
0.2709035486
0.2697382434
0.268605584
0.2675057902
0.2664390869
0.2654057043
0.2644058784
0.2634398505
0.2625078665
0.2616101759
0.2607470303
0.2599186825
0.2591253863
0.2583673973
0.2576449752
0.2569583844
0.2563078953
0.2556937823
0.2551163219
0.2545757886
0.2540724515
0.2536065736
0.2531784154
0.2527882402
0.2524363198
0.2521229379
0.2518483881
0.2516129684
0.2514169725
0.25126068
0.2511443488
0.2510682109
0.2510324899
0.251037419
0.2510832531
0.2511702755
0.2512987938
0.251469124
0.2516815692
0.2519364006
0.2522338433
0.2525740708
0.2529572061
0.2533833281
0.2538524809
0.2543647004
0.2549202332
0.2555193475
0.2561623295
0.2568494635
0.2575810029
0.2583571469
0.2591780262
0.2600436998
0.2609541611
0.2619093499
0.2629091655
0.2639534801
0.2650421494
0.2661750219
0.2673519437
0.2685727627
0.2698373297
0.2711454992
0.2724971283
0.2738920742
0.2753301927
0.276811335
0.2783353457
0.2799020595
0.2815112993
0.2831628732
0.2848565723
0.2865921687
0.2883694135
0.290188035
0.2920477371
0.2939481982
0.2958890699
0.2978699761
0.2998905125
0.3019502452
0.3040487112
0.3061854177
0.3083598422
0.3105714321
0.312819605
0.3151037479
0.3174232171
0.3197773383
0.3221654045
0.3245866764
0.3270403816
0.3295257146
0.3320418374
0.3345878796
0.3371629394
0.3397660847
0.3423963546
0.3450527606
0.3477342887
0.3504399007
0.3531685363
0.3559191147
0.3586905363
0.3614816845
0.3642914272
0.3671186185
0.3699621012
0.3728207107
0.3756932894
0.3785787276
0.3814758566
0.3843834578
0.3873003045
0.3902251631
0.3931567945
0.396093967
0.3990355915
0.4019804543
0.4049272853
0.407874796
0.4108217019
0.4137667341
0.4167086463
0.4196462183
0.4225782579
0.4255036023
0.4284211181
0.4313297023
0.434228282
0.4371158148
0.4399912889
0.4428537233
0.4457021685
0.4485357065
0.4513534628
0.4541545929
0.456938279
0.4597037315
0.4624501906
0.4651769282
0.4678832501
0.4705684964
0.4732320428
0.4758733011
0.4784917178
0.4810867732
0.4836579814
0.4862048888
0.4887270743
0.491224148
0.4936957513
0.4961415552
0.4985612604
0.5009545958
0.5033213176
0.5056612085
0.5079740768
0.5102597545
0.5125180981
0.5147489823
0.5169523146
0.5191279822
0.5212760102
0.5233960619
0.5254881202
0.527514399
0.8316802344
0.8197060796
0.8080642676
0.7967426201
0.7857282037
0.7750091174
0.7645733256
0.7544089815
0.7445050576
0.7348512719
0.7254379078
0.7162558048
0.7072963448
0.6985513811
0.6900131718
0.6816743448
0.6735278791
0.6655670846
0.6577855804
0.6501772747
0.6427363466
0.6354572293
0.6283345937
0.6213633331
0.6145385496
0.6078555411
0.6013097897
0.5948969514
0.5886128466
0.5824534511
0.5764148886
0.5704934238
0.5646854558
0.5589875128
0.5533962469
0.5479084295
0.542520947
0.5372307969
0.5320350842
0.5269310176
0.5219159069
0.5169871595
0.5121422775
0.5073788552
0.5026945759
0.4980872096
0.4935546105
0.489094714
0.4847055345
0.4803851632
0.4761317654
0.4719435783
0.4678189088
0.4637561315
0.4597536857
0.4558100742
0.4519238607
0.4480936675
0.4443181738
0.4405961139
0.4369262746
0.4333074936
0.4297386579
0.4262187016
0.4227466046
0.4193213907
0.415942126
0.4126079177
0.4093179122
0.4060712941
0.4028672847
0.3997051405
0.3965841524
0.3935036441
0.3904629711
0.3874615199
0.3844987066
0.3815739763
0.3786868019
0.3758366835
0.3730231474
0.3702457453
0.3675040535
0.3647976723
0.3621262251
0.3594893575
0.3568867374
0.3543180534
0.351783015
0.3492813518
0.3468128127
0.3443771658
0.3419741976
0.3396037125
0.3372655323
0.3349594959
0.3326854585
0.3304432916
0.3282328826
0.3260541342
0.323906964
0.3217913045
0.3197071023
0.3176543175
0.3156329237
0.3136429075
0.3116842687
0.3097570195
0.3078611845
0.3059968001
0.3041639146
0.3023625875
0.3005928895
0.2988549017
0.2971487154
0.2954744317
0.2938321615
0.2922220247
0.2906441503
0.2890986766
0.2875857509
0.2861055291
0.2846581748
0.2832438586
0.2818627577
0.2805150557
0.2792009429
0.2779206166
0.276674281
0.2754621471
0.2742844316
0.2731413563
0.2720331462
0.2709600289
0.2699222339
0.2689199944
0.267953549
0.2670231435
0.2661290303
0.2652714669
0.2644507133
0.2636670283
0.2629206677
0.2622118839
0.2615409293
0.2609080617
0.2603135493
0.2597576723
0.25924072
0.2587629831
0.2583247448
0.2579262731
0.2575678167
0.2572496162
0.2569719193
0.2567349983
0.2565391603
0.256384742
0.2562720905
0.256201539
0.2561733833
0.2561878671
0.2562451778
0.2563454517
0.2564888829
0.2566757462
0.2569063968
0.2571812589
0.2575007758
0.2578653463
0.2582752742
0.2587307438
0.259231824
0.2597784889
0.2603706466
0.2610081673
0.2616909082
0.2624188
0.2631929259
0.2640136889
0.2648814965
0.2657966636
0.2667593459
0.2677695197
0.2688269993
0.2699314784
0.2710825755
0.2722798737
0.2735229503
0.2748113943
0.2761448159
0.2775228485
0.2789451466
0.2804113817
0.2819212375
0.2834744048
0.2850705764
0.2867094414
0.2883906815
0.2901139678
0.2918789573
0.2936852905
0.2955325896
0.2974204566
0.2993484718
0.301316193
0.3033231549
0.3053688679
0.3074528188
0.3095744698
0.3117332593
0.313928602
0.3161598888
0.3184264874
0.3207277432
0.3230629805
0.3254315013
0.3278325869
0.3302654972
0.3327294693
0.3352237176
0.337747433
0.3402997805
0.3428798998
0.3454869056
0.3481198883
0.3507779153
0.3534600327
0.3561652674
0.3588926288
0.3616411113
0.3644096956
0.3671973512
0.3700030377
0.3728257061
0.3756643002
0.3785177577
0.3813850106
0.3842649863
0.3871566091
0.3900588028
0.3929705014
0.3958906948
0.3988183731
0.4017523784
0.404691581
0.4076348473
0.4105810403
0.4135290214
0.4164776958
0.4194266051
0.4223742668
0.4253193227
0.4282605088
0.4311966327
0.4341265585
0.4370491962
0.4399634946
0.4428684361
0.4457630337
0.4486463291
0.4515173912
0.4543753154
0.4572192234
0.4600482632
0.4628616095
0.4656584638
0.4684380563
0.471199692
0.4739426632
0.476666273
0.4793698481
0.4820527462
0.4847143579
0.4873541083
0.4899714564
0.4925658972
0.4951369589
0.497684199
0.5002072036
0.5027055872
0.5051789922
0.5076270893
0.5100495762
0.5124461775
0.5148166439
0.5171607509
0.5194782981
0.5217691087
0.5240330277
0.5262699218
0.5284796773
0.5306622016
0.5328174139
0.5349452694
0.5370456747
0.5391187403
0.5411639854
0.5431819342
0.5451351269
0.8316754484
0.8196996006
0.8080554847
0.7967309683
0.7857132815
0.7749906921
0.7645512602
0.7543832161
0.744475607
0.7348182071
0.7254013373
0.7162158628
0.7072531813
0.6985051507
0.6899640217
0.6816224042
0.6734732494
0.6655098308
0.657725723
0.6501147822
0.6426711294
0.6353891344
0.6282634003
0.6212887502
0.6144602137
0.6077730164
0.6012225687
0.5948044571
0.5885144355
0.5823484174
0.5763024694
0.5703728048
0.5645557779
0.558847879
0.5532457296
0.5477460782
0.5423457959
0.5370418729
0.5318314143
0.5267116368
0.5216798652
0.5167335289
0.5118701586
0.5070873833
0.5023829269
0.4977546052
0.4932003225
0.4887180691
0.4843059176
0.4799620209
0.4756846084
0.4714719842
0.4673225238
0.4632346717
0.4592069386
0.4552378994
0.4513261903
0.4474705068
0.4436696011
0.4399222801
0.4362274033
0.4325838807
0.4289906705
0.4254467778
0.4219512525
0.4185031876
0.4151017177
0.4117460176
0.4084353005
0.4051688171
0.4019458538
0.3987657316
0.395627805
0.3925314609
0.3894761173
0.3864612223
0.3834862534
0.3805507165
0.3776541449
0.3747960989
0.3719761643
0.3691939524
0.3664490988
0.3637412627
0.3610701262
0.3584353937
0.3558367913
0.3532740662
0.3507469863
0.3482553392
0.3457989323
0.3433775919
0.3409911625
0.3386395067
0.3363225042
0.3340400515
0.3317920616
0.3295784637
0.3273992025
0.3252542384
0.3231435465
0.3210671167
0.3190249524
0.3170170705
0.3150435005
0.3131042847
0.3111994783
0.3093291485
0.3074933746
0.3056922477
0.30392587
0.3021943544
0.3004978237
0.2988364098
0.2972102535
0.2956195042
0.2940643199
0.2925448675
0.2910613224
0.2896138689
0.2882026992
0.2868280117
0.2854900099
0.2841889008
0.282924896
0.2816982122
0.2805090727
0.2793577088
0.2782443592
0.2771692681
0.2761326824
0.2751348481
0.2741760084
0.2732564038
0.2723762758
0.2715358727
0.2707354564
0.2699753027
0.2692556962
0.2685769224
0.2679392578
0.2673429625
0.2667882816
0.266275454
0.2658047308
0.2653763937
0.2649907625
0.2646481835
0.2643490056
0.2640935519
0.2638820982
0.263714863
0.2635920217
0.2635137847
0.2634804339
0.2634923675
0.2635500864
0.2636541256
0.263804964
0.2640029535
0.2642482887
0.2645410161
0.264881067
0.2652683051
0.2657031576
0.2661862943
0.2667185328
0.2673007644
0.2679337028
0.2686177078
0.269352744
0.270138453
0.2709742746
0.2718595639
0.2727936782
0.2737760277
0.2748060999
0.2758835144
0.2770087415
0.2781817143
0.2794024042
0.2806707383
0.2819865535
0.2833495863
0.2847594875
0.2862158477
0.2877182232
0.2892661542
0.290859177
0.2924968285
0.2941786469
0.2959041695
0.2976729291
0.2994844499
0.3013382457
0.3032338177
0.3051706512
0.3071482136
0.3091659532
0.3112232985
0.3133196574
0.3154544169
0.3176269432
0.3198365813
0.3220826552
0.3243644686
0.3266813051
0.3290324286
0.3314170848
0.3338345011
0.3362838881
0.3387644405
0.3412753378
0.3438157442
0.3463848112
0.3489816789
0.3516054732
0.3542553071
0.3569302771
0.3596294594
0.362351911
0.365096666
0.367862734
0.3706491013
0.3734547333
0.3762785772
0.3791195653
0.381976619
0.3848486523
0.3877345756
0.3906332989
0.3935437346
0.3964648004
0.3993954207
0.4023345292
0.4052810695
0.408233997
0.4111922799
0.4141549017
0.4171208645
0.4200891988
0.4230589993
0.4260294683
0.4289995021
0.4319681308
0.4349343971
0.4378973553
0.4408560716
0.443809624
0.446757128
0.4496980459
0.4526312663
0.4555557949
0.4584707052
0.461375116
0.4642681783
0.4671490685
0.4700169842
0.4728711424
0.4757107778
0.4785351428
0.4813435076
0.48413516
0.4869094071
0.4896655751
0.4924030113
0.4951210848
0.4978191904
0.5004969774
0.5031537656
0.5057889392
0.5084019432
0.510992272
0.5135594612
0.5161030822
0.5186227405
0.5211180833
0.5235887801
0.5260345156
0.5284549958
0.5308499512
0.5332191367
0.5355623315
0.5378793384
0.5401699824
0.5424341098
0.5446715873
0.5468823008
0.5490661544
0.5512230697
0.5533529851
0.5554558534
0.5575316452
0.5595803347
0.5616019368
0.5635963808
0.5655638872
0.567503783
0.5694173057
0.5712675852
0.8316708927
0.8196935182
0.8080473354
0.7967201957
0.7856994842
0.7749736343
0.7645307841
0.7543592291
0.7444480863
0.7347871797
0.7253668595
0.7161780071
0.7072120242
0.6984607569
0.689916428
0.681571604
0.6734191784
0.6654523552
0.6576646281
0.6500497638
0.6426017866
0.6353149648
0.6281837976
0.6212030035
0.6143675097
0.6076724427
0.6011131198
0.5946850413
0.5883838834
0.5822054919
0.576145876
0.5702012026
0.5643677915
0.5586421103
0.5530207694
0.5475005183
0.5420782403
0.5367509489
0.5315157828
0.5263700024
0.5213109852
0.5163362219
0.511443312
0.5066299601
0.5018939718
0.4972332496
0.4926457893
0.4881296759
0.4836830802
0.4793042553
0.4749915328
0.4707433202
0.4665580971
0.4624344125
0.4583708819
0.4543661844
0.4504190599
0.446528307
0.4426927798
0.4389113861
0.4351830852
0.4315068851
0.4278818412
0.4243070541
0.4207816679
0.4173048687
0.4138758829
0.4104939756
0.4071584499
0.4038686446
0.4006239338
0.3974237254
0.3942674597
0.3911546087
0.3880846749
0.3850571907
0.3820717171
0.3791278431
0.3762251853
0.3733633866
0.3705421156
0.367761066
0.3650199554
0.3623185253
0.3596565394
0.3570337841
0.354450067
0.351905217
0.3493990836
0.3469315362
0.3445024637
0.3421117737
0.3397593919
0.3374452614
0.3351693418
0.3329316096
0.3307320571
0.3285706928
0.3264475409
0.3243626407
0.3223160458
0.3203078238
0.3183380545
0.3164068297
0.3145142524
0.3126604381
0.310845514
0.3090696196
0.3073329059
0.3056355348
0.3039776778
0.3023595144
0.3007812306
0.2992430182
0.2977450753
0.2962876075
0.2948708294
0.2934949651
0.2921602473
0.2908669157
0.2896152141
0.2884053858
0.2872376717
0.2861123109
0.2850295456
0.2839896271
0.2829928205
0.2820394044
0.2811296651
0.2802638876
0.2794423457
0.2786652961
0.2779329791
0.277245631
0.276603504
0.276006887
0.2754561133
0.2749515437
0.2744935365
0.2740824168
0.2737184547
0.2734018586
0.2731328168
0.2729115465
0.2727383666
0.272613735
0.2725382122
0.2725123657
0.2725366645
0.2726114116
0.2727367309
0.2729125953
0.2731389592
0.2734161979
0.2737449807
0.2741263992
0.2745616989
0.2750518894
0.2755974605
0.2761983236
0.2768539351
0.2775634894
0.2783260942
0.2791408953
0.2800075168
0.2809258078
0.2818957699
0.2829174993
0.2839910223
0.2851161962
0.2862926985
0.2875200771
0.2887978176
0.2901253977
0.2915023187
0.2929281151
0.2944023522
0.2959245555
0.2974931791
0.2991075324
0.3007669368
0.3024708088
0.3042186993
0.3060102856
0.3078453323
0.3097236401
0.3116450007
0.3136091631
0.3156158151
0.3176645754
0.3197549939
0.321886556
0.3240586889
0.3262707679
0.3285221258
0.3308120594
0.3331398333
0.3355046835
0.3379058213
0.3403424367
0.3428136995
0.3453187625
0.3478567617
0.3504268182
0.3530280389
0.3556595175
0.3583203358
0.3610095638
0.3637262615
0.3664694793
0.369238259
0.3720316349
0.3748486336
0.3776882734
0.3805495677
0.383431526
0.3863331464
0.3892534135
0.3921912891
0.395145706
0.3981155707
0.4010997597
0.4040971188
0.4071064688
0.4101266121
0.4131563387
0.4161944324
0.4192396773
0.4222908629
0.4253467897
0.4284062719
0.4314681417
0.4345312515
0.4375944764
0.4406567156
0.4437168947
0.4467739675
0.4498269198
0.4528747759
0.4559166061
0.4589515589
0.4619789748
0.4649977407
0.4680070035
0.4710059433
0.4739937735
0.4769697407
0.4799331239
0.482883233
0.4858193724
0.4887403406
0.4916459131
0.4945357128
0.4974092813
0.5002661195
0.5031057104
0.505927532
0.5087310647
0.5115157954
0.5142812201
0.5170268454
0.5197521892
0.5224567818
0.5251401659
0.5278018978
0.5304415488
0.5330587046
0.535652968
0.5382240538
0.5407715395
0.5432950445
0.5457942228
0.5482687567
0.5507183536
0.5531427442
0.5555416893
0.557915028
0.5602625526
0.5625840342
0.5648792817
0.5671481355
0.5693904616
0.5716061488
0.5737951057
0.5759572589
0.5780925516
0.5802009423
0.582282404
0.5843369229
0.5863644981
0.5883651411
0.5903388728
0.5922857288
0.5942057395
0.596098983
0.5979654083
0.5998053589
0.6016179354
0.6034051915
0.6051311115
0.8316672858
0.8196888939
0.8080413586
0.7967124054
0.7856895427
0.7749613412
0.7645159762
0.7543417774
0.7444279086
0.7347642182
0.7253410566
0.7161492892
0.7071802843
0.6984258339
0.689878084
0.6815295032
0.6733728701
0.6654012592
0.6576080248
0.6499867869
0.6425314205
0.6352360457
0.6280950181
0.6211029208
0.6142545561
0.6075449391
0.6009692906
0.5945230312
0.5882017747
0.5820013227
0.5759176584
0.5699469412
0.5640855006
0.5583298312
0.552676587
0.5471225758
0.5416647538
0.53630022
0.5310262106
0.5258400937
0.5207393635
0.5157216349
0.5107846385
0.5059262146
0.501144309
0.4964369672
0.49180233
0.4872386288
0.4827441811
0.4783173865
0.4739567227
0.4696607419
0.465428067
0.4612573889
0.4571474628
0.4530971054
0.4491051922
0.4451706548
0.4412924783
0.437469699
0.4337014022
0.4299867201
0.4263248299
0.4227149523
0.4191563497
0.4156483251
0.4121902204
0.4087814155
0.4054213267
0.4021094056
0.3988451382
0.3956280433
0.392457672
0.3893336062
0.3862554583
0.3832228702
0.3802355125
0.3772930841
0.3743953114
0.3715419471
0.3687327697
0.3659675824
0.3632462124
0.3605685097
0.3579343471
0.3553436195
0.3527962432
0.3502921561
0.3478313165
0.3454137024
0.3430393107
0.3407081558
0.3384202686
0.3361756963
0.3339745014
0.3318167625
0.3297025741
0.327632047
0.3256053069
0.3236224938
0.3216837597
0.319789267
0.3179391871
0.3161336995
0.3143729931
0.3126572688
0.310986741
0.3093616362
0.3077821922
0.306248654
0.3047612703
0.3033202894
0.3019259575
0.3005785213
0.2992782332
0.2980253583
0.2968201785
0.2956629898
0.2945540948
0.2934937943
0.2924823763
0.2915201096
0.2906072455
0.289744033
0.2889307419
0.2881676834
0.2874552118
0.2867937043
0.2861835274
0.2856250053
0.2851184
0.2846639147
0.284261729
0.2839120674
0.2836152794
0.2833718771
0.2831824851
0.2830477187
0.282968062
0.2829438002
0.2829750151
0.2830616363
0.2832037411
0.2834016933
0.2836564037
0.2839692497
0.2843416682
0.2847746685
0.2852685616
0.2858229879
0.2864371317
0.2871099707
0.2878405188
0.2886281709
0.2894726074
0.2903738521
0.2913320664
0.2923473046
0.2934193654
0.2945477846
0.2957319198
0.2969710554
0.2982644814
0.2996115307
0.3010109846
0.3024615207
0.3039618242
0.305510647
0.3071070334
0.3087504361
0.3104406854
0.3121778624
0.3139621485
0.3157937057
0.3176726002
0.3195987662
0.3215719893
0.3235919043
0.3256578922
0.327769226
0.3299250937
0.3321246292
0.3343669419
0.3366511385
0.3389763366
0.3413416682
0.3437462774
0.3461893162
0.3486699372
0.3511872895
0.3537405137
0.3563287394
0.3589510832
0.3616066467
0.3642945213
0.3670137905
0.3697635272
0.3725427947
0.3753506481
0.3781861353
0.3810482968
0.3839361664
0.3868487714
0.3897851332
0.392744267
0.395725183
0.3987268866
0.4017483797
0.404788661
0.4078467273
0.4109215742
0.414012197
0.4171175902
0.4202367458
0.4233686593
0.4265123288
0.4296667401
0.4328308465
0.4360035556
0.4391837257
0.4423701782
0.4455616982
0.4487570416
0.4519549508
0.4551541673
0.4583534429
0.4615515485
0.4647472814
0.4679394698
0.4711269764
0.4743086996
0.4774835743
0.4806505716
0.4838086995
0.4869570009
0.4900945556
0.4932204783
0.4963339316
0.4994341293
0.5025203742
0.505592132
0.5086483384
0.5116882694
0.5147112268
0.5177165413
0.5207035722
0.5236717074
0.526620363
0.5295489835
0.5324570355
0.5353439312
0.5382091925
0.5410523995
0.5438731653
0.5466711262
0.5494459362
0.5521972665
0.5549248044
0.5576282541
0.560307336
0.5629617872
0.5655913611
0.5681958264
0.5707749675
0.5733285827
0.5758564887
0.578358512
0.5808344872
0.5832840578
0.5857072102
0.5881038893
0.5904740134
0.5928174899
0.595134226
0.5974241341
0.5996871743
0.6019232841
0.6041323851
0.6063144063
0.6084692998
0.6105970364
0.612697602
0.6147709961
0.6168172302
0.6188363271
0.62082832
0.6227932523
0.6247311766
0.6266421546
0.6285262563
0.6303835602
0.6322141501
0.6340181214
0.6357955567
0.6375465934
0.6392711949
0.6409698296
0.6426413538
0.6442886736
0.6458768936
0.8316651344
0.8196864325
0.8080385238
0.7967088706
0.7856850633
0.77495577
0.7645091451
0.7543335042
0.744418012
0.7347524865
0.7253272132
0.716132968
0.7071610032
0.6984029658
0.6898508282
0.6814968619
0.673333633
0.6653539954
0.6575510813
0.6499182947
0.6424493064
0.6351380498
0.6279787159
0.6209657482
0.6140938372
0.6073579153
0.6007531502
0.5942749386
0.5879188998
0.5816808681
0.5755568856
0.5695431947
0.5636362304
0.5578326126
0.5521291389
0.5465227763
0.5410106534
0.5355900533
0.5302584052
0.5250132772
0.5198523687
0.5147735032
0.5097746215
0.5048537748
0.5000091182
0.4952389052
0.4905414815
0.4859152804
0.4813588174
0.476870686
0.4724495538
0.4680941586
0.4638033051
0.4595758613
0.4554107559
0.4513069749
0.4472635593
0.4432796026
0.4393542482
0.4354866873
0.4316761573
0.4279219401
0.4242233604
0.4205797846
0.41699062
0.4134553135
0.4099733503
0.4065442532
0.4031675809
0.3998429273
0.39656992
0.3933482193
0.3901775176
0.3870575383
0.3839880357
0.3809687944
0.3779996289
0.3750803821
0.372210925
0.3693911548
0.3666209938
0.3639003878
0.3612293057
0.3586077384
0.3560356993
0.353513224
0.3510403702
0.3486172172
0.3462438636
0.343920426
0.3416470365
0.3394238406
0.3372509967
0.3351286761
0.3330570647
0.331036365
0.3290667972
0.3271485977
0.3252820158
0.3234673093
0.3217047403
0.3199945713
0.3183370654
0.3167324888
0.3151811196
0.3136832562
0.3122392177
0.3108493381
0.3095139556
0.3082334001
0.3070079835
0.3058379952
0.3047237085
0.3036653995
0.3026633748
0.3017179912
0.3008296516
0.2999987757
0.2992257621
0.2985109574
0.2978546392
0.2972570208
0.2967182916
0.2962386989
0.2958186385
0.2954586825
0.2951595054
0.2949217436
0.2947458677
0.2946321224
0.2945805383
0.2945910361
0.2946636516
0.2947988376
0.2949977102
0.2952619195
0.2955931244
0.2959924018
0.2964599626
0.2969952391
0.2975971699
0.2982645037
0.2989961617
0.2997913826
0.3006498759
0.3015717215
0.3025570853
0.3036059294
0.3047178829
0.3058922903
0.3071283432
0.3084252036
0.3097819845
0.3111973605
0.3126698107
0.3141975102
0.3157786295
0.3174117197
0.3190959375
0.3208310135
0.3226170496
0.324454283
0.326342909
0.3282829813
0.3302743073
0.3323164525
0.3344087753
0.3365504715
0.3387406392
0.3409783441
0.3432626667
0.3455927236
0.347967668
0.3503866779
0.3528489351
0.3553536065
0.3578997784
0.3604864402
0.3631124468
0.3657765924
0.368477642
0.3712143589
0.3739855249
0.3767899554
0.3796265064
0.3824940766
0.3853916039
0.3883180611
0.3912724491
0.3942537913
0.3972611275
0.4002935097
0.403349996
0.4064296465
0.409531528
0.412654714
0.4157982784
0.418961293
0.4221428279
0.4253419499
0.4285577208
0.4317891971
0.4350354298
0.4382954646
0.4415683425
0.4448531011
0.4481487753
0.4514543994
0.4547690079
0.4580916377
0.4614213285
0.464757125
0.4680980756
0.4714432286
0.4747916439
0.4781423872
0.4814944932
0.4848468786
0.4881983631
0.4915476912
0.4948935722
0.4982346921
0.501569736
0.5048974151
0.5082164852
0.5115257573
0.5148241039
0.5181104609
0.5213838247
0.5246432511
0.5278878492
0.531116778
0.5343292412
0.5375244874
0.5407018021
0.5438605154
0.5469999902
0.5501196705
0.5532191277
0.5562978899
0.5593550645
0.5623901195
0.5654025411
0.5683918386
0.5713575432
0.5742992082
0.5772164086
0.5801087412
0.582975824
0.5858172953
0.5886327942
0.5914219936
0.594184598
0.5969203399
0.599628977
0.6023102895
0.604964079
0.6075901674
0.6101883962
0.6127586263
0.6153007379
0.6178146297
0.6203002191
0.6227574411
0.6251862481
0.6275866322
0.6299585694
0.6323020445
0.6346170243
0.6369035252
0.6391615893
0.6413912715
0.6435926339
0.6457657426
0.6479106677
0.6500274927
0.6521162334
0.6541769694
0.6562098209
0.6582148926
0.6601922831
0.6621420892
0.6640644094
0.6659593449
0.6678270015
0.6696674893
0.6714809235
0.6732674243
0.6750271169
0.6767601315
0.6784666029
0.6801466682
0.6818004738
0.6834281456
0.6850298729
0.6866056253
0.6881559904
0.6896795747
0.6911801204
0.692624089
0.8316644305
0.8196861632
0.808038884
0.7967096562
0.7856861225
0.774957001
0.764510348
0.7543343859
0.7444181885
0.7347514283
0.7253241898
0.7161270065
0.7071508517
0.6983870598
0.6898272656
0.6814633909
0.6732876563
0.6652925873
0.6574710162
0.6498160844
0.6423212447
0.6349802613
0.627787207
0.6207364588
0.6138226911
0.6070408677
0.6003862332
0.5938543022
0.5874408489
0.5811418954
0.5749537005
0.5688727477
0.5628957337
0.5570195573
0.5512413075
0.545558253
0.5399678306
0.5344676348
0.5290554073
0.5237290269
0.5184864998
0.513325951
0.5082456156
0.5032438311
0.4983190305
0.4934697359
0.4886945531
0.4839921662
0.4793613334
0.4748008831
0.4703097108
0.4658867752
0.4615310959
0.4572417502
0.4530178703
0.4488586412
0.4447632978
0.4407311233
0.4367614468
0.4328536428
0.4290071291
0.4252213669
0.4214958599
0.4178301539
0.4142238365
0.4106765356
0.4071879191
0.4037576924
0.4003855976
0.3970714115
0.3938149448
0.3906160407
0.3874745755
0.3843904581
0.3813636303
0.3783940668
0.3754817733
0.3726267848
0.3698291625
0.3670889917
0.3644063787
0.3617814499
0.3592143517
0.3567052519
0.3542543419
0.3518618373
0.3495279772
0.3472530195
0.3450372367
0.3428809095
0.3407843236
0.3387477676
0.3367715354
0.334855933
0.3330012872
0.3312079509
0.3294763004
0.3278067253
0.3261996143
0.3246553423
0.3231742627
0.3217567079
0.3204029998
0.3191134749
0.3178885165
0.3167285699
0.3156341236
0.3146056667
0.3136436453
0.3127484321
0.3119203173
0.311159526
0.3104662746
0.3098408687
0.3092838006
0.3087957602
0.3083775256
0.3080297922
0.3077530408
0.3075474944
0.3074131478
0.3073498897
0.307357742
0.3074372465
0.3075897243
0.3078170638
0.3081210569
0.3085027376
0.3089621322
0.3094984316
0.31011035
0.3107964906
0.3115556624
0.3123871213
0.3132906859
0.3142665692
0.3153149967
0.3164358438
0.3176285106
0.3188920238
0.3202252217
0.3216268975
0.3230956141
0.3246296837
0.3262269599
0.3278850061
0.3296015723
0.3313750754
0.3332047774
0.3350906258
0.3370329338
0.3390320826
0.3410883082
0.3432015387
0.3453712767
0.3475966247
0.3498763596
0.35220907
0.3545932962
0.3570276317
0.3595107694
0.3620415042
0.3646187136
0.3672413286
0.3699082755
0.3726184492
0.3753707007
0.3781638346
0.3809966235
0.3838678306
0.3867762298
0.3897206204
0.3926998319
0.3957127246
0.3987581773
0.4018350824
0.4049420648
0.408077612
0.411240223
0.4144284693
0.4176410195
0.4208766367
0.4241341673
0.4274125264
0.4307106863
0.4340276649
0.4373625172
0.4407143277
0.4440822045
0.4474652742
0.450862678
0.454273567
0.4576970976
0.4611324262
0.4645787189
0.468035152
0.4715008994
0.4749751297
0.478457005
0.481945678
0.4854402907
0.4889399761
0.4924438593
0.4959510606
0.4994606974
0.5029718874
0.5064837513
0.5099954147
0.5135060113
0.5170146842
0.5205205872
0.5240228874
0.5275207612
0.5310133896
0.5344999736
0.537979719
0.5414517109
0.5449146088
0.5483669869
0.5518073906
0.5552343927
0.5586466144
0.5620427612
0.5654216499
0.5687822159
0.5721235084
0.5754446792
0.5787449687
0.5820236916
0.5852802243
0.5885139947
0.5917244739
0.5949111685
0.5980736284
0.6012114256
0.6043241965
0.6074115825
0.6104735421
0.6135094762
0.6165187891
0.619501158
0.6224562721
0.625383838
0.6282835797
0.6311552387
0.6339985741
0.6368133624
0.6395993977
0.6423564912
0.6450844722
0.647783203
0.650452529
0.6530923188
0.6557024647
0.6582828798
0.6608334962
0.6633542634
0.6658451473
0.6683061288
0.6707372037
0.6731383813
0.6755096845
0.677851149
0.6801628228
0.6824447658
0.6846970543
0.6869197675
0.689112993
0.691276822
0.6934113571
0.6955167107
0.6975930058
0.6996403719
0.7016589443
0.7036488628
0.7056102349
0.7075432117
0.7094479532
0.7113246219
0.7131733801
0.7149943891
0.7167878097
0.7185538031
0.7202925309
0.7220041563
0.7236888441
0.7253467617
0.7269780785
0.7285829664
0.7301615997
0.7317141553
0.7332408096
0.7347417472
0.736217125
0.7376671728
0.7390918561
0.7404918688
0.7418655712
0.7432174892
0.744515615
0.8316647232
0.8196875672
0.8080417894
0.7967139354
0.7856916848
0.7749637358
0.7645179139
0.7543421861
0.7444253345
0.7347566409
0.7253257138
0.7161225576
0.7071375851
0.6983615601
0.6897855591
0.681400985
0.673199601
0.6651735554
0.6573153924
0.6496180597
0.6420749113
0.6346797037
0.6274265874
0.6203100937
0.6133251198
0.6064669109
0.5997310427
0.5931134018
0.5866101672
0.5802177915
0.573932983
0.5677526877
0.5616740732
0.5556945118
0.5498115655
0.5440229704
0.5383266222
0.5327205628
0.5272029667
0.5217721294
0.5164264564
0.5111644533
0.5059847176
0.5008859312
0.4958668545
0.4909263213
0.4860632349
0.4812765646
0.4765653437
0.4719286666
0.4673656875
0.4628756172
0.4584577216
0.4541113187
0.4498357766
0.4456305109
0.4414949833
0.4374287004
0.4334312129
0.4295021159
0.4256410497
0.4218477009
0.418121803
0.4144631371
0.4108715304
0.4073468542
0.4038890209
0.4004979811
0.3971737207
0.3939162591
0.3907256484
0.3876019747
0.3845453601
0.3815559651
0.3786339887
0.375779666
0.3729932622
0.3702750663
0.3676253839
0.3650445325
0.3625328394
0.3600906434
0.3577183016
0.3554161987
0.3531847533
0.3510244155
0.3489356557
0.3469189479
0.3449747551
0.3431035185
0.3413056565
0.3395815721
0.337931675
0.3363564149
0.334856307
0.3334319296
0.332083887
0.3308127571
0.3296190482
0.328503179
0.3274654843
0.3265062492
0.325625784
0.324824541
0.3241032064
0.3234626653
0.3229038275
0.3224274275
0.3220339091
0.3217234167
0.3214958696
0.3213511166
0.3212892444
0.3213110292
0.3214181833
0.3216129882
0.3218974377
0.3222725093
0.3227379888
0.3232927572
0.3239352241
0.3246637259
0.3254768532
0.3263737465
0.3273542061
0.3284184561
0.329566658
0.3307985081
0.3321131477
0.3335093239
0.3349856206
0.3365405693
0.3381725551
0.3398795724
0.3416590197
0.3435078485
0.3454231818
0.3474029149
0.3494459127
0.3515517911
0.3537205259
0.3559521145
0.3582463409
0.3606026689
0.3630201928
0.36549766
0.3680335635
0.370626282
0.3732742091
0.375975833
0.3787297615
0.3815347039
0.3843894171
0.3872925839
0.3902423114
0.393236552
0.3962732159
0.3993502721
0.4024658159
0.4056181016
0.4088055433
0.4120266954
0.4152802276
0.4185648983
0.4218795208
0.4252229382
0.428594003
0.4319915661
0.4354144692
0.4388615504
0.4423316457
0.445823599
0.4493362678
0.4528685288
0.4564192714
0.4599874108
0.4635707412
0.4671671057
0.4707749327
0.4743930407
0.478020496
0.4816565087
0.4853003697
0.4889514077
0.4926089687
0.4962724011
0.4999410506
0.5036142587
0.5072913596
0.5109716837
0.5146545576
0.5183393034
0.5220252377
0.5257116678
0.5293979119
0.5330832963
0.5367671362
0.540448727
0.544127346
0.5478022518
0.5514726874
0.5551378859
0.5587970782
0.5624494957
0.5660943747
0.5697309617
0.5733585129
0.5769762983
0.5805836022
0.5841797233
0.5877639762
0.5913356931
0.5948942153
0.5984388854
0.6019690685
0.6054841031
0.6089828179
0.6124626127
0.6159216682
0.6193583665
0.6227712353
0.6261590139
0.6295206938
0.6328555059
0.6361628755
0.6394423731
0.6426936747
0.645916528
0.6491107313
0.6522761147
0.655412536
0.6585198701
0.6615980005
0.6646468921
0.6676664452
0.670656816
0.6736178935
0.6765491366
0.6794504351
0.6823217049
0.6851628669
0.6879738496
0.690754589
0.6935050291
0.6962251216
0.6989148268
0.7015741135
0.7042029586
0.7068013477
0.7093692744
0.7119067443
0.7144137631
0.7168903457
0.7193365155
0.7217523047
0.7241377537
0.7264929103
0.7288178304
0.7311125771
0.7333772209
0.7356118389
0.7378165151
0.7399913403
0.7421364125
0.7442518358
0.7463376995
0.7483941284
0.7504212578
0.7524192217
0.7543881569
0.7563282039
0.7582395086
0.7601222218
0.7619764994
0.7638025019
0.7656003876
0.7673703222
0.769112478
0.7708270326
0.7725141672
0.774174066
0.7758069156
0.7774129043
0.7789922221
0.7805450605
0.7820716124
0.7835720728
0.7850466377
0.786495505
0.7879188736
0.7893169444
0.7906899158
0.7920379942
0.7933613527
0.7946602466
0.7959346262
0.7971852723
0.7984103085
0.79961497
0.8007688722
0.8316655637
0.8196901192
0.8080465765
0.796720836
0.7857005685
0.7749742797
0.7645292668
0.7543528692
0.7444331345
0.7347584639
0.7253174955
0.7160992479
0.7070931931
0.6982892459
0.6896777647
0.6812495955
0.6729961251
0.6649093096
0.6569816779
0.6492063236
0.6415768887
0.6340875382
0.6267329286
0.6195081748
0.6124088158
0.6054307806
0.5985703561
0.5918241563
0.5851890941
0.578662355
0.5722413725
0.5659238057
0.5597075176
0.5535905551
0.5475711294
0.5416475971
0.5358184432
0.5300822647
0.5244377569
0.5188837017
0.5134189571
0.5080424501
0.5027531712
0.4975501702
0.4924325544
0.4873994875
0.4824501902
0.4775839408
0.4728000755
0.4680979889
0.4634771321
0.4589370106
0.4544771814
0.4500972501
0.4457968682
0.4415757316
0.4374335806
0.4333702007
0.4293854257
0.4254791409
0.4216512884
0.4179018704
0.414230951
0.4106386528
0.407125151
0.4036906651
0.4003354511
0.3970597954
0.3938640118
0.3907484416
0.3877134585
0.3847594773
0.3818869632
0.3790964367
0.3763884663
0.373763651
0.3712225998
0.3687659127
0.3663941707
0.3641079345
0.3619077521
0.3597941806
0.3577678197
0.3558293435
0.3539795022
0.3522190827
0.3505488487
0.3489694875
0.3474815847
0.3460856283
0.3447820371
0.3435712196
0.3424536832
0.3414301621
0.3405016549
0.3396692917
0.3389341013
0.3382968231
0.3377578456
0.3373172599
0.3369749783
0.3367309363
0.3365854902
0.3365399377
0.3365966434
0.3367583429
0.3370270306
0.3374032799
0.3378863079
0.3384744727
0.3391658112
0.3399584551
0.3408509722
0.3418426697
0.3429336495
0.3441244113
0.3454151926
0.3468055119
0.348294103
0.3498791307
0.3515584966
0.3533299796
0.3551911604
0.3571390915
0.3591701032
0.3612801674
0.363465722
0.3657243547
0.368054901
0.3704570536
0.3729308368
0.3754761955
0.3780927556
0.3807796918
0.3835356887
0.3863585117
0.3892453395
0.3921931848
0.3951991711
0.3982606882
0.4013754257
0.4045413349
0.4077565505
0.41101931
0.4143278752
0.4176804828
0.4210753327
0.4245106138
0.4279845437
0.431495402
0.435041548
0.4386214244
0.4422335261
0.4458761046
0.4495452221
0.4532379849
0.4569522379
0.4606863196
0.4644388886
0.4682088147
0.4719950933
0.4757967867
0.4796129912
0.4834428174
0.4872853757
0.4911397693
0.4950050901
0.4988804175
0.502764819
0.5066573536
0.5105570754
0.5144630388
0.5183743039
0.5222899403
0.5262090446
0.5301306696
0.534048618
0.5379607689
0.5418675618
0.5457693187
0.5496662186
0.5535582996
0.5574454751
0.5613275529
0.5652042556
0.5690752375
0.5729400994
0.5767984005
0.5806496685
0.5844934063
0.588329099
0.5921562172
0.5959742204
0.5997825425
0.6035806434
0.6073679737
0.6111439348
0.6149078744
0.6186590992
0.6223968919
0.6261205291
0.6298292941
0.6335224875
0.6371994325
0.6408594792
0.6445020065
0.6481264224
0.6517321648
0.6553187004
0.6588855246
0.6624321602
0.6659581575
0.6694630878
0.6729465146
0.6764079981
0.6798469322
0.6832605539
0.686641997
0.6899917842
0.6933087588
0.6965918728
0.6998407499
0.7030554356
0.7062362005
0.7093834108
0.712497454
0.7155786998
0.7186274905
0.721644132
0.7246288904
0.7275820308
0.7305037893
0.7333943428
0.736254201
0.7390833656
0.7418815785
0.7446488554
0.7473853084
0.750091034
0.75276612
0.7554106472
0.7580246914
0.7606083239
0.7631616122
0.7656846219
0.7681774168
0.7706400599
0.7730726145
0.7754751434
0.777847711
0.7801903624
0.7825031786
0.7847862375
0.7870396155
0.7892633905
0.7914576425
0.793622454
0.7957579122
0.7978641083
0.7999411385
0.801989103
0.8040081061
0.8059982569
0.8079596698
0.8098924638
0.811796759
0.8136726823
0.8155203683
0.8173399559
0.8191315892
0.8208954161
0.8226315894
0.8243402654
0.8260216046
0.8276757705
0.8293029301
0.8309032548
0.8324769192
0.8340241022
0.8355449859
0.8370397558
0.838508601
0.8399517129
0.8413692859
0.8427615159
0.8441286014
0.8454707431
0.8467881422
0.8480810023
0.8493495285
0.8505939265
0.8518143999
0.8530111596
0.8541843797
0.8553343249
0.8564609195
0.8575650088
0.8586444935
0.859705231
0.8607184701
0.8316667918
0.8196936652
0.8080530529
0.7967299858
0.785711899
0.7749866101
0.7645401722
0.7543584651
0.7444279228
0.734735227
0.725267339
0.716011789
0.7069568489
0.6980915806
0.6894058574
0.6808904014
0.6725368108
0.6643375422
0.6562858601
0.6483757735
0.6406019684
0.632959738
0.6254449159
0.6180538127
0.6107831609
0.6036300647
0.5965919567
0.5896665606
0.5828518576
0.5761460584
0.5695475767
0.5630550053
0.5566670914
0.5503827136
0.5442008584
0.5381205988
0.5321410758
0.5262614832
0.5204810566
0.5147990666
0.5092148156
0.5037276383
0.498336904
0.4930420222
0.4878424484
0.4827376915
0.4777273212
0.4728109741
0.4679883556
0.4632592387
0.4586234584
0.4540809046
0.4496315153
0.4452752718
0.4410121976
0.43684236
0.4327658764
0.4287829219
0.4248937398
0.4210986548
0.4173980838
0.4137925402
0.4102826237
0.4068689992
0.4035523706
0.4003334581
0.3972129844
0.3941916725
0.3912702521
0.3884494755
0.3857301428
0.383113138
0.3805994542
0.3781901799
0.3758864397
0.3736893182
0.3715998024
0.3696187587
0.3677469451
0.3659850477
0.3643337371
0.3627937684
0.3613661215
0.3600520752
0.358853091
0.3577705463
0.3568054956
0.3559585812
0.3552300875
0.3546200715
0.3541285268
0.3537556673
0.3535024762
0.3533712136
0.3533651244
0.3534872292
0.3537391361
0.354120705
0.3546304858
0.3552663976
0.356026281
0.3569082756
0.3579111668
0.3590346885
0.360279366
0.3616458019
0.3631338145
0.3647420757
0.366468335
0.3683098736
0.3702638702
0.37232752
0.3744978132
0.3767710531
0.3791426419
0.3816076452
0.3841618539
0.3868025051
0.3895279381
0.3923368711
0.3952281089
0.3982002275
0.4012514429
0.4043795524
0.4075819208
0.4108555461
0.4141972232
0.4176037535
0.4210721141
0.4245995365
0.4281835005
0.4318216755
0.4355118487
0.4392518182
0.4430393545
0.4468698605
0.4507386555
0.4546419998
0.4585768902
0.4625408865
0.466531965
0.4705483999
0.4745886678
0.4786513722
0.482735185
0.4868388037
0.4909609256
0.495100238
0.4992554219
0.5034251634
0.5076081667
0.5118031666
0.5160089435
0.5202226501
0.5244319002
0.5286374543
0.5328400273
0.5370401743
0.5412382546
0.545434446
0.549628737
0.5538209314
0.5580106744
0.5621974858
0.5663807924
0.5705599547
0.5747342897
0.5789030857
0.5830656146
0.5872211392
0.5913689194
0.5955082161
0.5996382961
0.6037584299
0.6078679286
0.6119659682
0.6160467235
0.6201093346
0.6241551826
0.6281849441
0.6321988742
0.6361969651
0.6401790447
0.6441448372
0.6480940019
0.6520261582
0.6559409018
0.6598378166
0.6637164824
0.6675764811
0.6714174004
0.6752388372
0.6790403954
0.682821654
0.6865821813
0.6903214109
0.6940387013
0.6977334063
0.7014049147
0.7050526783
0.7086762157
0.7122751085
0.7158489954
0.7193975638
0.7229205433
0.7264176993
0.729888828
0.7333337524
0.7367523188
0.7401443955
0.7435098692
0.746848651
0.7501606473
0.7534457983
0.7567028472
0.7599307685
0.76312681
0.7662849939
0.769407937
0.7724906063
0.7755329832
0.7785371722
0.7815049226
0.7844376329
0.7873364083
0.7902021163
0.7930354399
0.7958369602
0.7986071467
0.8013463583
0.8040551052
0.8067337158
0.8093822479
0.8120004493
0.8145885438
0.8171467135
0.8196751009
0.8221738385
0.8246430499
0.8270828518
0.829493355
0.8318746658
0.8342268867
0.8365501173
0.8388444544
0.8411099935
0.8433468284
0.8455550525
0.8477347585
0.8498860392
0.8520089837
0.8541036853
0.8561702394
0.8582087434
0.8602192961
0.8622019973
0.8641569485
0.8660842526
0.8679840154
0.8698563454
0.8717013541
0.873519155
0.8753098643
0.8770736011
0.8788104882
0.8805206516
0.8822042206
0.8838613278
0.8854921087
0.8870967025
0.8886752524
0.8902279059
0.8917548139
0.8932561299
0.8947320101
0.8961826136
0.8976081033
0.8990086457
0.9003844105
0.9017355698
0.9030622985
0.9043647744
0.905643178
0.9068976929
0.9081285052
0.909335803
0.9105197766
0.911680618
0.912818521
0.9139336806
0.9150262938
0.9160965538
0.917144663
0.9181707832
0.9191751735
0.9201577247
0.9211193231
0.9220576683
0.9229791421
0.9238565675
0.8316684926
0.8196984848
0.8080616348
0.7967415275
0.7857245367
0.7749964574
0.7645404824
0.7543394139
0.7443766647
0.7346361725
0.725102695
0.7157622822
0.7066025172
0.6976125358
0.6887829476
0.680105742
0.6715741765
0.6631826255
0.6549264115
0.6468016488
0.6388051091
0.6309341073
0.6231864059
0.6155601398
0.6080537549
0.6006659609
0.5933956926
0.5862420799
0.5792044229
0.5722821703
0.5654748974
0.558782281
0.5522040696
0.5457400517
0.539390027
0.5331537829
0.5270310799
0.5210216463
0.5151251814
0.5093413662
0.5036698779
0.498110409
0.4926626869
0.4873264943
0.4821016887
0.4769882213
0.4719861513
0.4670956513
0.4623169982
0.4576505529
0.4530967358
0.448656006
0.4443288502
0.4401157833
0.4360173604
0.4320341955
0.4281669848
0.4244165322
0.4207837774
0.4172698268
0.4138759696
0.4106036524
0.4074544047
0.4044297465
0.4015311175
0.3987598491
0.3961171765
0.3936042796
0.3912223363
0.3889725867
0.3868564332
0.3848755711
0.3830320247
0.3813279578
0.3797653439
0.3783457119
0.3770700873
0.3759390924
0.3749531147
0.3741124804
0.373417678
0.372869854
0.372471504
0.3722264753
0.3721387064
0.3722106359
0.3724425638
0.3728330884
0.3733799494
0.3740807289
0.3749332713
0.3759359833
0.377088223
0.3783905203
0.3798440349
0.3814493564
0.3832055965
0.3851103631
0.3871603175
0.3893517755
0.3916810593
0.3941445128
0.3967380619
0.3994565654
0.4022933157
0.405241238
0.4082944589
0.4114490224
0.4147025446
0.4180533802
0.4214998982
0.425040072
0.4286713137
0.4323904206
0.4361935893
0.4400765402
0.4440347456
0.4480637147
0.4521577122
0.4563099486
0.4605150167
0.4647685671
0.4690669966
0.4734071673
0.477786185
0.482201258
0.4866496447
0.4911286696
0.4956357628
0.5001684913
0.5047245662
0.5093018334
0.5138982498
0.5185118859
0.5231407579
0.5277712087
0.5323985103
0.5370229934
0.5416449532
0.5462645506
0.5508817788
0.5554964698
0.5601083151
0.5647168884
0.569321665
0.5739220377
0.5785173291
0.5831068039
0.5876896799
0.592265141
0.5968323504
0.6013904594
0.6059386415
0.6104741154
0.6149844642
0.6194734764
0.6239433253
0.6283951949
0.6328296352
0.6372467295
0.6416461859
0.6460274746
0.6503899418
0.6547328849
0.6590555973
0.6633573947
0.6676376295
0.671895697
0.6761310374
0.680343134
0.6845315116
0.6886957326
0.6928353957
0.6969501292
0.7010396164
0.7051035525
0.7091460157
0.7131670153
0.7171646656
0.7211376545
0.7250850156
0.7290060039
0.7329000274
0.7367666047
0.7406053374
0.7444158916
0.7481979852
0.7519513794
0.755675873
0.7593712984
0.7630375188
0.7666744274
0.7702819227
0.7738597347
0.7774066333
0.7809217826
0.7844046671
0.7878550408
0.791272861
0.7946582253
0.7980113235
0.8013324022
0.8046217399
0.8078796297
0.8111063686
0.8143022495
0.8174675567
0.8206025633
0.8237075286
0.826782699
0.8298283073
0.8328445824
0.8358317254
0.8387899561
0.8417136387
0.8446025932
0.8474591513
0.8502880901
0.8530880617
0.8558508074
0.858576865
0.8612691347
0.8639294104
0.866558827
0.8691581803
0.8717280004
0.8742686619
0.8767806941
0.8792643754
0.8817197686
0.8841467646
0.8865453925
0.8889158976
0.8912584141
0.8935730796
0.8958600299
0.8981193941
0.9003512961
0.9025558561
0.904733191
0.9068834151
0.9090066406
0.9111029776
0.913172535
0.9152154201
0.9172317391
0.9192215972
0.9211850993
0.9231223499
0.9250334536
0.9269185138
0.9287776342
0.9306109184
0.9324184714
0.9342003992
0.9359568089
0.9376878079
0.9393935038
0.9410740056
0.9427294241
0.9443598727
0.945965466
0.9475463194
0.9491025488
0.9506342726
0.9521416124
0.9536246929
0.9550836406
0.9565185828
0.9579296481
0.9593169678
0.9606806776
0.9620209167
0.9633378263
0.9646315485
0.9659022268
0.967150008
0.9683750423
0.9695774835
0.9707574874
0.9719152113
0.9730508142
0.9741644577
0.9752563066
0.9763265279
0.977375291
0.978402767
0.9794091286
0.9803945503
0.9813592078
0.9823032788
0.9832269371
0.9841303661
0.9850137062
0.9858772009
0.9867207038
0.9875451199
0.9883479793
0.9891360757
0.9898837094
0.8316710262
0.8197056631
0.8080740088
0.7967564365
0.7857357625
0.7749926207
0.7645042584
0.7542480045
0.7442028941
0.7343499178
0.7246725239
0.7151570876
0.7057929442
0.6965720777
0.6874886616
0.6785386126
0.6697192018
0.6610287029
0.6524660968
0.6440308524
0.6357227767
0.6275419135
0.6194884771
0.6115628118
0.6037653675
0.5960966853
0.5885573895
0.5811481813
0.5738698348
0.5667231869
0.5597091113
0.5528284721
0.5460820642
0.5394705577
0.5329944607
0.52665411
0.520449686
0.5143812482
0.5084487829
0.5026522569
0.4969916703
0.4914671064
0.4860787757
0.4808270542
0.4757125159
0.4707359606
0.4658984213
0.4612011313
0.4566454495
0.4522327706
0.4479644578
0.4438418198
0.4398661314
0.4360386843
0.432360853
0.4288341603
0.4254603344
0.4222413579
0.4191795312
0.4162775551
0.4135385268
0.4109657174
0.4085622002
0.4063305618
0.4042728312
0.4023905976
0.4006852106
0.3991579763
0.3978103136
0.396643944
0.3956613941
0.3948667161
0.3942653232
0.3938623308
0.3936607298
0.3936608794
0.3938612308
0.3942593775
0.394852841
0.3956394797
0.3966177099
0.3977868853
0.3991477415
0.4007020042
0.4024508478
0.4043934348
0.4065266928
0.4088460769
0.4113464634
0.4140226977
0.4168697436
0.4198823982
0.4230545032
0.426378254
0.4298447489
0.4334456802
0.4371747567
0.4410278029
0.4450018169
0.449093942
0.4533008262
0.4576183928
0.4620417863
0.4665654045
0.4711805552
0.4758780775
0.4806496005
0.485487711
0.4903859845
0.4953388735
0.5003415227
0.5053895712
0.5104789712
0.5156058286
0.5207662818
0.5259564472
0.5311724659
0.5364105172
0.5416588036
0.5469047029
0.5521472598
0.5573858541
0.5626199801
0.5678491011
0.5730725717
0.5782896023
0.5834992529
0.58870045
0.5938920177
0.599072713
0.604241257
0.609396363
0.6145367394
0.6196611866
0.6247681653
0.6298422849
0.6348818488
0.6398906551
0.6448709146
0.6498238331
0.6547499665
0.6596494544
0.6645221747
0.6693678457
0.6741860918
0.678976487
0.683738582
0.6884719223
0.6931760593
0.6978505584
0.7024950066
0.7071090165
0.7116922767
0.7162457561
0.7207783972
0.7252863874
0.7297671494
0.7342188695
0.7386395429
0.7430270994
0.7473799648
0.7516969724
0.7559772937
0.7602203657
0.7644258269
0.7685934671
0.7727231899
0.7768149851
0.7808689089
0.7848850689
0.7888636149
0.7928047309
0.7967086319
0.8005755596
0.804405786
0.8081996191
0.8119577251
0.8156806665
0.8193688226
0.8230225035
0.8266419852
0.8302275264
0.8337793791
0.8372977929
0.8407830173
0.8442353016
0.8476548941
0.8510420419
0.8543969895
0.8577199791
0.8610112512
0.864271048
0.8674996005
0.8706960755
0.8738556754
0.8769791372
0.8800673815
0.8831213555
0.8861419519
0.8891299698
0.8920861152
0.8950110099
0.897905204
0.9007691869
0.9036033985
0.9064082379
0.9091840706
0.9119312342
0.9146500428
0.9173407893
0.9200037535
0.9226391966
0.925247421
0.927828542
0.930375027
0.9328888409
0.9353725682
0.9378277972
0.9402552921
0.9426596155
0.9450404693
0.9473964876
0.9497269932
0.9520316682
0.9543107387
0.9565640653
0.95879158
0.9609930713
0.9631685589
0.9653182537
0.9674422953
0.9695407982
0.971613896
0.9736617194
0.9756843982
0.9776820619
0.9796548379
0.9816028518
0.983526227
0.9854250853
0.9872995473
0.9891497319
0.9909757563
0.9927777367
0.9945557877
0.9963100225
0.9980405528
0.9997474895
1.001430942
1.003091022
1.004727836
1.006341494
1.007932102
1.009499767
1.011044594
1.012566694
1.014066173
1.015543138
1.016997694
1.018429949
1.019840011
1.021227991
1.022594
1.023938147
1.02526054
1.02656129
1.027840513
1.029098325
1.030334844
1.031550185
1.032744463
1.033917798
1.035070314
1.036202136
1.037313392
1.038404206
1.039474705
1.040525019
1.04155528
1.042565626
1.043556194
1.04452712
1.045478544
1.046410606
1.047323451
1.048217225
1.049092076
1.049948152
1.050785603
1.051604582
1.052405241
1.053187728
1.053952204
1.054698783
1.055427684
1.056138727
1.056832813
1.057507351
1.058169408
1.058794664
0.8316757739
0.8197195615
0.8080973269
0.7967806239
0.7857422108
0.7749515268
0.7643756329
0.7539847278
0.7437544178
0.7336658369
0.7237057498
0.7138663397
0.7041443402
0.6945398519
0.6850551201
0.6756935465
0.666459019
0.6573554721
0.6483866354
0.6395559384
0.630866511
0.6223212294
0.6139227768
0.6056737056
0.5975764913
0.5896335764
0.5818474022
0.5742204317
0.5667551597
0.5594540862
0.5523196193
0.5453539114
0.5385587001
0.5319352247
0.525484243
0.5192061314
0.5131010307
0.5071690053
0.5014101925
0.4958249283
0.4904138465
0.4851779511
0.4801186659
0.4752378684
0.4705379218
0.4660216995
0.4616925262
0.4575539475
0.4536093918
0.4498619125
0.4463141347
0.4429683892
0.4398269373
0.4368921973
0.4341669211
0.431654302
0.4293580188
0.4272822866
0.4254321602
0.4238141321
0.422436033
0.421305385
0.4204273706
0.4198041536
0.419435641
0.4193206983
0.419458087
0.4198469449
0.4204869176
0.4213782076
0.4225219667
0.4239208111
0.4255780563
0.4274953984
0.4296710879
0.4321000672
0.4347753354
0.437689239
0.4408341604
0.4442026856
0.4477873642
0.4515798793
0.4555699414
0.4597454291
0.4640944579
0.4686075499
0.4732779813
0.4781005589
0.4830701559
0.4881808021
0.4934253897
0.4987957384
0.504282749
0.5098765325
0.5155666284
0.5213420173
0.5271918243
0.5331062297
0.5390765305
0.5450950325
0.5511548645
0.5572497791
0.5633740074
0.5695216812
0.5756735465
0.5818207899
0.5879599614
0.5940881437
0.6002027834
0.6063015727
0.6123823662
0.6184431176
0.6244818315
0.6304965248
0.6364852022
0.6424458383
0.6483764407
0.6542748255
0.6601275453
0.6659224255
0.6716648753
0.6773581387
0.683004123
0.6886038854
0.6941579483
0.6996665006
0.7051295258
0.7105468845
0.7159183701
0.7212437479
0.7265227831
0.7317552615
0.7369409931
0.7420798855
0.7471718303
0.7522268472
0.7572452115
0.762223309
0.7671586981
0.7720496737
0.7768950189
0.7816938632
0.7864455939
0.7911497957
0.7958062096
0.8004147029
0.8049752481
0.8094879055
0.8139528121
0.8183701715
0.8227402499
0.8270633718
0.8313399252
0.8355704601
0.8397561051
0.8438975166
0.8479952054
0.8520496462
0.8560576107
0.860016677
0.8639276464
0.8677915482
0.8716094938
0.8753825903
0.8791119003
0.8827984255
0.8864431028
0.8900468058
0.8936103496
0.8971344966
0.9006199623
0.9040674213
0.9074775124
0.9108508481
0.9141879973
0.9174895277
0.9207558388
0.9239872754
0.9271842078
0.9303470364
0.933476188
0.9365721068
0.939635245
0.9426660563
0.9456649906
0.94863249
0.9515689879
0.9544749074
0.9573506607
0.9601966499
0.9630132692
0.9658009093
0.9685599638
0.9712889988
0.9739811301
0.9766400861
0.9792682902
0.9818673668
0.9844384308
0.9869822829
0.9894995323
0.9919906688
0.9944561046
0.9968961992
0.9993112749
1.001701627
1.004067529
1.006409243
1.008727013
1.011021076
1.013291662
1.015538987
1.017763331
1.019964867
1.022146952
1.024308647
1.026449002
1.028567462
1.030663743
1.032737332
1.034787634
1.036814559
1.038817732
1.040797024
1.042752128
1.044683264
1.046590676
1.04847455
1.050335062
1.052172403
1.05398676
1.055778312
1.057547232
1.059293688
1.061017842
1.062719855
1.06439988
1.066058066
1.067694559
1.069309498
1.07090302
1.07247526
1.074026348
1.075556412
1.077065577
1.078553966
1.080021699
1.081468891
1.082895658
1.084302113
1.085688369
1.087054537
1.088400725
1.089727038
1.091033581
1.092320459
1.09358778
1.094835646
1.09606416
1.097273418
1.098463522
1.099634575
1.100786683
1.101919946
1.103034463
1.10413033
1.105207646
1.106266519
1.107307055
1.108329358
1.109333527
1.11031966
1.111287862
1.112238242
1.113170915
1.114085986
1.114983563
1.115863749
1.116726657
1.117572401
1.1184011
1.119212868
1.120007821
1.120786075
1.121547746
1.122292959
1.123021836
1.1237345
1.124431077
1.12511169
1.125776466
1.126425528
1.127059009
1.127676994
1.128279678
1.128866851
1.129439388
1.129994644
1.130539783
1.131051823
0.831689715
0.8197614185
0.8081668918
0.7968519763
0.7857651516
0.7748563284
0.7640803971
0.7534041501
0.7428076294
0.7322824665
0.7218303168
0.7114605647
0.7011872109
0.69102626
0.6809934339
0.6711027177
0.6613658627
0.651792458
0.642390283
0.6331657687
0.6241244394
0.6152712723
0.6066109636
0.5981481104
0.5898873272
0.581833312
0.5739908784
0.5663649651
0.5589606074
0.5517827516
0.5448357761
0.5381228952
0.5316458485
0.5254050557
0.5194000938
0.5136302689
0.5080951199
0.5027947906
0.4977302639
0.4929034827
0.4883173876
0.4839758992
0.4798838684
0.4760470435
0.4724721899
0.4691673684
0.4661417314
0.4634042221
0.4609619284
0.4588194465
0.4569795124
0.4554441527
0.4542156497
0.4532970661
0.452692372
0.452406305
0.4524440927
0.4528112249
0.4535136939
0.4545585679
0.4559531792
0.4577021928
0.4598051187
0.4622565333
0.4650481169
0.4681705855
0.4716146846
0.4753713856
0.4794316636
0.4837859803
0.4884231299
0.493328819
0.4984860772
0.5038781793
0.5094912624
0.5153143072
0.521337346
0.527549759
0.5339394839
0.5404930153
0.5471957862
0.5540325687
0.5609877119
0.5680453292
0.5751896599
0.5824055832
0.5896790433
0.5969972163
0.6043484447
0.6117220524
0.6191081426
0.6264974229
0.6338810568
0.641250548
0.6485976777
0.6559124331
0.663186169
0.6704137509
0.6775907713
0.6847134442
0.6917785098
0.6987831307
0.7057249426
0.7125998464
0.7193817674
0.7260689881
0.7326674424
0.7391811562
0.7456128847
0.7519645344
0.7582374644
0.7644326906
0.770551016
0.7765931164
0.7825595859
0.7884509741
0.7942678318
0.8000107161
0.8056869038
0.8113025662
0.8168529584
0.8223350473
0.8277469602
0.8330876245
0.8383565426
0.8435536399
0.8486791553
0.8537335638
0.8587175206
0.8636318227
0.8684773815
0.8732552043
0.8779663842
0.8826120748
0.8871935344
0.8917125296
0.8961705272
0.900568649
0.9049078936
0.9091892185
0.9134135755
0.9175819264
0.9216952466
0.9257545221
0.9297607437
0.9337149015
0.9376179789
0.9414709485
0.9452747685
0.9490303819
0.9527387151
0.956400682
0.9600171475
0.963588974
0.9671166592
0.9706007318
0.9740417943
0.9774404086
0.9807907311
0.9840904269
0.9873433724
0.9905523797
0.9937195648
0.9968465797
0.9999347752
1.002985305
1.005999189
1.008977353
1.011920652
1.014829885
1.017705806
1.020549131
1.023360538
1.026140678
1.028890161
1.031609559
1.034299421
1.036960255
1.039592503
1.042196549
1.044772748
1.04732144
1.049842956
1.052337631
1.054805801
1.057247807
1.059663996
1.062054717
1.064420325
1.066761177
1.069077635
1.071370069
1.073638887
1.075884956
1.078110924
1.080315489
1.082498115
1.084658675
1.086797251
1.088914035
1.091009274
1.093083242
1.09513622
1.09716849
1.099180325
1.101171994
1.103143756
1.105095866
1.10702857
1.108942108
1.110836709
1.11271261
1.114569999
1.116409196
1.118230044
1.120032221
1.121815551
1.12358013
1.125326151
1.127053356
1.12876132
1.130449263
1.132116978
1.13376431
1.135391141
1.136997455
1.138583316
1.140148834
1.141694145
1.143219409
1.144724798
1.146210488
1.147676653
1.149123465
1.150551095
1.151959713
1.153349484
1.15472057
1.156073126
1.157407303
1.158723244
1.160021094
1.16130099
1.162563066
1.163807453
1.165034279
1.166243666
1.167435735
1.168610601
1.169768376
1.170909173
1.172033103
1.173140274
1.174230788
1.175304744
1.176362241
1.177403379
1.178428261
1.179436983
1.180429635
1.181406303
1.182367079
1.183312059
1.184241342
1.185155017
1.186053165
1.186935866
1.187803208
1.188655289
1.189492205
1.190314044
1.191120883
1.1919128
1.192689886
1.193452238
1.194199955
1.194933124
1.195651825
1.196356144
1.197046171
1.197722005
1.198383746
1.199031485
1.199665312
1.200285319
1.200891603
1.201484262
1.202063398
1.202629108
1.203181491
1.203720647
1.204246671
1.204759668
1.205259701
1.205746933
1.206221135
1.206683135
1.207130318
1.207569725
1.207979782
0.8317536163
0.8199456101
0.8084671359
0.7971922132
0.7860216918
0.7748815522
0.7637236893
0.7525297983
0.7413075828
0.7300846498
0.7189037957
0.7078145645
0.6968641397
0.6860942359
0.6755375859
0.6652170451
0.6551474499
0.6453383231
0.6357962618
0.6265266608
0.6175347941
0.6088264004
0.6004079384
0.5922866375
0.584470434
0.5769678511
0.5697878619
0.562939811
0.5564334364
0.550278247
0.5444812765
0.539044698
0.5339658206
0.529239331
0.5248599075
0.5208240211
0.5171307703
0.5137820304
0.510782222
0.508137914
0.5058573854
0.5039502063
0.5024268674
0.5012985503
0.500577333
0.5002766157
0.5004101079
0.5009886573
0.5020174837
0.5034963784
0.5054221118
0.5077908011
0.5105990659
0.5138440526
0.5175228383
0.5216316502
0.5261651423
0.5311157101
0.5364723598
0.5422191866
0.5483356899
0.55480023
0.561593518
0.5686989021
0.5761002502
0.5837798501
0.591717472
0.5998904459
0.60827424
0.6168431292
0.6255706753
0.6344299358
0.643393664
0.6524348474
0.6615275296
0.6706475503
0.679772973
0.6888842106
0.6979639662
0.7069970836
0.7159703529
0.7248722697
0.7336927459
0.7424228409
0.7510546141
0.7595811089
0.7679963779
0.7762954661
0.7844743381
0.792529772
0.8004592578
0.8082609103
0.815933392
0.8234758758
0.8308878872
0.8381650975
0.8453064482
0.8523170442
0.8592008783
0.8659612229
0.8726008855
0.8791223858
0.885528094
0.8918170653
0.8979977194
0.9040721806
0.9100388401
0.9158974331
0.921648556
0.9272933881
0.9328335314
0.9382708973
0.9436076215
0.9488459983
0.9539884287
0.9590373895
0.9639953625
0.9688649108
0.9736483189
0.9783471627
0.9829629081
0.9874972252
0.9919519686
0.9963291039
1.000630646
1.004858616
1.009015014
1.013101799
1.017120888
1.021074143
1.02496338
1.028790366
1.032556837
1.036264417
1.039914755
1.043509057
1.047048272
1.050533273
1.05396496
1.057344336
1.060672498
1.063950624
1.067179944
1.070361718
1.073497216
1.0765877
1.079634417
1.082638585
1.085601391
1.088523989
1.091407492
1.094252976
1.097061446
1.099833857
1.102571139
1.105274145
1.107943641
1.110580268
1.11318653
1.11576349
1.118310252
1.120826546
1.123312467
1.125768318
1.128194529
1.130591609
1.132960113
1.135300621
1.137613728
1.139900026
1.14216011
1.144394562
1.146603956
1.148788851
1.150949787
1.153087273
1.155201815
1.157293924
1.159364092
1.161412772
1.163440368
1.165447235
1.167433682
1.169399991
1.171346419
1.173273214
1.175180616
1.177068868
1.178938219
1.18078892
1.182621236
1.184435436
1.186231783
1.188010541
1.189771382
1.191514023
1.193238401
1.194944636
1.196632966
1.198303694
1.199957148
1.201593657
1.203213539
1.204817103
1.20640465
1.207976471
1.209532849
1.211074057
1.212600378
1.214112074
1.215609388
1.217092556
1.218561777
1.220017415
1.221459688
1.222888347
1.224303108
1.225703608
1.227089558
1.228460992
1.229817858
1.231159937
1.232486982
1.233798748
1.235095019
1.236375617
1.237640418
1.238889343
1.240122357
1.241339467
1.242540716
1.24372617
1.244895913
1.246050037
1.247188646
1.248311853
1.24941978
1.250512551
1.251590291
1.252653123
1.253701169
1.25473455
1.255753388
1.256757802
1.257747909
1.258723824
1.259685659
1.260633526
1.261567529
1.26248777
1.26339435
1.26428737
1.265166931
1.266033132
1.266886059
1.267725798
1.268552435
1.269366064
1.270166778
1.270954663
1.271729787
1.272492222
1.273242048
1.273979357
1.274704238
1.275416762
1.276116986
1.276804972
1.277480797
1.278144555
1.27879633
1.279436186
1.280064174
1.28068035
1.281284794
1.281877597
1.282458837
1.28302858
1.283586876
1.284133789
1.284669394
1.285193776
1.285707012
1.28620917
1.286700314
1.287180511
1.287649836
1.288108368
1.288556184
1.288993355
1.289419955
1.289836053
1.290241729
1.29063702
1.291022062
1.291396617
1.29176144
1.292114055
1.292461096
1.292782695
0.832123361
0.8209173207
0.8099886515
0.7990315348
0.7878854185
0.7764742615
0.7647916013
0.7528952775
0.7408909955
0.7289171729
0.717133934
0.7056829809
0.6946597653
0.6841335725
0.6741362157
0.6646685061
0.6557163829
0.6472634399
0.6392971657
0.6318109571
0.6248039904
0.6182802217
0.6122471561
0.6067146728
0.6016940059
0.5971969118
0.5932350452
0.5898199087
0.5869636012
0.5846769204
0.5829619295
0.5818065398
0.5811884399
0.5810838636
0.5814739817
0.5823470128
0.5836975571
0.5855248939
0.5878312359
0.590620314
0.5938963471
0.5976633358
0.6019245603
0.606682123
0.6119360249
0.6176828122
0.6239155955
0.6306266702
0.6378101374
0.6454614452
0.6535743866
0.6621380428
0.6711350925
0.6805414853
0.6903269475
0.7004558794
0.7108883928
0.7215814057
0.7324896542
0.7435665331
0.7547649644
0.766038669
0.7773437562
0.7886400977
0.7998920851
0.8110687542
0.8221434767
0.8330934417
0.8438990829
0.8545435713
0.8650123731
0.875292902
0.8853743224
0.8952475959
0.9049056739
0.9143436576
0.9235588033
0.9325503671
0.9413193486
0.9498681802
0.9582004215
0.9663204626
0.9742332615
0.9819441266
0.9894585591
0.9967821604
1.003920583
1.010879503
1.01766459
1.024281478
1.030735733
1.037032807
1.043178013
1.049176501
1.055033198
1.060754384
1.066344837
1.071806887
1.077143433
1.0823577
1.087453071
1.092433033
1.097301005
1.102061634
1.106718753
1.111273504
1.115727402
1.120082449
1.124341029
1.128505791
1.132579551
1.136565216
1.140465726
1.144284021
1.148023005
1.151685535
1.155274373
1.158792178
1.162241433
1.165624242
1.168942329
1.172197179
1.175390239
1.178523003
1.18159703
1.184613948
1.187575429
1.190483182
1.193338927
1.19614438
1.198901243
1.201611184
1.20427584
1.206896784
1.209475503
1.212013472
1.21451214
1.216972807
1.219396613
1.221784573
1.224137606
1.226456568
1.228742275
1.230995529
1.233217127
1.235407864
1.237568538
1.239699947
1.241802891
1.24387816
1.245926541
1.247948806
1.249945697
1.251917919
1.253866203
1.25579131
1.257693935
1.259574798
1.261434153
1.263271801
1.265087632
1.266881728
1.268654328
1.270405773
1.272136463
1.273846829
1.275537321
1.277208394
1.278860501
1.280494093
1.282109617
1.283707509
1.285288201
1.286852114
1.288399656
1.289931213
1.291447176
1.292947941
1.2944339
1.295905387
1.297362667
1.298805958
1.300235463
1.301651387
1.303053938
1.304443333
1.305819792
1.307183541
1.308534808
1.309873825
1.311200821
1.312516027
1.313819646
1.315111885
1.316392758
1.31766212
1.318919765
1.320165535
1.321399367
1.322621282
1.323831366
1.325029737
1.326216538
1.32739195
1.328556174
1.329709431
1.330851949
1.331983961
1.333105926
1.334218061
1.335320479
1.336413344
1.337496817
1.338570945
1.339635763
1.340691499
1.341738212
1.342775852
1.343804297
1.344823438
1.345833182
1.346833391
1.347823887
1.348804467
1.34977492
1.350735036
1.351684614
1.352623469
1.353551439
1.35446839
1.355374226
1.356268878
1.357152302
1.358024472
1.358885378
1.359735026
1.360573444
1.361400677
1.362216774
1.363021792
1.363815791
1.364598838
1.365371006
1.36613237
1.366883007
1.367622996
1.368352415
1.369071348
1.369779876
1.370478074
1.371166017
1.37184378
1.372511447
1.373169099
1.373816814
1.374454655
1.375082684
1.375700971
1.3763096
1.376908652
1.377498188
1.378078255
1.3786489
1.379210195
1.379762226
1.38030507
1.380838772
1.381363357
1.381878867
1.382385376
1.382882973
1.383371724
1.383851664
1.384322809
1.384785199
1.385238907
1.385684014
1.386120582
1.386548639
1.386968211
1.387379339
1.387782086
1.388176523
1.388562703
1.388940666
1.389310448
1.389672094
1.390025662
1.390371207
1.390708781
1.391038431
1.391360198
1.391674136
1.391980264
1.392278684
1.392569167
1.392852365
1.393126067
1.393396161
1.393645096
0.8345851752
0.8267393793
0.818740193
0.8099204478
0.8001831089
0.7896436142
0.7785888379
0.7674386799
0.7566874574
0.7468604241
0.7384805605
0.7317425752
0.7265139073
0.7227885879
0.7204288294
0.7192338449
0.719022218
0.7196612481
0.7210621723
0.7231668421
0.725935929
0.729340628
0.733357361
0.7379645966
0.7431410513
0.7488647598
0.755112665
0.7618600633
0.7690792236
0.7767402715
0.7848180047
0.7932978733
0.8021731811
0.811437341
0.8210783864
0.8310777226
0.8414115676
0.8520532365
0.8629752128
0.874150641
0.8855541932
0.8971623933
0.9089535437
0.9209073145
0.9330040018
0.9452234009
0.9575435826
0.9699401855
0.9823864246
0.9948534449
1.007310588
1.019725466
1.032063983
1.044290512
1.056368356
1.068260584
1.079931199
1.091346523
1.102476629
1.113296568
1.123787305
1.13393631
1.143737676
1.153191676
1.162303817
1.171083607
1.179543322
1.187696909
1.195559108
1.203144824
1.210468668
1.217544656
1.224386023
1.231005104
1.237413293
1.243621031
1.249637804
1.255472161
1.261131743
1.266623344
1.271953009
1.277126135
1.282147607
1.287021923
1.291753303
1.2963458
1.300803371
1.305129939
1.309329432
1.313405797
1.317362997
1.321205013
1.324935824
1.328559374
1.332079618
1.335500211
1.338824524
1.342056073
1.345198537
1.34825568
1.351231255
1.35412894
1.356952237
1.359704395
1.362387939
1.365004888
1.367556888
1.370045471
1.372472251
1.374838975
1.377147544
1.379399977
1.381598392
1.383744962
1.385841879
1.387891339
1.389895492
1.391856399
1.393776088
1.395656517
1.397499422
1.399306272
1.401078332
1.40281673
1.404522508
1.406196653
1.407840143
1.409453954
1.411039077
1.412596516
1.414127281
1.415632387
1.41711285
1.418569664
1.420003786
1.421416203
1.422807938
1.424179962
1.425533164
1.42686836
1.428186286
1.429487604
1.430772905
1.432042733
1.433297581
1.43453791
1.435764154
1.436976728
1.438176033
1.439362463
1.440536403
1.44169823
1.4428483
1.44398696
1.445114591
1.446231601
1.44733835
1.448435188
1.449522388
1.450600015
1.451667953
1.452726016
1.453774047
1.454811956
1.455839731
1.456857419
1.457865122
1.458862985
1.45985118
1.460829901
1.46179936
1.462759773
1.463711369
1.464654375
1.465589019
1.466515525
1.467434129
1.468345082
1.469248625
1.470144781
1.471033464
1.471914689
1.472788578
1.473655322
1.474515156
1.475368335
1.476215117
1.477055754
1.477890489
1.478719552
1.479543158
1.480361505
1.481174762
1.481983073
1.482786558
1.48358526
1.484379122
1.48516803
1.485951857
1.486730474
1.487503956
1.488272278
1.489035243
1.489792758
1.490544801
1.4912914
1.492032619
1.492768538
1.493499061
1.494224338
1.494944613
1.495660074
1.496370865
1.497077074
1.497778779
1.498476068
1.499168989
1.49985755
1.500541716
1.50122143
1.501896625
1.502567211
1.503233062
1.503894029
1.504549946
1.505200636
1.505845915
1.506485594
1.50711948
1.507747387
1.50836914
1.508984588
1.509593597
1.51019605
1.510791839
1.511380875
1.511963085
1.512538416
1.513106832
1.513668307
1.514222825
1.514770378
1.515310971
1.515844616
1.516371334
1.516891146
1.517404081
1.517910174
1.518409469
1.518902008
1.519387828
1.519866968
1.52033947
1.520805389
1.521264782
1.5217177
1.522164175
1.522604242
1.523037946
1.523465355
1.523886531
1.524301512
1.524710315
1.525112962
1.525509505
1.525900019
1.526284566
1.526663165
1.52703581
1.527402519
1.527763348
1.528118376
1.528467653
1.528811184
1.529148956
1.529480984
1.529807325
1.530128046
1.530443187
1.53075275
1.531056731
1.531355147
1.531648045
1.531935473
1.53221746
1.532494021
1.532765166
1.533030917
1.533291308
1.53354637
1.533796128
1.5340406
1.53427981
1.534513754
1.534742505
1.534965847
1.535184317
1.535396042
1.535605981
1.535799387
0.8563175229
0.8709516144
0.8832178578
0.893873863
0.9038807229
0.9142589461
0.9262029849
0.9409173166
0.9594838868
0.9827860406
1.011425416
1.043161902
1.07461244
1.105887654
1.13694567
1.16772935
1.19816444
1.228148281
1.257555662
1.286251327
1.314101558
1.340982766
1.366787182
1.391426156
1.414831668
1.436956538
1.45777364
1.477274315
1.49546576
1.512367951
1.528011767
1.542438564
1.555699707
1.567855019
1.578970451
1.58911565
1.598361837
1.606780142
1.614440364
1.621410096
1.627754094
1.633533871
1.638807425
1.643629079
1.648049388
1.65211508
1.655869092
1.659350782
1.662596229
1.665638471
1.668507595
1.671230724
1.673831997
1.6763326
1.678750839
1.681102263
1.683399788
1.685653798
1.687872241
1.690060689
1.692222423
1.694358594
1.696468462
1.698549744
1.700599006
1.70261207
1.704584416
1.706511512
1.70838908
1.710213299
1.71198092
1.713689347
1.715336647
1.716921545
1.718443396
1.719902138
1.721298235
1.722632613
1.723906586
1.725121781
1.726280068
1.727383486
1.728434191
1.729434408
1.730386385
1.731292378
1.732154619
1.732975312
1.73375662
1.734500655
1.735209479
1.735885098
1.73652945
1.737144405
1.737731767
1.738293224
1.738830298
1.73934438
1.739836816
1.740308967
1.740762216
1.741197968
1.741617628
1.742022587
1.742414086
1.742793108
1.74316038
1.743516458
1.743861783
1.744196723
1.744521624
1.744836839
1.745142763
1.745439842
1.745728578
1.746009543
1.746283351
1.746550656
1.74681215
1.747068519
1.747320421
1.747568468
1.74781322
1.748055176
1.748294764
1.748532342
1.74876822
1.749002663
1.749235904
1.749468157
1.749699621
1.749930499
1.750160997
1.750391322
1.750621685
1.750852304
1.751083405
1.75131521
1.751547951
1.751781872
1.752017207
1.752254178
1.752492988
1.752733814
1.752976803
1.753222077
1.75346973
1.753719836
1.753972448
1.754227606
1.754485336
1.754745656
1.755008572
1.755274092
1.755542215
1.755812943
1.756086268
1.756362196
1.756640741
1.756921872
1.757205486
1.757491422
1.757779477
1.758069431
1.75836106
1.758654139
1.75894847
1.75924388
1.759540216
1.759837365
1.760135233
1.760433755
1.760732897
1.761032636
1.761332976
1.761633933
1.761935535
1.762237833
1.762540845
1.762844579
1.763149173
1.763454849
1.763761807
1.764070211
1.764380198
1.764691882
1.765005355
1.765320692
1.765637958
1.765957201
1.766278463
1.766601774
1.766927151
1.767254594
1.767584103
1.767915658
1.768249204
1.768584658
1.768921906
1.769260807
1.769601007
1.769942288
1.770284666
1.770628093
1.770972487
1.771317745
1.771663765
1.772010451
1.772357689
1.77270538
1.773053457
1.773401878
1.77375062
1.774099654
1.774448962
1.774798542
1.775148386
1.775498479
1.775848793
1.776199284
1.776549905
1.776900605
1.777251314
1.777601945
1.777952382
1.778302493
1.778652138
1.779001171
1.779349446
1.779696799
1.780043047
1.780388006
1.780731503
1.781073386
1.781413513
1.781751743
1.782087931
1.782421941
1.782753655
1.783082981
1.783409838
1.783734152
1.784055854
1.784374883
1.784691195
1.785004755
1.785315533
1.785623506
1.785928657
1.786230981
1.786530482
1.786827164
1.787121019
1.78741204
1.787700234
1.787985631
1.788268259
1.788548131
1.788825235
1.789099561
1.789371132
1.789639999
1.7899062
1.790169733
1.790430561
1.790688666
1.790944088
1.791196896
1.791447127
1.79169475
1.791939703
1.792181969
1.792421598
1.792658664
1.79289319
1.793125129
1.793354418
1.793581041
1.793805043
1.794026479
1.794245362
1.794461654
1.794675306
1.794886307
1.795094681
1.795300456
1.795503637
1.795704201
1.795902129
1.796097411
1.796290054
1.796480061
1.796667428
1.79685213
1.797034182
1.797213434
1.79739017
1.797563321
1.797735535
1.797899561
1.280252682
1.619628739
1.865391838
2.030019068
2.130389413
2.182845382
2.201177888
2.196327907
2.176641714
2.148261094
2.11555874
2.081743092
2.048606342
2.016665519
1.986280199
1.957688719
1.931025514
1.906342856
1.883631968
1.862839701
1.843881357
1.82665058
1.811027019
1.796882394
1.784085328
1.772505145
1.762014827
1.752493226
1.743826649
1.735909927
1.728647081
1.721951729
1.715747201
1.709966383
1.704551284
1.699452402
1.694627956
1.690043074
1.685668952
1.681482068
1.677463435
1.673597924
1.669873662
1.666281486
1.662814464
1.659467486
1.656236895
1.65312018
1.650115721
1.647222571
1.644440261
1.641768631
1.639207667
1.636757363
1.634417599
1.632188017
1.630067938
1.628056268
1.626151435
1.624351347
1.622653364
1.621054307
1.619550486
1.618137752
1.616811578
1.61556714
1.614399418
1.613303306
1.612273705
1.61130562
1.610394233
1.609534963
1.60872352
1.607955923
1.607228522
1.606537987
1.605881302
1.605255731
1.6046588
1.604088259
1.603542057
1.603018316
1.602515304
1.602031424
1.601565195
1.601115247
1.600680312
1.600259218
1.599850886
1.59945433
1.599068643
1.598693007
1.59832668
1.59796899
1.597619345
1.597277262
1.596942356
1.596614273
1.596292672
1.595977231
1.59566766
1.595363692
1.595065049
1.594771533
1.594483162
1.59420006
1.593922293
1.593649834
1.593382612
1.593120534
1.592863502
1.59261141
1.592364147
1.592121603
1.591883659
1.591650193
1.591421078
1.591196186
1.59097548
1.590759032
1.590546922
1.590339179
1.590135791
1.589936741
1.589742014
1.589551599
1.589365488
1.589183675
1.589006159
1.588832936
1.588664003
1.588499346
1.588338948
1.58818278
1.588030823
1.587883122
1.587739769
1.587600834
1.587466338
1.587336281
1.587210659
1.587089466
1.586972702
1.586860371
1.58675248
1.586649036
1.586550049
1.586455527
1.586365473
1.586279892
1.586198781
1.58612213
1.586049918
1.585982143
1.585918838
1.585860049
1.585805778
1.585755993
1.585710694
1.585669927
1.585633719
1.585602063
1.585574922
1.585552248
1.585533987
1.585520081
1.585510462
1.585505062
1.585503807
1.585506622
1.58551343
1.585524151
1.585538708
1.58555702
1.585579008
1.585604598
1.585633736
1.585666377
1.585702471
1.585741811
1.585784052
1.585828908
1.585876207
1.585925863
1.58597784
1.586032139
1.58608878
1.586147792
1.586209211
1.586273069
1.5863394
1.586408231
1.586479578
1.586553467
1.586629952
1.58670909
1.586790919
1.586875455
1.586962701
1.587052657
1.587145307
1.587240627
1.587338596
1.587439194
1.587542398
1.587648182
1.587756517
1.587867373
1.587980716
1.588096512
1.588214724
1.588335312
1.588458231
1.58858344
1.588710917
1.588840655
1.588972644
1.589106867
1.589243313
1.589381982
1.589522881
1.589666006
1.589811334
1.589958836
1.590108477
1.590260222
1.590414027
1.590569847
1.590727633
1.59088734
1.591048922
1.591212325
1.591377491
1.591544357
1.59171286
1.591882941
1.592054539
1.592227593
1.592402035
1.592577797
1.592754811
1.592933014
1.593112346
1.593292743
1.593474142
1.593656479
1.593839698
1.594023743
1.594208556
1.594394081
1.594580259
1.594767041
1.594954383
1.595142243
1.595330571
1.59551931
1.595708409
1.595897832
1.596087555
1.596277547
1.596467755
1.596658122
1.596848602
1.59703918
1.597229848
1.597420579
1.597611313
1.597801986
1.597992565
1.598183052
1.598373452
1.598563732
1.598753828
1.598943676
1.599133253
1.59932257
1.599511629
1.5997004
1.599888819
1.600076834
1.600264424
1.600451593
1.600638337
1.600824626
1.601010413
1.60119566
1.601380344
1.601564455
1.60174798
1.601930893
1.602113164
1.602294771
1.602475689
1.60265595
1.602835426
1.603014586
1.603192042
1.603372723
1.603541087
1.60374214
)
;

boundaryField
{
    axis
    {
        type            empty;
    }
    inlet
    {
        type            fixedValue;
        value           uniform 0.84375;
    }
    outlet
    {
        type            zeroGradient;
    }
    wall
    {
        type            kqRWallFunction;
        value           nonuniform List<scalar> 
300
(
1.280252682
1.619628739
1.865391838
2.030019068
2.130389413
2.182845382
2.201177888
2.196327907
2.176641714
2.148261094
2.11555874
2.081743092
2.048606342
2.016665519
1.986280199
1.957688719
1.931025514
1.906342856
1.883631968
1.862839701
1.843881357
1.82665058
1.811027019
1.796882394
1.784085328
1.772505145
1.762014827
1.752493226
1.743826649
1.735909927
1.728647081
1.721951729
1.715747201
1.709966383
1.704551284
1.699452402
1.694627956
1.690043074
1.685668952
1.681482068
1.677463435
1.673597924
1.669873662
1.666281486
1.662814464
1.659467486
1.656236895
1.65312018
1.650115721
1.647222571
1.644440261
1.641768631
1.639207667
1.636757363
1.634417599
1.632188017
1.630067938
1.628056268
1.626151435
1.624351347
1.622653364
1.621054307
1.619550486
1.618137752
1.616811578
1.61556714
1.614399418
1.613303306
1.612273705
1.61130562
1.610394233
1.609534963
1.60872352
1.607955923
1.607228522
1.606537987
1.605881302
1.605255731
1.6046588
1.604088259
1.603542057
1.603018316
1.602515304
1.602031424
1.601565195
1.601115247
1.600680312
1.600259218
1.599850886
1.59945433
1.599068643
1.598693007
1.59832668
1.59796899
1.597619345
1.597277262
1.596942356
1.596614273
1.596292672
1.595977231
1.59566766
1.595363692
1.595065049
1.594771533
1.594483162
1.59420006
1.593922293
1.593649834
1.593382612
1.593120534
1.592863502
1.59261141
1.592364147
1.592121603
1.591883659
1.591650193
1.591421078
1.591196186
1.59097548
1.590759032
1.590546922
1.590339179
1.590135791
1.589936741
1.589742014
1.589551599
1.589365488
1.589183675
1.589006159
1.588832936
1.588664003
1.588499346
1.588338948
1.58818278
1.588030823
1.587883122
1.587739769
1.587600834
1.587466338
1.587336281
1.587210659
1.587089466
1.586972702
1.586860371
1.58675248
1.586649036
1.586550049
1.586455527
1.586365473
1.586279892
1.586198781
1.58612213
1.586049918
1.585982143
1.585918838
1.585860049
1.585805778
1.585755993
1.585710694
1.585669927
1.585633719
1.585602063
1.585574922
1.585552248
1.585533987
1.585520081
1.585510462
1.585505062
1.585503807
1.585506622
1.58551343
1.585524151
1.585538708
1.58555702
1.585579008
1.585604598
1.585633736
1.585666377
1.585702471
1.585741811
1.585784052
1.585828908
1.585876207
1.585925863
1.58597784
1.586032139
1.58608878
1.586147792
1.586209211
1.586273069
1.5863394
1.586408231
1.586479578
1.586553467
1.586629952
1.58670909
1.586790919
1.586875455
1.586962701
1.587052657
1.587145307
1.587240627
1.587338596
1.587439194
1.587542398
1.587648182
1.587756517
1.587867373
1.587980716
1.588096512
1.588214724
1.588335312
1.588458231
1.58858344
1.588710917
1.588840655
1.588972644
1.589106867
1.589243313
1.589381982
1.589522881
1.589666006
1.589811334
1.589958836
1.590108477
1.590260222
1.590414027
1.590569847
1.590727633
1.59088734
1.591048922
1.591212325
1.591377491
1.591544357
1.59171286
1.591882941
1.592054539
1.592227593
1.592402035
1.592577797
1.592754811
1.592933014
1.593112346
1.593292743
1.593474142
1.593656479
1.593839698
1.594023743
1.594208556
1.594394081
1.594580259
1.594767041
1.594954383
1.595142243
1.595330571
1.59551931
1.595708409
1.595897832
1.596087555
1.596277547
1.596467755
1.596658122
1.596848602
1.59703918
1.597229848
1.597420579
1.597611313
1.597801986
1.597992565
1.598183052
1.598373452
1.598563732
1.598753828
1.598943676
1.599133253
1.59932257
1.599511629
1.5997004
1.599888819
1.600076834
1.600264424
1.600451593
1.600638337
1.600824626
1.601010413
1.60119566
1.601380344
1.601564455
1.60174798
1.601930893
1.602113164
1.602294771
1.602475689
1.60265595
1.602835426
1.603014586
1.603192042
1.603372723
1.603541087
1.60374214
)
;
    }
    wedgeLow
    {
        type            wedge;
    }
    wedgeHigh
    {
        type            wedge;
    }
}


// ************************************************************************* //
