/*--------------------------------*- C++ -*----------------------------------*\
  =========                 |
  \\      /  F ield         | OpenFOAM: The Open Source CFD Toolbox
   \\    /   O peration     | Website:  https://openfoam.org
    \\  /    A nd           | Version:  11
     \\/     M anipulation  |
\*---------------------------------------------------------------------------*/
FoamFile
{
    format      ascii;
    class       volScalarField;
    location    "2000";
    object      p;
}
// * * * * * * * * * * * * * * * * * * * * * * * * * * * * * * * * * * * * * //

dimensions      [0 2 -2 0 0 0 0];

internalField   nonuniform List<scalar> 
6000
(
61.9830445
61.89904225
61.68549558
61.40470203
61.1036015
60.78515563
60.45007982
60.10852373
59.76767052
59.42952491
59.09539653
58.76672669
58.44412093
58.12750481
57.81670797
57.51164869
57.21225337
56.91838531
56.6298519
56.34643023
56.06786978
55.79388931
55.52418492
55.25844217
54.99634483
54.73758152
54.48185181
54.22887142
53.97837593
53.73012354
53.4838968
53.23950338
52.99677547
52.75556808
52.51575699
52.27723667
52.03991824
51.80372759
51.56860358
51.33449628
51.10136538
50.86917868
50.63791071
50.4075414
50.17805494
49.94943884
49.72168325
49.49478051
49.2687245
49.0435099
48.81913119
48.59558186
48.37285383
48.15093704
47.92981932
47.70948626
47.4899212
47.2711053
47.0530177
46.83563587
46.61893625
46.40289486
46.18748789
45.97269174
45.75848304
45.54483856
45.33173533
45.11915087
44.9070633
44.69545147
44.4842951
44.27357496
44.06327314
43.85337333
43.64386091
43.43472262
43.22594618
43.01751992
42.80943264
42.60167344
42.3942317
42.18709704
41.98025942
41.77370937
41.56743823
41.36143829
41.15570269
40.95022512
40.74499964
40.54002052
40.33528218
40.13077911
39.92650588
39.7224573
39.51862868
39.31501635
39.11161787
38.90843077
38.70545134
38.50267526
38.30009842
38.09771634
37.89552446
37.69351874
37.49169922
37.2900709
37.088635
36.88738601
36.68631844
36.48542974
36.28471789
36.0841803
35.88381436
35.68361741
35.48358646
35.28371796
35.08400827
34.88445419
34.68505537
34.48581771
34.28674714
34.0878411
33.88909335
33.69050052
33.49206104
33.29377293
33.09563428
32.89764375
32.6998002
32.5021024
32.30454883
32.10713753
31.9098656
31.71272997
31.51572727
31.3188591
31.12213451
30.92555742
30.7291225
30.53282464
30.33666235
30.14063463
29.94473992
29.74897677
29.553344
29.35784045
29.16246496
28.96721643
28.77209367
28.5770952
28.3822191
28.18746243
27.99282225
27.79829541
27.60388619
27.40960423
27.21544811
27.02140957
26.82748558
26.63367776
26.43998649
26.24640924
26.05294311
25.85958633
25.66633758
25.47319538
25.2801583
25.08722502
24.89439431
24.70166492
24.50903559
24.31650488
24.12407116
23.93173216
23.7394855
23.54732794
23.35526012
23.16328842
22.97141428
22.77963249
22.58793874
22.39633142
22.2048093
22.01337111
21.82201588
21.63074284
21.43955122
21.24844019
21.05740885
20.86645614
20.67558078
20.48478117
20.29405579
20.10340353
19.91282564
19.72232482
19.53190019
19.34154829
19.15126701
18.96105543
18.77091245
18.58083683
18.39082748
18.20088341
18.01100361
17.82118701
17.63143256
17.44173914
17.25210553
17.06253027
16.87301162
16.68354714
16.49413409
16.30476893
16.11545006
15.92617903
15.73695278
15.5477715
15.35863912
15.16955571
14.98052388
14.79154412
14.6026111
14.41372015
14.22486943
14.03605748
13.84728257
13.65854323
13.46983818
13.28116617
13.09252596
12.90391631
12.71533602
12.52678386
12.33825865
12.14975918
11.96128428
11.77283277
11.58440348
11.39599527
11.20760699
11.01923753
10.83088577
10.64255062
10.454231
10.26592586
10.07763414
9.889354819
9.701086877
9.512829277
9.324581058
9.136341323
8.948109134
8.759883561
8.571663696
8.383448646
8.195237535
8.0070295
7.818823698
7.630619296
7.442415483
7.25421146
7.066006442
6.877799658
6.689590351
6.501377775
6.313161201
6.124939898
5.936713166
5.74848033
5.560240715
5.371993644
5.183738459
4.995474511
4.807201158
4.618917771
4.430623739
4.242318467
4.054001363
3.865671845
3.677329343
3.488973293
3.300603151
3.112218378
2.923818449
2.735402858
2.546971126
2.358522794
2.170057519
1.981574882
1.793075249
1.604557601
1.416027317
1.227473867
1.038944788
0.8503210413
0.6620401404
0.4728345125
0.2868863743
0.0902817295
61.98688594
61.90211711
61.68822944
61.40683313
61.10542836
60.78683178
60.45158842
60.10988423
59.76893119
59.43071546
59.09653256
58.76782258
58.4451886
58.12854975
57.81773107
57.51265049
57.21323554
56.91934993
56.6308009
56.34736552
56.06879326
55.79480277
55.52508992
55.25934004
54.99723667
54.73846823
54.48273408
54.22974975
53.97925067
53.73099488
53.48476484
53.24036812
52.99763687
52.75642608
52.51661151
52.27808761
52.0407655
51.80457108
51.5694432
51.33533193
51.10219698
50.87000617
50.63873403
50.4083605
50.17886977
49.95024938
49.72248949
49.49558242
49.26952208
49.04430318
48.81992021
48.5963667
48.37363456
48.15171375
47.93059212
47.71025526
47.49068651
47.27186703
47.05377596
46.83639075
46.61968782
46.4036432
46.18823304
45.97343378
45.75922201
45.54557451
45.33246831
45.11988092
44.90779044
44.69617574
44.48501651
44.27429351
44.06398882
43.85408613
43.64457082
43.43542963
43.22665028
43.01822113
42.81013096
42.60236888
42.39492427
42.18778674
41.98094625
41.77439331
41.56811927
41.36211642
41.15637788
40.95089737
40.74566893
40.54068686
40.33594556
40.13143953
39.92716334
39.72311177
39.51928012
39.31566474
39.1122632
38.90907306
38.70609059
38.50331148
38.30073161
38.09834649
37.89615153
37.69414261
37.4923198
37.29068827
37.08924925
36.88799714
36.68692642
36.48603454
36.2853195
36.08477871
35.88440958
35.68420944
35.4841753
35.28430361
35.08459069
34.88503327
34.68563098
34.48638986
34.28731597
34.08840666
33.88965561
33.69105945
33.49261661
33.29432513
33.0961831
32.89818917
32.70034221
32.502641
32.30508402
32.10766933
31.91039401
31.71325495
31.51624867
31.31937679
31.12264861
30.92606805
30.72962966
30.53332829
30.33716247
30.14113121
29.94523294
29.74946623
29.55382988
29.35832275
29.16294368
28.96769155
28.7725652
28.57756316
28.38268349
28.18792326
27.99327947
27.79874883
27.60433578
27.41005018
27.21589049
27.02184832
26.82792063
26.63410911
26.44041418
26.24683328
26.05336348
25.86000301
25.66675056
25.47360466
25.28056386
25.08762684
24.89479238
24.70205923
24.50942613
24.31689165
24.12445416
23.93211139
23.73986094
23.54769946
23.3556276
23.16365193
22.97177387
22.7799881
22.5882903
22.39667886
22.20515256
22.01371013
21.82235061
21.63107321
21.43987716
21.24876161
21.05772568
20.86676829
20.67588813
20.4850836
20.29435315
20.10369562
19.91311232
19.72260602
19.5321758
19.34181815
19.15153097
18.96131336
18.7711642
18.58108227
18.39106649
18.20111587
18.01122939
17.82140602
17.63164469
17.44194431
17.25230364
17.06272125
16.87319541
16.68372369
16.49430335
16.30493078
16.11560444
15.92632592
15.73709206
15.54790311
15.35876305
15.16967191
14.98063243
14.7916451
14.6027045
14.41380596
14.22494766
14.03612815
13.84734571
13.65859887
13.46988637
13.28120697
13.09255943
12.90394252
12.71535504
12.52679579
12.33826357
12.1497572
11.9612755
11.77281731
11.58438147
11.39596683
11.20757226
11.01919665
10.83083888
10.64249788
10.45417257
10.26586188
10.07756479
9.889280257
9.701007274
9.512744799
9.324491872
9.136247603
8.948011059
8.759781308
8.571557439
8.383338556
8.195123781
8.006912247
7.818703106
7.630495526
7.442288688
7.254081793
7.065874051
6.87766469
6.689452947
6.501238074
6.313019338
6.124796003
5.936567366
5.74833275
5.560091474
5.371842859
5.183586242
4.99532097
4.807046396
4.618761887
4.430466828
4.242160619
4.053842665
3.86551238
3.677169189
3.488812527
3.300441843
3.112056597
2.92365626
2.735240322
2.546808302
2.358359736
2.169894275
1.981411503
1.792911741
1.604394064
1.415863463
1.22731046
1.038778932
0.8501608408
0.6618579812
0.4727169862
0.286563585
0.09042764823
61.99401721
61.90755329
61.69149864
61.4084514
61.10636752
60.78727093
60.45152211
60.10949182
59.76836304
59.43003298
59.0957819
58.7670491
58.44441996
58.12779498
57.81699051
57.5119245
57.21252647
56.91866021
56.63013229
56.34671957
56.06817131
55.79420565
55.52451785
55.2587927
54.99671335
54.73796781
54.4822552
54.22929081
53.97880997
53.73057061
53.4843552
53.2399714
52.99725146
52.75605052
52.51624452
52.27772803
52.04041233
51.80422344
51.56910033
51.3349932
51.10186185
50.86967419
50.63840486
50.40803386
50.17854545
49.94992722
49.72216935
49.49526422
49.26920579
49.04398881
48.81960784
48.59605642
48.3733265
48.15140804
47.9302889
47.70995465
47.49038865
47.27157204
47.05348391
46.8361017
46.61940178
46.40336014
46.18795296
45.97315663
45.75894778
45.54530315
45.33219979
45.11961518
44.90752743
44.69591538
44.48475873
44.27403821
44.06373589
43.85383547
43.64432233
43.43518325
43.22640596
43.01797883
42.80989065
42.60213054
42.39468787
42.18755225
41.98071363
41.7741625
41.5678902
41.36188904
41.15615215
40.95067326
40.74544642
40.54046593
40.33572619
40.13122172
39.92694706
39.72289697
39.51906675
39.31545272
39.11205254
38.90886381
38.70588276
38.50310507
38.30052663
38.09814293
37.89594931
37.69394147
37.49211958
37.2904892
37.08905157
36.88780082
36.68673136
36.48584072
36.28512692
36.08458736
35.88421945
35.68402055
35.48398766
35.28411723
35.0844055
34.88484906
34.68544744
34.48620713
34.2871344
34.08822636
33.88947647
33.69088143
33.4924397
33.29414929
33.0960083
32.8980154
32.70016947
32.5024693
32.30491339
32.10749982
31.91022562
31.71308765
31.51608212
31.31921075
31.12248343
30.92590405
30.72946681
30.53316651
30.33700174
30.14097154
29.94507432
29.74930866
29.55367339
29.35816733
29.16278935
28.96753833
28.77241312
28.57741228
28.38253388
28.18777495
27.9931324
27.79860261
27.60419038
27.40990619
27.21574807
27.02170729
26.82778092
26.63397082
26.44027745
26.24669817
26.05323001
25.85987122
25.66662049
25.47347635
25.28043734
25.08750216
24.8946696
24.70193843
24.50930737
24.31677503
24.12433977
23.93199929
23.73975114
23.5475917
23.35552171
23.16354821
22.97167255
22.77988913
22.5881936
22.39658438
22.20506025
22.0136199
21.82226237
21.63098685
21.43979255
21.24867863
21.05764415
20.86668805
20.67580903
20.48500544
20.2942757
20.10361857
19.91303548
19.7225294
19.53209931
19.34174158
19.15145415
18.96123614
18.77108646
18.58100387
18.39098732
18.20103583
18.01114839
17.82132397
17.63156153
17.44185996
17.25221806
17.06263442
16.87310731
16.68363432
16.49421268
16.30483866
16.1155108
15.92623091
15.73699542
15.54780481
15.35866321
15.16957041
14.98052952
14.79154102
14.60259923
14.41369946
14.22483995
14.03601925
13.84723568
13.65848775
13.46977423
13.28109388
13.09244545
12.90382773
12.71523952
12.52667962
12.33814684
12.14964
11.96115792
11.77269944
11.5842634
11.39584866
11.20745409
11.01907858
10.830721
10.64238029
10.45405536
10.26574516
10.07744863
9.889164753
9.700892515
9.512630887
9.324378898
9.136135636
8.947900164
8.759671549
8.571448875
8.383231244
8.195017774
8.006807595
7.818599857
7.630393723
7.442188374
7.253983008
7.065776832
6.877569069
6.689358956
6.501145741
6.312928687
6.124707055
5.936480137
5.748247257
5.56000773
5.371760875
5.183506025
4.995242522
4.806969717
4.618686973
4.430393674
4.242089216
4.053773003
3.865444448
3.677102971
3.488748008
3.300379005
3.111995421
2.923596726
2.735182407
2.546751982
2.358304985
2.16984106
1.981359792
1.792861468
1.604345199
1.415815721
1.227264105
1.038731953
0.8501175234
0.6618004278
0.4726965391
0.2863908932
0.09070121679
62.0048922
61.91622764
61.69666772
61.41132719
61.10836781
60.78849956
60.45197894
60.10948141
59.7680943
59.42958097
59.09521742
58.76644257
58.44381121
58.1271964
57.81640275
57.51134848
57.21196602
56.91811922
56.62961376
56.34622631
56.06770586
55.79376975
55.52411237
55.25841776
54.99636837
54.73765169
54.48196635
54.22902734
53.97856971
53.73035128
53.48415443
53.2397869
52.9970811
52.75589236
52.5160968
52.2775892
52.040281
51.80409842
51.56898058
51.33487783
51.10175012
50.86956549
50.63829869
50.40792984
50.17844329
49.94982667
49.72207024
49.49516641
49.26910924
49.04389354
48.81951396
48.59596408
48.37323589
48.15131937
47.93020237
47.70987049
47.49030706
47.2714932
47.05340798
46.83602878
46.61933191
46.40329332
46.18788917
45.97309586
45.75889
45.54524834
45.3321479
45.11956616
44.9074812
44.69587186
44.48471782
44.27399978
44.06369978
43.85380153
43.64429044
43.4351533
43.2263779
43.0179526
42.80986621
42.60210785
42.3946669
42.18753296
41.98069594
41.77414633
41.56787547
41.36187565
41.15614004
40.95066237
40.74543673
40.5404574
40.33571881
40.13121545
39.92694186
39.72289279
39.51906346
39.31545022
39.11205083
38.90886296
38.70588279
38.50310595
38.30052839
38.09814555
37.89595267
37.69394514
37.49212328
37.29049332
37.08905646
36.88780639
36.68673748
36.48584736
36.28513405
36.08459496
35.88422751
35.68402909
35.48399671
35.28412676
35.08441543
34.88485904
34.685457
34.48621644
34.28714404
34.08823643
33.88948682
33.690892
33.49245046
33.29416018
33.09601928
32.89802644
32.70018056
32.50248046
32.30492466
32.10751125
31.91023725
31.71309943
31.51609349
31.31922132
31.12249379
30.92591467
30.72947762
30.53317739
30.33701268
30.14098254
29.94508537
29.74931977
29.55368456
29.35817859
29.1628007
28.96754983
28.77242482
28.57742427
28.38254629
28.18778786
27.99314574
27.79861572
27.60420325
27.40991976
27.21576257
27.02172245
26.82779665
26.63398732
26.44029495
26.24671676
26.05324971
25.85989208
25.66664258
25.47349975
25.28046215
25.08752849
24.89469751
24.70196797
24.50933856
24.31680781
24.12437407
23.93203498
23.73978803
23.54762909
23.35555907
23.1635859
22.9717108
22.77992771
22.58823229
22.39662298
22.20509848
22.01365748
21.82229898
21.63102214
21.43982618
21.24871023
21.05767341
20.86671465
20.67583268
20.48502586
20.29429255
20.1036314
19.91304407
19.72253385
19.53209953
19.34173734
19.15144528
18.96122253
18.77106798
18.58098042
18.39095882
18.20100222
18.01110961
17.82127998
17.6315123
17.44180548
17.25215835
17.0625695
16.87303725
16.68355916
16.4941325
16.30475325
16.11542014
15.92613532
15.73689454
15.54769866
15.35855205
15.16945407
14.9804085
14.79141573
14.60246965
14.41356561
14.22470193
14.03587718
13.84708965
13.65833792
13.46962074
13.28093688
13.09228512
12.90366424
12.71507304
12.52651034
12.33797494
12.14946568
11.96098138
11.77252087
11.58408301
11.39566664
11.20727065
11.01889391
10.8305353
10.64219375
10.45386817
10.2655575
10.07726068
9.888976684
9.700704494
9.512443126
9.324191598
9.135948913
8.947714115
8.759486271
8.571264466
8.383047802
8.194835396
8.006626376
7.81841989
7.630215097
7.442011173
7.253807311
7.065602712
6.877396595
6.68918819
6.500976739
6.312761502
6.124541739
5.936316738
5.748085805
5.559848251
5.371603388
5.183350549
4.99508907
4.806818298
4.618537593
4.430246335
4.24194392
4.053629749
3.865303233
3.67696379
3.488610852
3.300243864
3.111862283
2.923465577
2.735053231
2.546624759
2.358179695
2.169717673
1.981238275
1.792741745
1.604227227
1.41569915
1.227149167
1.038616206
0.8500055971
0.6616710015
0.4726062657
0.2861290489
0.09097045661
62.01964785
61.92799274
61.70347145
61.41514954
61.11108581
60.79014451
60.45257814
60.10947064
59.76774068
59.42897794
59.09446393
58.76563468
58.44300115
58.12639986
57.81562023
57.51058121
57.21121921
56.91739809
56.62892235
56.34556847
56.06708505
55.79318835
55.52357156
55.25791769
54.99590833
54.73723019
54.4815813
54.22867618
53.97824957
53.73005907
53.483887
53.23954118
52.99685424
52.75568175
52.5159001
52.27740433
52.04010613
51.80393193
51.56882109
51.33472415
51.10160125
50.86942063
50.63815717
50.40779115
50.17830704
49.94969254
49.72193798
49.49503585
49.26898031
49.04376628
48.81938851
48.59584064
48.37311471
48.15120072
47.93008655
47.70975777
47.49019773
47.2713875
47.05330612
46.83593089
46.61923803
46.40320344
46.18780326
45.9730139
45.75881196
45.54517419
45.33207757
45.11949955
44.90741823
44.6958124
44.48466174
44.27394689
44.06364989
43.85375442
43.64424592
43.43511126
43.22633822
43.01791522
42.80983107
42.60207491
42.3946361
42.18750424
41.98066922
41.77412149
41.56785236
41.36185416
41.15612008
40.95064388
40.74541966
40.5404417
40.33570446
40.13120241
39.92693008
39.72288217
39.51905384
39.31544146
39.11204295
38.90885604
38.70587684
38.50310097
38.3005244
38.09814254
37.89595047
37.69394315
37.49212112
37.29049155
37.08905556
36.88780624
36.6867379
36.48584831
36.28513549
36.08459687
35.8842299
35.68403198
35.48400013
35.28413072
35.08441983
34.88486337
34.68546061
34.48621962
34.28714761
34.08824052
33.88949122
33.69089664
33.49245531
33.2941652
33.09602441
32.89803166
32.70018588
32.50248591
32.30493032
32.10751722
31.91024359
31.71310611
31.51609972
31.31922658
31.12249895
30.92592042
30.72948384
30.53318397
30.33701967
30.14098996
29.94509325
29.74932815
29.55369349
29.35818811
29.16281088
28.96756075
28.77243665
28.57743719
28.38256053
28.18780357
27.9931629
27.79863342
27.6042216
27.40994024
27.21578557
27.02174765
26.82782396
26.6340169
26.44032695
26.24675105
26.05328601
25.85993017
25.66668236
25.47354115
25.28050517
25.08757311
24.89474367
24.70201547
24.50938708
24.31685695
24.12442337
23.93208392
23.73983606
23.54767502
23.35560201
23.16362616
22.97174839
22.77996209
22.58826302
22.3966497
22.20512084
22.01367519
21.82231177
21.63102981
21.4398285
21.24870706
21.0576646
20.86670011
20.67581232
20.48499957
20.29426016
20.10359253
19.91299867
19.72248229
19.53204189
19.34167349
19.15137516
18.96114613
18.7709853
18.58089146
18.3908636
18.20090077
18.01100197
17.82116619
17.63139243
17.44167961
17.25202656
17.06243192
16.87289404
16.68341047
16.49397849
16.30459368
16.11525503
15.92596521
15.73671888
15.54751758
15.35836595
15.16926269
14.98021258
14.79121585
14.60226576
14.41335775
14.22449024
14.03566179
13.84687071
13.65811561
13.46939524
13.28070839
13.09205383
12.90343035
12.71483677
12.52627189
12.33773454
12.14922353
11.96073769
11.77227587
11.5838369
11.39541965
11.20702299
11.01864578
10.83028692
10.64194532
10.45361988
10.26530955
10.07701327
9.888729992
9.700458703
9.512198422
9.323948154
9.135706883
8.947473643
8.759247495
8.571027516
8.382812801
8.194602457
8.006395603
7.818191377
7.629988929
7.441787424
7.253586046
7.065383988
6.877180458
6.688974678
6.500765881
6.31255332
6.124336272
5.936114016
5.747885819
5.559650981
5.371408815
5.183158651
4.994899828
4.806631691
4.618353603
4.430064945
4.241765109
4.053453491
3.865129502
3.676792561
3.488442097
3.300077557
3.111698396
2.923304083
2.734894101
2.546467964
2.358025202
2.169565442
1.98108826
1.79259385
1.604081387
1.415554936
1.227006807
1.038472781
0.8498662833
0.6615107239
0.4724897963
0.2858159467
0.09127656609
62.03843893
61.94281684
61.71179718
61.41984136
61.11447829
60.79216212
60.45328243
60.10943096
59.76727698
59.42820139
59.09350197
58.76460846
58.44197476
58.12539169
57.81462996
57.50961015
57.210274
56.91648527
56.62804698
56.34473542
56.06629869
55.79245166
55.52288603
55.25728351
54.99532458
54.736695
54.48109203
54.22822965
53.97784217
53.72968691
53.48354613
53.23922777
52.99656469
52.75541282
52.51564886
52.27716818
52.03988277
51.80371936
51.56861756
51.33452819
51.10141161
50.86923628
50.6379773
50.40761512
50.17813435
49.94952279
49.72177085
49.49487113
49.26881789
49.04360621
48.81923095
48.59568585
48.37296299
48.15105242
47.929942
47.70961734
47.49006174
47.27125627
47.05317989
46.83580981
46.61912215
46.40309274
46.18769769
45.97291342
45.75871653
45.54508374
45.33199202
45.11941879
44.90734212
44.6957408
44.48459445
44.27388369
44.0635905
43.85369857
43.64419338
43.43506185
43.22629182
43.01787174
42.80979043
42.60203704
42.39460094
42.1874717
41.98063918
41.77409379
41.56782684
41.36183067
41.15609849
40.95062411
40.74540163
40.54042538
40.33568979
40.13118936
39.92691857
39.72287208
39.51904497
39.3154336
39.11203614
38.9088504
38.70587238
38.50309765
38.3005223
38.09814163
37.89595056
37.69394342
37.49212108
37.290492
37.08905709
36.88780867
36.68674101
36.48585205
36.28513984
36.08460179
35.88423541
35.68403812
35.48400696
35.28413826
35.08442799
34.8848715
34.68546783
34.48622637
34.28715497
34.08824865
33.88949985
33.69090572
33.49246481
33.29417505
33.09603457
32.89804214
32.70019673
32.50249722
32.30494221
32.10752989
31.91025716
31.71312059
31.51611406
31.31924014
31.12251296
30.92593578
30.72950044
30.53320176
30.33703877
30.14101047
29.94511526
29.74935183
29.55371904
29.3582158
29.16284097
28.96759348
28.77247217
28.57747562
28.38260189
28.18784777
27.99320959
27.79868104
27.60427015
27.40999161
27.21584006
27.02180468
26.82788307
26.63407789
26.4403895
26.24681443
26.05334936
25.85999271
25.66674338
25.47359999
25.28056124
25.08762589
24.89479269
24.70206031
24.50942736
24.31689234
24.12445361
23.9321088
23.73985539
23.54768768
23.35560731
23.16362487
22.97174071
22.77994759
22.58824138
22.3966207
22.20508433
22.01363108
21.82226006
21.63097054
21.43976175
21.24863292
21.05758318
20.86661153
20.67571671
20.48489701
20.29415061
20.10347562
19.91287447
19.72235146
19.53190462
19.34152968
19.15122485
18.9609894
18.7708222
18.58072208
18.39068803
18.20071911
18.01081433
17.82097269
17.63119319
17.44147478
17.2518163
17.06221643
16.87267355
16.68318522
16.49374871
16.30435904
16.11501564
15.92572181
15.73647068
15.54726482
15.3581091
15.16900135
14.97994784
14.79094839
14.60199549
14.41308468
14.22421455
14.03538362
13.84659024
13.65783303
13.46911075
13.2804222
13.09176615
12.90314139
12.71454674
12.52598099
12.33744298
12.14893151
11.96044541
11.77198352
11.58354468
11.39512774
11.20673156
11.01835502
10.829997
10.6416564
10.45333213
10.26502312
10.07672831
9.888446661
9.700177139
9.511918727
9.323670432
9.135431275
8.947200296
8.758976543
8.570759079
8.382546987
8.19433936
8.006135307
7.817933956
7.629734444
7.441535929
7.253337585
7.065138595
6.87693816
6.688735493
6.500529818
6.312320383
6.124106462
5.935887325
5.747662231
5.559430475
5.371191366
5.182944232
4.994688408
4.80642324
4.618148098
4.42986236
4.241565408
4.053256631
3.864935438
3.676601251
3.488253503
3.299891643
3.111515128
2.923123425
2.734716021
2.546292426
2.357852171
2.169394871
1.980920097
1.792427985
1.603917743
1.415393019
1.226846836
1.038311445
0.8497091922
0.6613297915
0.4723563918
0.2854656695
0.09161485308
62.0614917
61.96071595
61.72153927
61.42535613
61.11853703
60.79453489
60.45407907
60.10935889
59.76670183
59.4272511
59.0923335
58.76336773
58.44073731
58.12417792
57.81343792
57.5084411
57.20913611
56.9153864
56.6269932
56.34373269
56.06535233
55.79156527
55.5220614
55.25652089
54.99462287
54.73605194
54.48050448
54.22769376
53.9773536
53.72924101
53.48313814
53.23885307
52.99621899
52.75509221
52.51534985
52.27688764
52.03961794
51.80346784
51.56837726
51.33429733
51.1011887
50.86902008
50.63776682
50.40740959
50.17793315
49.94932545
49.72157697
49.49468042
49.26863023
49.04342165
48.81904966
48.59550814
48.3727892
48.15088295
47.92977726
47.70945773
47.48990765
47.27110807
47.05303787
46.83567412
46.61899283
46.40296976
46.18758098
45.97280292
45.75861217
45.54498544
45.33189966
45.11933222
44.90726117
44.69566529
44.48452414
44.27381829
44.06352967
43.85364197
43.64414073
43.43501292
43.22624647
43.01782983
42.80975187
42.60200174
42.39456881
42.18744265
41.98061305
41.77407039
41.56780594
41.36181209
41.15608209
40.95060977
40.74538927
40.54041494
40.33568121
40.13118259
39.92691353
39.72286863
39.51904284
39.31543255
39.11203621
38.90885175
38.70587501
38.50310154
38.30052752
38.09814819
37.89595827
37.69395118
37.49212829
37.29049975
37.08906612
36.88781871
36.68675181
36.48586359
36.28515208
36.08461471
35.88424904
35.68405252
35.48402222
35.28415443
35.084445
34.88488857
34.68548384
34.486242
34.28717167
34.08826655
33.88951867
33.69092544
33.49248542
33.29419647
33.0960568
32.89806525
32.70022085
32.50252255
32.30496899
32.10755842
31.91028771
31.71315335
31.51614785
31.31927439
31.12254963
30.92597605
30.7295441
30.53324855
30.33708852
30.14106291
29.94517015
29.74940908
29.55377878
29.35827829
29.16290649
28.96766212
28.77254375
28.5775497
28.38267787
28.18792485
27.99328666
27.79875523
27.60434066
27.41006002
27.21590581
27.02186643
26.82793994
26.6341296
26.44043589
26.24685507
26.05338377
25.86002052
25.66676416
25.4736133
25.28056665
25.08762303
24.89478128
24.70204019
24.50939852
24.31685488
24.12440777
23.93205485
23.73979361
23.54761703
23.35552739
23.16353711
22.97164563
22.77984505
22.58813139
22.39650328
22.20495944
22.01349871
21.82212026
21.63082336
21.43960726
21.24847118
21.05741432
20.86643567
20.67553399
20.48470755
20.29395437
20.10327214
19.91266392
19.72213471
19.53168191
19.34130095
19.15099021
18.96074899
18.77057616
18.58047054
18.39043117
18.20045708
18.01054732
17.82070087
17.63091677
17.44119394
17.25153129
17.06192749
16.87238099
16.68288936
16.49344986
16.30405674
16.11471003
15.92541391
15.7361594
15.54695062
15.35779241
15.16868145
14.97962622
14.79062587
14.60167192
14.41276011
14.22388913
14.03505751
13.84626361
13.65750609
13.46878372
13.28009527
13.09143953
12.90281529
12.71422135
12.5256565
12.33711956
12.14860935
11.96012466
11.77166434
11.58322722
11.39481213
11.20641794
11.0180435
10.8296877
10.64134941
10.45302756
10.26472104
10.0764288
9.888149785
9.699882957
9.511627289
9.323381786
9.135145462
8.946917346
8.758696479
8.570481923
8.382272755
8.19406807
8.005866968
7.81766858
7.629472036
7.441276494
7.253081126
7.064885111
6.876687649
6.688487952
6.500285244
6.312078767
6.123867779
5.935651551
5.747429357
5.5592005
5.37096428
5.182720026
4.994467066
4.80620475
4.617932446
4.429649526
4.241355364
4.05304935
3.864730893
3.676399418
3.488054356
3.299695158
3.11132128
2.922932189
2.734527371
2.546106334
2.357668605
2.16921379
1.98074145
1.79225166
1.603743653
1.415220626
1.226676354
1.038139253
0.8495412207
0.6611356681
0.4722124039
0.2850904037
0.09197536743
62.08910708
61.98170311
61.73255101
61.43163623
61.12324615
60.79723239
60.45494523
60.1092427
59.76600544
59.42611874
59.09095301
58.76190951
58.43928786
58.12275869
57.81204442
57.50707431
57.20780588
56.91410193
56.62576162
56.34256108
56.064247
55.79053047
55.52109923
55.25563167
54.9938053
54.7353034
54.47982128
54.22707141
53.97678704
53.72872479
53.4826667
53.23842101
52.99582129
52.75472431
52.51500765
52.2765675
52.03931665
51.80318257
51.56810558
51.33403713
51.10093823
50.86877789
50.63753173
50.40718068
50.17770971
49.94910688
49.72136279
49.49447028
49.26842396
49.04321927
48.81885138
48.59531427
48.37260015
48.15069915
47.92959917
47.7092858
47.48974233
47.27094976
47.05288689
46.83553065
46.61885689
46.40284127
46.18745985
45.97268907
45.75850551
45.54488585
45.33180699
45.1192463
44.90718178
44.69559218
44.48445704
44.27375685
44.06347347
43.8535906
43.64409384
43.43497025
43.22620782
43.01779506
42.80972086
42.60197437
42.39454499
42.18742225
41.98059588
41.77405621
41.56779451
41.36180316
41.1560755
40.95060538
40.74538699
40.54041468
40.33568292
40.13118622
39.92691899
39.72287575
39.51905131
39.31544208
39.11204689
38.90886377
38.70588836
38.50311621
38.30054362
38.09816578
37.89597714
37.69396992
37.49214615
37.29051822
37.08908606
36.88783979
36.68677383
36.48588656
36.28517601
36.0846396
35.88427497
35.68407959
35.48405054
35.28418409
35.08447602
34.88491996
34.68551424
34.48627249
34.28720415
34.08830116
33.88955515
33.69096396
33.49252625
33.2942399
33.09610311
32.89811467
32.70027346
32.50257832
32.30502782
32.10762022
31.91035241
31.71322101
31.51621674
31.3193439
31.12262233
30.92605314
30.72962492
30.53333215
30.33717385
30.14114872
29.94525525
29.74949237
29.55385929
29.35835519
29.16297906
28.96772974
28.7726059
28.57760596
28.38272796
28.18796855
27.99332333
27.79878183
27.60435692
27.41006815
27.21590503
27.02185555
26.82791843
26.63409777
26.44039424
26.24680376
26.05332293
25.85995038
25.66668496
25.47352524
25.28046992
25.0875178
24.8946677
24.70191839
24.5092686
24.31671698
24.12426205
23.93190153
23.7396329
23.54744732
23.35534833
23.16335081
22.97145245
22.77964448
22.5879234
22.39628796
22.20473687
22.01326902
21.8218836
21.63057989
21.43935716
21.24821465
21.05715158
20.86616696
20.67525959
20.48442768
20.29366904
20.10298079
19.91236683
19.72183305
19.53137594
19.34099062
19.15067569
18.96043048
18.77025382
18.58014456
18.39010176
18.20012445
18.01021167
17.82036243
17.63057573
17.44085056
17.2511858
17.06158018
16.87203222
16.68253946
16.49309923
16.30370467
16.11435672
15.92506052
15.73580431
15.546595
15.35743687
15.16832466
14.97926988
14.79027069
14.60131774
14.41240704
14.22353733
14.03470709
13.84591471
13.65715886
13.46843832
13.27975186
13.09109824
12.90247625
12.71388468
12.5253223
12.33678794
12.14828038
11.95979844
11.77134092
11.58290667
11.3944945
11.20610326
11.01773181
10.82937901
10.64104374
10.45272491
10.26442143
10.07613222
9.887856227
9.699592409
9.511339737
9.323097211
9.134863843
8.946638654
8.758420688
8.570209005
8.382002684
8.193800816
8.005602506
7.817406882
7.629213078
7.441020251
7.252827577
7.064634237
6.876439431
6.68824238
6.500042307
6.311838453
6.123630072
5.935416443
5.747196839
5.558970564
5.370736921
5.182495239
4.994244848
4.805985098
4.617715354
4.429434983
4.241143367
4.052839898
3.864523986
3.676195051
3.487852524
3.299495852
3.11112449
2.922737903
2.734335574
2.545917008
2.357481729
2.169029327
1.980559356
1.792071821
1.603565982
1.415044553
1.226502086
1.037962953
0.8493689998
0.6609356501
0.4720638862
0.2847022268
0.0923481927
62.12167251
62.00577286
61.74464075
61.43861953
61.12858714
60.80021706
60.45585483
60.10906885
59.76517605
59.42479444
59.089354
58.76023029
58.4376254
58.12113441
57.81045005
57.50551046
57.20628426
56.91263309
56.62435377
56.34122254
56.06298509
55.78935009
55.52000283
55.2546196
54.99287609
54.73445403
54.47904751
54.22636811
53.97614839
53.72814452
53.4821384
53.23793848
52.99537877
52.75431657
52.51462999
52.27621573
52.03898706
51.80287191
51.56781103
51.33375628
51.10066902
50.86851863
50.63728106
50.40693752
50.1774732
49.94887631
49.72113758
49.49424998
49.26820833
49.04300832
48.81864532
48.59511344
48.37240497
48.1505101
47.92941674
47.7091105
47.48957464
47.27079012
47.05273565
46.83538799
46.61872281
46.40271566
46.18734258
45.97258001
45.75840456
45.54479285
45.33172176
45.1191686
44.90711136
44.69552876
44.4844003
44.27370635
44.06342873
43.85355112
43.64405921
43.43494016
43.22618204
43.01777341
42.80970319
42.60196057
42.39453494
42.18741579
41.98059282
41.77405626
41.56779737
41.36180859
41.15608328
40.95061537
40.74539907
40.54042878
40.33569898
40.13120419
39.92693877
39.72289715
39.51907394
39.31546559
39.11207146
38.90888972
38.70591571
38.50314499
38.30057404
38.09819795
37.8960109
37.6940034
37.49217849
37.29055135
37.08912096
36.88787609
36.68681138
36.4859255
36.28521643
36.08468162
35.88431879
35.68412557
35.48409921
35.28423605
35.08453168
34.88497819
34.68557313
34.48633308
34.28726825
34.08836833
33.88962469
33.69103579
33.49260071
33.29431756
33.09618455
32.89820006
32.70036245
32.50267007
32.30512122
32.10771411
31.91044565
31.71331251
31.51630287
31.31942257
31.12269543
30.92612088
30.7296862
30.5333863
30.33722032
30.1411869
29.94528453
29.74951215
29.55386889
29.35835387
29.16296621
28.96770495
28.77256908
28.57755737
28.38266815
28.18789823
27.99324265
27.79868768
27.60425084
27.40995429
27.21578245
27.02172319
26.82777613
26.63394625
26.44023416
26.24663512
26.05314565
25.85976453
25.6664906
25.47332246
25.28025882
25.08729851
24.89444035
24.70168313
24.50902562
24.31646649
24.12400436
23.9316371
23.73936226
23.5471677
23.3550589
23.16305551
22.97115282
22.77934006
22.58761386
22.39597324
22.20441703
22.01294424
21.82155409
21.63024587
21.43901886
21.24787233
21.05680548
20.86581738
20.67490682
20.48407199
20.29331047
20.10261854
19.91200125
19.72146554
19.53100673
19.34061964
19.15030311
18.96005646
18.76987851
18.57976816
18.38972445
18.19974644
18.00983315
17.81998359
17.63019679
17.44047172
17.25080729
17.06120226
16.87165521
16.68216373
16.49272519
16.30333132
16.11398451
15.92469052
15.73543287
15.54622363
15.3570677
15.16795688
14.97890576
14.78991021
14.60096013
14.41205225
14.22318546
14.03435817
13.84556878
13.65681597
13.4680985
13.27941513
13.09076462
12.90214574
12.71355728
12.52499801
12.33646675
12.14796227
11.9594834
11.77102893
11.58259769
11.3941885
11.20580021
11.01743167
10.82908174
10.64074931
10.45243329
10.26413258
10.07584611
9.887572822
9.699311684
9.51106167
9.322821779
9.134591022
8.946368419
8.758153017
8.56994388
8.381740087
8.193540735
8.005344927
7.817151795
7.628960472
7.440770119
7.252579912
7.064389034
6.876196685
6.688002088
6.499804465
6.31160306
6.123397127
5.935185944
5.746968786
5.558744955
5.370513755
5.182274515
4.994026564
4.80576925
4.617501936
4.429223994
4.240934809
4.052633769
3.864320286
3.675993775
3.487653667
3.299299409
3.110930455
2.922546269
2.734146331
2.54573014
2.35729722
2.168847147
1.980379462
1.791894097
1.603390341
1.414870405
1.226329629
1.037788225
0.8491981406
0.6607360884
0.4719158697
0.2843119847
0.09272376293
62.15968284
62.03288534
61.757566
61.44624376
61.13453917
60.80344501
60.45678001
60.10882265
59.76420055
59.4232676
59.08752981
58.75832701
58.43575004
58.11930697
57.8086571
57.5037522
57.20457448
56.91098371
56.62277413
56.33972224
56.06157252
55.78803081
55.51877959
55.25349277
54.99184398
54.73351317
54.47819307
54.22559425
53.97544848
53.72751144
53.48156485
53.2374174
52.99490361
52.75388138
52.51422943
52.27584502
52.03864198
51.80254875
51.56750656
51.33346772
51.10039403
50.86825524
50.63702768
50.40669289
50.17723633
49.94864636
49.72091382
49.49403186
49.26799556
49.04280085
48.81844335
48.59491733
48.37221517
48.15032712
47.9292411
47.70894272
47.48941525
47.27063961
47.05259439
46.83525616
46.61860038
46.40260246
46.18723843
45.97248476
45.75831805
45.54471491
45.33165215
45.11910706
44.90705758
44.69548243
44.48436101
44.27367364
44.06340201
43.85352985
43.6440429
43.43492845
43.22617466
43.01777015
42.80970389
42.60196508
42.39454314
42.18742751
41.98060779
41.77407416
41.56781786
41.36183141
41.15610829
40.95064246
40.74542818
40.54045984
40.33573195
40.13123903
39.92697537
39.72293527
39.51911303
39.3155052
39.11211186
38.90893137
38.70595875
38.50318961
38.30062057
38.09824668
37.89606188
37.69405459
37.49222939
37.29060502
37.08917877
36.88793758
36.68687612
36.4859931
36.28528633
36.08475331
35.88439205
35.68420072
35.4841772
35.28431816
35.08461895
34.8850692
34.68566496
34.48642621
34.28736336
34.08846335
33.88971764
33.69112523
33.49268527
33.2943961
33.09625618
32.89826404
32.70041815
32.50271693
32.30515881
32.10774215
31.91046393
31.71332063
31.51629648
31.31939997
31.12265995
30.92607239
30.72962331
30.53330904
30.33712926
30.14108264
29.94516765
29.74938323
29.55372844
29.35820235
29.16280402
28.96753247
28.77238666
28.57736535
28.382467
28.18768863
27.99302434
27.79845451
27.60400448
27.40970251
27.21552497
27.0214582
26.82750259
26.63366471
26.43994538
26.24633918
26.05284264
25.85945464
25.66617405
25.47299946
25.2799296
25.08696333
24.89409946
24.70133679
24.5086741
24.31611012
24.12364351
23.93127239
23.73899508
23.54679467
23.35467511
23.1626626
22.97075442
22.77893856
22.58721031
22.39556799
22.20401031
22.01253633
21.82114525
21.62983636
21.43860892
21.2474622
21.05639542
20.86540767
20.67449779
20.48366391
20.29290332
20.10221125
19.91159435
19.72106063
19.53060381
19.34021865
19.14990423
18.9596598
18.76948413
18.57937616
18.38933494
18.1993595
18.00944887
17.81960205
17.62981808
17.44009592
17.2504345
17.06083262
16.87128895
16.68180114
16.49236656
16.30297495
16.11363162
15.92434369
15.73508555
15.5458724
15.35671246
15.16759921
14.97855206
14.78956193
14.60061618
14.41171197
14.22284852
14.03402438
13.84523806
13.65648825
13.46777371
13.27909323
13.09044555
12.90182946
12.71324376
12.52468723
12.33615868
12.14765689
11.95918067
11.77072882
11.58230016
11.39389354
11.2055078
11.01714178
10.82879437
10.64046445
10.45215093
10.2638527
10.07556871
9.887297906
9.699039241
9.510791699
9.322554279
9.134325993
8.946105861
8.75789293
8.569686264
8.381484946
8.193288067
8.005094733
7.816904075
7.628715225
7.440527345
7.25233961
7.0641512
6.875961319
6.687769185
6.499574018
6.311375065
6.123171584
5.93496285
5.746748138
5.558526747
5.370297984
5.182061174
4.993815648
4.805560753
4.61729585
4.429020315
4.240733529
4.052434881
3.864123782
3.675799647
3.487461908
3.299110012
3.110743413
2.92236157
2.733963964
2.545550093
2.357119474
2.168671669
1.980206213
1.79172296
1.603221224
1.41470271
1.226163533
1.037619746
0.8490332847
0.6605423925
0.4717724535
0.2839291241
0.09309326124
62.20376879
62.06294245
61.77102572
61.45444915
61.14107636
60.80686609
60.45769231
60.10848834
59.76306448
59.42152724
59.0854743
58.7561981
58.43366452
58.11728161
57.80667163
57.50180649
57.20268471
56.90916312
56.62103316
56.33807178
56.06002196
55.78658629
55.51744408
55.25226655
54.99072501
54.73249745
54.47727508
54.22476734
53.97470515
53.72684359
53.4809642
53.23687597
52.99441399
52.75343686
52.51382398
52.27547326
52.03829912
51.80223058
51.56720942
51.33318845
51.10012994
50.8680041
50.63678768
50.40646257
50.17701453
49.94843211
49.72070626
49.49383031
49.26779962
49.04261044
48.81825865
48.5947387
48.37204309
48.15016211
47.92908373
47.70879355
47.48927485
47.27050849
47.05247294
46.83514456
46.61849856
46.40251022
46.18715555
45.97241103
45.75825327
45.54465885
45.33160453
45.11906757
44.90702589
44.69545815
44.4843437
44.2736627
44.06339677
43.85352965
43.64404729
43.43493711
43.22618735
43.01778668
42.80972408
42.60198878
42.3945702
42.18745772
41.9806408
41.77410946
41.56785497
41.36187002
41.1561483
40.95068394
40.74547123
40.54050454
40.33577832
40.13128714
39.9270254
39.72298754
39.51916759
39.31556203
39.11217149
38.9089941
38.70602418
38.50325724
38.30069006
38.09831776
37.89613437
37.69412603
37.49230017
37.29067993
37.08925971
36.88802402
36.686967
36.4860867
36.28538041
36.08484563
35.88448064
35.68428399
35.48425403
35.28438789
35.08468111
34.88512081
34.68570269
34.48645247
34.28738002
34.08846828
33.88970948
33.6911033
33.49264858
33.29434352
33.09618676
32.89817731
32.70031413
32.50259614
32.30502211
32.10759067
31.91029905
31.71314373
31.51610206
31.31918679
31.12243639
30.92584151
30.72938398
30.53306034
30.33687081
30.14081432
29.94488955
29.74909549
29.55343126
29.35789594
29.16248864
28.96720838
28.77205419
28.57702494
28.38211928
28.18733484
27.99266587
27.79808217
27.60361173
27.40929594
27.21510998
27.02103709
26.82707586
26.63323378
26.43951138
26.24590233
26.05240324
25.85901306
25.66573057
25.47255433
25.27948311
25.08651575
24.89365107
24.70088785
24.50822489
24.31566096
24.12319476
23.93082482
23.73854966
23.54636537
23.35427212
23.16227427
22.97037001
22.7785551
22.58682697
22.39518411
22.20362549
22.01215034
21.820758
21.62944779
21.43821905
21.24707108
21.05600314
20.86501438
20.6741037
20.48326927
20.29250788
20.10181334
19.91119481
19.72066136
19.53020406
19.33981799
19.14950274
18.95925759
18.76908131
18.57897286
18.38893129
18.19895566
18.00904495
17.81919819
17.62941438
17.4396925
17.25003149
17.0604302
16.87088738
16.6814008
16.49196807
16.30257426
16.1132282
15.92394841
15.73471983
15.54553834
15.35638545
15.16726663
14.97821611
14.78922659
14.60028347
14.41138236
14.22252186
14.03370052
13.8449169
13.65616974
13.46745782
13.27877993
13.09013484
12.90152135
12.71293825
12.52438432
12.33585836
12.14735916
11.95888552
11.77043625
11.58201017
11.39360615
11.205223
11.01685959
10.82851478
10.64018747
10.45187655
10.26358094
10.07529957
9.887031372
9.698775317
9.510530383
9.322295567
9.134069883
8.945852352
8.757642017
8.569437944
8.381239214
8.193044918
8.004854161
7.816666074
7.628479788
7.440294465
7.252109279
7.063923411
6.875736066
6.687546458
6.499353809
6.311157364
6.122956384
5.934750143
5.746537914
5.558318996
5.370092698
5.181858344
4.993615264
4.805362805
4.617100327
4.42882721
4.24054283
4.052246578
3.863937863
3.675616102
3.487280727
3.298931182
3.110566924
2.92218741
2.733792118
2.545380546
2.356952203
2.168506642
1.980043387
1.791562215
1.603062467
1.414545349
1.226007717
1.037461569
0.8488784651
0.6603593503
0.4716371749
0.2835620661
0.09344876565
62.25473435
62.09575265
61.78465815
61.46318407
61.14816138
60.81042263
60.4585652
60.10805168
59.76175487
59.41956528
59.08318563
58.75384791
58.43137928
58.11507265
57.80450958
57.4996908
57.20063413
56.9071921
56.61915312
56.3362947
56.058358
55.78504193
55.51602228
55.25096732
54.98954578
54.7314335
54.47632008
54.22391371
53.97394439
53.72616655
53.48036155
53.23633869
52.99393379
52.75300621
52.51343614
52.2751222
52.0379795
51.80193771
51.56693919
51.33293733
51.09989493
50.86778268
50.6365778
50.4062626
50.17682316
49.94824822
49.72052885
49.4936586
49.26763312
49.04244901
48.81810243
48.59458804
48.37189848
48.15002412
47.92895295
47.70867059
47.48916031
47.27040291
47.05237671
46.83505778
46.61842108
46.40244178
46.18709594
45.97236012
45.7582109
45.54462479
45.33157846
45.1190491
44.90701459
44.69545359
44.4843453
44.27366967
44.06340813
43.85354452
43.64406506
43.43495757
43.22621049
43.01781254
42.80975264
42.60201994
42.39460383
42.18749385
41.98067966
41.77415136
41.56790007
41.36191819
41.15619915
40.95073691
40.74552563
40.54055961
40.33583333
40.13134164
39.92707974
39.72304314
39.51922623
39.31562536
39.11224106
38.90906988
38.70610435
38.50333943
38.30077188
38.09839694
37.8962086
37.69418928
37.49235073
37.29072157
37.08929168
36.88804414
36.68697439
36.48608077
36.28536046
36.08481097
35.8844305
35.68421741
35.48416989
35.28428528
35.08455962
34.88497608
34.68553003
34.48625831
34.2871718
34.08824595
33.8894724
33.69085157
33.49238264
33.29406395
33.09589422
32.8978724
32.69999736
32.50226797
32.30468299
32.10724117
31.90994016
31.71277816
31.51572242
31.31878224
31.1220097
30.92539982
30.72893222
30.53260087
30.33640461
30.14034203
29.9444118
29.74861288
29.55294431
29.35740518
29.16199454
28.96671144
28.77155489
28.57652386
28.38161717
28.18683328
27.99217011
27.79762182
27.60319288
27.40889012
27.21470665
27.02063341
26.82667012
26.63282665
26.43910298
26.24549169
26.05198992
25.858597
25.66531176
25.47213283
25.27905902
25.08608924
24.8932223
24.70045705
24.50779229
24.31522683
24.12275943
23.93038906
23.7381142
23.54594599
23.35388156
23.16190049
22.97000106
22.77818731
22.586459
22.39481493
22.20325441
22.01177691
21.82038188
21.62906875
21.4378369
21.2466857
21.05561449
20.86462247
20.67370867
20.48287132
20.29210648
20.10140446
19.91077838
19.72024079
19.52977906
19.33938808
19.14906795
18.95881811
18.76863738
18.57852477
18.38847929
18.19849996
18.00858577
17.8187357
17.62894876
17.43922392
17.24956013
17.05995629
16.87041127
16.68092307
16.49149043
16.30209173
16.11273593
15.9234564
15.73425555
15.54510724
15.35598744
15.16690734
14.97787696
14.78889422
14.59995501
14.41105739
14.22220011
14.03338183
13.84460124
13.65585709
13.46714818
13.2784733
13.08983121
12.9012207
12.71264056
12.52408956
12.33556651
12.14707021
11.95859947
11.77015308
11.58172989
11.39332873
11.20494844
11.01658787
10.82824589
10.63992141
10.4516133
10.2633205
10.07504191
9.886776496
9.69852321
9.510281033
9.322048965
9.133826019
8.945611214
8.757403593
8.569202224
8.381006189
8.192814576
8.004626491
7.816441066
7.628257429
7.440074744
7.251892186
7.063708933
6.875524193
6.687337179
6.499147111
6.310953233
6.122754811
5.934551114
5.746341419
5.558125019
5.369901229
5.181669369
4.99342877
4.805178777
4.616918754
4.428648078
4.240366126
4.052072288
3.863765974
3.675446598
3.487113595
3.298766408
3.110404494
2.922027307
2.733634325
2.545225046
2.35679897
2.16835564
1.979894572
1.791415471
1.602917695
1.414401976
1.225865864
1.037317498
0.848737466
0.6601914647
0.4715133751
0.2832187205
0.09378313623
62.3136081
62.13096853
61.7980437
61.47242926
61.15574738
60.81404607
60.45937258
60.10750309
59.76026728
59.41738554
59.08067662
58.75129802
58.42892422
58.11271544
57.80220904
57.4974452
57.19846388
56.90511214
56.61717564
56.33443258
56.05662185
55.78343825
55.51455376
55.24963347
54.98834335
54.73035697
54.47536218
54.22306591
53.97319717
53.7255097
53.47978466
53.23583179
52.99348764
52.7526125
52.51308741
52.27481183
52.03770166
51.80168726
51.56671167
51.33272889
51.09970227
50.86760305
50.63640893
50.40610269
50.17667071
49.9481019
49.7203875
49.4935213
49.26749937
49.04231874
48.81797587
48.59446559
48.37178065
48.14991147
47.92884606
47.70857005
47.48906668
47.27031672
47.05229825
46.83498697
46.61835738
46.40238459
46.18704488
45.97231516
45.75817219
45.54459241
45.33155231
45.11902881
44.90699966
44.69544349
44.48433973
44.27366854
44.06341141
43.85355192
43.64407598
43.43497118
43.22622592
43.01782892
42.80976907
42.60203553
42.39461796
42.18750676
41.98069308
41.77416837
41.56792386
41.36195064
41.15624013
40.95078447
40.74557669
40.54061062
40.3358808
40.13138249
39.92711151
39.72306407
39.51923461
39.31562014
39.11222256
38.90903775
38.70605729
38.50327654
38.30069264
38.09830106
37.89609514
37.69404963
37.49218211
37.29053115
37.08908027
36.88780941
36.68671553
36.48579826
36.28505552
36.08448511
35.88408531
35.68385441
35.48379063
35.28389154
35.08415447
34.88455656
34.68508413
34.48578336
34.28667616
34.08773616
33.88895207
33.69032221
33.49184508
33.29351896
33.09534254
32.89731471
32.69943436
32.50170036
32.30411158
32.10666687
31.90936474
31.71220368
31.51517732
31.31828641
31.12153981
30.92493536
30.72846778
30.53213515
30.33593669
30.13987138
29.94393816
29.74813615
29.55246449
29.35692232
29.16150876
28.96622293
28.77106392
28.57603079
28.38112256
28.1863386
27.99168055
27.79717173
27.60279224
27.40850796
27.21433081
27.02025885
26.8262928
26.63244716
26.43872215
26.24510839
26.05160326
25.85820658
25.66491738
25.47173444
25.27865667
25.08568297
24.8928122
24.70004321
24.50737482
24.31480589
24.12233524
23.92996201
23.73768547
23.54551158
23.35343546
23.16144375
22.96953792
22.77772093
22.58599084
22.39434556
22.20278412
22.01130595
21.81991044
21.62859697
21.43736488
21.24621352
21.05514225
20.86415031
20.67323682
20.48240035
20.29163657
20.10092987
19.9102954
19.71975315
19.52928983
19.33889892
19.14857943
18.95833034
18.76815043
18.57803865
18.387994
18.19801545
18.00810199
17.81825259
17.62846628
17.43874203
17.24907882
17.05947563
16.86993139
16.68044476
16.49101451
16.30163574
16.11230971
15.92304441
15.73384382
15.54469165
15.35559383
15.16655348
14.97754541
14.78857073
14.59963618
14.4107426
14.22188901
14.03307427
13.84429714
13.65555642
13.46685088
13.27817932
13.0895405
12.90093322
12.71235627
12.52380845
12.33528856
12.1467954
11.95832777
11.76988448
11.58146435
11.39306625
11.20468899
11.01633144
10.82799246
10.63967095
10.45136581
10.26307595
10.07480029
9.886537787
9.698287392
9.510048091
9.321818883
9.133598781
8.945386802
8.757181991
8.568983417
8.380790161
8.192601311
8.004415973
7.816233282
7.628052361
7.439872377
7.251692505
7.063511921
6.875329839
6.687145465
6.498958021
6.31076675
6.122570922
5.934369803
5.746162671
5.557948816
5.369727557
5.181498212
4.993260111
4.805012599
4.616755041
4.428486817
4.240207299
4.051915877
3.863611962
3.675294969
3.486964332
3.298619494
3.110259914
2.921885039
2.73349435
2.545087344
2.356663515
2.168222395
1.979763489
1.791286437
1.602790612
1.414276305
1.225741693
1.03719135
0.848614076
0.6600431858
0.4714044679
0.2829069458
0.09408983143
62.38173277
62.16798588
61.81065489
61.48221829
61.16382508
60.8176927
60.46010229
60.10684693
59.75862018
59.41502178
59.07799471
58.74860796
58.42636757
58.11028123
57.79984213
57.49514319
57.19624677
56.90299288
56.61516595
56.33254588
56.05486919
55.78182622
55.51308491
55.24830696
54.9871554
54.7293014
54.474431
54.22224977
53.97248566
53.72489168
53.47924889
53.23536761
52.99308532
52.75226323
52.51278325
52.27454569
52.03746727
51.80147913
51.566525
51.33255953
51.09954667
50.86745816
50.63627223
50.4059721
50.17654445
49.94797827
49.72026478
49.49339809
49.26737494
49.04219311
48.81784964
48.59433963
48.37165581
48.14978851
47.92872557
47.70845248
47.4889524
47.27020612
47.05219192
46.83488564
46.61826163
46.40229448
46.18695993
45.97223453
45.75809496
45.54451766
45.33147905
45.11895598
44.9069261
44.69536842
44.48426362
44.27359405
44.06334302
43.85349406
43.6440311
43.4349389
43.2262035
43.01781222
42.80975349
42.60201659
42.39459171
42.18747003
41.98064376
41.77410535
41.56784664
41.36185881
41.15613293
40.95066076
40.74543504
40.54044951
40.33569872
40.1311779
39.92688252
39.72280827
39.5189482
39.31530024
39.11186994
38.90865391
38.70564308
38.50283367
38.30022362
38.09780902
37.8955842
37.69351244
37.49160966
37.28992946
37.08845814
36.88717307
36.68606834
36.48514188
36.28439108
36.08381367
35.88340788
35.68317202
35.4831044
35.2832032
35.08346639
34.88388835
34.68446461
34.48520202
34.28610361
34.08716285
33.88837654
33.68974369
33.49126307
33.29293335
33.09475344
32.89672234
32.69883902
32.50110247
32.30351167
32.10606558
31.90876365
31.71160417
31.51461188
31.31778117
31.12107061
30.92447875
30.72801644
30.53168659
30.33548916
30.13942369
29.94348955
29.74768605
29.55201247
29.35646808
29.16105208
28.96576368
28.77060204
28.57556638
28.38065587
28.18587044
27.99121181
27.79669177
27.60229274
27.40799523
27.21381255
27.01973681
26.82576323
26.63191023
26.43818158
26.24456706
26.05106275
25.85766757
25.66438022
25.47119937
25.27812385
25.08515251
24.89228415
24.6995176
24.50685168
24.31428525
24.12181717
23.92944661
23.73717289
23.54499855
23.35291971
23.16092779
22.96902301
22.77720669
22.58547698
22.39383204
22.20227108
22.01079364
21.81939912
21.62808684
21.43685616
21.2457064
21.0546369
20.86364697
20.67273582
20.48190252
20.29114552
20.10046121
19.90985141
19.71931894
19.52886046
19.33847395
19.14815855
18.95791326
18.76773696
18.57762865
18.38758734
18.19761202
18.00770167
17.81785532
17.62807197
17.43835064
17.24869033
17.05909008
16.86954888
16.68006603
16.49064008
16.30128468
16.11199254
15.92274339
15.73354594
15.54439751
15.35530169
15.16625603
14.97724407
14.78826975
14.59933809
14.41044816
14.22159825
14.03278708
13.84401346
13.65527617
13.46657403
13.27790583
13.08927036
12.9006664
12.71209276
12.52354822
12.33503159
12.14654166
11.95807724
11.76963714
11.58122019
11.39282523
11.2044511
11.01609665
10.82776075
10.6394423
10.4511402
10.26285335
10.07458068
9.886321156
9.698073711
9.509837341
9.321611043
9.133393833
8.945184724
8.756982761
8.568787017
8.380596572
8.192410512
8.004227946
7.816048009
7.627869819
7.43969255
7.251515373
7.063337463
6.87515804
6.686976306
6.498791482
6.310602812
6.122409567
5.934211012
5.746006427
5.557795098
5.36957635
5.181349496
4.993113866
4.804868804
4.616613678
4.428347872
4.240070752
4.051781707
3.863480151
3.675165494
3.486837177
3.298494641
3.110137345
2.92176473
2.733376279
2.544971488
2.356549848
2.16811088
1.979654078
1.791179021
1.602685097
1.414172199
1.22563905
1.037087035
0.8485121703
0.6599189839
0.471314057
0.2826347935
0.09436280395
62.4609036
62.2059647
61.8217269
61.49244514
61.17240406
60.82145334
60.46087179
60.10619271
59.75692771
59.41259539
59.07526509
58.74590761
58.42383951
58.10788539
57.79750336
57.49286581
57.19405599
56.90090039
56.61318188
56.3306832
56.05313912
55.78023579
55.51163708
55.24700112
54.98598782
54.72826574
54.47351895
54.22145153
53.97179008
53.72428658
53.478722
53.2349077
52.99268274
52.75190968
52.5124714
52.27426885
52.03721929
51.80125441
51.56631847
51.33236667
51.09936351
50.86728125
50.63609869
50.40579963
50.17637144
49.94780366
49.7200877
49.49321756
49.26718985
49.04200249
48.81765288
48.59413656
48.37144649
48.14957305
47.928504
47.70822469
47.48871822
47.26996572
47.05194692
46.83464036
46.61802294
46.4020696
46.18675358
45.97204766
45.75792513
45.54436027
45.33132863
45.11880695
44.90677331
44.69520747
44.48409121
44.27340832
44.0631435
43.85328094
43.64380429
43.43469742
43.22594546
43.01753515
42.80945465
42.60169329
42.39424129
42.18708957
41.98022964
41.77365349
41.56735344
41.36132228
41.15555317
40.9500397
40.74477586
40.53975593
40.33497459
40.1304269
39.92610811
39.72201398
39.51813576
39.31446984
39.11102456
38.90779842
38.70478121
38.50196798
38.29935596
38.09694214
37.89472019
37.69267782
37.49082117
37.28916262
37.08769367
36.88640693
36.68530022
36.48437164
36.28361895
36.08304016
35.88263366
35.68239783
35.4823311
35.28243227
35.08269976
34.88314814
34.68378672
34.48457779
34.28549936
34.086566
33.88778387
33.68915334
33.49067374
33.29234427
33.09416412
32.89613244
32.69824832
32.50051086
32.30291921
32.10547248
31.9081705
31.71101333
31.5140147
31.31716482
31.12043659
30.92383507
30.72736939
30.53103942
30.33484329
30.13877994
29.9428485
29.74704815
29.55137803
29.35583735
29.16042524
28.96514088
28.76998342
28.5749521
28.3800462
28.18526566
27.99061134
27.7960886
27.60168603
27.40739143
27.21321216
27.01914848
26.82519791
26.63136225
26.43764097
26.24403122
26.05053157
25.85714097
25.66385813
25.47068177
25.27761074
25.08464387
24.89177995
24.69901783
24.50635633
24.31379431
24.12133069
23.92896462
23.73669534
23.5445241
23.35244808
23.16046055
22.96856024
22.77674768
22.58502135
22.39337959
22.20182168
22.01034725
21.81895573
21.62764649
21.43641887
21.24527223
21.05420594
20.86321934
20.67231178
20.48148275
20.29073368
20.10007453
19.90949273
19.71897162
19.5285184
19.33813619
19.14782474
18.95758316
18.76741048
18.57730577
18.38726804
18.19729627
18.00738946
17.81754663
17.62776681
17.438049
17.24839223
17.05879559
16.86925817
16.67977945
16.49035896
16.30100448
16.11170828
15.92245718
15.73325966
15.54411422
15.35501988
15.16597394
14.97696591
14.78799691
14.59906973
14.41018363
14.22133724
14.03252947
13.84375922
13.65502528
13.46632648
13.27766162
13.08902945
12.90042879
12.71185843
12.52331715
12.33480376
12.14631706
11.95785584
11.76941892
11.58100512
11.3926133
11.20424229
11.01589093
10.82755809
10.63924268
10.4509436
10.26265975
10.07439006
9.886133484
9.697888964
9.509655496
9.321432078
9.133217726
8.94501145
8.756812297
8.56861934
8.380431663
8.192248345
8.004068498
7.815891264
7.627715747
7.439541135
7.251366592
7.06319129
6.875014459
6.686835294
6.498653018
6.310466873
6.122276135
5.934080065
5.745877942
5.557669054
5.36945273
5.181228279
4.992995031
4.804752325
4.616499535
4.428236047
4.239961225
4.05167446
3.863375161
3.675062733
3.486736628
3.298396283
3.110041166
2.921670699
2.733284372
2.54488168
2.356462111
2.168025186
1.979570377
1.791097212
1.602605086
1.414093551
1.225561794
1.037008448
0.8484356053
0.6598232205
0.4712458591
0.2824104369
0.09459662018
62.55319465
62.24432454
61.83094304
61.50271607
61.18115775
60.82544657
60.46202737
60.10592206
59.75555889
59.41044088
59.0727681
58.74342631
58.42153874
58.10568516
57.79527839
57.49062147
57.19183858
56.89874172
56.61110639
56.32871276
56.05129052
55.77851987
55.51005948
55.24556317
54.98468712
54.72709682
54.47247409
54.2205214
53.97096411
53.72355286
53.47806748
53.2343192
52.99214813
52.75141859
52.51201515
52.27384
52.03681118
51.80086088
51.56593372
51.33198528
51.09898044
50.86689194
50.6356992
50.40538708
50.17594508
49.94736628
49.71964579
49.49277925
49.26676183
49.04158806
48.81725184
48.59374625
48.37106308
48.14919242
47.92812229
47.70783847
47.48832454
47.26956216
47.05153198
46.83421401
46.61758665
46.40162532
46.18630218
45.97158795
45.7574538
45.5438725
45.33081888
45.11826962
44.90620318
44.69459974
44.48344103
44.27271026
44.06239185
43.85247113
43.64293441
43.43376878
43.22496209
43.01650279
42.80837985
42.60058268
42.39310124
42.18592599
41.97904806
41.77245912
41.56615126
41.3601169
41.15434865
40.94883944
40.74358258
40.53857182
40.33380144
40.12926618
39.92496115
39.72088191
39.51702347
39.3133816
39.10995416
38.90673768
38.70372801
38.50092265
38.29831926
38.09591619
37.89371002
37.69172377
37.48994794
37.28833703
37.08688848
36.88561357
36.68451559
36.48359369
36.28284635
36.08227211
35.88186965
35.68163755
35.4815745
35.28167974
35.08195312
34.88240339
34.68303118
34.48380821
34.28472412
34.08579264
33.8870166
33.68839376
33.4899224
33.29160142
33.0934299
32.89540685
32.69753131
32.49980237
32.30221917
32.10478096
31.90748764
31.71033936
31.51334293
31.31649125
31.11976696
30.92317183
30.72671153
30.53038618
30.33419448
30.13813565
29.94220895
29.74641359
29.55074867
29.35521336
29.15980677
28.96452806
28.76937638
28.57435099
28.37945121
28.18467695
27.99002851
27.79550904
27.60111082
27.40682387
27.21265142
27.01860412
26.82468273
26.63087014
26.43716003
26.24355749
26.05006415
25.85667938
25.66340208
25.4702311
25.27716534
25.08420367
24.89134488
24.69858783
24.50593135
24.31337433
24.12091572
23.92855465
23.73629035
23.54412324
23.35205106
23.16006838
22.96817332
22.77636586
22.58464445
22.39300739
22.20145402
22.00998401
21.81859686
21.62729193
21.43606857
21.24492614
21.05386405
20.86288167
20.67197845
20.4811542
20.29041002
20.09975072
19.90916551
19.71864414
19.52819339
19.33781504
19.14750779
18.95727037
18.76710178
18.57700114
18.38696743
18.19699963
18.00709675
17.81725781
17.62748185
17.43776789
17.24811495
17.05852217
16.86898872
16.6795142
16.49009824
16.30074508
16.11144986
15.92220348
15.73301012
15.54386847
15.35477677
15.1657328
14.97672874
14.78776383
14.59884008
14.40995731
14.22111428
14.03230986
13.84354293
13.65481229
13.46611678
13.27745517
13.08882625
12.90022882
12.71166166
12.52312356
12.33461333
12.14612977
11.95767167
11.76923784
11.5808271
11.39243833
11.20407033
11.01572196
10.8273921
10.63907963
10.45078347
10.2625025
10.07423568
9.88598194
9.697740229
9.509509547
9.32128889
9.133077275
8.944873706
8.756677236
8.568486937
8.380301896
8.192121186
8.003943922
7.815769249
7.627596265
7.439424165
7.251252111
7.063079269
6.874904879
6.686728129
6.498548246
6.31036447
6.122176081
5.933982335
5.745782512
5.557575898
5.36936183
5.181139615
4.99290858
4.80466806
4.616417431
4.428156086
4.239883384
4.051598722
3.863301504
3.674991126
3.486667049
3.29832871
3.109975585
2.921607088
2.733222702
2.54482192
2.356404234
2.167969163
1.979516169
1.791044729
1.602554235
1.414043964
1.225513472
1.036959134
0.8483878888
0.6597597994
0.4712034351
0.2822416802
0.09478690704
62.65967928
62.28184453
61.8415421
61.51516429
61.19035636
60.82953342
60.46346475
60.10595992
59.75445197
59.40851
59.07043649
58.74102624
58.41930126
58.10358865
57.79315629
57.48841138
57.1895437
56.89638871
56.6087348
56.32636352
56.04899756
55.77630802
55.50794539
55.24355663
54.98279225
54.72531328
54.47079857
54.21894983
53.9694949
53.72218876
53.47681329
53.23317701
52.99111431
52.75048424
52.5111683
52.27306776
52.03610112
51.80020164
51.56531513
51.3313983
51.09841692
50.86634437
50.63516062
50.4048511
50.17540647
49.94682194
49.71909508
49.49222286
49.26619964
49.0410174
48.81666712
48.59313951
48.37042501
48.14851337
47.927393
47.70705063
47.4874712
47.26863767
47.05053142
46.83313226
46.61641837
46.40036659
46.18495251
45.97015132
45.7559382
45.54228871
45.3291791
45.11658647
44.90448892
44.69286591
44.48169816
44.27096785
44.06065841
43.85075409
43.64123992
43.43210134
43.22332451
43.01489639
42.80680482
42.59903856
42.39158724
42.18444123
41.97759175
41.77103055
41.56474979
41.35874199
41.15299987
40.9475165
40.74228536
40.53730028
40.33255555
40.1280459
39.92376644
39.71971253
39.51588389
39.31227653
39.10887617
38.90567608
38.70267879
38.4998847
38.29729225
38.09490054
37.89271183
37.69074272
37.48897309
37.28736478
37.08592387
36.88466172
36.68357879
36.48267233
36.28194031
36.08138116
35.88099353
35.68077602
35.48072739
35.28084712
35.08113515
34.88159628
34.68223027
34.48301821
34.28395041
34.08503386
33.88627072
33.68765954
33.48919909
33.29088858
33.09272728
32.89471423
32.69684853
32.49912928
32.30155567
32.10412704
31.90684334
31.70970455
31.51271482
31.31586957
31.11915526
30.92257033
30.72611898
30.52980217
30.33361884
30.13756813
29.94164931
29.7458616
29.55020413
29.35467609
29.15927663
28.96400491
28.76886014
28.5738416
28.37894867
28.18418123
27.98953931
27.79502468
27.60063159
27.40635184
27.21218724
27.01814534
26.82422454
26.63041187
26.43670439
26.24310668
26.04961921
25.85624056
25.66296932
25.46980433
25.27674449
25.08378868
24.89093564
24.69818429
24.50553344
24.31298199
24.12052892
23.92817333
23.73591443
23.54375211
23.35168439
23.15970687
22.96781737
22.77601534
22.58429911
22.39266693
22.20111822
22.00965279
21.81827016
21.62696971
21.43575082
21.24461281
21.05355515
20.86257721
20.67167853
20.48085897
20.29011904
20.09946114
19.90887817
19.71836232
19.52791679
19.33754296
19.14723989
18.95700646
18.76684178
18.57674502
18.3867152
18.19675125
18.00685219
17.81701703
17.62724484
17.43753464
17.24788549
17.05829655
16.86876699
16.67929648
16.48988465
16.30053405
16.11124144
15.92199936
15.73280921
15.5436704
15.35458121
15.16553932
14.9765385
14.78757717
14.59865676
14.4097773
14.22093754
14.03213632
13.84337254
13.65464503
13.46595262
13.27729411
13.08866825
12.90007385
12.71150972
12.52297461
12.33446736
12.14598674
11.95753157
11.76910063
11.58069275
11.39230683
11.20394165
11.01559606
10.82726895
10.63895921
10.45066575
10.26238746
10.07412327
9.885872156
9.697633028
9.509404906
9.321186781
9.132977675
8.944776578
8.756582555
8.568394677
8.380212035
8.192033693
8.003858771
7.815686415
7.627515715
7.43934588
7.251176068
7.063005437
6.87483324
6.686658649
6.498480902
6.310299236
6.122112942
5.933921266
5.745723483
5.557518881
5.369306805
5.18108656
4.992857478
4.804618883
4.616370153
4.428110684
4.239839828
4.051556999
3.863261599
3.674953011
3.486630695
3.298294087
3.109942679
2.921575882
2.733193175
2.544794041
2.356377964
2.167944472
1.97949303
1.791023078
1.602533985
1.414024808
1.225495382
1.036940358
0.8483702623
0.6597302038
0.4711883056
0.282133554
0.09492980128
62.78405209
62.30690086
61.85612877
61.53772508
61.2059663
60.83664166
60.46576787
60.105261
59.75144453
59.40396558
59.06513085
58.73532546
58.41336656
58.09766426
57.78748471
57.48314092
57.18469776
56.89194684
56.60467909
56.32268085
56.04567434
55.77332848
55.50529122
55.24120689
54.98072337
54.72349931
54.46921199
54.21756318
53.96828417
53.72113594
53.47590487
53.23239897
52.99044782
52.74990479
52.51064747
52.27257558
52.03560819
51.7996804
51.56474064
51.33074864
51.09767331
50.86549115
50.63418526
50.40374384
50.17415959
49.94542849
49.71754844
49.49051815
49.26433597
49.03899959
48.81450589
48.59085053
48.36802741
48.14602832
47.92484238
47.70445604
47.48485309
47.2660146
47.04791962
46.83054545
46.6138679
46.39786174
46.18250044
45.96775701
45.75360455
45.54001688
45.32696917
45.1144379
44.90240101
44.69083801
44.47972965
44.26905806
44.05880644
43.84895862
43.63949921
43.43041325
43.22168667
43.01330631
42.80525997
42.5975364
42.39012522
42.18301683
41.97620245
41.76967388
41.56342332
41.35744346
41.15172718
40.94626776
40.74105888
40.53609457
40.33136936
40.12687821
39.92261646
39.71858005
39.51476726
39.31117295
39.1077859
38.90460183
38.70162279
38.49884816
38.29627564
38.09390448
37.89173596
37.68977851
37.48801753
37.28642579
37.08500437
36.88376058
36.68269463
36.48180412
36.28108738
36.08054309
35.88017003
35.67996682
35.4799323
35.28006604
35.08036794
34.88084094
34.68148464
34.48228433
34.28322974
34.08432479
33.88557261
33.68697251
33.48852309
33.29022348
33.09207293
32.89407049
32.69621521
32.49850623
32.30094277
32.10352422
31.90625051
31.70912157
31.51213995
31.31530207
31.11859672
30.92202097
30.72557824
30.52926994
30.33309499
30.13705245
29.9411416
29.74536173
29.54971196
29.35419151
29.15879951
28.96353515
28.76839765
28.57338633
28.37850056
28.1837402
27.9891051
27.79459609
27.60020864
27.40593597
27.21177863
27.01774193
26.82382492
26.63001818
26.43631814
26.24272731
26.04924613
25.85587342
25.66260793
25.46944856
25.2763943
25.083444
24.89059639
24.69785042
24.50520488
24.31265869
24.12021085
23.9278604
23.73560658
23.5434489
23.3513856
23.159413
22.96752871
22.77573178
22.58402049
22.39239313
22.20084913
22.00938827
21.81801009
21.626714
21.43549939
21.2443656
21.05331213
20.86233836
20.67144388
20.48062859
20.28989266
20.09923742
19.90865768
19.71814642
19.52770483
19.33733461
19.14703525
18.95680555
18.7666446
18.57655153
18.38652536
18.19656504
18.00666958
17.81683798
17.62706931
17.43736265
17.24771708
17.05813167
16.86860564
16.67913866
16.48973041
16.30038235
16.11109203
15.92185321
15.73266583
15.54352968
15.35444303
15.16540331
14.97640539
14.78744729
14.59852994
14.40965343
14.22081658
14.03201822
13.84325726
13.65453254
13.46584293
13.27718718
13.08856407
12.8999724
12.71141097
12.52287855
12.33437396
12.14589598
11.95744342
11.76901505
11.58060973
11.39222633
11.20386364
11.01552051
10.82719584
10.6388885
10.45059741
10.26232146
10.07405958
9.885810744
9.697573857
9.509347952
9.321132013
9.13292507
8.944726097
8.756534171
8.568348357
8.380167762
8.191991429
8.003818494
7.8156481
7.627479324
7.43931139
7.251143457
7.062974672
6.87480431
6.686631516
6.498455538
6.310275613
6.122091045
5.933901071
5.745704971
5.557502013
5.369291562
5.181072915
4.992845412
4.804608373
4.616361182
4.428103227
4.239833849
4.051552476
3.86325852
3.674951352
3.486630445
3.298295203
3.109945143
2.921579668
2.733198272
2.544800432
2.356385609
2.16795334
1.97950308
1.791034273
1.602546262
1.414037942
1.225509318
1.036953852
0.8483844014
0.6597362062
0.4712025176
0.2820907049
0.09502644506
62.97038276
62.29224608
61.83443293
61.54160623
61.21274098
60.84049721
60.46831701
60.10693682
59.75193165
59.40333895
59.06427056
58.73508801
58.41307822
58.09633621
57.78518995
57.48028664
57.18155945
56.88867813
56.60137462
56.31939918
56.04244811
55.77017286
55.50221003
55.23819663
54.9777759
54.72060367
54.46635584
54.21473277
53.96546275
53.71830263
53.47303689
53.22947668
52.98745851
52.74684365
52.50751606
52.26937943
52.03235471
51.79637739
51.56139537
51.32736756
51.09426194
50.86205427
50.63072721
50.40026874
50.17067181
49.94193307
49.71405165
49.48702789
49.26086148
49.03555086
48.81109296
48.58748322
48.36471515
48.14278026
47.92166722
47.70136182
47.48184677
47.26310152
47.04510319
46.8278268
46.61124578
46.39533276
46.18005941
45.96539765
45.75132006
45.53780049
45.32481449
45.11233911
44.90035282
44.68883579
44.4777693
44.2671361
44.05691996
43.84710536
43.63767761
43.42862241
43.21992629
43.01157653
42.80356121
42.59586923
42.38849028
42.18141463
41.97463344
41.76813833
41.56192131
41.35597497
41.15029198
40.94486553
40.73968916
40.5347568
40.33006289
40.12560236
39.92137049
39.71736318
39.51357782
39.31000959
39.10664933
38.90349215
38.70053861
38.49778822
38.29523905
38.09289064
37.89074374
37.68880396
37.48706083
37.2854906
37.08408974
36.88286461
36.68181666
36.48094382
36.28024444
36.07971715
35.8793608
35.67917396
35.47915552
35.27930507
35.07962247
34.88010961
34.68076585
34.48157888
34.28253854
34.08364718
33.88490816
33.686321
33.48788412
33.28959665
33.09145793
32.89346701
32.695623
32.49792506
32.30037242
32.10296453
31.90570129
31.70858258
31.51161
31.31478053
31.11808462
30.9215186
30.72508517
30.52878589
30.33261975
30.13658579
29.94068333
29.74491169
29.54926998
29.35375745
29.15837324
28.96311653
28.76798655
28.57298266
28.37810423
28.18335109
27.98872295
27.79422014
27.59983889
27.40557334
27.2114231
27.01739239
26.82348087
26.62968057
26.43598716
26.24240235
26.04892697
25.85556006
25.66230033
25.46914665
25.27609804
25.08315332
24.89031121
24.6975707
24.50493055
24.31238967
24.11994712
23.92760187
23.73535316
23.54320031
23.35114171
23.15917422
22.96729536
22.77550353
22.5837967
22.39217355
22.20063389
22.00917749
21.81780379
21.62651218
21.43530199
21.24417255
21.05312341
20.8621539
20.67126368
20.48045262
20.28972075
20.09906876
19.9084924
19.71798525
19.52754758
19.33718114
19.14688557
18.95665977
18.76650293
18.5764139
18.38639153
18.19643486
18.00654294
17.8167148
17.62694954
17.43724622
17.24760387
17.05802164
16.8684988
16.67903503
16.48963004
16.30028462
16.11099681
15.92176113
15.73257666
15.54344329
15.3543593
15.165322
14.97632694
14.7873719
14.59845746
14.40958377
14.2207497
14.03195408
13.84319584
13.65447377
13.46578682
13.27713369
13.08851317
12.89992408
12.7113652
12.5228353
12.33433322
12.14585772
11.95740761
11.76898167
11.58057875
11.39219773
11.20383739
11.01549657
10.82717418
10.63886909
10.45058024
10.26230647
10.07404675
9.885800048
9.697565247
9.509341406
9.321127493
9.132922553
8.944725539
8.756535545
8.568351622
8.380172899
8.19199839
8.003827256
7.815658635
7.627491589
7.439325359
7.2511591
7.062991945
6.874823203
6.686651988
6.498477563
6.310299154
6.122116075
5.933927555
5.745732895
5.557531335
5.369322272
5.181104972
4.992878782
4.804643023
4.6163971
4.4281404
4.23987224
4.051592046
3.863299241
3.674993196
3.486673417
3.298339264
3.10999027
2.921625808
2.733245414
2.544848571
2.356434716
2.168003382
1.979553992
1.79108603
1.602598828
1.414091189
1.225563178
1.037007568
0.8484383983
0.6597858633
0.4712549587
0.2821225558
0.09509473895
63.31723156
62.36010935
61.83571694
61.53781765
61.19996403
60.81872667
60.44119266
60.07669799
59.71967963
59.3700795
59.03270542
58.70895936
58.39247314
58.07866385
57.76900432
57.46503285
57.16699259
56.87468467
56.58791623
56.30647482
56.0300707
55.75835758
55.4909687
55.2275351
54.96769309
54.71109166
54.45740039
54.20631426
53.95755729
53.71088349
53.46607586
53.22294474
52.98132569
52.74107897
52.50208795
52.2642567
52.02750752
51.79177805
51.55701888
51.32319165
51.09026711
50.85822352
50.62704586
50.39672409
50.16725285
49.93863022
49.71085645
49.4839326
49.25785881
49.03263385
48.80825503
48.58471824
48.36201752
48.1401449
47.91908961
47.69883792
47.47937315
47.26067545
47.04272266
46.82549064
46.60895367
46.39308517
46.17785754
45.9632432
45.749215
45.53574673
45.32281364
45.1103923
44.89846066
44.68699837
44.47598623
44.26540654
44.05524275
43.84547907
43.63610062
43.427093
43.21844267
43.01013685
42.80216366
42.59451202
42.3871717
42.1801331
41.97338743
41.76692641
41.56074216
41.35482735
41.14917474
40.94377759
40.7386295
40.53372449
40.32905702
40.12462206
39.92041497
39.71643156
39.51266887
39.30912236
39.10578363
38.90264743
38.69971396
38.49698304
38.29445304
38.0921235
37.88999457
37.68807037
37.48634212
37.2847879
37.08340263
36.88219248
36.68115928
36.48030081
36.27961531
36.07910147
35.8787582
35.67858417
35.47857831
35.27874022
35.07906967
34.87956786
34.68023401
34.48105734
34.28202798
34.08314735
33.8844187
33.68584158
33.4874144
33.28913636
33.09100681
32.89302483
32.69518956
32.49750018
32.29995598
32.10255639
31.90530131
31.70819052
31.51122505
31.31440231
31.11771371
30.92115528
30.72472923
30.52843715
30.33227807
30.13625101
29.94035528
29.74459022
29.54895499
29.35344882
29.15807085
28.9628203
28.76769638
28.57269848
28.37782598
28.18307871
27.98845622
27.79395856
27.59958247
27.4053226
27.21117812
27.01715254
26.82324573
26.62945051
26.43576237
26.2421827
26.04871243
25.85535057
25.66209577
25.46894696
25.27590313
25.08296314
24.89012573
24.69738986
24.50475432
24.31221802
24.11977999
23.92743923
23.73519491
23.54304626
23.35099175
23.15902869
22.96715576
22.77537119
22.5836708
22.39205261
22.20051717
22.00906463
21.81769462
21.6264066
21.43519991
21.24407392
21.05302818
20.86206203
20.67117515
20.4803674
20.28963876
20.09898961
19.90841617
19.71791231
19.52747785
19.33711451
19.146822
18.95659918
18.76644522
18.57635896
18.38633933
18.1963854
18.00649622
17.8166708
17.62690825
17.43720761
17.24756793
17.05798837
16.86846821
16.6790071
16.48960476
16.3002617
16.11097617
15.92174307
15.73256105
15.54343006
15.35434839
15.1653133
14.97632065
14.78736811
14.59845607
14.40958473
14.22075295
14.03195959
13.84320356
13.65448366
13.46579885
13.27714784
13.0885294
12.89994236
12.7113855
12.52285759
12.33435748
12.14588392
11.95743573
11.76901166
11.58061058
11.3922314
11.20387285
11.01553379
10.82721313
10.63890975
10.45062257
10.26235044
10.07409234
9.885847215
9.697613953
9.509391624
9.321179192
9.132975703
8.944780099
8.756591482
8.56840891
8.380231508
8.192058275
8.003888398
7.815720998
7.627555135
7.439390068
7.251224931
7.063058867
6.874891197
6.686721015
6.498547595
6.310370164
6.122188035
5.934000435
5.745806661
5.557605959
5.369397744
5.181181263
4.992955855
4.804720836
4.616475638
4.428219653
4.239952184
4.051672655
3.86338047
3.675075014
3.486755818
3.298422239
3.110073798
2.921709834
2.733329911
2.544933528
2.356520134
2.168089238
1.979640232
1.791172612
1.602685722
1.41417837
1.225650609
1.037094959
0.84852569
0.659871964
0.4713396381
0.2822141918
0.09516351703
)
;

boundaryField
{
    axis
    {
        type            empty;
    }
    inlet
    {
        type            zeroGradient;
    }
    outlet
    {
        type            fixedValue;
        value           uniform 0;
    }
    wall
    {
        type            zeroGradient;
    }
    wedgeLow
    {
        type            wedge;
    }
    wedgeHigh
    {
        type            wedge;
    }
}


// ************************************************************************* //
