/*--------------------------------*- C++ -*----------------------------------*\
  =========                 |
  \\      /  F ield         | OpenFOAM: The Open Source CFD Toolbox
   \\    /   O peration     | Website:  https://openfoam.org
    \\  /    A nd           | Version:  11
     \\/     M anipulation  |
\*---------------------------------------------------------------------------*/
FoamFile
{
    format      ascii;
    class       volVectorField;
    location    "0.5";
    object      U;
}
// * * * * * * * * * * * * * * * * * * * * * * * * * * * * * * * * * * * * * //

dimensions      [0 1 -1 0 0 0 0];

internalField   nonuniform List<vector> 
1800
(
(0.3186509367 -0.2890043165 2.169668722e-20)
(0.3122364234 -0.2736842243 3.917775025e-20)
(0.4106848303 -0.3344479418 8.7383153e-20)
(0.5247435284 -0.4065903687 -1.028072291e-20)
(0.612429026 -0.4543007693 -5.353582549e-20)
(0.6657869808 -0.4724739201 3.642538288e-20)
(0.6925119628 -0.4688043549 -6.226452285e-20)
(0.7029622745 -0.4526092144 -1.563834634e-20)
(0.7049530872 -0.430622599 -3.957296629e-21)
(0.6997503603 -0.4090349325 -2.276833575e-21)
(0.3514982894 -0.2715103465 -1.660445187e-20)
(0.3613159176 -0.2699127489 -7.313611768e-20)
(0.4758060094 -0.3315744184 -2.436594587e-20)
(0.6008305018 -0.3995026045 6.72662576e-20)
(0.6932723887 -0.4424650088 6.77242922e-20)
(0.7468245133 -0.4571882987 8.584676649e-21)
(0.7713283808 -0.4516270178 1.412861555e-19)
(0.7787872708 -0.4347006099 6.500532666e-20)
(0.7778852217 -0.4126987206 -1.335000614e-19)
(0.7708244389 -0.3915303196 -3.815694132e-20)
(0.3842183962 -0.2511190954 2.915139362e-20)
(0.4120085241 -0.2605826028 -1.188180089e-22)
(0.5420053718 -0.3205192108 -6.547655308e-20)
(0.6764425191 -0.3824681643 4.502056288e-20)
(0.7719595986 -0.4199566678 3.544478427e-21)
(0.8242916349 -0.4313679721 -2.435240604e-20)
(0.8454632342 -0.4246673377 -1.914361933e-21)
(0.8489537647 -0.4082006873 1.184089729e-20)
(0.8442031807 -0.3876764058 4.568812276e-21)
(0.8341070165 -0.3682498822 -1.844857631e-20)
(0.4164543677 -0.2275369069 -5.08527252e-21)
(0.4633702539 -0.2449318909 1.317723528e-20)
(0.6078109117 -0.3003905985 -1.764442833e-20)
(0.7498923729 -0.3545826503 -5.718794617e-20)
(0.8469837872 -0.3857784154 2.11119729e-21)
(0.8972327131 -0.3936951261 7.033292377e-20)
(0.9148422383 -0.3859406863 3.094347911e-20)
(0.9145950208 -0.3699980394 -3.221602317e-20)
(0.906441176 -0.3507834771 5.106861655e-20)
(0.8936116251 -0.3327472151 7.122883611e-20)
(0.4478062252 -0.2006855588 -4.540343304e-21)
(0.5143800042 -0.2229125512 -2.703547756e-20)
(0.6716727302 -0.2716082518 4.145527781e-20)
(0.8192856433 -0.3169190049 1.501285753e-20)
(0.9162576122 -0.341672123 -1.662934498e-19)
(0.9634517664 -0.3465756214 -9.518559549e-22)
(0.9771912273 -0.3385625913 2.121226414e-19)
(0.9733618012 -0.324043039 -5.458134098e-20)
(0.9621869328 -0.3070140474 -2.012308979e-19)
(0.946925388 -0.2910311517 -1.85168814e-20)
(0.4776886985 -0.1703899559 7.30953153e-21)
(0.5636442866 -0.194200189 -2.066354782e-20)
(0.7316459684 -0.2340640298 3.889236213e-20)
(0.8824654274 -0.2696586426 1.029398728e-20)
(0.9776802012 -0.2879883175 -1.411113737e-19)
(1.021045833 -0.2903387522 1.294788367e-19)
(1.030838 -0.2826487212 -9.93155364e-20)
(1.023783022 -0.2700863829 -1.107022265e-19)
(1.010112147 -0.2556653542 1.413857997e-21)
(0.9927756248 -0.242045148 -4.485181382e-20)
(0.505475833 -0.1366565377 2.560280936e-21)
(0.6097886096 -0.1589762591 4.231227032e-21)
(0.7859893158 -0.188464287 -7.424304249e-20)
(0.9376671824 -0.2140695413 5.697332058e-21)
(1.029650087 -0.2264193263 1.799916284e-19)
(1.068636327 -0.2269466223 -5.711493974e-22)
(1.074622803 -0.22031573 -2.691745441e-19)
(1.064899635 -0.2103373423 1.356214315e-22)
(1.049433658 -0.1990271501 2.553483159e-19)
(1.030502339 -0.1881347168 4.519613321e-20)
(0.5303995371 -0.09955661317 1.592611103e-21)
(0.6512158212 -0.1175417728 4.523123439e-21)
(0.8327917115 -0.135581134 -3.635141948e-21)
(0.9830503399 -0.1513338549 3.603995924e-20)
(1.070558481 -0.1583617615 -2.758800405e-21)
(1.104845984 -0.1578258551 -3.95373453e-20)
(1.107318741 -0.1528919104 0)
(1.095562191 -0.14597982 -3.267234642e-22)
(1.079087779 -0.1381960898 1.721181545e-19)
(1.059216003 -0.1304325562 1.435660485e-19)
(0.5516596545 -0.05934242671 -8.890845899e-21)
(0.686407845 -0.07056609539 9.562743821e-20)
(0.8704270884 -0.07661873998 -7.861431558e-20)
(1.017235258 -0.08305740796 -2.994645395e-21)
(1.099338885 -0.08561111433 1.992380322e-19)
(1.128829286 -0.08479068835 -1.187420753e-19)
(1.128137836 -0.08208930232 -5.472835991e-24)
(1.114911733 -0.07858013315 -6.61921906e-20)
(1.09817163 -0.07467392763 6.637436831e-22)
(1.078207084 -0.0704841582 5.73016499e-20)
(0.5684843745 -0.01642142479 -1.43132912e-20)
(0.7140161892 -0.01894406586 -9.613444277e-20)
(0.8975668174 -0.01292735354 -3.422225734e-20)
(1.039216234 -0.01085720315 4.939877238e-20)
(1.11531573 -0.009854030296 8.16263232e-20)
(1.140108711 -0.009471876269 2.341838794e-19)
(1.136561452 -0.009405413137 1.389805296e-19)
(1.122112322 -0.009461882717 -4.248038528e-20)
(1.105394745 -0.009617980744 -2.608139124e-19)
(1.086057668 -0.00933539992 -1.76895615e-19)
(0.01533665866 -0.3371377104 4.230567196e-21)
(0.009894921807 -0.1112220773 7.607355431e-21)
(0.02610857843 -0.03950325689 1.780247948e-21)
(0.05034582286 -0.04158374716 -5.827085787e-22)
(0.07911524693 -0.06376812809 -3.014930695e-22)
(0.1089398231 -0.08335503521 -2.697608028e-20)
(0.137850496 -0.09499516992 -2.378319551e-21)
(0.1649922551 -0.1000431503 1.374190294e-20)
(0.1902356372 -0.1013487341 2.210061532e-22)
(0.2130737777 -0.1012241497 -5.164990593e-22)
(0.04261658131 -0.3415022931 -1.279737647e-20)
(0.02189910808 -0.1366963652 -3.53398701e-20)
(0.03490835866 -0.08376570754 6.07488847e-21)
(0.06111740429 -0.09934023473 3.170410757e-22)
(0.09268115793 -0.1289924623 -6.030919775e-21)
(0.1244138364 -0.1511894372 7.668875011e-21)
(0.1541532429 -0.1622578373 -3.768979308e-21)
(0.181357938 -0.1650218648 -2.29413998e-21)
(0.2062980374 -0.1633914427 1.23754031e-23)
(0.2289123943 -0.1605550518 1.260820811e-21)
(0.07073805437 -0.3438732306 1.494104868e-20)
(0.03809318719 -0.1611590581 5.670654734e-21)
(0.05096198828 -0.1268170015 9.413452485e-22)
(0.08138055258 -0.1552542109 3.947368132e-20)
(0.1170058454 -0.1917761247 2.620608418e-21)
(0.1511321692 -0.2161897265 -3.999494916e-20)
(0.1816734093 -0.2265000678 -1.181146421e-20)
(0.2086322524 -0.2269477911 7.57809006e-21)
(0.2328439386 -0.2224389328 -6.13807908e-21)
(0.2549275316 -0.2169385758 -3.25498146e-21)
(0.09960664703 -0.3442409998 -9.773627962e-21)
(0.0584695898 -0.1842438027 0)
(0.07418903622 -0.16787057 9.200441357e-23)
(0.1109205349 -0.2081774004 2.72367766e-21)
(0.1517444747 -0.2507278335 3.867341239e-21)
(0.1886555367 -0.2768367947 1.461631671e-20)
(0.2199167086 -0.2861624509 9.147914103e-21)
(0.2462983539 -0.284276581 -1.074825858e-20)
(0.2693518214 -0.2769907649 0)
(0.2905908564 -0.2688943845 -1.558908155e-21)
(0.1291544539 -0.3426137286 -4.101142031e-21)
(0.08301759581 -0.2056001111 -9.804450904e-21)
(0.1044419445 -0.206159766 1.292196164e-20)
(0.1493862642 -0.2569911514 -8.995556018e-21)
(0.196361929 -0.3044981438 1.55323295e-21)
(0.2363207029 -0.3316654562 2.17581292e-20)
(0.2681488277 -0.3397499974 -4.769508193e-21)
(0.2935953074 -0.3355364859 1.185853163e-20)
(0.3150577724 -0.3256258415 -2.544124297e-21)
(0.335122605 -0.3150314335 0)
(0.15934226 -0.3390018033 -8.766556445e-21)
(0.1117175212 -0.2248710259 -4.024213987e-20)
(0.1414908411 -0.2409264153 -2.388065505e-21)
(0.1962680707 -0.3006135199 7.05552266e-20)
(0.2501072764 -0.3518037725 1.230283294e-20)
(0.293213897 -0.3793009644 -2.956119486e-20)
(0.3253680391 -0.385874666 -7.80227373e-20)
(0.3494870393 -0.3793694477 1.880015458e-20)
(0.3689148065 -0.3670333902 6.902668784e-20)
(0.3874316969 -0.3540610893 -1.362874862e-20)
(0.1901520191 -0.3333963159 7.979501082e-23)
(0.1445178106 -0.2416646533 -1.942756756e-20)
(0.1849927247 -0.2714063082 -4.051693782e-20)
(0.2508658224 -0.3380068714 -3.000525202e-21)
(0.311984062 -0.3914546349 3.126480724e-20)
(0.3581427358 -0.4184982705 0)
(0.3902751325 -0.423297763 4.761481326e-21)
(0.4126234606 -0.4145671263 -3.672718069e-20)
(0.4295353789 -0.4000336373 3.326286396e-21)
(0.4460334878 -0.3847977807 1.078958402e-20)
(0.2215691012 -0.3257452387 -9.148273885e-23)
(0.1812980231 -0.2555250858 5.112906179e-21)
(0.2344538694 -0.2968167621 1.354274403e-20)
(0.3122639995 -0.3681900863 5.748053119e-22)
(0.3807432042 -0.4223878161 1.162763821e-20)
(0.4296468687 -0.4481911256 -4.588208898e-20)
(0.461299848 -0.4509868088 6.956878173e-20)
(0.4813811351 -0.440128972 2.747622528e-20)
(0.4952470099 -0.4236345948 -6.52016417e-20)
(0.5091371843 -0.4062203018 1.383032975e-21)
(0.253549751 -0.315931797 -1.695147951e-20)
(0.2218122284 -0.2659125289 -6.682168243e-20)
(0.2891820788 -0.3163558431 1.535711684e-20)
(0.3793109909 -0.3902580989 8.101706418e-20)
(0.4548963178 -0.4437034078 -2.56535079e-20)
(0.5060524789 -0.4675448778 -3.61328063e-20)
(0.5367113628 -0.4681960901 -5.074869716e-21)
(0.5540534452 -0.4553902494 1.041757169e-20)
(0.5643845674 -0.4372221053 0)
(0.5749857917 -0.4177648783 1.685514494e-21)
(0.2859694855 -0.3037602634 1.395446888e-20)
(0.2656250358 -0.2721903154 -3.632593883e-20)
(0.3482446211 -0.3291865755 -2.338958341e-20)
(0.4505948143 -0.4033484502 4.527176115e-20)
(0.53268266 -0.4546056405 1.212867317e-19)
(0.585397484 -0.4758713475 -7.484170514e-20)
(0.614479745 -0.4743562212 -1.19177658e-19)
(0.6286461583 -0.4598476565 0)
(0.6349492427 -0.4401131439 0)
(0.6407298347 -0.4184129601 0)
(0.3010660024 -0.07643697143 -9.468511876e-22)
(0.3870630638 -0.06388336878 -1.700948802e-20)
(0.4320993092 -0.04720526495 -1.121010955e-21)
(0.4579035637 -0.03703759174 1.373369931e-21)
(0.4728766867 -0.02891988177 -6.133599726e-22)
(0.4818467012 -0.02215998291 -5.450543984e-22)
(0.4873405918 -0.01652396421 -5.30167336e-22)
(0.4907540042 -0.01175161309 -3.253365693e-23)
(0.4927818026 -0.007801880858 4.434951352e-22)
(0.4940730954 -0.003179361049 2.27826139e-23)
(0.3086177597 -0.1129575344 -2.920639002e-22)
(0.3928043273 -0.08379185411 5.552533558e-21)
(0.4360892718 -0.05782156341 1.190642252e-22)
(0.4607137822 -0.04307729316 -1.329986475e-21)
(0.4751486902 -0.03244808645 -2.687146144e-21)
(0.4837063057 -0.02426317955 0)
(0.488873979 -0.01779850124 -5.689619813e-22)
(0.4920401397 -0.01252078764 1.198337783e-22)
(0.4938989591 -0.008253866652 2.528263466e-24)
(0.4950530745 -0.003351207287 -9.901295424e-23)
(0.3219717104 -0.1483730611 -5.555367414e-21)
(0.4011514545 -0.1031511566 -5.173236945e-21)
(0.4414661838 -0.06836547034 2.378128985e-21)
(0.4642308758 -0.04906487175 -1.768436279e-22)
(0.4778144355 -0.03593347207 -4.817072678e-23)
(0.4857972963 -0.02632770528 8.968500599e-23)
(0.4905487511 -0.01903658616 0)
(0.4934175573 -0.0132586213 0)
(0.4950802092 -0.008681755216 -2.431222062e-22)
(0.4960806034 -0.003511276604 0)
(0.3411721292 -0.1819332882 2.546707002e-21)
(0.4120023674 -0.1217345779 1.133599525e-20)
(0.4481898215 -0.07873634577 -5.504925969e-23)
(0.4684630775 -0.05494576122 0)
(0.4808703466 -0.0393411359 2.872637495e-21)
(0.4881153542 -0.02833230756 -5.658803836e-22)
(0.4923603399 -0.02022487168 0)
(0.4948808218 -0.01395668579 7.061457649e-22)
(0.4963197151 -0.00907983097 0)
(0.4971505746 -0.003657708134 9.323094283e-23)
(0.3661278109 -0.2130215845 -1.459639744e-20)
(0.4252608018 -0.1393167134 1.205723786e-20)
(0.456208839 -0.08882581204 1.506989666e-22)
(0.4734132956 -0.06066920157 0)
(0.4843112958 -0.0426383146 9.759912258e-22)
(0.490653978 -0.03025631746 1.230964394e-21)
(0.4943025558 -0.02135002596 3.597264125e-23)
(0.496423513 -0.01460633908 -8.822923252e-24)
(0.4976106692 -0.009441269311 -1.53634777e-22)
(0.4982572419 -0.003788136736 6.659794266e-24)
(0.3965295289 -0.2410575959 5.835775063e-21)
(0.4407744691 -0.1556821919 -1.950074948e-20)
(0.4654478057 -0.09854810507 -1.376965179e-22)
(0.4790730138 -0.06619336882 3.783122678e-21)
(0.4881289535 -0.04579727063 -1.68008408e-21)
(0.4934041988 -0.03208070948 6.67474423e-22)
(0.4963675215 -0.02239920438 1.348963273e-21)
(0.498038267 -0.01519864987 -1.269911873e-21)
(0.498945526 -0.009761269084 2.401974876e-24)
(0.4993941292 -0.003900415789 -1.820803845e-22)
(0.4317791693 -0.2653758529 9.584290361e-21)
(0.4581715701 -0.1704957021 6.828148947e-21)
(0.4757227298 -0.1077573258 -5.489834028e-22)
(0.4853958429 -0.071465441 -1.198491687e-22)
(0.4923022365 -0.04879018097 -2.47249991e-21)
(0.496351222 -0.03378669263 6.171788944e-23)
(0.4985445073 -0.02335972032 -5.592028735e-22)
(0.4997158556 -0.01572476164 1.155339347e-23)
(0.5003156934 -0.01003579255 1.726134169e-22)
(0.5005542622 -0.003992755558 1.724184142e-24)
(0.4713162721 -0.285055435 -1.242546154e-20)
(0.4768538429 -0.1832028818 6.609070218e-21)
(0.4865835317 -0.1160940704 0)
(0.492185585 -0.07632380172 5.196558985e-22)
(0.4967504828 -0.05154549258 2.085327281e-21)
(0.4994558495 -0.03533923053 -6.747721162e-23)
(0.5008127894 -0.02421359065 -1.874321066e-21)
(0.5014432491 -0.01617464593 4.96689432e-22)
(0.501711215 -0.01025813287 -8.536696852e-24)
(0.5017301512 -0.004063137665 -8.393894394e-23)
(0.5152277807 -0.3001303959 2.910844451e-20)
(0.4968829413 -0.1943484021 -1.743175704e-20)
(0.4976390467 -0.1238849298 5.306589892e-21)
(0.4991127056 -0.08088315231 -4.085928666e-22)
(0.5012972159 -0.05410380991 -6.643442032e-23)
(0.5026303707 -0.03674835033 -1.951362018e-21)
(0.5031304774 -0.02496111953 6.462890286e-22)
(0.5032000793 -0.01654603897 -2.774879481e-24)
(0.5031198721 -0.01042408441 1.313887265e-23)
(0.5029141822 -0.004110475711 1.28372121e-22)
(0.5623281679 -0.3192187201 4.054788346e-20)
(0.5191969283 -0.2073577765 -1.302106795e-20)
(0.509584941 -0.1337091351 -1.806177901e-21)
(0.5063511721 -0.08663332953 -4.428993185e-21)
(0.5059586252 -0.05724160427 -2.429997111e-21)
(0.5058613884 -0.03837718121 -1.091367173e-21)
(0.5054847901 -0.02576089313 -3.535636396e-22)
(0.5049785756 -0.01690422314 0)
(0.5045357686 -0.0105610565 -2.27976176e-22)
(0.5041028994 -0.004136013267 1.305027601e-22)
(0.6279079311 -0.3008895003 2.110225489e-20)
(0.563798634 -0.2057045438 5.357215034e-21)
(0.5362677157 -0.1347701392 -8.128493979e-21)
(0.5219585249 -0.0879071554 7.226874142e-22)
(0.5151048292 -0.05810626189 7.18718641e-22)
(0.511494415 -0.03879725864 -6.998882066e-22)
(0.5091625498 -0.02588566962 -4.660731058e-22)
(0.5075219705 -0.01688072063 2.820246213e-22)
(0.5064351182 -0.01048647298 -1.002201244e-22)
(0.5056313665 -0.004092891078 -7.461986437e-23)
(0.6648524327 -0.2573806605 -4.576484535e-21)
(0.5833310277 -0.178025037 5.203940166e-21)
(0.551454826 -0.120321319 6.688167275e-21)
(0.5333389149 -0.08090853375 -9.15785946e-22)
(0.5231689294 -0.05447134139 3.617149052e-21)
(0.5170846339 -0.0367195485 2.306465446e-21)
(0.5130724688 -0.02460281134 1.398677825e-21)
(0.5103393029 -0.01606778918 -1.499662571e-22)
(0.5085928217 -0.009985077933 4.527654603e-22)
(0.5073751736 -0.003892314093 4.082375635e-23)
(0.6880534671 -0.2182646523 -1.494795172e-20)
(0.6063951162 -0.1585526761 -1.03428263e-21)
(0.5686596495 -0.1106791997 7.591058567e-22)
(0.5454034185 -0.07539329721 1.805229258e-37)
(0.5313081594 -0.0510373999 -2.464713488e-22)
(0.5225851604 -0.03447340523 -5.759410097e-36)
(0.5168700049 -0.02309890258 1.169908578e-22)
(0.5130513348 -0.01507059844 3.437142399e-36)
(0.5106551379 -0.009354951042 -1.571712494e-23)
(0.5090262558 -0.003641725283 3.843966723e-23)
(0.7053054218 -0.181875338 -2.171973376e-35)
(0.6243494044 -0.135608771 -1.487948617e-21)
(0.5827143544 -0.09710647266 -1.64318128e-21)
(0.5557715335 -0.06744713523 0)
(0.5385687545 -0.04617577387 -1.261072252e-21)
(0.5276001172 -0.0313623599 -8.753205465e-22)
(0.5203703177 -0.02105968029 -6.440440986e-22)
(0.5155613727 -0.01374467012 1.005498837e-35)
(0.5125646134 -0.008529842433 -2.1472947e-22)
(0.5105498404 -0.003318429591 -4.558971432e-23)
(0.7161862624 -0.1476501811 -9.162687415e-21)
(0.638036158 -0.1135397753 4.637845482e-22)
(0.5941751411 -0.08302499823 0)
(0.5645713157 -0.05855121883 0)
(0.5448994652 -0.0404526099 0)
(0.5320432764 -0.02761021334 0)
(0.5234990717 -0.01858173039 3.918727447e-23)
(0.5178138878 -0.01213537242 1.158427445e-35)
(0.5142799005 -0.007532012681 -2.117100476e-23)
(0.5119158237 -0.002929521194 -6.283612115e-36)
(0.7228309803 -0.1163659817 -3.506675218e-21)
(0.648285822 -0.091827318 0)
(0.6032754967 -0.06830571452 0)
(0.5717924118 -0.04881262221 0)
(0.5502237924 -0.03400200613 0)
(0.5358368465 -0.02331417701 0)
(0.52619338 -0.01572602644 -8.236467772e-23)
(0.5197616943 -0.01027897341 2.689264962e-22)
(0.5157652598 -0.006381878497 -2.33863924e-23)
(0.5130974865 -0.002482112284 -9.696798484e-24)
(0.7267122016 -0.08767838746 0)
(0.6557433761 -0.07065998551 -1.212771277e-22)
(0.610251559 -0.0532969502 -4.112142083e-22)
(0.5774812564 -0.0385051435 0)
(0.5545052845 -0.02700819285 -4.217063483e-22)
(0.5389265339 -0.01859310317 -3.152205616e-22)
(0.5284042079 -0.01256777667 -3.044100405e-22)
(0.5213660836 -0.008221921049 -1.389656877e-22)
(0.5169905613 -0.005107018798 1.280205542e-22)
(0.514071883 -0.001986745487 -8.833950684e-23)
(0.7288760482 -0.0607859957 9.902663521e-22)
(0.6609069327 -0.0497431246 7.619249374e-22)
(0.6152934819 -0.03790799693 -4.678258582e-22)
(0.5816894217 -0.02760860329 -3.40585575e-37)
(0.5577275681 -0.01946559883 2.057639287e-22)
(0.5412769928 -0.01344163762 -2.151904222e-36)
(0.5300968727 -0.009100555292 -9.177633908e-23)
(0.5225985458 -0.005957773579 -1.975112212e-22)
(0.5179332473 -0.003701899994 -2.456649629e-23)
(0.5148218306 -0.001439950983 6.595194229e-23)
(0.7300197031 -0.03661384946 -5.050117001e-21)
(0.6641246117 -0.03036475112 -1.482553915e-23)
(0.6185345567 -0.02333731122 1.724585684e-22)
(0.5844370771 -0.01710149322 0)
(0.5598552672 -0.01210522402 1.893420032e-22)
(0.5428402244 -0.008378682244 1.447053622e-22)
(0.5312276424 -0.005679696763 6.099140514e-24)
(0.5234239785 -0.003720068686 6.547303906e-23)
(0.5185652964 -0.002311699847 -1.004819706e-22)
(0.5153213152 -0.0008989437722 -5.632251026e-23)
(0.7302335369 -0.01077834357 0)
(0.6658889889 -0.009022589203 0)
(0.6204411083 -0.007009165625 0)
(0.5860958658 -0.005177545996 0)
(0.5611564261 -0.003684512993 0)
(0.5438029521 -0.002558197048 0)
(0.5319265385 -0.001736890218 -9.602121088e-23)
(0.5239343541 -0.001138489101 3.260468788e-37)
(0.5189590014 -0.0007074069658 -2.803802312e-23)
(0.5156244732 -0.0002751695415 -6.987327112e-23)
(1.032838003 -0.002267389301 9.112003043e-20)
(1.025997904 -0.05328527976 -2.304735514e-20)
(1.011134007 -0.1046572184 -7.835664281e-20)
(0.9887807925 -0.1552077925 -5.801587187e-20)
(0.9589313515 -0.2031735282 5.866595206e-20)
(0.9219630541 -0.2473604559 2.831248307e-20)
(0.8785324042 -0.2852325426 -3.397686638e-20)
(0.8289107425 -0.3196244163 -2.234881079e-20)
(0.7780573429 -0.340253676 1.090187562e-20)
(0.7159548305 -0.3704650545 -1.221834699e-20)
(0.9712988422 -0.009572156733 9.872545602e-21)
(0.9691273016 -0.04958125784 -1.088250455e-20)
(0.9612620584 -0.0889565461 -1.027314587e-20)
(0.9473620225 -0.1269498332 6.324966202e-22)
(0.9276114416 -0.1629548583 -7.862913953e-21)
(0.9015864117 -0.1967696801 6.315787525e-21)
(0.8717711344 -0.2256312342 2.377588463e-21)
(0.8348498896 -0.2561853236 1.377968364e-20)
(0.8006796545 -0.2691853906 -1.075628487e-20)
(0.7508218424 -0.3072951479 2.433602688e-21)
(0.9500160658 0.007341485109 -1.217397939e-20)
(0.9461701395 -0.02511185632 2.182527336e-20)
(0.9374712683 -0.05764866008 1.965680947e-20)
(0.9239559983 -0.08962152046 -2.355836056e-20)
(0.9064938041 -0.1200340802 1.010644689e-20)
(0.884128721 -0.1491642404 1.38261607e-20)
(0.8601124571 -0.1734073856 -6.110482065e-21)
(0.8297752993 -0.2011748994 7.563557511e-21)
(0.8027870864 -0.2118491384 7.701054049e-21)
(0.766204093 -0.2461030196 1.037781526e-20)
(0.9241017308 -0.006863527833 -1.901115209e-20)
(0.9234093212 -0.03204053323 4.647257003e-21)
(0.9174650179 -0.05677568085 -1.094375385e-20)
(0.9064209546 -0.08072125573 -6.654839829e-21)
(0.8914844147 -0.1032195911 2.504394982e-21)
(0.8720843306 -0.1249812184 -1.074190495e-20)
(0.8512733806 -0.1427267904 9.128363173e-21)
(0.8257400678 -0.1642880693 2.883251656e-21)
(0.8020656136 -0.1720157801 -1.238252865e-21)
(0.7734824868 -0.1990339687 1.040356988e-21)
(0.9011562775 0.00365452193 5.470266661e-21)
(0.8989201066 -0.01612946863 4.198009852e-21)
(0.8932882598 -0.03614626979 -6.49583703e-21)
(0.8841563164 -0.05598780046 2.308520338e-20)
(0.8720669753 -0.07496123013 1.583387343e-21)
(0.8564720297 -0.09354251533 -1.382436286e-20)
(0.8392871029 -0.1089168974 2.125379223e-21)
(0.8186594121 -0.1270613916 -9.018847294e-21)
(0.7982669348 -0.1345197089 1.157238138e-20)
(0.7753723665 -0.156206752 8.57204554e-21)
(0.8834685071 -0.002807621938 -1.009606473e-20)
(0.8825560203 -0.01737507084 -5.893335276e-21)
(0.8779307402 -0.03164944913 3.936076582e-21)
(0.8697691879 -0.04562449478 8.363364076e-21)
(0.858741426 -0.05900643987 4.246239059e-21)
(0.8449047707 -0.07232714032 -4.323884684e-21)
(0.8295259126 -0.08363448373 3.445196705e-22)
(0.8118987976 -0.09715057212 5.399064151e-21)
(0.7937793733 -0.103293954 1.005229946e-20)
(0.7745646747 -0.1195531907 -5.733832273e-21)
(0.8699854182 0.0009234559816 -4.03222078e-21)
(0.8683907091 -0.01003096522 -7.5352299e-21)
(0.8640367408 -0.02111331483 -4.346718992e-21)
(0.8569156752 -0.03207038087 -9.854583242e-21)
(0.8472483804 -0.04250330086 -2.544687205e-21)
(0.8351656401 -0.05267683836 -5.143267083e-22)
(0.8213648683 -0.06132872307 5.001810342e-21)
(0.8058626131 -0.0713181879 -1.466928651e-21)
(0.7894601415 -0.07629543394 -3.750595309e-21)
(0.7725624094 -0.08802874312 8.44571187e-22)
(0.8603708922 -0.0006344494011 3.246802329e-21)
(0.8591466596 -0.007875683959 4.32799903e-21)
(0.855073281 -0.01504998785 1.456299056e-21)
(0.8483720923 -0.02217792491 -2.609789848e-21)
(0.8393297501 -0.02908890663 -2.195869664e-21)
(0.8282124969 -0.03593287602 4.135871554e-21)
(0.815379811 -0.04189139528 -4.988475024e-22)
(0.801202862 -0.0486627362 -4.530757333e-21)
(0.785964312 -0.05229344909 8.713408133e-22)
(0.7704253021 -0.0600935318 5.36246569e-21)
(0.8541056455 -6.344666756e-05 -1.475123692e-21)
(0.8527717244 -0.004372619274 1.323234903e-21)
(0.8489189037 -0.008679402468 3.19529154e-21)
(0.842653559 -0.0129229089 1.241890037e-21)
(0.8341281645 -0.01702049503 -4.427132848e-22)
(0.8236722437 -0.0210720986 3.841239366e-22)
(0.8114866322 -0.02464849497 1.054987976e-21)
(0.7981230397 -0.02865962842 -2.33312943e-21)
(0.7836178504 -0.03097118327 3.847468084e-21)
(0.7688499402 -0.03554932066 1.093617539e-20)
(0.8505073574 0.000306358426 2.340082396e-21)
(0.8493137851 -0.0009711755265 1.246361469e-21)
(0.8456217593 -0.002250761066 9.342164154e-22)
(0.8395881258 -0.003535426199 8.16030601e-22)
(0.8313507891 -0.004795851413 -2.865460105e-22)
(0.8212640275 -0.0060504516 1.38147569e-21)
(0.8094101225 -0.007170337319 -9.127460197e-22)
(0.7964287914 -0.008408743975 -1.572482849e-22)
(0.7822172252 -0.009146979767 2.041577505e-22)
(0.7676234312 -0.01054126551 -2.378078187e-22)
(0.6861703764 0.3748301456 1.229494971e-20)
(0.6808415858 0.3967346224 -1.107091781e-20)
(0.6752738211 0.4212667894 -7.259043144e-21)
(0.6715995311 0.4482833365 -1.147498379e-20)
(0.666971826 0.4749429463 4.188388456e-20)
(0.6537992795 0.4948484929 -9.891841757e-21)
(0.6207701403 0.4971723019 -5.19680299e-20)
(0.5593368863 0.4719094883 3.859722276e-20)
(0.4809435682 0.4231236956 1.676391489e-22)
(0.415582018 0.389053657 -3.432653217e-20)
(0.7593532049 0.3689355387 -1.071958635e-20)
(0.7592481044 0.3908151675 9.569391657e-21)
(0.7564742903 0.4139831568 0)
(0.7539213472 0.4393595373 -3.847300922e-20)
(0.7497003978 0.4646155855 -8.701520867e-20)
(0.7361143243 0.4835412146 6.469477049e-20)
(0.7002946875 0.4852383335 1.137868959e-19)
(0.6313149233 0.4590762555 -2.099129654e-20)
(0.5392069937 0.4066442983 -9.40354211e-20)
(0.4554541695 0.3639397242 -3.889865583e-20)
(0.8199786035 0.3577507704 1.206506899e-19)
(0.8251479045 0.3788047154 7.57743173e-20)
(0.8272906844 0.4004760002 -6.246380913e-20)
(0.8286003152 0.4239698 0)
(0.826978161 0.4472571332 4.394315448e-20)
(0.8142012256 0.4643509803 -1.114910044e-21)
(0.7759983666 0.464576958 -1.584467488e-19)
(0.6994342934 0.4373197724 -3.817413864e-20)
(0.5935720964 0.3821537453 3.231060911e-20)
(0.4919607276 0.3336850436 2.763391374e-20)
(0.8739897752 0.3378784425 1.08230514e-19)
(0.8836060321 0.3574468104 1.450319481e-19)
(0.8903707033 0.3774816032 -4.46944426e-20)
(0.8959371624 0.39903159 -1.730324677e-19)
(0.8975527762 0.4200993356 -1.120361347e-19)
(0.8859705251 0.4349281019 -2.155956102e-20)
(0.8453510129 0.4333063935 9.521573972e-20)
(0.7609536734 0.4053548695 1.080599292e-19)
(0.6414370245 0.3489459057 3.978903118e-20)
(0.523568604 0.2981717489 9.054907572e-21)
(0.9236604167 0.308356883 -3.331947596e-20)
(0.9366906512 0.3259763932 5.528434747e-21)
(0.9471926786 0.3441016422 3.478783366e-20)
(0.9564879836 0.3634958636 0)
(0.9610096509 0.3820846574 -1.788073981e-20)
(0.9502172978 0.3944012761 8.344484058e-20)
(0.9066328974 0.3908740738 1.13333061e-19)
(0.8139457 0.3632255972 -8.423952291e-21)
(0.6811219521 0.3076288962 -4.779857821e-20)
(0.5492027973 0.257965197 5.97618057e-21)
(0.9689989303 0.2697753188 9.936304745e-20)
(0.9844887522 0.2850717051 5.265448791e-21)
(0.9977893749 0.3009314212 -1.114159594e-19)
(1.009977223 0.3178221392 0)
(1.016608063 0.3336212213 0)
(1.005754412 0.3433088303 3.872472238e-21)
(0.9583812113 0.3380317486 4.106368783e-20)
(0.8569649427 0.3118673457 -1.077475925e-20)
(0.7115752505 0.2598743655 2.788854445e-20)
(0.5682406654 0.2144008593 -9.616348883e-21)
(1.008823893 0.2235345375 -1.42339431e-19)
(1.026016964 0.2361490332 -2.587135299e-19)
(1.041282204 0.249352255 -1.103116826e-20)
(1.055498997 0.2633336299 5.403665245e-20)
(1.06331296 0.2760305213 -3.900687173e-21)
(1.051418435 0.2831286074 1.135218263e-19)
(0.9994488205 0.2766761429 5.6269663e-21)
(0.888883041 0.2528508301 -4.505733868e-20)
(0.7322451523 0.2071937304 -1.004480091e-19)
(0.5806745838 0.16883298 -7.58325395e-20)
(1.041694199 0.1710852673 -2.679366355e-20)
(1.059957083 0.1807362821 -2.140230554e-19)
(1.076395539 0.1909796308 -1.089073587e-19)
(1.09181335 0.2016927072 9.272136951e-20)
(1.099911314 0.2110428006 5.979234131e-20)
(1.086041359 0.2154845091 7.923924886e-20)
(1.028484948 0.2092461995 8.662812203e-20)
(0.9089966568 0.1887983269 1.067795334e-20)
(0.7426512122 0.1508797749 -1.467617623e-19)
(0.5866589367 0.1221140566 2.479359901e-22)
(1.066344621 0.1136071909 4.234732267e-20)
(1.08518229 0.1201653702 5.910140289e-20)
(1.102163052 0.127282256 -5.562379503e-20)
(1.118026672 0.1343707383 -1.757028078e-19)
(1.12545551 0.1403527967 -3.152737653e-20)
(1.108615708 0.1427447571 -7.737923818e-20)
(1.044966912 0.1374278909 1.141337949e-19)
(0.9173087231 0.121718745 8.239574477e-20)
(0.7428255987 0.09325715138 -1.194947654e-21)
(0.5864476472 0.07507753201 3.702466265e-20)
(1.081712494 0.05256398888 -6.565610534e-21)
(1.100576468 0.05613097489 2.994736311e-20)
(1.11752785 0.06007402729 -7.370916376e-21)
(1.133066056 0.06357674106 6.420602733e-20)
(1.138959577 0.06638284542 1.271577647e-19)
(1.118436954 0.06705713263 -1.149268936e-19)
(1.048562766 0.06341103392 -6.054614562e-20)
(0.9133926587 0.05385710662 3.462444753e-21)
(0.7330788007 0.03615017974 -7.614584478e-20)
(0.5802550858 0.02863043696 -2.630442754e-20)
(0.2437427043 0.09151534721 -1.392874894e-20)
(0.2246502031 0.09436006817 -1.638382808e-20)
(0.202604062 0.09744414307 -2.200859324e-21)
(0.1783109534 0.1004260041 -3.043259773e-20)
(0.1516142447 0.1023516719 -4.93066423e-21)
(0.1222045215 0.1014424109 2.298104509e-20)
(0.09025861839 0.09768406199 -6.827385133e-21)
(0.05776304819 0.1037746632 1.577894982e-20)
(0.03106786019 0.1652724785 1.964321309e-21)
(0.01415166394 0.363288213 4.796134993e-21)
(0.2562328769 0.142561909 3.090714212e-22)
(0.2376692912 0.1486758715 1.161874081e-20)
(0.2162689419 0.1554233758 6.563623432e-21)
(0.1926729507 0.1623264542 -2.051619454e-20)
(0.1666206782 0.1682261229 -2.214549111e-20)
(0.1375988129 0.1707365806 2.761635407e-20)
(0.1056425581 0.1682939475 -1.066976239e-20)
(0.07340433147 0.1704622662 -2.054861947e-20)
(0.05014522898 0.2177986505 8.422293625e-21)
(0.04514098771 0.3860594185 -4.740374861e-22)
(0.277489224 0.1915287115 4.470723836e-20)
(0.2597742178 0.2007746754 4.331513368e-20)
(0.2394807342 0.2109951912 -8.326500027e-21)
(0.2170854776 0.2216096972 -1.11098921e-20)
(0.1921736842 0.2312650621 -6.141779431e-21)
(0.1639353479 0.2369875416 -3.61491487e-21)
(0.1320315076 0.235707377 6.49936233e-21)
(0.0993286927 0.2339008553 -1.098389356e-20)
(0.07733026523 0.2670850448 -4.423734915e-21)
(0.07969489242 0.4055606581 0)
(0.3070014979 0.2373018544 -7.967308676e-21)
(0.2904391434 0.2494900443 1.132755349e-20)
(0.271685952 0.2629161328 3.602030227e-22)
(0.2509656968 0.2769526367 8.025234293e-21)
(0.2276605574 0.2900680602 -2.441919322e-22)
(0.2005733574 0.2987260714 3.943514681e-21)
(0.1687653858 0.2984206672 1.202394241e-20)
(0.1348824969 0.2926484418 -4.60137515e-22)
(0.112028708 0.3119464806 -4.434266116e-21)
(0.1173934106 0.4212194079 5.622185004e-21)
(0.3440171351 0.2789201802 -7.435721186e-21)
(0.3288913731 0.2938039596 -1.059282687e-20)
(0.3120826269 0.31008458 -4.214335627e-21)
(0.2934823723 0.3271653786 5.015860288e-21)
(0.2722209774 0.3433568902 6.643888227e-21)
(0.2466243392 0.3545918613 7.587659627e-21)
(0.2149381506 0.355023372 2.042532628e-20)
(0.1791767779 0.3453390715 -4.493345949e-21)
(0.1534429187 0.3512560941 2.26419962e-20)
(0.1577118046 0.4325025827 8.994320463e-21)
(0.3875507779 0.3154899793 -9.352466228e-21)
(0.3741283565 0.3327274907 -3.867545479e-21)
(0.3596461242 0.351396551 1.325360575e-20)
(0.3435836274 0.3710374054 7.277634265e-23)
(0.3247685 0.3898278115 1.962256923e-21)
(0.3009622927 0.4032062135 1.846152816e-22)
(0.269395329 0.4041028784 1.352691175e-20)
(0.2310754129 0.3906250227 3.239399846e-21)
(0.2005632312 0.3839216807 4.692154088e-22)
(0.2000116999 0.4389079625 -3.07920502e-20)
(0.4362407302 0.3462169056 4.787918596e-21)
(0.4248009045 0.365407625 2.63579972e-20)
(0.4130769086 0.3859408226 3.928120817e-21)
(0.400031292 0.4076103491 1.915017545e-21)
(0.3841104586 0.4284736311 -5.487815805e-21)
(0.3624076109 0.4435103721 -7.444288715e-21)
(0.3309454065 0.4445677952 1.222453081e-20)
(0.2893919378 0.4274537231 -1.225943074e-20)
(0.2523093291 0.4090878932 -4.469040147e-20)
(0.2436081728 0.4400572216 8.442900755e-21)
(0.488583304 0.3701869234 1.133292499e-20)
(0.4792789273 0.3905970586 2.950590932e-21)
(0.4706062119 0.4121690943 -6.345157805e-21)
(0.4609120593 0.4351695658 0)
(0.4482314489 0.4575377725 2.794476571e-22)
(0.4289086808 0.4737865401 2.469972604e-20)
(0.3975722868 0.4748092143 -2.55400043e-20)
(0.352243941 0.4544399726 -6.956798395e-21)
(0.307113595 0.4257588032 3.575809137e-20)
(0.2875805393 0.4355592237 2.158045153e-20)
(0.5436739919 0.3852887269 7.854334884e-21)
(0.5376758741 0.4070115221 1.054832005e-20)
(0.5331587955 0.4293624051 -6.316103151e-21)
(0.5275931178 0.4532010932 4.22456133e-20)
(0.5185138506 0.4765282478 -1.959724607e-20)
(0.5015290653 0.4935765751 -4.227915658e-20)
(0.4698548498 0.49448466 5.034101039e-20)
(0.4197094651 0.47139508 -7.971615479e-21)
(0.3646323769 0.4339121749 -4.315529098e-20)
(0.3315073919 0.4255471847 -2.678321311e-20)
(0.5961869209 0.3900834185 3.27258011e-20)
(0.5915226439 0.4116712928 -1.295128739e-20)
(0.5904959174 0.4348693164 -2.455687043e-21)
(0.5899169011 0.4599887487 3.803985277e-20)
(0.5861145954 0.4844886178 -8.086277705e-20)
(0.5731020183 0.5022421746 8.068471237e-21)
(0.5421693485 0.5029468519 4.569348321e-21)
(0.487528152 0.4776611048 -5.124177627e-21)
(0.4220250219 0.4330667637 4.718563977e-20)
(0.3740761226 0.4098865216 3.152671828e-21)
(0.4120605663 0.007214910128 9.063856367e-22)
(0.5765811322 0.01547692936 -1.400804389e-21)
(0.4387147115 0.0187323045 -1.116138094e-21)
(0.5296121312 0.02093920881 0)
(0.4649368143 0.02545135049 1.454672886e-21)
(0.4849001904 0.03055243504 2.697893278e-21)
(0.4626717034 0.03660100318 3.598092083e-21)
(0.4397485272 0.04718616539 7.729144813e-21)
(0.4004958241 0.05503198686 -1.150383076e-20)
(0.3216971853 0.07665391579 2.202424718e-20)
(0.4118831625 0.006367768868 2.484386148e-21)
(0.576821853 0.01667855812 -4.840750781e-21)
(0.4392473399 0.02006304089 -1.017715786e-23)
(0.5305826219 0.02207149145 -1.759449213e-21)
(0.4662855487 0.02790719009 1.00626936e-21)
(0.4866881504 0.03350799291 -1.536026241e-21)
(0.4652513477 0.04230344748 -7.566287192e-21)
(0.4424382515 0.05604616718 0)
(0.4057026951 0.07425036672 1.960643013e-20)
(0.329678819 0.1088687322 -2.066537315e-20)
(0.4115600841 0.005552644058 -3.614810403e-21)
(0.5770104871 0.0177769347 1.945598535e-21)
(0.4397704467 0.0212919181 3.141864085e-21)
(0.531684196 0.02312655722 1.194942151e-21)
(0.4677228703 0.03026742266 -2.490670497e-21)
(0.4888983312 0.03640951258 -3.956622785e-22)
(0.4683061223 0.04791811066 -5.414247204e-21)
(0.4466224811 0.06489916684 -7.461335158e-22)
(0.4128524899 0.09306893801 1.609957299e-21)
(0.343882549 0.1401660852 -5.481542569e-20)
(0.4110861969 0.004829825263 -1.385989083e-21)
(0.5771348112 0.01874592634 -4.675173393e-22)
(0.4402970977 0.02239462653 2.561606788e-21)
(0.5329143725 0.02410010622 2.156899382e-21)
(0.4692605668 0.03249219054 -7.725690128e-22)
(0.4915303309 0.03924243858 -1.880772881e-21)
(0.4718599609 0.05337502012 7.729427147e-21)
(0.4522432777 0.07371314991 -2.630962212e-22)
(0.4219824709 0.1111397837 -2.353366592e-20)
(0.3640549829 0.1700261545 2.605422265e-20)
(0.4104534275 0.004243284752 1.325827863e-21)
(0.5771770621 0.01955166262 -3.736527621e-21)
(0.4408457723 0.02334843228 -2.015779286e-21)
(0.5342663394 0.02498788829 1.258007326e-21)
(0.4709131631 0.03454575418 0)
(0.4945785728 0.04199050902 0)
(0.4759477212 0.05861825309 6.655462884e-21)
(0.4592071692 0.08244750429 1.407531151e-22)
(0.4331757838 0.1281354395 -1.170341889e-20)
(0.3898472619 0.198010965 6.976595575e-20)
(0.4096515469 0.003854161531 2.56306828e-22)
(0.577113466 0.02015963175 2.618899638e-21)
(0.4414391401 0.02413400364 -5.220446575e-21)
(0.5357297009 0.02578537872 -2.889269738e-21)
(0.4726965176 0.0363974051 2.951163832e-22)
(0.4980355311 0.04463642843 6.930776358e-21)
(0.4806054361 0.06361318732 9.780117977e-21)
(0.4674000684 0.09103567384 5.973958495e-24)
(0.4465402883 0.143785723 1.771634999e-20)
(0.4208197177 0.223845479 -1.278321489e-20)
(0.4086663951 0.003702241152 -2.963833622e-21)
(0.5769149251 0.02053062815 2.107589893e-21)
(0.4421026755 0.02473596443 -1.333104366e-21)
(0.5372916058 0.02648627281 -5.869798448e-21)
(0.4746265195 0.03801951887 -6.35353555e-22)
(0.5018937279 0.04715927072 1.163295632e-23)
(0.4858560864 0.06834267738 1.380329493e-22)
(0.4767006637 0.0993732802 -1.838969215e-20)
(0.4622544041 0.157839524 1.366882206e-20)
(0.4562346246 0.2471773678 -6.373546721e-20)
(0.4074894037 0.003853779937 1.886452326e-22)
(0.5765739914 0.02062156691 -4.405776246e-21)
(0.4428592669 0.02514609813 2.828923811e-21)
(0.5389404298 0.02708128674 3.327206065e-21)
(0.4767150327 0.03938465622 -2.341624338e-22)
(0.506137592 0.04951685474 -7.952823513e-21)
(0.4916903607 0.0727555778 -4.969711727e-21)
(0.4870311367 0.1073615968 3.275134797e-20)
(0.480742248 0.1704705614 4.405219767e-22)
(0.4956144423 0.2691383352 1.465620153e-20)
(0.4061461803 0.00432644507 1.751390277e-21)
(0.5761761854 0.02037025438 1.796497002e-21)
(0.4436835589 0.02534719715 3.194743819e-21)
(0.5407013333 0.02759154305 -3.539431738e-21)
(0.4789373118 0.04047943338 -4.50980575e-21)
(0.51068307 0.05165685575 3.035506753e-22)
(0.4979461615 0.07658246057 -7.023344198e-21)
(0.4980692301 0.1136326012 4.069177883e-20)
(0.5018167102 0.1784166138 -1.437904866e-21)
(0.5355539935 0.2836625122 -6.726536083e-21)
(0.4048327581 0.005242011358 3.809756938e-22)
(0.5761508815 0.01986104454 2.31629039e-21)
(0.4443052723 0.02537059173 1.25886573e-21)
(0.5427901107 0.02810278812 -7.099279589e-21)
(0.4810229373 0.04155613611 -4.896880324e-21)
(0.5151355503 0.05439093011 -6.189069421e-21)
(0.5034699324 0.08166523035 -1.222994213e-20)
(0.5069725219 0.1237096119 -4.015023148e-20)
(0.5200588403 0.1937170924 -2.008351396e-20)
(0.5735173928 0.3110030048 0)
(0.4043110738 0.006202545038 -1.060241043e-21)
(0.5769110521 0.0189118719 -5.071604182e-22)
(0.4447711863 0.02481344612 -1.384262535e-21)
(0.5463883864 0.02796036212 3.301826578e-21)
(0.4846524917 0.0414589246 5.020307486e-21)
(0.5228993996 0.05500858045 -4.56162278e-21)
(0.5154617505 0.08248463522 1.366852502e-20)
(0.5272329439 0.1236999531 -4.035355776e-20)
(0.5589438384 0.1888322379 -1.488004516e-20)
(0.60244792 0.2946276697 -1.345008923e-20)
(0.4046763257 0.006384164767 2.485820323e-21)
(0.57835458 0.0176955763 2.152064548e-21)
(0.4461926759 0.02318607395 -7.701063731e-22)
(0.5494715187 0.02682802242 6.34628842e-21)
(0.4895176706 0.03936858448 8.028842077e-21)
(0.5303671849 0.05240585337 1.170240125e-20)
(0.5274475046 0.07801596795 2.894898521e-21)
(0.5462543756 0.1134718257 2.099222296e-20)
(0.5824101324 0.1713746029 2.504081872e-20)
(0.6351231011 0.2472753699 -7.571762186e-21)
(0.4048314031 0.006423883411 -1.057218675e-21)
(0.5798798287 0.01633358023 4.072454723e-22)
(0.4476736546 0.02137186096 1.383440705e-22)
(0.5524177965 0.02518837578 6.096497287e-22)
(0.4942271774 0.03670264303 2.310639005e-35)
(0.5373438831 0.04901095395 -1.19798071e-21)
(0.5382998205 0.07219905277 -2.141171124e-35)
(0.5628862191 0.1034554396 1.463072651e-21)
(0.6004446242 0.1511528207 -4.420637971e-21)
(0.6673585701 0.2129807807 -4.417927097e-21)
(0.4049054311 0.006130997709 -1.321126117e-22)
(0.5812100178 0.01472224198 3.360629873e-36)
(0.4490950535 0.01926564761 -1.618096867e-22)
(0.555156031 0.02300111579 -2.602306187e-21)
(0.4985667244 0.03330884195 -3.379132849e-21)
(0.5436601657 0.04455887614 -3.586603065e-21)
(0.5478755994 0.06495672518 -3.628991335e-35)
(0.5768188808 0.09202441264 -9.244625172e-21)
(0.615443101 0.1301753804 -1.341265541e-20)
(0.6886282455 0.1793372117 8.122971802e-21)
(0.4049460118 0.005590606886 0)
(0.5823247913 0.01288913908 1.473898377e-35)
(0.4503976836 0.01686725675 0)
(0.5576157847 0.0203212442 0)
(0.5024296622 0.02926591241 0)
(0.5491934029 0.03917801079 0)
(0.5561046651 0.05652436226 -3.107445316e-35)
(0.588134196 0.0793892599 0)
(0.6275134882 0.1088159649 -1.761265546e-21)
(0.7016055309 0.1469784461 4.833469029e-21)
(0.4049660583 0.004845925398 1.110283326e-21)
(0.5832376933 0.010850786 1.293586843e-21)
(0.45154042 0.01420221746 -1.998266549e-22)
(0.559740645 0.01721634094 0)
(0.5057426361 0.02467993868 0)
(0.5538665882 0.0330385821 9.48179164e-22)
(0.5629557849 0.04722204081 3.064917177e-21)
(0.5970217496 0.06587737375 -1.14473638e-21)
(0.6370001002 0.08774087689 -2.629483124e-21)
(0.7092017885 0.1167820606 1.749383137e-20)
(0.404973011 0.003941656875 2.350639721e-21)
(0.5839595026 0.008634860309 -7.007335455e-22)
(0.4524911075 0.01131285075 -2.139746494e-22)
(0.5614871449 0.01376519356 -9.822510083e-22)
(0.5084506539 0.01966292998 -1.292776933e-21)
(0.5576341092 0.02630817866 -6.504289587e-22)
(0.5684183052 0.03730336876 -2.381945024e-21)
(0.60374888 0.0517473695 -3.92783667e-21)
(0.6441914906 0.06730765714 -5.724789811e-21)
(0.7134559324 0.08862947038 8.723142042e-21)
(0.4049749994 0.002897765231 -1.474025688e-21)
(0.5844983345 0.006247469811 6.081956046e-22)
(0.4532272448 0.008191212636 -2.190499073e-22)
(0.5628241759 0.009989281582 -5.179504883e-22)
(0.5105157378 0.01423353447 -6.582096225e-36)
(0.5604719544 0.01902595896 1.006338584e-21)
(0.5724941153 0.0268112563 -5.639816919e-35)
(0.6085541505 0.03701323052 -1.185480429e-21)
(0.6493654586 0.04727150703 1.670571112e-21)
(0.7157439733 0.06167466596 2.335967964e-21)
(0.4049693916 0.001838792177 5.478726373e-22)
(0.5848484514 0.003872685605 3.148313218e-22)
(0.453722596 0.00512046131 -2.31777729e-22)
(0.5637214535 0.006217403773 4.407412253e-22)
(0.5118968945 0.008883027302 5.85573493e-22)
(0.5623542725 0.01182361716 1.745335093e-21)
(0.5751786327 0.01659833135 1.042795478e-21)
(0.6116143887 0.0228246859 -5.111825511e-24)
(0.6526375398 0.02875190993 -1.266520286e-21)
(0.7168376814 0.0371571889 1.110588138e-20)
(0.4050101234 0.0005444579971 1.123836403e-21)
(0.5850719669 0.001127970335 1.772256298e-36)
(0.4540234969 0.001522862064 -2.359946958e-22)
(0.5642554872 0.001831382861 0)
(0.5127217644 0.002628721398 0)
(0.5634599494 0.00349748148 1.030903882e-21)
(0.5767612156 0.004909020814 -3.516733205e-37)
(0.6133640312 0.006772727691 -1.196250843e-21)
(0.6545298745 0.008510515046 -2.489672103e-21)
(0.7173284799 0.01120470614 5.342131544e-21)
(0.7113449149 0.3341830094 -1.127909835e-20)
(0.7635060268 0.3268274298 -1.243597156e-20)
(0.8111149485 0.3147756863 7.954349112e-21)
(0.855032064 0.2959187583 -3.523130932e-20)
(0.8965109281 0.2689850199 -3.713919908e-21)
(0.9351487389 0.2343412225 -1.383036299e-20)
(0.9693645911 0.1933495004 9.248052345e-20)
(0.9974946561 0.1476327824 7.291990804e-20)
(1.018014888 0.09885702727 -3.42715171e-20)
(1.030157611 0.04857383234 -2.068916315e-20)
(0.7268673743 0.2572896674 9.699946167e-21)
(0.7651191355 0.251071162 1.061605107e-20)
(0.8036801129 0.2399409562 -2.991704025e-22)
(0.839127245 0.2228067137 1.554624351e-20)
(0.8717517384 0.199575739 -1.198668983e-20)
(0.9013986122 0.171261095 -2.534444387e-20)
(0.9265583021 0.1391752324 2.731806529e-21)
(0.9465176176 0.1045196892 3.537187153e-20)
(0.9605873969 0.067786825 9.365421594e-21)
(0.9682959539 0.02997096962 -1.577406977e-20)
(0.7422269246 0.2099911367 9.650269345e-21)
(0.7711458772 0.2049278119 1.710091182e-20)
(0.8023355159 0.1972100533 -3.303624208e-20)
(0.832748358 0.1857992879 6.700517532e-21)
(0.8609731728 0.1699918746 4.507992967e-20)
(0.8865370872 0.1496917824 -2.205576765e-20)
(0.9088095709 0.1255351748 -5.069074142e-20)
(0.9269086451 0.09865657906 -1.958218593e-20)
(0.9400711079 0.06936893103 2.790540512e-20)
(0.9479888602 0.03895094242 -2.61358977e-20)
(0.7515915617 0.1694495196 3.409776218e-21)
(0.7747705377 0.1638864933 0)
(0.7995091999 0.156166387 1.409991842e-21)
(0.8240423716 0.1446657051 1.751435358e-20)
(0.8468314751 0.1291576899 2.839630237e-20)
(0.8674323307 0.1103252526 1.331633461e-20)
(0.8854403252 0.08914952542 -6.47429781e-21)
(0.9004871303 0.06643433286 -2.060437104e-20)
(0.9120297158 0.04264138647 1.409889056e-20)
(0.9199459982 0.01830345046 6.656761623e-21)
(0.7561677873 0.1348889538 2.004542213e-21)
(0.7755934898 0.1294728828 -6.522078265e-21)
(0.7958745429 0.1228094968 -1.240092143e-20)
(0.8166332196 0.1137163657 5.88878111e-21)
(0.8365570481 0.1022665458 8.639571377e-23)
(0.8548234731 0.088964071 6.944453083e-21)
(0.8709345946 0.07415223317 1.478571645e-20)
(0.8841989685 0.05809240508 -1.403949482e-20)
(0.8940047682 0.04083910073 2.830060644e-22)
(0.8996909008 0.02268632383 1.509755103e-20)
(0.7578164086 0.1051468232 -1.929687905e-20)
(0.7749074195 0.1002882977 -2.494873731e-20)
(0.7922806862 0.09474042971 5.31021491e-21)
(0.8102237367 0.08745654553 2.150117898e-20)
(0.8275190861 0.07823844036 -2.821048005e-21)
(0.843078377 0.06727424593 -6.9813878e-21)
(0.8563607875 0.05479105824 1.098005757e-20)
(0.8671590794 0.04112342275 -4.586837668e-21)
(0.875290048 0.02671936246 -1.436440925e-20)
(0.8808099023 0.01194460957 -6.143316812e-21)
(0.7578955589 0.07877864123 2.722762286e-21)
(0.7735008405 0.07471701689 1.688741908e-22)
(0.7889338373 0.07024303012 -3.500342779e-22)
(0.8048462858 0.06455223962 1.485302394e-20)
(0.8202742544 0.05750699722 1.847361311e-20)
(0.834222958 0.04936177791 -1.943912592e-20)
(0.8463607135 0.04045929458 -7.796383905e-21)
(0.856460997 0.03114216373 1.214570913e-20)
(0.8641002186 0.0214746298 8.650798278e-21)
(0.8686625722 0.01145769994 2.267537811e-21)
(0.7573160027 0.05441389016 -1.170913767e-20)
(0.7719869025 0.05139473711 -1.718460687e-22)
(0.7861987166 0.04812901864 2.60083665e-20)
(0.8008003207 0.04409070305 6.304074744e-22)
(0.815004003 0.03919856196 -7.908177749e-21)
(0.8278457259 0.03361953804 -3.762481045e-22)
(0.8389288617 0.02751534469 -9.303342395e-21)
(0.8479552679 0.0209433872 3.834517433e-21)
(0.8545774555 0.01395248233 5.387437691e-21)
(0.8587517068 0.006671675727 7.838874488e-21)
(0.7566568675 0.0326697201 -2.324617842e-20)
(0.770828066 0.0307617009 -8.886310557e-22)
(0.7843681284 0.02871079967 1.563751367e-20)
(0.7982012845 0.02621199888 -9.124609913e-21)
(0.8116339354 0.02323124804 -1.451693201e-20)
(0.8237312774 0.01986535578 -1.492285717e-21)
(0.8341270549 0.0161929295 1.155499227e-20)
(0.8426288392 0.01227731217 5.982678879e-21)
(0.8489921401 0.00823082327 -1.334924008e-21)
(0.8528742718 0.004145367246 -8.284844419e-23)
(0.7563005633 0.009699775407 2.297699221e-21)
(0.7703048534 0.009120198085 6.807647119e-23)
(0.7834877541 0.008565486866 -6.335344368e-23)
(0.7968552946 0.007917900951 0)
(0.8098029778 0.00713847117 1.925029176e-20)
(0.8214221097 0.006235339743 3.903010351e-22)
(0.831362645 0.005219471507 -1.179496309e-20)
(0.8394582881 0.004101288264 7.139437463e-21)
(0.8454618556 0.002893667448 -9.372447778e-21)
(0.8491889078 0.001597962534 -7.253771944e-21)
(-0.02685191347 -0.003000738672 1.085150402e-20)
(0.7181794021 -0.002461576829 2.364348311e-20)
(1.151066311 -0.008805122975 -2.988490593e-20)
(1.35398405 -0.01234146022 1.509518871e-20)
(1.426223423 -0.01243238347 -1.175331987e-19)
(1.437678345 -0.01058061578 -1.59869345e-19)
(1.426895491 -0.008107651344 -5.425643447e-20)
(1.411382142 -0.005994350421 1.875390197e-19)
(1.397414571 -0.004144678832 1.874052321e-20)
(1.385023011 -0.00152608565 -8.963912496e-20)
(-0.06422769204 -0.009993042539 -4.110220152e-21)
(0.6570258301 0.04303934496 -6.807109325e-20)
(1.098724659 0.06249803106 -4.032662241e-21)
(1.31971974 0.0666854501 -4.159398594e-20)
(1.406781986 0.06410851709 5.151671986e-20)
(1.426895284 0.05887547375 -1.17698696e-19)
(1.419811876 0.05265255112 -1.015361809e-19)
(1.405140104 0.04589827183 2.37213513e-19)
(1.390570221 0.03831512033 1.33814226e-19)
(1.376734912 0.02990467304 -2.015568567e-19)
(-0.1027500272 -0.02308000544 -1.324746975e-20)
(0.5812847242 0.07990303457 7.924992697e-20)
(1.021977045 0.1278206989 -2.986519391e-20)
(1.256838817 0.1432846594 -1.372616793e-19)
(1.35841046 0.1409649097 2.901993065e-19)
(1.388239896 0.130134784 1.617027811e-19)
(1.385660183 0.115550657 -1.79917762e-19)
(1.371557883 0.0994694032 -1.157474766e-19)
(1.35497652 0.08295157087 9.488090539e-20)
(1.338012403 0.06565261722 -5.783305601e-21)
(-0.1380391974 -0.04160415496 1.330531311e-20)
(0.4989588658 0.106986902 6.273438006e-20)
(0.9277541277 0.1846986189 1.465570099e-20)
(1.169467405 0.2148311109 4.966412575e-20)
(1.282778616 0.2161801845 -6.853645237e-22)
(1.322202117 0.2024324095 -6.503513842e-20)
(1.325221674 0.1815666049 1.401301112e-19)
(1.313518863 0.1576980901 7.04670169e-21)
(1.298093059 0.1338987117 -2.452190203e-19)
(1.283232945 0.1139046318 7.12930966e-21)
(-0.1668295286 -0.06409354392 1.838543396e-20)
(0.4177657072 0.1244080235 3.720109808e-20)
(0.8249124378 0.2310074706 2.293783781e-22)
(1.065395422 0.2777385643 4.513910352e-20)
(1.186117833 0.2857632677 3.975143492e-21)
(1.233984098 0.2721257028 0)
(1.24335351 0.2478645523 1.201469934e-19)
(1.235696704 0.2191103932 -1.631153541e-20)
(1.223334125 0.1903331202 -7.125625897e-20)
(1.212048624 0.1691325227 7.428950974e-20)
(-0.1875153922 -0.08878863502 2.435727636e-20)
(0.3430991786 0.13340309 2.733599905e-20)
(0.7211137315 0.2658710265 -1.114241397e-19)
(0.9524816434 0.3290467909 7.445157239e-20)
(1.075306759 0.3453278382 4.432955487e-21)
(1.12927695 0.3340289127 -7.813712085e-20)
(1.144866044 0.3086139585 0)
(1.142358484 0.2771022167 -1.347189877e-19)
(1.13454396 0.2450671416 4.108989757e-20)
(1.127643081 0.223329297 9.795912956e-20)
(-0.1998377412 -0.114029537 2.16289864e-20)
(0.2779334851 0.1358585834 -4.152169664e-20)
(0.6220471195 0.2896992031 -1.503959122e-23)
(0.8377746131 0.3671988555 5.209615034e-20)
(0.9574393826 0.3915980391 1.569178203e-19)
(1.014520124 0.383695057 -4.131623094e-20)
(1.035374578 0.3586476389 2.793579755e-20)
(1.038373461 0.3260150111 6.680824152e-20)
(1.036006564 0.292285224 -1.70833939e-19)
(1.033634005 0.2706403188 -7.882634602e-20)
(-0.2046150634 -0.1386942958 -1.997945018e-20)
(0.2228723137 0.133366801 3.196636126e-20)
(0.5309168902 0.3033635743 -1.02266257e-19)
(0.726579324 0.3917220341 -8.449458304e-20)
(0.8387521674 0.4227583011 1.093533502e-19)
(0.8958916992 0.4182899009 8.113711001e-21)
(0.9204088093 0.3944841646 8.331336881e-21)
(0.9283472609 0.3619113327 -1.427202361e-19)
(0.9312396507 0.3277341768 -6.650583133e-21)
(0.9326897917 0.3061428368 9.288539345e-20)
(-0.2031395451 -0.1620758051 4.733862219e-21)
(0.1770267924 0.1272681667 -1.807132829e-20)
(0.4488156288 0.3082297504 -5.807009746e-21)
(0.6220684324 0.4034513046 1.116780019e-19)
(0.7237239101 0.4388838517 1.44408306e-19)
(0.7782884376 0.4371561982 6.541817444e-20)
(0.8046390067 0.4148984619 -2.194059329e-19)
(0.8164979084 0.3830583117 -4.105159725e-20)
(0.8243702442 0.3488811001 6.298651394e-20)
(0.8310794618 0.3285497075 4.604184095e-21)
(-0.1968070546 -0.1838353114 -8.550645106e-21)
(0.1388880478 0.1185160037 0)
(0.375624756 0.3057291336 2.399897592e-20)
(0.5259167666 0.4040895475 1.048147146e-19)
(0.6154826651 0.4417403529 2.284001721e-20)
(0.6655850601 0.4421019384 -1.011123704e-19)
(0.6918223661 0.4219549618 4.486706762e-20)
(0.7051679932 0.3921157619 3.097195936e-20)
(0.7142975275 0.3579085447 -6.786578592e-20)
(0.713998307 0.3313372373 -1.595368552e-20)
(-0.186733145 -0.2039617728 1.55999139e-20)
(0.1071500326 0.1075626734 2.546089395e-20)
(0.3108591518 0.2969047057 6.254923026e-20)
(0.4390500236 0.3950681865 -3.362411122e-20)
(0.5164471936 0.4328286871 -9.800573257e-20)
(0.561609762 0.4343285272 2.486263159e-20)
(0.5873017996 0.4161998681 -7.453417972e-20)
(0.6020176356 0.3890236343 1.009779137e-20)
(0.6122645318 0.3587040332 2.308121606e-21)
(0.6216623741 0.3320590948 0)
(-0.1738348381 -0.2226912302 1.252425354e-20)
(0.08069568906 0.0943555926 -1.003169953e-20)
(0.2539567124 0.2822429014 -2.860480121e-20)
(0.3619077286 0.3773339125 5.825789507e-21)
(0.4281319494 0.4133199963 6.90429604e-20)
(0.4687835561 0.4149924123 -1.052979606e-20)
(0.4941871838 0.3985596628 1.053377054e-19)
(0.510776539 0.3740440383 4.821684842e-20)
(0.5231551309 0.347438328 -1.087885064e-19)
(0.5367938177 0.3234036746 -2.82778431e-20)
(-0.15886183 -0.2403659543 3.90419412e-21)
(0.05840563519 0.07862879418 -5.420776815e-23)
(0.203916069 0.2619699986 -1.423172261e-20)
(0.2938573413 0.3516089969 3.398131135e-20)
(0.3502697284 0.3842432838 -3.620693436e-21)
(0.3870055307 0.3852011397 -2.244707765e-20)
(0.4122258909 0.3700731665 2.515148083e-21)
(0.4306601924 0.3480363924 -1.520754638e-20)
(0.4454087273 0.3245645807 -5.276979148e-21)
(0.4610431973 0.3035169018 2.531616073e-21)
(-0.1422196113 -0.2571484509 5.486839786e-21)
(0.03953562393 0.06031222235 -1.514218348e-20)
(0.1598166329 0.2364145659 -7.522986324e-21)
(0.2339502451 0.318662538 -1.50338723e-20)
(0.2819686217 0.3466801477 -3.572150019e-21)
(0.3154410299 0.3461679608 1.638237456e-20)
(0.3405741552 0.331936121 1.108265731e-20)
(0.3606668378 0.3121469775 -1.36088381e-21)
(0.3777132191 0.2914285613 1.320482551e-20)
(0.3948757476 0.2731248925 1.513897399e-20)
(-0.124010072 -0.2729545585 4.475750362e-21)
(0.02395222129 0.03962115621 1.675286134e-21)
(0.1214156692 0.2060662777 1.360293166e-20)
(0.1818826659 0.2793109224 2.494904827e-20)
(0.2229527848 0.3017266212 -4.405513615e-20)
(0.2539022709 0.2991857661 2.577850663e-21)
(0.2791540382 0.2855524 6.217820322e-20)
(0.3007843698 0.2678574824 -1.814242292e-20)
(0.3199459649 0.2497589925 -4.256324863e-20)
(0.3385332001 0.2340228461 -1.355071819e-20)
(-0.1042481589 -0.2875900264 2.931797446e-21)
(0.01184015969 0.01692535337 -6.697386489e-21)
(0.08892425268 0.17150443 1.374588302e-20)
(0.1378361037 0.2343513172 -1.262964778e-20)
(0.1733765327 0.2503684495 -3.210393247e-20)
(0.2025281002 0.2453880165 3.614556747e-20)
(0.2280992169 0.2321628122 -1.74235494e-20)
(0.251136509 0.2164912175 -3.114693203e-20)
(0.2721441531 0.2010077632 2.634020397e-21)
(0.2920096726 0.1877961244 -1.616522691e-21)
(-0.08297476076 -0.3008549747 -2.71026441e-21)
(0.003429722115 -0.00734939215 -5.175779031e-21)
(0.0626822364 0.1333793376 -1.542845481e-20)
(0.1021655313 0.1846244989 -7.485976434e-21)
(0.1335627384 0.1935919748 3.313299389e-20)
(0.161591931 0.185867532 -8.42396626e-23)
(0.1876388032 0.1729404506 -3.810535578e-20)
(0.2119237678 0.1592866149 3.088612327e-21)
(0.2344765522 0.1464798383 2.01084406e-20)
(0.2554287986 0.1358328554 9.081590535e-21)
(-0.06026779269 -0.312572967 -1.756204962e-21)
(-0.001086225894 -0.03275188255 -2.840952239e-21)
(0.04303000716 0.09242039026 4.282623787e-21)
(0.07526897151 0.1310863758 3.176032073e-21)
(0.1039066798 0.1325149279 3.055469946e-21)
(0.1314569122 0.1218485784 -6.263074559e-21)
(0.1580989808 0.109180084 0)
(0.1834420576 0.09758730938 3.946375818e-21)
(0.2072133154 0.0875507748 5.997747232e-21)
(0.2290274564 0.07953247601 5.522145702e-22)
(-0.03623164883 -0.3225983323 -3.328882807e-21)
(-0.001565788663 -0.05882688584 2.621724023e-20)
(0.03025858658 0.04941105931 -1.162830705e-20)
(0.05751085483 0.07479021333 -1.118281421e-21)
(0.08478925987 0.0683755411 2.149428587e-20)
(0.1124907576 0.05467719898 -1.103723854e-20)
(0.1398252437 0.0422817331 0)
(0.166013877 0.03281275866 -3.196978305e-21)
(0.1906542331 0.02563781415 1.100744397e-23)
(0.2130829622 0.02030741644 -2.555274586e-21)
(-0.01098752407 -0.33081567 6.620968289e-23)
(0.002079333441 -0.085127796 7.304400895e-21)
(0.02457646504 0.005162045101 -4.730655703e-21)
(0.04915482556 0.01684876255 -1.527847821e-20)
(0.07648165028 0.002488742787 4.544012614e-21)
(0.1049497111 -0.01422317356 7.667447696e-21)
(0.1330488836 -0.02629077638 -4.180564407e-23)
(0.1598459426 -0.03357697059 0)
(0.1849867381 -0.03783098947 -1.28305639e-21)
(0.2077587454 -0.0404386731 1.116316503e-21)
(0.5477747929 0.2122831058 -2.060297376e-20)
(0.480041559 0.09861305334 0)
(0.4661735799 0.03969888998 3.418443228e-21)
(0.4653864705 0.01241970233 1.50114069e-21)
(0.4696024589 0.0007663744996 -3.629030695e-22)
(0.474712306 -0.003529125994 3.667742792e-23)
(0.4793192257 -0.00442046516 5.211304976e-25)
(0.4830372451 -0.003874583877 2.564579153e-23)
(0.4856339914 -0.002829308571 1.472745685e-22)
(0.4874999212 -0.001187858291 0)
(0.489194279 0.2009719448 0)
(0.4568201895 0.08607888002 6.365705151e-22)
(0.4578984707 0.03224119585 1.531197502e-22)
(0.4627002434 0.008409593783 4.048978411e-21)
(0.4690041559 -0.001653969724 -8.55282847e-22)
(0.4748374683 -0.005026462939 -1.263994829e-23)
(0.4796926291 -0.005447932214 5.779752555e-24)
(0.4834630878 -0.004597613138 1.225574565e-22)
(0.4860397998 -0.003318783517 6.193309682e-23)
(0.487881309 -0.001392214571 -6.266296218e-23)
(0.4420455313 0.1825360047 0)
(0.4388267363 0.07573594772 5.172162139e-21)
(0.4505758753 0.02715286966 -2.416931035e-21)
(0.4600169175 0.00543229434 -8.320663265e-22)
(0.4682312629 -0.003616593898 2.697680375e-22)
(0.4749161282 -0.006476086513 1.449745019e-23)
(0.480088499 -0.006501746813 2.464970672e-23)
(0.4839323471 -0.005341516547 1.672065587e-22)
(0.4865000426 -0.003815298821 -1.743575877e-22)
(0.4883215354 -0.001596645164 -9.657051169e-24)
(0.4045760274 0.1595633243 -2.936776801e-20)
(0.4231532637 0.06299843077 -1.527034075e-21)
(0.4436590766 0.02001343329 9.293468022e-22)
(0.4574507237 0.001106794779 -1.308501344e-21)
(0.467644674 -0.006217330025 -2.167562254e-22)
(0.4751091258 -0.008144116939 2.1002836e-24)
(0.4805594225 -0.007633929393 1.705950301e-22)
(0.4844664533 -0.006110754673 -2.972232204e-24)
(0.4870238205 -0.004317143564 -9.454545653e-23)
(0.4888229605 -0.001801594634 4.468418156e-23)
(0.3736092408 0.1324183487 -2.53700059e-22)
(0.4097194521 0.04826236988 5.634102405e-21)
(0.4379294857 0.01202469657 -1.018595094e-22)
(0.4555301013 -0.003344167424 -2.922576391e-22)
(0.4673339034 -0.008958352622 -1.308766409e-22)
(0.4754564669 -0.009919162399 7.013307524e-23)
(0.4811331855 -0.008817572201 -8.194986567e-23)
(0.4850809535 -0.006898480576 -4.637543594e-23)
(0.487618553 -0.004823029558 -1.945793179e-24)
(0.4893872708 -0.002006618232 -2.436592742e-23)
(0.3479589189 0.1017806241 -3.265216295e-21)
(0.3989832267 0.032084744 2.721466441e-21)
(0.4335059097 0.003325924484 3.006012967e-22)
(0.4542363414 -0.008305334932 2.441895567e-22)
(0.4673425667 -0.01194837364 -8.923856682e-23)
(0.4759867248 -0.01180865825 -1.574121205e-23)
(0.4818262957 -0.01004917347 -3.881657697e-22)
(0.4857844777 -0.007701729527 1.560380866e-23)
(0.488288033 -0.005331424016 -6.976637929e-23)
(0.4900149756 -0.002210965049 0)
(0.3275945454 0.06861773573 -1.314262114e-21)
(0.3910556348 0.0145546918 -2.329431112e-21)
(0.4304216405 -0.006023216182 1.811113044e-22)
(0.4536039642 -0.01362731178 -2.93541387e-22)
(0.4676983595 -0.015126139 -3.744738122e-22)
(0.4767174836 -0.0137865567 2.83108748e-22)
(0.4826486882 -0.01131721697 2.63897705e-22)
(0.4865820252 -0.008515361867 -2.108202532e-22)
(0.4890341228 -0.005839723769 -3.874931523e-24)
(0.4907058182 -0.002413600703 6.747874461e-23)
(0.3126471718 0.03363576218 1.016824373e-20)
(0.3859224659 -0.004130908708 -1.558618053e-22)
(0.4287112243 -0.01589270433 5.467527642e-22)
(0.4536471569 -0.01923291098 2.060843175e-22)
(0.4684183085 -0.01845060708 1.081640466e-22)
(0.477660925 -0.01583174604 1.21969371e-22)
(0.4836074035 -0.01261050271 4.188329656e-22)
(0.4874767902 -0.009333761728 -4.058674086e-23)
(0.4898575123 -0.006344791264 -3.835751684e-23)
(0.4914589181 -0.002613277421 3.164356019e-23)
(0.3031762366 -0.00261764598 -2.779436051e-21)
(0.3835694722 -0.02366345729 3.778153358e-21)
(0.4284073495 -0.02613181568 3.43670827e-22)
(0.4543749474 -0.0250486643 -1.995606839e-21)
(0.4695154985 -0.02188299237 2.681661447e-22)
(0.4788263405 -0.01792303208 -8.723171184e-23)
(0.4847073364 -0.01391741373 -2.21495633e-23)
(0.4884704463 -0.01015064192 -3.808328009e-23)
(0.4907578032 -0.006842986414 -1.791261304e-22)
(0.4922727528 -0.002808541918 -3.661220024e-23)
(0.2992724807 -0.03950038503 8.972768351e-22)
(0.3839730716 -0.04371018812 1.588130783e-21)
(0.4295330692 -0.03660842214 -7.284192667e-22)
(0.4557924229 -0.03100629377 8.024497778e-22)
(0.4709996564 -0.02538554909 1.246608372e-21)
(0.4802203436 -0.02003950186 6.313790134e-23)
(0.4859514007 -0.01522603721 4.172727052e-22)
(0.4895632412 -0.0109590487 -1.460953612e-22)
(0.4917334696 -0.007330166813 1.845280201e-22)
(0.4931451147 -0.00299779529 9.263218053e-23)
(0.6667164083 0.0214229251 7.973916429e-21)
(0.5558611814 0.01088669561 -6.969738039e-22)
(0.5039618803 0.004857360448 -1.555504848e-21)
(0.4827632085 0.001810753981 2.429490848e-22)
(0.4768243433 0.0004145090978 -1.557970486e-23)
(0.4771602971 -0.0001568245213 -3.681319496e-23)
(0.479669488 -0.0003263471102 4.083804376e-23)
(0.4825341346 -0.0003173992395 4.452299577e-25)
(0.4848150219 -0.0002401245237 -4.503447166e-23)
(0.4865627577 -0.0001018303404 1.584065513e-23)
(0.6566150487 0.06505243456 1.564873777e-20)
(0.5503906926 0.03256181205 -5.976008864e-21)
(0.5010520686 0.01432470688 -2.46740179e-21)
(0.4813573446 0.005228433147 2.310161893e-22)
(0.4762023534 0.001087404826 -4.392124048e-22)
(0.4769243277 -0.0005673712335 -1.553796311e-22)
(0.4796172788 -0.001046065351 -4.077607544e-23)
(0.4825614578 -0.000998521158 1.166853507e-24)
(0.484875244 -0.0007514703793 5.426571333e-24)
(0.4866300454 -0.0003183279688 1.046724362e-24)
(0.6392657106 0.1082034378 -1.934575168e-20)
(0.5412364821 0.05295320878 1.263903301e-21)
(0.4963971747 0.02297540987 -3.441925281e-22)
(0.4791256368 0.008253344142 5.509135939e-36)
(0.4752211831 0.001629656244 1.975487048e-23)
(0.4765583006 -0.0010364621 0)
(0.4795385544 -0.001778180885 2.173618067e-23)
(0.4826104467 -0.001672043469 -3.418538255e-36)
(0.4849759263 -0.001251938835 6.014425731e-38)
(0.4867513398 -0.0005296606577 2.382213331e-23)
(0.6181789582 0.1431784652 1.691959168e-20)
(0.5280094649 0.06822406942 -1.041887649e-21)
(0.4898368921 0.02982589348 0)
(0.4760017965 0.01042014328 2.013837988e-21)
(0.4738266209 0.001697233673 0)
(0.4760099444 -0.00168665504 0)
(0.4794173819 -0.002588123212 0)
(0.4826792323 -0.002385095415 1.599853151e-27)
(0.4851225406 -0.001772163531 5.636171592e-25)
(0.4869321619 -0.0007480871006 -3.458252856e-24)
(0.6242516301 0.2080140343 -2.484877057e-20)
(0.5207957425 0.09208687307 -8.905575227e-22)
(0.4840650549 0.03859118083 0)
(0.4726794466 0.0130987359 -1.596875183e-21)
(0.4722782062 0.001862473351 1.09596567e-21)
(0.4753904259 -0.002412812614 0)
(0.4792775747 -0.00345980349 0)
(0.4827743515 -0.003133353256 -3.202680772e-23)
(0.4853197809 -0.002310752932 -1.776298691e-24)
(0.487176797 -0.0009725217496 -1.200431984e-24)
(1.348720726 -1.040046749e-05 -5.063300098e-21)
(1.337319622 0.002128843328 3.451335675e-22)
(1.307790464 0.0043969213 -3.01749877e-21)
(1.265858371 0.008078770247 4.203660133e-20)
(1.204155609 0.01303047024 3.88919033e-20)
(1.123181708 0.01817386841 1.171903681e-20)
(1.042810989 0.0218442553 2.265187038e-20)
(0.9593064022 0.02654876643 -6.443016746e-21)
(0.8881466629 0.02679602817 2.780929228e-21)
(0.8162212417 0.03218932842 1.405311607e-20)
(1.350730875 0.0002192478954 -3.16901803e-20)
(1.33946097 0.006797297339 5.424084179e-21)
(1.310745214 0.01414977947 5.182897482e-21)
(1.266404238 0.02593413715 2.04505086e-20)
(1.200344558 0.04134863596 -1.679268103e-20)
(1.115914168 0.05653518012 -2.313959627e-20)
(1.033412562 0.06773256037 -7.80470114e-21)
(0.946987071 0.08092271321 7.263147495e-21)
(0.8767783974 0.08153013642 -1.796461054e-20)
(0.8038184245 0.09718524602 -2.234831366e-20)
(1.35557065 0.0003973116822 -2.863048076e-20)
(1.345508948 0.01163870274 -5.008008795e-22)
(1.317460762 0.02440607114 1.891202873e-20)
(1.269028022 0.04493396712 2.068079882e-21)
(1.198040964 0.07094055611 -1.938986682e-21)
(1.111422199 0.09560240676 -6.44182067e-21)
(1.026679742 0.1148996654 -1.512212461e-20)
(0.9363487815 0.1346183702 7.211159158e-21)
(0.8667835988 0.1366158176 3.048075284e-20)
(0.7874610243 0.1598582349 1.460823326e-20)
(1.363636509 0.0001274357174 3.457145022e-20)
(1.354819506 0.01661267157 4.30946224e-20)
(1.324257096 0.03610716923 -3.316065537e-20)
(1.271361289 0.06680666315 4.70859818e-20)
(1.198392373 0.1039449415 -4.721467366e-20)
(1.113801543 0.139354298 -1.737111586e-20)
(1.028785405 0.1692772778 3.998320771e-20)
(0.9374876334 0.1948101583 4.486098556e-20)
(0.8676100618 0.2023917064 -2.616524312e-20)
(0.7769180109 0.2285996529 -2.936572447e-20)
(1.372854592 -0.0001715921393 3.207390613e-20)
(1.363912144 0.02256588584 -1.273132423e-20)
(1.32840967 0.05030637725 -7.512113898e-20)
(1.27443066 0.09027938716 1.231070959e-19)
(1.204369044 0.13801955 2.92973348e-20)
(1.124743013 0.1856511933 -5.444062103e-20)
(1.040173407 0.22922106 1.603619698e-20)
(0.9499110061 0.2639640707 1.639721807e-20)
(0.8719008724 0.2875621648 1.116242153e-20)
(0.7588627148 0.3093417771 -3.910777251e-21)
(0.5777223578 -0.290683375 5.455822452e-21)
(0.5766505203 -0.3177216425 7.454543904e-21)
(0.5784338117 -0.3452057498 -1.486806518e-20)
(0.5784971686 -0.3752519977 9.962591066e-21)
(0.5751646465 -0.4074787319 5.187992962e-20)
(0.5655226056 -0.4385866493 8.447819871e-21)
(0.5393528593 -0.4567948692 -5.037727432e-20)
(0.4683803309 -0.4290932377 -9.839231555e-21)
(0.2945690102 -0.2838888866 3.593315577e-22)
(-0.0686182173 0.07926690444 2.840073686e-20)
(0.5283920007 -0.2750745551 5.048752884e-21)
(0.5209562503 -0.3001428508 -5.538311325e-21)
(0.5145555928 -0.3262382637 0)
(0.5069027211 -0.3548827311 -1.356866383e-20)
(0.4968600264 -0.3857149262 -3.416567411e-20)
(0.4820379968 -0.4156171527 3.409606433e-20)
(0.4539236512 -0.4332135884 5.275825679e-20)
(0.3885998519 -0.4057187823 1.841585612e-20)
(0.2363952542 -0.2607310902 8.895816518e-21)
(-0.07836507159 0.1045915862 1.195570457e-20)
(0.4658234676 -0.2601091512 -1.232474315e-20)
(0.4540394492 -0.2823956423 -6.485364789e-21)
(0.443378927 -0.3058938601 -1.30714349e-20)
(0.4319813106 -0.3317057194 0)
(0.4186605777 -0.3594746904 1.152800027e-20)
(0.4012753355 -0.3864518932 -2.412035627e-22)
(0.3728673819 -0.4019962809 -1.516529405e-20)
(0.3138220909 -0.374184214 5.399078459e-21)
(0.1828930541 -0.2309150247 5.39671953e-21)
(-0.08473106628 0.1317085272 -2.037157668e-20)
(0.4114128558 -0.2306758153 -2.73022764e-20)
(0.3978767048 -0.2507579603 -1.348447836e-20)
(0.3843445224 -0.2723071598 2.99745593e-21)
(0.3695213038 -0.2957471409 2.265022136e-21)
(0.3525640021 -0.3208185027 -3.611522811e-21)
(0.3319519385 -0.3453150971 8.406058465e-21)
(0.3024180553 -0.3595967024 1.272355958e-21)
(0.2484811284 -0.3330370492 -1.6939699e-20)
(0.1368513765 -0.1945170158 -1.252610888e-20)
(-0.08682692733 0.1601547396 -5.809268634e-21)
(0.3624403162 -0.1963484521 5.050054383e-21)
(0.3470399121 -0.213560438 -2.450967969e-21)
(0.3307767469 -0.2321791409 -5.499972935e-22)
(0.3129248932 -0.2524511022 0)
(0.2929534883 -0.2742503219 -4.607942084e-21)
(0.2698048846 -0.2958412309 -1.069466945e-20)
(0.2396099612 -0.3086437502 -8.307039418e-21)
(0.1906243949 -0.283745806 -6.383067736e-21)
(0.09708625092 -0.1519652537 5.162791358e-21)
(-0.08520898158 0.1899507547 -7.78649713e-21)
(0.3206413517 -0.15598837 -2.864146089e-20)
(0.3038426186 -0.1701083839 -1.920214083e-21)
(0.2854978586 -0.1855972262 2.103184397e-20)
(0.2653295509 -0.2024905182 0)
(0.2429883298 -0.2207803616 0)
(0.2177658368 -0.2392628437 -1.751451549e-21)
(0.1870166421 -0.2505878169 -4.268998577e-21)
(0.1423993975 -0.2279297198 5.219388976e-21)
(0.06512599185 -0.1047492693 -3.455142033e-21)
(-0.07933328859 0.2203400685 1.164475788e-20)
(0.287044909 -0.1112449049 4.302607436e-20)
(0.2691590456 -0.1220674785 5.877485102e-20)
(0.2491580312 -0.1340672873 3.169651405e-21)
(0.2271361271 -0.1472208553 -8.573820581e-21)
(0.2028927122 -0.1616861928 1.193197449e-21)
(0.1759904178 -0.1768201117 -1.285055251e-20)
(0.1448020344 -0.1866057723 -1.655842234e-21)
(0.1039791343 -0.1666249196 3.302490489e-21)
(0.04110834809 -0.05365844327 1.267060833e-20)
(-0.06923008851 0.250928015 1.420144376e-20)
(0.2622636539 -0.06303485958 1.239233545e-20)
(0.2435974436 -0.07044996067 4.967399819e-20)
(0.2223920252 -0.07877059691 2.380730366e-20)
(0.1990326344 -0.08798998668 -1.73754219e-20)
(0.1734082866 -0.09844739033 -9.151309592e-21)
(0.1452545649 -0.110085534 -1.040739568e-20)
(0.1137431298 -0.1183153781 -7.96299422e-21)
(0.07606639361 -0.1013974406 -2.314047966e-21)
(0.02555077788 2.564050813e-05 2.165507427e-20)
(-0.05477035877 0.2810798727 -4.432314192e-21)
(0.2467243975 -0.01242394512 -1.348013657e-20)
(0.2275917561 -0.01638956456 -1.406370069e-20)
(0.2056312656 -0.02091453142 1.401694509e-20)
(0.1814369771 -0.02607429597 3.421499577e-20)
(0.1549359289 -0.03240708607 6.785046782e-21)
(0.1259430171 -0.04046092043 1.228363099e-20)
(0.09420123446 -0.04714522559 -1.592804301e-20)
(0.05897244356 -0.03361082157 -1.418693889e-20)
(0.01865172376 0.05520059473 -2.19840679e-22)
(-0.03598367034 0.310238506 -2.37654635e-21)
(0.2405478424 0.03949692473 -1.246209641e-20)
(0.2212728343 0.03896868316 -8.805603923e-22)
(0.1990352021 0.03826857046 1.166594448e-20)
(0.1745313157 0.03719903731 0)
(0.1476739225 0.03501630087 4.018133943e-21)
(0.1182639874 0.0305580183 -1.110943741e-20)
(0.08638070029 0.02537151848 -1.412041466e-21)
(0.05288233932 0.03527072211 8.294177038e-21)
(0.02051063242 0.1106805866 9.526603254e-21)
(-0.01295695417 0.3378266582 -1.587061051e-21)
(1.360971811 -0.03344654145 -1.177099645e-19)
(1.378041244 -0.04429300516 7.099421061e-20)
(1.394589427 -0.0550467703 7.5200427e-20)
(1.410928351 -0.06588670726 5.032488864e-20)
(1.423655181 -0.07693795841 -2.846753092e-19)
(1.418444905 -0.08636239666 -3.841910586e-19)
(1.359228949 -0.0906117579 1.904897616e-19)
(1.17566493 -0.08251942415 3.289236075e-19)
(0.7588933808 -0.05378594617 -5.176380466e-20)
(0.005032192689 -0.001537073187 7.22865178e-21)
(1.321281261 -0.05949153223 -1.187954627e-20)
(1.338092022 -0.07907811274 -4.93470492e-20)
(1.353491868 -0.09847758705 -3.109574917e-20)
(1.369387871 -0.1180574567 1.449029559e-19)
(1.383485842 -0.1378559003 1.339837093e-19)
(1.383364969 -0.1552376159 -3.561308842e-19)
(1.335886576 -0.1651346578 -1.52612173e-20)
(1.171610283 -0.1548240148 2.569042766e-19)
(0.7760783259 -0.1071261026 -2.249312191e-20)
(0.02801963766 -0.003952340812 -2.239082623e-20)
(1.257182819 -0.09506444367 -9.793652796e-20)
(1.275857934 -0.1204191862 -2.601426566e-19)
(1.292922427 -0.1464707568 7.848069941e-20)
(1.309719843 -0.1722124587 1.159063355e-19)
(1.324659173 -0.1981368611 2.162345268e-20)
(1.327371517 -0.2222131055 -1.295451098e-19)
(1.288296809 -0.2369429195 1.260200758e-20)
(1.141071995 -0.2240641532 1.674368422e-19)
(0.7700318879 -0.1594173864 -4.422340959e-21)
(0.04040428902 -0.008148201998 0)
(1.185229641 -0.1276303664 5.499360787e-20)
(1.204853077 -0.1566890996 -6.958222197e-20)
(1.22119517 -0.1873940629 3.963791112e-20)
(1.236722513 -0.2184271149 -1.263483103e-19)
(1.250705817 -0.2499305276 -1.694514086e-19)
(1.254315331 -0.2797615256 -5.780324354e-20)
(1.220907446 -0.2991155603 1.771762519e-19)
(1.088392436 -0.2864525293 1.138746916e-19)
(0.7432257851 -0.2069770343 -3.164753412e-20)
(0.04246509026 -0.01097820146 -1.472468853e-20)
(1.104825755 -0.1626443553 4.1983571e-20)
(1.122170164 -0.193030112 9.405354061e-20)
(1.136836248 -0.2263264112 1.229023594e-20)
(1.150711025 -0.2609124788 -7.947050631e-20)
(1.16319909 -0.2963615309 2.028098536e-20)
(1.166600712 -0.3302631137 1.078439574e-19)
(1.137035011 -0.3528394764 -5.010105078e-20)
(1.016900495 -0.3397550829 1.243385493e-20)
(0.6974090553 -0.2463150301 -5.325110442e-20)
(0.03512161431 -0.01045663776 -1.557220588e-20)
(1.022883785 -0.1973654134 -1.130604132e-19)
(1.037177606 -0.2283346527 -3.984605552e-20)
(1.048604004 -0.2625069482 1.986889472e-19)
(1.059236508 -0.2987196558 9.538483054e-22)
(1.068803359 -0.3362486164 -2.438071761e-19)
(1.0704838 -0.3724250586 9.088087934e-20)
(1.042831448 -0.3967689575 1.169576171e-19)
(0.9329688839 -0.3823837774 8.314836208e-20)
(0.6388241322 -0.2764991597 9.888691745e-22)
(0.02129529655 -0.006119738399 4.553670097e-20)
(0.9392716629 -0.2261897473 8.669543839e-20)
(0.948207721 -0.2563710907 1.18442208e-19)
(0.9555359581 -0.2905054865 2.535361264e-20)
(0.9626912479 -0.3275863051 1.073958406e-19)
(0.969081809 -0.3663822736 -2.766326749e-20)
(0.9684901715 -0.4038540889 -1.240980128e-19)
(0.9417230567 -0.4289474628 2.288152239e-20)
(0.8407572291 -0.4127056459 2.292261798e-20)
(0.571597174 -0.296013694 2.973521532e-20)
(0.002966028836 0.002958114592 -2.803662622e-20)
(0.8542907885 -0.2501172979 -2.168807097e-20)
(0.8573386264 -0.2787817567 -5.499961553e-21)
(0.8602468611 -0.3120331751 1.079134896e-20)
(0.8636248442 -0.3489598948 0)
(0.8666482031 -0.387930654 3.977949341e-20)
(0.8636047087 -0.4255216156 9.636893981e-20)
(0.8372656985 -0.4501947486 -4.939082391e-20)
(0.7443838775 -0.4313406235 -1.02505607e-19)
(0.4997471576 -0.3051528085 4.967655493e-20)
(-0.01756773511 0.01694206574 -1.36928549e-20)
(0.7637761907 -0.2650950074 3.186515446e-20)
(0.761247321 -0.2918784245 -2.018046939e-20)
(0.761264682 -0.3244898421 8.4635983e-21)
(0.7625167491 -0.3613674777 4.874019895e-20)
(0.7634201889 -0.4003462639 -5.494497981e-20)
(0.7586489139 -0.4376079395 -3.224896066e-20)
(0.7329419706 -0.4612773285 1.575873463e-19)
(0.6479054096 -0.4395197564 9.042358254e-21)
(0.4274462669 -0.3051299334 -4.137811084e-20)
(-0.03776933684 0.0352468929 3.5638363e-20)
(0.6673981144 -0.2730136887 4.513259626e-20)
(0.6626705654 -0.299643838 -4.078646724e-20)
(0.6633914514 -0.3326719712 -2.398688465e-20)
(0.6646428826 -0.369172144 5.897132355e-20)
(0.6642433728 -0.4070634209 -1.017853163e-19)
(0.657797808 -0.442692676 -5.103523736e-20)
(0.6324451084 -0.4642664213 -8.914014237e-21)
(0.5548872519 -0.4392646677 4.264290448e-20)
(0.3582257555 -0.2980584119 -6.827141437e-21)
(-0.05522503836 0.05634372107 -1.01461524e-20)
(0.4053056282 0.007063145495 -9.451260428e-22)
(0.569489642 0.004421532493 -1.716100851e-22)
(0.4330144294 0.005287819224 -6.000860203e-22)
(0.5250062778 0.00701657432 2.528919745e-22)
(0.4557497707 0.004558282623 6.105676247e-22)
(0.4856602953 0.002289395538 9.349857191e-23)
(0.4651507864 -0.008407846086 -1.769544146e-21)
(0.4752123134 -0.02961125056 1.04501459e-21)
(0.4728758696 -0.07720872322 -5.685381697e-21)
(0.5692132399 -0.1949436994 -5.625513022e-20)
(0.4065252211 0.008587434395 9.496499558e-22)
(0.5703759559 0.00490654747 -1.532517974e-21)
(0.4337665352 0.006361322914 -1.364084231e-22)
(0.5250497228 0.008471833763 -2.178386612e-22)
(0.4565388237 0.005891658287 -1.672879187e-21)
(0.4847842079 0.005032937496 -5.413882263e-22)
(0.4632181784 -0.005226531736 -1.829532402e-21)
(0.4696630504 -0.02328728688 -1.926851073e-21)
(0.4561363118 -0.06881515474 4.005321227e-23)
(0.5290719752 -0.1625900183 1.965724053e-20)
(0.4078236935 0.009606336415 -6.292490145e-22)
(0.5715761341 0.005639421744 1.737023777e-21)
(0.4342356876 0.007518532297 4.20127181e-22)
(0.5253664503 0.009938389196 -7.627511462e-22)
(0.4571335613 0.007411027486 2.87782773e-22)
(0.4837101191 0.007249960391 3.57982736e-22)
(0.46102749 -0.002609255791 -2.103155482e-22)
(0.463370259 -0.01846730584 0)
(0.438230391 -0.06548885722 -2.73052579e-21)
(0.4885938726 -0.1511459931 2.279779074e-20)
(0.4089738041 0.01021718462 7.920524492e-23)
(0.5726888843 0.006576449727 1.303128048e-21)
(0.4347086774 0.008767928548 2.711445486e-22)
(0.5257167206 0.0114014553 8.321311449e-23)
(0.4577880797 0.009161429792 6.273415361e-21)
(0.48285189 0.009866499522 -4.19768793e-22)
(0.4591386683 0.001147594143 -1.083620699e-22)
(0.4572976492 -0.01142841041 -5.08150955e-22)
(0.4236948123 -0.05674493212 -3.871709981e-21)
(0.4474225668 -0.1273425057 -4.641184727e-20)
(0.4099273588 0.01045657853 -6.390191956e-22)
(0.5736204964 0.007675905742 -1.568249624e-22)
(0.4352368071 0.01009473043 -1.115346292e-22)
(0.5260787342 0.01286869365 1.09058851e-21)
(0.4585403505 0.01111670158 -1.233340583e-22)
(0.4822098298 0.01264422382 6.967693698e-22)
(0.4578692083 0.005092586343 4.704596613e-21)
(0.4518833986 -0.003910370361 -5.324009886e-22)
(0.4127308018 -0.04603875939 1.415287906e-21)
(0.4109465128 -0.1037642004 1.681305883e-21)
(0.4106911953 0.01038423714 8.65646157e-22)
(0.5743812338 0.008894791 1.407994811e-21)
(0.4358075897 0.01148786808 1.609181756e-21)
(0.526471791 0.01432240848 -9.834949738e-22)
(0.4593903346 0.01325249389 -4.201937354e-21)
(0.4818292063 0.01553196703 9.79408845e-22)
(0.4572271265 0.009561192418 1.028610764e-21)
(0.4471669766 0.004110446365 1.309262391e-21)
(0.4048199416 -0.03300342858 -1.793193315e-22)
(0.3798882964 -0.07748355879 3.679116059e-21)
(0.4112786757 0.01005389917 0)
(0.5750009284 0.01019179097 -2.10504282e-21)
(0.4364010539 0.01292971506 1.676652514e-22)
(0.5269175192 0.01574739212 -1.071493698e-22)
(0.4603337764 0.01553941055 -4.237024678e-21)
(0.4817383145 0.01849798373 1.279064518e-22)
(0.4572160955 0.01445766136 -1.430128587e-21)
(0.443305268 0.01243583327 2.536947549e-21)
(0.3995592886 -0.01792374979 -7.746089548e-22)
(0.3550305435 -0.04924817109 1.683298308e-21)
(0.411701688 0.009519672971 0)
(0.5755089975 0.01152988822 0)
(0.4369995479 0.01439937059 -1.494036763e-21)
(0.52743683 0.01713108851 3.414718038e-21)
(0.461364899 0.01794330343 -4.216334847e-22)
(0.481969738 0.02150895286 2.5503351e-21)
(0.4577989205 0.01971050798 -3.039276375e-21)
(0.4404687141 0.02095430171 -2.132978421e-21)
(0.3966671197 -0.001179837624 9.023036926e-22)
(0.3367024977 -0.0192804709 -3.65541791e-21)
(0.4119698353 0.008831070424 0)
(0.5759304788 0.01287466133 1.196745752e-21)
(0.4375895591 0.0158732172 -1.626306961e-22)
(0.5280489061 0.01846292372 -7.258827415e-23)
(0.4624778833 0.02042520364 4.100556335e-21)
(0.4825568521 0.02453604477 -2.126210759e-21)
(0.4589285202 0.02522317723 -1.136849038e-21)
(0.4388303093 0.02960145124 -4.668685689e-21)
(0.3959443534 0.01688257547 5.074563082e-21)
(0.3250446616 0.01200588945 -2.266223855e-21)
(0.4120895048 0.008044901141 5.054961624e-22)
(0.5762850982 0.01419852639 2.391565122e-21)
(0.4381627557 0.0173262805 8.718894814e-23)
(0.5287700125 0.01973449083 -2.892512169e-21)
(0.4636687379 0.0229426169 4.278729714e-22)
(0.4835275535 0.02755666082 -1.149563908e-21)
(0.4605605193 0.0308839613 1.02933072e-21)
(0.4385609263 0.03835497463 2.219061897e-21)
(0.397239076 0.03578641415 -8.243010288e-21)
(0.3200563705 0.04415441056 3.753092421e-21)
(0.4054763929 0.0005408922213 3.932302221e-22)
(0.5699684504 0.0004474892396 -7.168972366e-22)
(0.431762676 0.000426321459 -3.649777321e-23)
(0.5264039789 0.0005884192461 -1.624902853e-22)
(0.4568301155 0.0002788557312 1.941145e-23)
(0.4922199413 -3.385385287e-05 4.258433489e-22)
(0.4789397903 -0.001212720663 3.053173217e-22)
(0.5065920717 -0.003563284681 -1.351789172e-21)
(0.5349465196 -0.008166414025 -4.805403392e-22)
(0.6557161591 -0.02002524734 -1.712646695e-21)
(0.4054945084 0.001769192541 2.899001242e-22)
(0.5698474444 0.001366259278 2.067706028e-22)
(0.4317957409 0.001423351071 -7.855346957e-23)
(0.526351482 0.00183256579 1.075289348e-22)
(0.4566240521 0.0008900338364 1.167932559e-22)
(0.4917334943 -3.058440364e-05 -1.916439843e-22)
(0.477816067 -0.00391485755 1.196357417e-21)
(0.5041734305 -0.01146266091 -2.72683391e-21)
(0.5311364089 -0.02648808267 -7.064495261e-21)
(0.6460104915 -0.06211988508 7.785855654e-21)
(0.4054128579 0.002970304406 5.170390285e-22)
(0.5696176954 0.002208832834 -2.91082682e-22)
(0.4318388844 0.002378171749 6.771483796e-23)
(0.5262481896 0.003034113344 -7.106012531e-23)
(0.4563176411 0.001613856118 0)
(0.4909222266 2.904411734e-05 0)
(0.4759029364 -0.006071477562 0)
(0.5000738578 -0.018173239 0)
(0.5245120973 -0.04234210987 9.565076018e-22)
(0.6295737476 -0.1021759498 1.223706808e-21)
(0.4052208035 0.004227391563 9.157872733e-24)
(0.569345005 0.003054477144 -2.814310137e-22)
(0.4319020545 0.003322517917 -6.716317774e-22)
(0.5260941265 0.004312963384 0)
(0.4558109065 0.002440090575 0)
(0.4897500242 0.0004901921635 0)
(0.4732455644 -0.007666414749 0)
(0.4943488341 -0.02413344858 0)
(0.514032187 -0.05706095123 0)
(0.6080783696 -0.141267476 7.118150089e-21)
(0.4048407163 0.005541104472 -2.181608813e-23)
(0.569287691 0.003870161689 -5.050273594e-22)
(0.4319979982 0.004264905268 0)
(0.5258568724 0.005673287004 2.032010367e-22)
(0.4552644148 0.003386325095 0)
(0.4884410416 0.0009505544587 0)
(0.4700560266 -0.0092368022 -7.041873791e-22)
(0.4874928872 -0.02949368655 5.562193059e-21)
(0.4995670618 -0.07149388776 -6.843317632e-22)
(0.5737459968 -0.1804483377 -2.061133796e-20)
(0.7808031987 -0.02289443007 -1.288566463e-20)
(0.832938295 -0.023128864 -4.374079987e-22)
(0.8960041812 -0.02218925373 2.991693168e-20)
(0.9676533172 -0.02028029203 4.531927716e-20)
(1.043547954 -0.01764540634 1.666507749e-20)
(1.120149129 -0.01429715054 -4.15676777e-20)
(1.194568473 -0.01073177972 -2.051417716e-21)
(1.258878592 -0.007231516976 -6.358584344e-21)
(1.307936031 -0.004321460646 -1.210022235e-20)
(1.335722616 -0.002227221029 9.419252842e-21)
(0.7722132964 -0.07578114732 -2.623859398e-20)
(0.8249551327 -0.07475668591 -2.362736759e-20)
(0.8886081623 -0.06928316512 -2.417489345e-21)
(0.9602643489 -0.06170242399 -3.129883241e-20)
(1.036473164 -0.05284410868 2.829892784e-20)
(1.113886472 -0.04255302805 3.86361018e-20)
(1.188964876 -0.03203851354 2.267438295e-20)
(1.255239816 -0.02172742426 1.996912873e-20)
(1.306640875 -0.0130103692 -1.333727976e-20)
(1.336294313 -0.006614385064 1.174223092e-20)
(0.7586719815 -0.1264155499 -8.680987134e-21)
(0.8149432042 -0.1236722022 -4.072562118e-20)
(0.8804158049 -0.1138925191 -3.204154672e-21)
(0.9521431325 -0.1012181436 1.900361488e-20)
(1.028248688 -0.08687893557 -5.044368332e-20)
(1.106085725 -0.07042211768 -1.120913618e-20)
(1.181256461 -0.05370281123 -2.772493052e-20)
(1.250327553 -0.0369664879 2.032290731e-20)
(1.305321888 -0.02209122575 1.533252457e-20)
(1.338120995 -0.01130642953 -6.117864469e-21)
(0.7344536252 -0.1817341766 2.838428214e-20)
(0.7972601863 -0.175149687 1.894640987e-20)
(0.8659929127 -0.160665858 2.503756764e-21)
(0.9381995685 -0.1426992876 -8.550550382e-21)
(1.014847583 -0.1221889012 -9.339069393e-21)
(1.094848851 -0.09879972236 4.424129741e-21)
(1.172137725 -0.07522920391 1.167483006e-22)
(1.245806835 -0.05362615448 -1.653847574e-20)
(1.305659932 -0.0323376561 -1.883842287e-20)
(1.342478014 -0.01682702898 1.7272587e-20)
(0.7063733236 -0.2261705908 2.343279613e-20)
(0.7814890297 -0.2236869206 6.209550841e-20)
(0.8585634469 -0.2094741488 -3.127818401e-21)
(0.934642432 -0.1870139451 1.687322962e-20)
(1.012503594 -0.160423202 -2.662197445e-20)
(1.09260849 -0.1298451883 -6.590654656e-20)
(1.171405794 -0.09921158611 6.107217705e-20)
(1.245787139 -0.07188765392 5.559576504e-20)
(1.308973062 -0.04382238054 2.86844161e-21)
(1.348911141 -0.02335369869 -1.870196648e-21)
)
;

boundaryField
{
    left
    {
        type            fixedValue;
        value           uniform (0.5 0 0);
    }
    right
    {
        type            zeroGradient;
    }
    down
    {
        type            slip;
    }
    up
    {
        type            slip;
    }
    cylinder
    {
        type            movingWallVelocity;
        value           nonuniform List<vector> 
80
(
(0.02150986961 -0.5474626141 0)
(0.06439699452 -0.5440873597 0)
(0.1068870926 -0.5373576203 0)
(0.1487181975 -0.527314887 -5.185084331e-23)
(0.1896324058 -0.5140210769 0)
(0.229377467 -0.4975581509 1.037016943e-22)
(0.267708339 -0.4780276087 -1.037016965e-22)
(0.3043886986 -0.455549863 0)
(0.3391923984 -0.430263497 0)
(0.3719048614 -0.4023244098 1.037016978e-22)
(0.4023243353 -0.3719048103 -1.037017439e-22)
(0.4302632843 -0.3391922627 0)
(0.4555495384 -0.3043885129 0)
(0.4780272027 -0.2677081332 0)
(0.4975576976 -0.2293772655 0)
(0.5140206138 -0.1896322277 0)
(0.527314454 -0.1487180559 5.185083182e-23)
(0.5373572589 -0.1068869943 0)
(0.5440871127 -0.06439694004 0)
(0.5474625244 -0.02150985298 0)
(0.4023243344 0.3719048095 1.037017439e-22)
(0.4302632836 0.3391922621 0)
(0.4555495378 0.3043885125 0)
(0.4780272022 0.2677081329 1.037016734e-22)
(0.4975576974 0.2293772654 0)
(0.5140206138 0.1896322277 0)
(0.5273144542 0.1487180559 0)
(0.5373572594 0.1068869944 0)
(0.5440871134 0.06439694013 0)
(0.5474625254 0.02150985302 0)
(0.02150985298 0.5474625244 0)
(0.06439694004 0.5440871127 0)
(0.1068869943 0.5373572589 0)
(0.1487180559 0.527314454 5.185083184e-23)
(0.1896322277 0.5140206138 0)
(0.2293772655 0.4975576976 0)
(0.2677081332 0.4780272027 0)
(0.3043885129 0.4555495384 0)
(0.3391922627 0.4302632843 0)
(0.3719048103 0.4023243353 -1.037017439e-22)
(-0.3719048095 0.4023243344 1.037017439e-22)
(-0.3391922621 0.4302632836 0)
(-0.3043885125 0.4555495378 0)
(-0.2677081329 0.4780272022 1.037016734e-22)
(-0.2293772654 0.4975576974 0)
(-0.1896322277 0.5140206138 0)
(-0.1487180559 0.5273144542 0)
(-0.1068869944 0.5373572594 0)
(-0.06439694013 0.5440871134 0)
(-0.02150985302 0.5474625254 0)
(-0.5474625244 0.02150985298 0)
(-0.5440871127 0.06439694004 0)
(-0.5373572589 0.1068869943 0)
(-0.527314454 0.1487180559 5.185083184e-23)
(-0.5140206138 0.1896322277 0)
(-0.4975576976 0.2293772655 0)
(-0.4780272027 0.2677081332 0)
(-0.4555495384 0.3043885129 0)
(-0.4302632843 0.3391922627 0)
(-0.4023243353 0.3719048103 -1.037017439e-22)
(-0.5474625254 -0.02150985302 0)
(-0.5440871134 -0.06439694013 0)
(-0.5373572594 -0.1068869944 0)
(-0.5273144542 -0.1487180559 0)
(-0.5140206138 -0.1896322277 0)
(-0.4975576974 -0.2293772654 0)
(-0.4780272022 -0.2677081329 1.037016734e-22)
(-0.4555495378 -0.3043885125 0)
(-0.4302632836 -0.3391922621 0)
(-0.4023243344 -0.3719048095 1.037017438e-22)
(-0.3719048103 -0.4023243353 -1.037017439e-22)
(-0.3391922627 -0.4302632843 0)
(-0.3043885129 -0.4555495384 0)
(-0.2677081332 -0.4780272027 0)
(-0.2293772655 -0.4975576976 0)
(-0.1896322277 -0.5140206138 0)
(-0.1487180559 -0.527314454 5.185083182e-23)
(-0.1068869943 -0.5373572589 0)
(-0.06439694004 -0.5440871127 0)
(-0.02150985298 -0.5474625244 0)
)
;
    }
    defaultFaces
    {
        type            empty;
    }
}


// ************************************************************************* //
