/*--------------------------------*- C++ -*----------------------------------*\
  =========                 |
  \\      /  F ield         | OpenFOAM: The Open Source CFD Toolbox
   \\    /   O peration     | Website:  https://openfoam.org
    \\  /    A nd           | Version:  11
     \\/     M anipulation  |
\*---------------------------------------------------------------------------*/
FoamFile
{
    format      ascii;
    class       surfaceScalarField;
    location    "25";
    object      phi;
}
// * * * * * * * * * * * * * * * * * * * * * * * * * * * * * * * * * * * * * //

dimensions      [0 3 -1 0 0 0 0];

internalField   nonuniform List<scalar> 
4900
(
4.694188717e-08
-4.694187581e-08
1.545531216e-07
-1.076112352e-07
2.731479537e-07
-1.185948319e-07
3.706596978e-07
-9.75117431e-08
4.318099064e-07
-6.115020767e-08
4.516687961e-07
-1.985888943e-08
4.302692033e-07
2.139959307e-08
3.688625283e-07
6.140667419e-08
2.675082945e-07
1.013542329e-07
1.240050861e-07
1.435032073e-07
-6.610811228e-08
1.901131982e-07
-3.088062956e-07
2.426981829e-07
-6.104665204e-07
3.016602253e-07
-9.76603184e-07
3.661366636e-07
-1.410624713e-06
4.340215282e-07
-1.912647247e-06
5.020225347e-07
-2.478393702e-06
5.65746455e-07
-3.098251283e-06
6.198575821e-07
-3.756609394e-06
6.583581109e-07
-4.431624251e-06
6.750148583e-07
-5.095545406e-06
6.639211543e-07
-5.715706988e-06
6.20161583e-07
-6.256236508e-06
5.405295203e-07
-6.680452853e-06
4.242163449e-07
-6.953915788e-06
2.734629353e-07
-7.047991467e-06
9.407567915e-08
-6.930011302e-06
-1.179801661e-07
-6.595576534e-06
-3.34434769e-07
-6.043086542e-06
-5.524899918e-07
-5.2877272e-06
-7.553593412e-07
-4.36041457e-06
-9.273126315e-07
-3.306900625e-06
-1.053513945e-06
-2.185524774e-06
-1.121375852e-06
-1.063235499e-06
-1.122289275e-06
-8.456811173e-09
-1.054778689e-06
9.2237517e-07
-9.308319828e-07
1.669917474e-06
-7.475423041e-07
2.203352097e-06
-5.334346232e-07
2.513238973e-06
-3.098868762e-07
2.611879229e-06
-9.864025647e-08
2.530133739e-06
8.174548948e-08
2.309617022e-06
2.205167189e-07
1.994832252e-06
3.147847712e-07
1.62708664e-06
3.677456125e-07
1.240094593e-06
3.869920475e-07
8.599934845e-07
3.80101109e-07
5.101487708e-07
3.498447148e-07
2.202359299e-07
2.899128422e-07
3.589939613e-08
1.843365334e-07
3.589939647e-08
1.097612243e-07
-1.567030995e-07
3.010256488e-07
-2.988756605e-07
4.888958793e-07
-3.064650632e-07
6.193067961e-07
-2.279226599e-07
6.607373563e-07
-1.02580767e-07
5.975259655e-07
4.335250159e-08
4.223169882e-07
1.966085712e-07
1.305477172e-07
3.531759449e-07
-2.83298479e-07
5.15200429e-07
-8.274042301e-07
6.876089578e-07
-1.512215838e-06
8.749248062e-07
-2.348522817e-06
1.079005162e-06
-3.344591374e-06
1.297728783e-06
-4.503012962e-06
1.524558252e-06
-5.817707665e-06
1.748716231e-06
-7.271493037e-06
1.955807905e-06
-8.834499134e-06
2.128752552e-06
-1.046379069e-05
2.249149142e-06
-1.210441685e-05
2.29898427e-06
-1.369189443e-05
2.262492433e-06
-1.515588747e-05
2.127914195e-06
-1.642467656e-05
1.888950669e-06
-1.742994414e-05
1.545797105e-06
-1.811103594e-05
1.105308146e-06
-1.841844533e-05
5.808723179e-07
-1.833436371e-05
9.994063211e-09
-1.781264609e-05
-6.396977845e-07
-1.686072557e-05
-1.28635529e-06
-1.550186662e-05
-1.911348941e-06
-1.377632783e-05
-2.480898133e-06
-1.174431014e-05
-2.959330316e-06
-9.485296264e-06
-3.312527825e-06
-7.095454833e-06
-3.511217284e-06
-4.682984734e-06
-3.534759376e-06
-2.361848121e-06
-3.375915302e-06
-2.483648743e-07
-3.04431523e-06
1.568376517e-06
-2.564283696e-06
3.007084959e-06
-1.972143067e-06
4.023703029e-06
-1.326504947e-06
4.610225745e-06
-6.851629725e-07
4.796412463e-06
-1.044412281e-07
4.637180402e-06
3.797487802e-07
4.206192019e-06
7.45773153e-07
3.584924367e-06
9.890132655e-07
2.851658503e-06
1.120257912e-06
2.077334507e-06
1.154425107e-06
1.328104771e-06
1.099074451e-06
6.737263292e-07
9.442912822e-07
1.967419058e-07
6.613209578e-07
2.326413015e-07
1.228352879e-07
-2.795383871e-07
3.074531859e-07
-4.834935586e-07
4.537672505e-07
-4.52779128e-07
4.997401904e-07
-2.738956004e-07
4.065663136e-07
-9.406890173e-09
1.507905879e-07
2.991282266e-07
-2.828900454e-07
6.302892037e-07
-9.068270832e-07
9.771129828e-07
-1.733635757e-06
1.342009102e-06
-2.776794458e-06
1.730767659e-06
-4.04891384e-06
2.147044188e-06
-5.558167877e-06
2.5882592e-06
-7.303842188e-06
3.043403095e-06
-9.272000409e-06
3.492716473e-06
-1.143221525e-05
3.908931074e-06
-1.373611846e-05
4.259711117e-06
-1.611834391e-05
4.510977994e-06
-1.849990463e-05
4.630709861e-06
-2.079351031e-05
4.592589949e-06
-2.29098543e-05
4.378836431e-06
-2.476371549e-05
3.981775386e-06
-2.627888307e-05
3.404118248e-06
-2.739140506e-05
2.658319092e-06
-2.805205191e-05
1.765954994e-06
-2.823043924e-05
7.592596505e-07
-2.789122192e-05
-3.292232624e-07
-2.704741595e-05
-1.483503753e-06
-2.570217443e-05
-2.631596806e-06
-2.388327629e-05
-3.730247082e-06
-2.163508147e-05
-4.729092952e-06
-1.901928427e-05
-5.575127526e-06
-1.611549924e-05
-6.216312848e-06
-1.30208901e-05
-6.605826424e-06
-9.848066289e-06
-6.707583191e-06
-6.721237495e-06
-6.502744097e-06
-3.770029969e-06
-5.995522757e-06
-1.119289186e-06
-5.215024478e-06
1.128526974e-06
-4.219959227e-06
2.89331865e-06
-3.091296622e-06
4.129597807e-06
-1.92144213e-06
4.837698901e-06
-8.125423216e-07
5.059780881e-06
1.576668024e-07
4.860886442e-06
9.446675935e-07
4.334486095e-06
1.515413613e-06
3.580445381e-06
1.874298625e-06
2.699141773e-06
2.035728715e-06
1.789216528e-06
2.008999694e-06
9.52447619e-07
1.781060191e-06
3.047662185e-07
1.309002359e-06
5.374075193e-07
9.713288066e-08
-3.766712687e-07
2.029649357e-07
-5.893256147e-07
2.186546958e-07
-4.684688881e-07
8.416888146e-08
-1.394097862e-07
-2.405737571e-07
3.153357488e-07
-7.843698866e-07
8.429243562e-07
-1.569461533e-06
1.415380849e-06
-2.615492368e-06
2.023143817e-06
-3.9405292e-06
2.667045934e-06
-5.559478021e-06
3.349716481e-06
-7.480191392e-06
4.067757559e-06
-9.698224146e-06
4.806291954e-06
-1.219170834e-05
5.536887293e-06
-1.491789996e-05
6.218908092e-06
-1.781263916e-05
6.803670268e-06
-2.07933143e-05
7.240386256e-06
-2.376497283e-05
7.482636529e-06
-2.662824764e-05
7.493984674e-06
-2.928725337e-05
7.251595676e-06
-3.165582716e-05
6.747410218e-06
-3.366125454e-05
5.987202771e-06
-3.524545567e-05
4.988319374e-06
-3.636429308e-05
3.777156509e-06
-3.698632214e-05
2.387984052e-06
-3.709295678e-05
8.65894286e-07
-3.6666544e-05
-7.556360435e-07
-3.571304765e-05
-2.437000106e-06
-3.423954032e-05
-4.105104136e-06
-3.226428149e-05
-5.705505905e-06
-2.981859409e-05
-7.174780352e-06
-2.694916023e-05
-8.444561388e-06
-2.372033137e-05
-9.445141713e-06
-2.021614101e-05
-1.011001678e-05
-1.654095304e-05
-1.038277117e-05
-1.281806778e-05
-1.022562935e-05
-9.185169254e-06
-9.628421287e-06
-5.784278169e-06
-8.615915564e-06
-2.751474154e-06
-7.252763242e-06
-2.017341575e-07
-5.641036619e-06
1.790206549e-06
-3.913382836e-06
3.180796264e-06
-2.203132036e-06
3.979836672e-06
-6.413736056e-07
4.24467337e-06
6.798308963e-07
4.05633818e-06
1.703748803e-06
3.521695147e-06
2.40894166e-06
2.757054205e-06
2.800369659e-06
1.883526107e-06
2.882527791e-06
1.028734401e-06
2.6358519e-06
3.37398438e-07
2.000338321e-06
8.748059571e-07
4.181705691e-08
-4.184883268e-07
7.329374421e-09
-5.54837934e-07
-1.819750334e-07
-2.791644811e-07
-5.767501238e-07
2.553653033e-07
-1.214135666e-06
9.52721291e-07
-2.125219708e-06
1.754008399e-06
-3.337595847e-06
2.627756987e-06
-4.875602653e-06
3.561150622e-06
-6.758208238e-06
4.549651518e-06
-8.994639981e-06
5.586148224e-06
-1.157851206e-05
6.651629638e-06
-1.448219321e-05
7.709973106e-06
-1.765351348e-05
8.708207564e-06
-2.10164667e-05
9.581861311e-06
-2.447642063e-05
1.026362419e-05
-2.792883179e-05
1.069279742e-05
-3.126921738e-05
1.082302211e-05
-3.440179357e-05
1.062656087e-05
-3.724497949e-05
1.009478159e-05
-3.97333416e-05
9.235772333e-06
-4.181669739e-05
8.070558561e-06
-4.345757408e-05
6.629196061e-06
-4.462817168e-05
4.947754112e-06
-4.530748315e-05
3.067295525e-06
-4.547814625e-05
1.036557383e-06
-4.512852176e-05
-1.105260531e-06
-4.425753649e-05
-3.307985379e-06
-4.285959937e-05
-5.503041257e-06
-4.093767022e-05
-7.627435056e-06
-3.85041994e-05
-9.608251177e-06
-3.558459974e-05
-1.136416105e-05
-3.222133215e-05
-1.28084093e-05
-2.847828714e-05
-1.385306179e-05
-2.444441389e-05
-1.441664441e-05
-2.023550883e-05
-1.443453441e-05
-1.599240239e-05
-1.387152773e-05
-1.18738464e-05
-1.273447156e-05
-8.044387673e-06
-1.108222196e-05
-4.657013617e-06
-9.028410675e-06
-1.837631737e-06
-6.732764715e-06
3.378956432e-07
-4.378659415e-06
1.843904879e-06
-2.147382841e-06
2.713454937e-06
-1.897191607e-07
3.017363361e-06
1.399840381e-06
2.861454194e-06
2.564850829e-06
2.370305736e-06
3.291518117e-06
1.680364277e-06
3.572469251e-06
9.38667961e-07
3.377548218e-06
3.102754158e-07
2.628730865e-06
1.185081374e-06
-3.956197742e-08
-3.789263499e-07
-2.652609312e-07
-3.291389807e-07
-7.229293826e-07
1.785039705e-07
-1.442677376e-06
9.751132965e-07
-2.455596635e-06
1.96564055e-06
-3.79321605e-06
3.091627814e-06
-5.485631277e-06
4.320172214e-06
-7.557159956e-06
5.632679301e-06
-1.00207035e-05
7.013195058e-06
-1.287102406e-05
8.436468789e-06
-1.607851171e-05
9.859117287e-06
-1.958588523e-05
1.121734663e-05
-2.330986668e-05
1.243218901e-05
-2.714827484e-05
1.342026947e-05
-3.099090204e-05
1.410625139e-05
-3.473104841e-05
1.443294379e-05
-3.82745343e-05
1.436650801e-05
-4.154440427e-05
1.389643083e-05
-4.448143266e-05
1.303180999e-05
-4.704179242e-05
1.17961321e-05
-4.919350774e-05
1.022227388e-05
-5.091291174e-05
8.348600062e-06
-5.218162264e-05
6.216465016e-06
-5.298369686e-05
3.869369744e-06
-5.330053283e-05
1.353393349e-06
-5.312207485e-05
-1.283718511e-06
-5.244116797e-05
-3.988892253e-06
-5.124080215e-05
-6.703407083e-06
-4.950893207e-05
-9.359305137e-06
-4.723827315e-05
-1.187891009e-05
-4.443013667e-05
-1.417229753e-05
-4.109966252e-05
-1.613888345e-05
-3.728237104e-05
-1.767035327e-05
-3.304122231e-05
-1.865779314e-05
-2.847272935e-05
-1.900302737e-05
-2.371018896e-05
-1.863406812e-05
-1.892122345e-05
-1.752343707e-05
-1.429770822e-05
-1.57057372e-05
-1.003711419e-05
-1.32890047e-05
-6.317369566e-06
-1.045250934e-05
-3.269742814e-06
-7.426286167e-06
-9.61534334e-07
-4.455591321e-06
6.070798526e-07
-1.758333346e-06
1.499844885e-06
5.070753503e-07
1.819733711e-06
2.244962004e-06
1.698894046e-06
3.412357782e-06
1.286381835e-06
3.984981463e-06
7.437789017e-07
3.920151151e-06
2.477891712e-07
3.124720594e-06
1.432870546e-06
-1.447199302e-07
-2.342064206e-07
-6.070720776e-07
1.332131661e-07
-1.381163936e-06
9.525958294e-07
-2.473433281e-06
2.067382641e-06
-3.904548852e-06
3.396756121e-06
-5.704276098e-06
4.891355059e-06
-7.901191609e-06
6.517087724e-06
-1.051340763e-05
8.244895322e-06
-1.353997418e-05
1.003976161e-05
-1.695357811e-05
1.185007272e-05
-2.069666518e-05
1.360220435e-05
-2.468328451e-05
1.520396596e-05
-2.880723225e-05
1.655613676e-05
-3.295448138e-05
1.75675186e-05
-3.701602665e-05
1.816779667e-05
-4.089743897e-05
1.831435611e-05
-4.452328665e-05
1.799235568e-05
-4.783698952e-05
1.72101337e-05
-5.079801115e-05
1.599283162e-05
-5.337817281e-05
1.437629376e-05
-5.555818244e-05
1.240228351e-05
-5.732483838e-05
1.0115256e-05
-5.866855661e-05
7.560183252e-06
-5.958039771e-05
4.781210844e-06
-6.004729273e-05
1.820288369e-06
-6.005921667e-05
-1.271794573e-06
-5.961161541e-05
-4.436493508e-06
-5.868106496e-05
-7.63395754e-06
-5.724349758e-05
-1.079687251e-05
-5.527332774e-05
-1.384907993e-05
-5.274646879e-05
-1.669915648e-05
-4.964591561e-05
-1.923943663e-05
-4.596969517e-05
-2.13465737e-05
-4.174118383e-05
-2.288630449e-05
-3.702003788e-05
-2.372417332e-05
-3.191251779e-05
-2.374158821e-05
-2.657694613e-05
-2.285900873e-05
-2.122035681e-05
-2.106232652e-05
-1.608254129e-05
-1.842682022e-05
-1.140609907e-05
-1.512895156e-05
-7.397195465e-06
-1.143518977e-05
-4.190046436e-06
-7.66274035e-06
-1.828302711e-06
-4.120077069e-06
-2.690614431e-07
-1.052165916e-06
5.909010119e-07
1.384999549e-06
8.958855355e-07
3.107373257e-06
8.102537013e-07
4.070613299e-06
5.085215653e-07
4.221883286e-06
1.745745921e-07
3.458667568e-06
1.607445139e-06
-2.715602922e-07
3.735387162e-08
-1.003713638e-06
8.653665119e-07
-2.129851665e-06
2.078733857e-06
-3.62292337e-06
3.560454346e-06
-5.49238504e-06
5.26621779e-06
-7.763339677e-06
7.162309697e-06
-1.045804731e-05
9.21179536e-06
-1.358196318e-05
1.136881119e-05
-1.711388549e-05
1.357168392e-05
-2.10006275e-05
1.573681473e-05
-2.515797351e-05
1.775955036e-05
-2.947873014e-05
1.952472259e-05
-3.384591794e-05
2.092332456e-05
-3.814680314e-05
2.18684038e-05
-4.228342985e-05
2.230442338e-05
-4.617761707e-05
2.220854332e-05
-4.977107145e-05
2.158581006e-05
-5.302291228e-05
2.046197454e-05
-5.590655297e-05
1.887647231e-05
-5.840679215e-05
1.687653294e-05
-6.051720833e-05
1.451269969e-05
-6.223759688e-05
1.183564455e-05
-6.357135177e-05
8.893938143e-06
-6.452222402e-05
5.73208309e-06
-6.508882935e-05
2.386893703e-06
-6.526313723e-05
-1.0974867e-06
-6.505337585e-05
-4.646254884e-06
-6.443202948e-05
-8.255303914e-06
-6.336799814e-05
-1.186090385e-05
-6.182186998e-05
-1.539520809e-05
-5.974663384e-05
-1.877439262e-05
-5.709274911e-05
-2.189332137e-05
-5.381580551e-05
-2.46235173e-05
-4.988826858e-05
-2.681384142e-05
-4.531472155e-05
-2.829772034e-05
-4.014942053e-05
-2.890688923e-05
-3.451198628e-05
-2.849644298e-05
-2.859644209e-05
-2.697787071e-05
-2.266583132e-05
-2.435743099e-05
-1.702599588e-05
-2.0768787e-05
-1.197738517e-05
-1.648380048e-05
-7.755968813e-06
-1.188415671e-05
-4.486025016e-06
-7.390020866e-06
-2.167552901e-06
-3.37063803e-06
-7.019501219e-07
-8.060323103e-08
7.155088225e-08
2.333872254e-06
3.348801828e-07
3.807283999e-06
2.833225308e-07
4.273440937e-06
1.095753261e-07
3.632414775e-06
1.717020463e-06
-4.127368895e-07
4.500907619e-07
-1.440026083e-06
1.892655705e-06
-2.935100665e-06
3.573808439e-06
-4.83674928e-06
5.462102962e-06
-7.140924218e-06
7.570392728e-06
-9.865022609e-06
9.886408087e-06
-1.302014589e-05
1.236691865e-05
-1.659384858e-05
1.494251387e-05
-2.054134576e-05
1.75191811e-05
-2.478437609e-05
1.997984506e-05
-2.921791436e-05
2.219308863e-05
-3.372312355e-05
2.402993178e-05
-3.818229078e-05
2.538249179e-05
-4.249083893e-05
2.617695195e-05
-4.656372203e-05
2.637730648e-05
-5.03367408e-05
2.59815621e-05
-5.376511656e-05
2.501418582e-05
-5.682128644e-05
2.351814442e-05
-5.949268977e-05
2.154787563e-05
-6.177944009e-05
1.916328326e-05
-6.369154291e-05
1.642480252e-05
-6.524563382e-05
1.338973546e-05
-6.646150058e-05
1.01098049e-05
-6.735851133e-05
6.629093838e-06
-6.795174202e-05
2.980124395e-06
-6.823876906e-05
-8.104596558e-07
-6.823702602e-05
-4.647997931e-06
-6.792421551e-05
-8.568114419e-06
-6.726887121e-05
-1.251624816e-05
-6.622499576e-05
-1.643908354e-05
-6.473037839e-05
-2.026900998e-05
-6.27094641e-05
-2.391423566e-05
-6.007892708e-05
-2.725405432e-05
-5.675845589e-05
-3.013431261e-05
-5.26872004e-05
-3.236897583e-05
-4.784539503e-05
-3.37486946e-05
-4.228017307e-05
-3.406166495e-05
-3.613043782e-05
-3.312760596e-05
-2.964022404e-05
-3.084764477e-05
-2.314945262e-05
-2.725955843e-05
-1.705085412e-05
-2.258239898e-05
-1.171337019e-05
-1.722164063e-05
-7.394885836e-06
-1.170850522e-05
-4.187247317e-06
-6.578276549e-06
-2.022014864e-06
-2.245835684e-06
-7.314606948e-07
1.043318086e-06
-9.908190693e-08
3.174905212e-06
9.474703288e-08
4.079611999e-06
6.273182894e-08
3.664429981e-06
1.779752292e-06
-5.659833531e-07
1.016074116e-06
-1.895102706e-06
3.221775059e-06
-3.75712737e-06
5.435833101e-06
-6.053700454e-06
7.758676046e-06
-8.765599035e-06
1.028229131e-05
-1.189932171e-05
1.302013077e-05
-1.545075264e-05
1.591834957e-05
-1.938655431e-05
1.887831555e-05
-2.36384626e-05
2.177108939e-05
-2.810731684e-05
2.44486993e-05
-3.267462398e-05
2.676039578e-05
-3.721777463e-05
2.857308242e-05
-4.162371158e-05
2.978842875e-05
-4.579751974e-05
3.03507601e-05
-4.966578195e-05
3.024556869e-05
-5.317663496e-05
2.949241511e-05
-5.629875249e-05
2.813630334e-05
-5.901994563e-05
2.623933757e-05
-6.134505275e-05
2.387298275e-05
-6.329282777e-05
2.111105828e-05
-6.489195385e-05
1.80239286e-05
-6.61766362e-05
1.46744178e-05
-6.718240699e-05
1.111557569e-05
-6.794283063e-05
7.389517472e-06
-6.84874699e-05
3.524763663e-06
-6.882489005e-05
-4.730395059e-07
-6.897482038e-05
-4.498067596e-06
-6.892601022e-05
-8.616924586e-06
-6.865398573e-05
-1.278827264e-05
-6.81156823e-05
-1.697738698e-05
-6.724581401e-05
-2.113887828e-05
-6.595640451e-05
-2.520364515e-05
-6.413868935e-05
-2.907176948e-05
-6.166992628e-05
-3.260307568e-05
-5.842701819e-05
-3.561188392e-05
-5.430847442e-05
-3.786723837e-05
-4.926551308e-05
-3.910462629e-05
-4.333878344e-05
-3.90543356e-05
-3.669493565e-05
-3.749149256e-05
-2.964706e-05
-3.430743408e-05
-2.263757294e-05
-2.959188604e-05
-1.616736892e-05
-2.369184465e-05
-1.06759114e-05
-1.719996274e-05
-6.419880696e-06
-1.083430726e-05
-3.423567236e-06
-5.242149143e-06
-1.530640375e-06
-8.496087731e-07
-4.950655438e-07
2.13933038e-06
-5.565453532e-08
3.640200994e-06
3.472363963e-08
3.574051805e-06
1.814475934e-06
-7.203126701e-07
1.736386785e-06
-2.343008651e-06
4.844471041e-06
-4.551390031e-06
7.644214482e-06
-7.209441564e-06
1.041672758e-05
-1.028129467e-05
1.335414442e-05
-1.375983791e-05
1.649867401e-05
-1.762320225e-05
1.978171391e-05
-2.181669512e-05
2.307180841e-05
-2.625132582e-05
2.62057201e-05
-3.081260993e-05
2.900998341e-05
-3.53750633e-05
3.132284915e-05
-3.981724771e-05
3.301526683e-05
-4.40329903e-05
3.400417133e-05
-4.793736561e-05
3.425513541e-05
-5.146884366e-05
3.377704675e-05
-5.458973171e-05
3.261330316e-05
-5.728565942e-05
3.083223105e-05
-5.956372794e-05
2.851740608e-05
-6.144897268e-05
2.575822748e-05
-6.297949593e-05
2.264158154e-05
-6.420108433e-05
1.9245517e-05
-6.516208021e-05
1.563541368e-05
-6.590908604e-05
1.186258152e-05
-6.648434784e-05
7.964779264e-06
-6.692627428e-05
3.966690104e-06
-6.725488132e-05
-1.444324606e-07
-6.748872013e-05
-4.264228792e-06
-6.762655771e-05
-8.479087004e-06
-6.765695614e-05
-1.275787421e-05
-6.754804976e-05
-1.708629336e-05
-6.724416672e-05
-2.144276132e-05
-6.666189136e-05
-2.578592051e-05
-6.56875795e-05
-3.004608134e-05
-6.417795015e-05
-3.411270503e-05
-6.196726739e-05
-3.782256668e-05
-5.888402678e-05
-4.095047898e-05
-5.478028845e-05
-4.320836462e-05
-4.957442125e-05
-4.42602028e-05
-4.330400259e-05
-4.376191122e-05
-3.61773977e-05
-4.143403897e-05
-2.860243024e-05
-3.716685351e-05
-2.115454131e-05
-3.113973358e-05
-1.445957849e-05
-2.389492556e-05
-9.011354814e-06
-1.628253094e-05
-5.020025177e-06
-9.23347878e-06
-2.401132093e-06
-3.468501856e-06
-8.947849021e-07
6.329831881e-07
-1.877431346e-07
2.933159228e-06
1.881864224e-08
3.367490028e-06
1.833294578e-06
-8.652085959e-07
2.601595382e-06
-2.756501919e-06
6.735764364e-06
-5.273110533e-06
1.01608231e-05
-8.241945675e-06
1.338556272e-05
-1.160918749e-05
1.672138623e-05
-1.535217536e-05
2.024166188e-05
-1.943049155e-05
2.38600301e-05
-2.376975572e-05
2.741107258e-05
-2.826448174e-05
3.070044612e-05
-3.279041067e-05
3.353591234e-05
-3.72200687e-05
3.575250717e-05
-4.143646979e-05
3.723166793e-05
-4.534218559e-05
3.790988713e-05
-4.886414088e-05
3.77770907e-05
-5.19558625e-05
3.686876837e-05
-5.45981255e-05
3.525556615e-05
-5.679759639e-05
3.303170195e-05
-5.858300216e-05
3.030281184e-05
-5.999927401e-05
2.717449933e-05
-6.1100871e-05
2.374317853e-05
-6.194554865e-05
2.009019464e-05
-6.258940039e-05
1.627926542e-05
-6.308341335e-05
1.235659448e-05
-6.347129548e-05
8.352661388e-06
-6.378904372e-05
4.284438347e-06
-6.407980734e-05
1.463311608e-07
-6.433273185e-05
-4.011304287e-06
-6.457161991e-05
-8.24019895e-06
-6.47956173e-05
-1.253387681e-05
-6.498703615e-05
-1.689487451e-05
-6.510864935e-05
-2.132114812e-05
-6.509631532e-05
-2.579825454e-05
-6.485245676e-05
-3.02899399e-05
-6.424017007e-05
-3.472499172e-05
-6.308189605e-05
-3.89808407e-05
-6.116640736e-05
-4.286596767e-05
-5.826926971e-05
-4.610550227e-05
-5.419134944e-05
-4.833812306e-05
-4.881739575e-05
-4.913586492e-05
-4.219017738e-05
-4.806125734e-05
-3.458261544e-05
-4.477441544e-05
-2.653303471e-05
-3.918931432e-05
-1.878367216e-05
-3.164428811e-05
-1.208709705e-05
-2.297910604e-05
-6.942390179e-06
-1.437818565e-05
-3.443405957e-06
-6.967486078e-06
-1.361118811e-06
-1.449303957e-06
-3.349555766e-07
1.906995991e-06
3.856561455e-09
3.028677892e-06
1.837151139e-06
-9.902355975e-07
3.591830978e-06
-3.109577188e-06
8.855105954e-06
-5.88123091e-06
1.293247682e-05
-9.096614104e-06
1.660094592e-05
-1.268286455e-05
2.030763669e-05
-1.660077509e-05
2.415957242e-05
-2.079219303e-05
2.805144804e-05
-2.516620284e-05
3.178508239e-05
-2.960563242e-05
3.51398757e-05
-3.398154488e-05
3.79118248e-05
-3.816867419e-05
3.993963649e-05
-4.205758858e-05
4.112058232e-05
-4.556260354e-05
4.141490209e-05
-4.862632359e-05
4.084081074e-05
-5.122183647e-05
3.946428126e-05
-5.335229808e-05
3.738602776e-05
-5.504725535e-05
3.472665922e-05
-5.635604129e-05
3.161159777e-05
-5.733970541e-05
2.815816346e-05
-5.806323613e-05
2.446670925e-05
-5.858936709e-05
2.061632559e-05
-5.89745182e-05
1.666441654e-05
-5.9266736e-05
1.264881228e-05
-5.950516397e-05
8.591089355e-06
-5.972119839e-05
4.500472767e-06
-5.995299267e-05
3.781254467e-07
-6.01934805e-05
-3.77081646e-06
-6.046705989e-05
-7.966619562e-06
-6.078162679e-05
-1.22193099e-05
-6.113436164e-05
-1.654213967e-05
-6.150897272e-05
-2.094653704e-05
-6.18681675e-05
-2.543905976e-05
-6.214462629e-05
-3.001348111e-05
-6.223044865e-05
-3.463916937e-05
-6.196779125e-05
-3.924349809e-05
-6.114462286e-05
-4.368913606e-05
-5.950156687e-05
-4.774855826e-05
-5.675715549e-05
-5.108253445e-05
-5.265853637e-05
-5.323448404e-05
-4.70611318e-05
-5.36586619e-05
-4.003088747e-05
-5.180465978e-05
-3.194206871e-05
-4.727813307e-05
-2.351241377e-05
-4.007394305e-05
-1.568038954e-05
-3.081113027e-05
-9.29077692e-06
-2.076779827e-05
-4.750699293e-06
-1.150756371e-05
-1.958769332e-06
-4.241233915e-06
-5.31168748e-07
4.793954048e-07
-2.138962522e-08
2.518898771e-06
1.815761512e-06
-1.085920716e-06
4.677751694e-06
-3.379730176e-06
1.114891541e-05
-6.341730121e-06
1.589447676e-05
-9.730288379e-06
1.998950417e-05
-1.345272951e-05
2.403007781e-05
-1.745326701e-05
2.816010992e-05
-2.165812183e-05
3.225630287e-05
-2.596388956e-05
3.609085011e-05
-3.024669719e-05
3.942268333e-05
-3.437771186e-05
4.204283947e-05
-3.823782573e-05
4.379975036e-05
-4.172882973e-05
4.461158633e-05
-4.478075541e-05
4.446682777e-05
-4.735611032e-05
4.341616565e-05
-4.945097178e-05
4.155914273e-05
-5.109216121e-05
3.902721718e-05
-5.233048902e-05
3.596498703e-05
-5.323154524e-05
3.251265399e-05
-5.386624799e-05
2.879286622e-05
-5.430300736e-05
2.490346861e-05
-5.460247329e-05
2.091579153e-05
-5.481497202e-05
1.687691527e-05
-5.498016761e-05
1.281400787e-05
-5.512844024e-05
8.739361974e-06
-5.528371977e-05
4.655752296e-06
-5.546742167e-05
5.618273472e-07
-5.568616965e-05
-3.552068472e-06
-5.595521551e-05
-7.697573702e-06
-5.628651058e-05
-1.188801484e-05
-5.668833927e-05
-1.614031098e-05
-5.716220131e-05
-2.0472675e-05
-5.769697007e-05
-2.4904291e-05
-5.825968657e-05
-2.94507646e-05
-5.878314683e-05
-3.411570911e-05
-5.91513205e-05
-3.887532442e-05
-5.918553828e-05
-4.365491828e-05
-5.863703998e-05
-4.829705657e-05
-5.71941737e-05
-5.252540073e-05
-5.451464312e-05
-5.591401462e-05
-5.029304987e-05
-5.788025515e-05
-4.436895076e-05
-5.772875889e-05
-3.686569152e-05
-5.478139232e-05
-2.831649212e-05
-4.862314245e-05
-1.96791986e-05
-3.94484238e-05
-1.209157957e-05
-2.835541729e-05
-6.386236788e-06
-1.721290649e-05
-2.738035357e-06
-7.889435346e-06
-8.033804115e-07
-1.45525954e-06
-6.5043333e-08
1.780561693e-06
1.75071818e-06
-1.144762256e-06
5.822513949e-06
-3.549832696e-06
1.355398585e-05
-6.629960534e-06
1.89746046e-05
-1.011372266e-05
2.34732663e-05
-1.388827012e-05
2.780462528e-05
-1.788205412e-05
3.215389392e-05
-2.200870179e-05
3.638295053e-05
-2.615687368e-05
4.0239022e-05
-3.020092075e-05
4.346673041e-05
-3.401657114e-05
4.585848985e-05
-3.749488078e-05
4.727806e-05
-4.055268999e-05
4.766939554e-05
-4.313941569e-05
4.705355347e-05
-4.524023536e-05
4.551698532e-05
-4.687492951e-05
4.319383688e-05
-4.809190834e-05
4.024419601e-05
-4.895852745e-05
3.683160614e-05
-4.955014748e-05
3.310427403e-05
-4.994043968e-05
2.918315842e-05
-5.019450991e-05
2.515753884e-05
-5.036528683e-05
2.108656844e-05
-5.049280448e-05
1.700443291e-05
-5.060560504e-05
1.292680843e-05
-5.072342899e-05
8.857185926e-06
-5.086015184e-05
4.792475146e-06
-5.102670468e-05
7.283801819e-07
-5.122941117e-05
-3.349361981e-06
-5.147937574e-05
-7.447609136e-06
-5.178846708e-05
-1.157892349e-05
-5.217016735e-05
-1.575861071e-05
-5.263747256e-05
-2.000536979e-05
-5.319896479e-05
-2.434279876e-05
-5.385140594e-05
-2.879832346e-05
-5.456823828e-05
-3.339887676e-05
-5.528344716e-05
-3.816011554e-05
-5.587206461e-05
-4.306630083e-05
-5.613132046e-05
-4.803780072e-05
-5.57700486e-05
-5.288667258e-05
-5.44179073e-05
-5.726615592e-05
-5.166880949e-05
-6.062935297e-05
-4.717265942e-05
-6.222490895e-05
-4.078205984e-05
-6.11719919e-05
-3.273717639e-05
-5.66680259e-05
-2.381485376e-05
-4.837074643e-05
-1.526948787e-05
-3.690078318e-05
-8.366864574e-06
-2.411552979e-05
-3.72710223e-06
-1.252919769e-05
-1.16933407e-06
-4.013027698e-06
-1.327760841e-07
7.44003705e-07
1.617942097e-06
-1.161910383e-06
6.984424331e-06
-3.609239379e-06
1.600131485e-05
-6.731763539e-06
2.209712876e-05
-1.02323739e-05
2.697387666e-05
-1.39781663e-05
3.155041767e-05
-1.788331542e-05
3.605904304e-05
-2.185243076e-05
4.035206588e-05
-2.577087456e-05
4.415746581e-05
-2.951590042e-05
4.721175626e-05
-3.297190523e-05
4.931449467e-05
-3.604372742e-05
5.034988219e-05
-3.866634659e-05
5.029201471e-05
-4.081066089e-05
4.919786777e-05
-4.248473638e-05
4.71910608e-05
-4.372970516e-05
4.443880566e-05
-4.461070665e-05
4.112519751e-05
-4.520510382e-05
3.74260033e-05
-4.559099337e-05
3.349016358e-05
-4.583836458e-05
2.943052963e-05
-4.600394318e-05
2.532311744e-05
-4.612958938e-05
2.121221464e-05
-4.624337727e-05
1.71182208e-05
-4.636236867e-05
1.304579984e-05
-4.649606239e-05
8.990879643e-06
-4.66495152e-05
4.945927958e-06
-4.682525906e-05
9.041240403e-07
-4.702730403e-05
-3.147317009e-06
-4.726180645e-05
-7.213106709e-06
-4.753859727e-05
-1.130213267e-05
-4.787179343e-05
-1.542541455e-05
-4.827923994e-05
-1.959792327e-05
-4.878070996e-05
-2.384132874e-05
-4.939329794e-05
-2.818573548e-05
-5.012273016e-05
-3.266944454e-05
-5.094897625e-05
-3.733386945e-05
-5.180567583e-05
-4.220960126e-05
-5.255474832e-05
-4.728872822e-05
-5.296179427e-05
-5.247962663e-05
-5.268332989e-05
-5.75446203e-05
-5.128168662e-05
-6.203099624e-05
-4.828701074e-05
-6.521958483e-05
-4.332465273e-05
-6.61343499e-05
-3.631438634e-05
-6.36782923e-05
-2.770875042e-05
-5.697638235e-05
-1.863772851e-05
-4.597180508e-05
-1.065402277e-05
-3.209923553e-05
-4.932901572e-06
-1.825031889e-05
-1.63693526e-06
-7.30899401e-06
-2.268574232e-07
-6.660741332e-07
1.391084674e-06
-1.135482413e-06
8.119906743e-06
-3.554107337e-06
1.841993978e-05
-6.643434799e-06
2.518645622e-05
-1.008571682e-05
3.041615869e-05
-1.372862183e-05
3.519332268e-05
-1.747392305e-05
3.980434426e-05
-2.122094346e-05
4.409908629e-05
-2.485619066e-05
4.779271301e-05
-2.826395098e-05
5.061951658e-05
-3.134076854e-05
5.239131223e-05
-3.400792234e-05
5.301703599e-05
-3.622009522e-05
5.250418759e-05
-3.79695342e-05
5.094730675e-05
-3.928477092e-05
4.850629751e-05
-4.022353187e-05
4.537756661e-05
-4.086129521e-05
4.176296084e-05
-4.127855902e-05
3.784326712e-05
-4.154994449e-05
3.376154905e-05
-4.173703003e-05
2.961761517e-05
-4.188529986e-05
2.547138726e-05
-4.20245047e-05
2.135141949e-05
-4.217127241e-05
1.726498851e-05
-4.233274228e-05
1.320726971e-05
-4.251024627e-05
9.168383626e-06
-4.270230129e-05
5.137982979e-06
-4.290608707e-05
1.10790982e-06
-4.312243624e-05
-2.930967839e-06
-4.335358557e-05
-6.981957381e-06
-4.36061524e-05
-1.104956584e-05
-4.389192677e-05
-1.513964018e-05
-4.422835521e-05
-1.926149484e-05
-4.463854609e-05
-2.343113786e-05
-4.514954405e-05
-2.767473753e-05
-4.578736345e-05
-3.203162515e-05
-4.656657473e-05
-3.655465817e-05
-4.747227362e-05
-4.130390236e-05
-4.843353741e-05
-4.632746444e-05
-4.929089932e-05
-5.162226471e-05
-4.976579268e-05
-5.706972694e-05
-4.944815195e-05
-6.234863697e-05
-4.782390242e-05
-6.684383436e-05
-4.436771052e-05
-6.95905418e-05
-3.872305207e-05
-6.932295075e-05
-3.097117915e-05
-6.472825527e-05
-2.191861304e-05
-5.502437119e-05
-1.314517667e-05
-4.087267191e-05
-6.340096334e-06
-2.505539923e-05
-2.207050678e-06
-1.144203967e-05
-3.483654507e-07
-2.524759359e-06
1.04271922e-06
-1.066525374e-06
9.186432116e-06
-3.387039394e-06
2.07404538e-05
-6.370760338e-06
2.817017716e-05
-9.685392242e-06
3.373079059e-05
-1.316031833e-05
3.866824877e-05
-1.668690357e-05
4.33309295e-05
-2.016270602e-05
4.757488874e-05
-2.347934004e-05
5.110934703e-05
-2.653147984e-05
5.367165637e-05
-2.92302837e-05
5.50901161e-05
-3.151475396e-05
5.530150625e-05
-3.335898979e-05
5.434842343e-05
-3.477428693e-05
5.236260388e-05
-3.580521361e-05
4.953722419e-05
-3.652005524e-05
4.609240824e-05
-3.699803243e-05
4.224093804e-05
-3.731677292e-05
3.81620076e-05
-3.754288911e-05
3.398766524e-05
-3.772691373e-05
2.980163979e-05
-3.790235567e-05
2.564682921e-05
-3.808773895e-05
2.153680276e-05
-3.829021956e-05
1.746746911e-05
-3.850957077e-05
1.342662093e-05
-3.874168598e-05
9.400498836e-06
-3.898115535e-05
5.37745235e-06
-3.922258898e-05
1.349343452e-06
-3.94640071e-05
-2.689549722e-06
-3.970511004e-05
-6.740854441e-06
-3.994932297e-05
-1.080535291e-05
-4.020476682e-05
-1.488419632e-05
-4.048530257e-05
-1.898095909e-05
-4.081172937e-05
-2.310471105e-05
-4.121235476e-05
-2.727411214e-05
-4.172161382e-05
-3.152236608e-05
-4.237446699e-05
-3.5901805e-05
-4.319349483e-05
-4.048487451e-05
-4.416565978e-05
-4.535529949e-05
-4.520786939e-05
-5.058005511e-05
-4.612580959e-05
-5.615178674e-05
-4.657843615e-05
-6.189601041e-05
-4.607165243e-05
-6.735061808e-05
-4.401038946e-05
-7.165180477e-05
-3.984098335e-05
-7.349235687e-05
-3.330723475e-05
-7.126200387e-05
-2.480446387e-05
-6.352714207e-05
-1.567368221e-05
-5.000345357e-05
-7.907384602e-06
-3.282169684e-05
-2.874139707e-06
-1.647528457e-05
-4.977683866e-07
-4.901130679e-06
5.449508329e-07
-9.58660823e-07
1.014509294e-05
-3.116177334e-06
2.289797031e-05
-5.927371221e-06
3.098137105e-05
-9.052614319e-06
3.685603369e-05
-1.230466511e-05
4.192029956e-05
-1.556634727e-05
4.659261166e-05
-1.873647389e-05
5.074501537e-05
-2.1714929e-05
5.408780214e-05
-2.440922349e-05
5.636595087e-05
-2.674639455e-05
5.742728715e-05
-2.868295515e-05
5.723806685e-05
-3.02104258e-05
5.587589407e-05
-3.135523901e-05
5.350741709e-05
-3.217251261e-05
5.035449779e-05
-3.273490355e-05
4.665479918e-05
-3.311959609e-05
4.262563058e-05
-3.339691344e-05
3.843932495e-05
-3.362287979e-05
3.421363159e-05
-3.383631362e-05
3.001507362e-05
-3.405970001e-05
2.587021559e-05
-3.430238954e-05
2.17794923e-05
-3.45646991e-05
1.772977866e-05
-3.484180414e-05
1.370372597e-05
-3.512678369e-05
9.685478389e-06
-3.541263088e-05
5.663299538e-06
-3.569332776e-05
1.630040336e-06
-3.596535269e-05
-2.417524795e-06
-3.622699225e-05
-6.47921488e-06
-3.647918345e-05
-1.055316171e-05
-3.672633724e-05
-1.463704252e-05
-3.697751478e-05
-1.872978156e-05
-3.724817519e-05
-2.283405065e-05
-3.756217359e-05
-2.696011374e-05
-3.795312203e-05
-3.113141765e-05
-3.846323476e-05
-3.539169227e-05
-3.91364628e-05
-3.981164647e-05
-4.000161229e-05
-4.449014999e-05
-4.104153628e-05
-4.954013113e-05
-4.214828928e-05
-5.504503373e-05
-4.307248185e-05
-6.097181784e-05
-4.33865386e-05
-6.703656134e-05
-4.249562652e-05
-7.254271685e-05
-3.973390192e-05
-7.625408147e-05
-3.458409692e-05
-7.641180887e-05
-2.703859859e-05
-7.107264041e-05
-1.803166993e-05
-5.901038223e-05
-9.561488004e-06
-4.129187876e-05
-3.625087139e-06
-2.241168543e-05
-6.744113733e-07
-7.851806447e-06
-1.294605393e-07
-8.175613389e-07
1.096265428e-05
-2.75402191e-06
2.483443088e-05
-5.332802879e-06
3.356015202e-05
-8.215336046e-06
3.973856686e-05
-1.119994746e-05
4.490491097e-05
-1.416246246e-05
4.955512666e-05
-1.700522787e-05
5.358778077e-05
-1.96386632e-05
5.672123747e-05
-2.198453507e-05
5.871182274e-05
-2.398584561e-05
5.942859769e-05
-2.561510194e-05
5.886732318e-05
-2.687800579e-05
5.713879792e-05
-2.781136033e-05
5.444077163e-05
-2.847520649e-05
5.101834395e-05
-2.894108422e-05
4.712067691e-05
-2.92797591e-05
4.296430545e-05
-2.95515899e-05
3.871115575e-05
-2.980121904e-05
3.446326073e-05
-3.005659117e-05
3.027044576e-05
-3.033112849e-05
2.614475292e-05
-3.062755238e-05
2.207591618e-05
-3.094199084e-05
1.804421713e-05
-3.126746117e-05
1.40291963e-05
-3.159631614e-05
1.001433335e-05
-3.192165915e-05
5.988642549e-06
-3.223800951e-05
1.946390697e-06
-3.254164692e-05
-2.113887387e-06
-3.283032359e-05
-6.190538201e-06
-3.310338909e-05
-1.028009622e-05
-3.336225924e-05
-1.437817237e-05
-3.361141195e-05
-1.848062885e-05
-3.386015715e-05
-2.258530545e-05
-3.412520922e-05
-2.669506167e-05
-3.443368171e-05
-3.082294515e-05
-3.482526341e-05
-3.500011058e-05
-3.535089006e-05
-3.928601982e-05
-3.606336405e-05
-4.3777676e-05
-3.699403461e-05
-4.860946057e-05
-3.811104591e-05
-5.392802243e-05
-3.926147635e-05
-5.982138741e-05
-4.011248635e-05
-6.618555133e-05
-4.012274896e-05
-7.253245425e-05
-3.859019545e-05
-7.778663497e-05
-3.482252722e-05
-8.01794771e-05
-2.847061489e-05
-7.742455273e-05
-2.001729585e-05
-6.746370127e-05
-1.119836781e-05
-5.01108068e-05
-4.43684413e-06
-2.917320911e-05
-8.76121115e-07
-1.141252946e-05
-1.005581654e-06
-6.50352352e-07
1.161300663e-05
-2.316174208e-06
2.650025273e-05
-4.610534975e-06
3.585451279e-05
-7.205548922e-06
4.233358081e-05
-9.887844292e-06
4.758720634e-05
-1.252735629e-05
5.219463866e-05
-1.503138454e-05
5.609180902e-05
-1.732219448e-05
5.901204741e-05
-1.9336257e-05
6.072588525e-05
-2.103163583e-05
6.112397652e-05
-2.239439056e-05
6.023007792e-05
-2.344050967e-05
5.818491703e-05
-2.421227387e-05
5.521253583e-05
-2.476957575e-05
5.157564584e-05
-2.51785289e-05
4.752963005e-05
-2.550065105e-05
4.32864276e-05
-2.578527411e-05
3.899577882e-05
-2.606622597e-05
3.474421258e-05
-2.636231712e-05
3.05665369e-05
-2.668028149e-05
2.646271729e-05
-2.701871331e-05
2.2414348e-05
-2.737182022e-05
1.839732404e-05
-2.773231524e-05
1.438969133e-05
-2.809323758e-05
1.037525569e-05
-2.844883333e-05
6.344238297e-06
-2.879477989e-05
2.292337257e-06
-2.912803657e-05
-1.780630707e-06
-2.944650344e-05
-5.87207133e-06
-2.97487443e-05
-9.977855361e-06
-3.003416796e-05
-1.409274871e-05
-3.030366313e-05
-1.821113368e-05
-3.056105104e-05
-2.232791754e-05
-3.081558572e-05
-2.6440527e-05
-3.108553938e-05
-3.055299149e-05
-3.140232963e-05
-3.468332033e-05
-3.181336017e-05
-3.887498927e-05
-3.237962439e-05
-4.321141178e-05
-3.316156295e-05
-4.782752201e-05
-3.418547341e-05
-5.290411198e-05
-3.538656676e-05
-5.862029405e-05
-3.653679837e-05
-6.503531972e-05
-3.718404159e-05
-7.188521103e-05
-3.665100801e-05
-7.831966855e-05
-3.415109296e-05
-8.267939215e-05
-2.907620894e-05
-8.249943675e-05
-2.148732562e-05
-7.50525846e-05
-1.269935883e-05
-5.889877358e-05
-5.275444451e-06
-3.659712349e-05
-1.09882282e-06
-1.558915109e-05
-2.104404478e-06
-4.650895018e-07
1.207809613e-05
-1.820130957e-06
2.785529419e-05
-3.786228356e-06
3.782061018e-05
-6.057000981e-06
4.460435343e-05
-8.410617626e-06
4.994082299e-05
-1.07118423e-05
5.449586333e-05
-1.287344304e-05
5.825340977e-05
-1.482990686e-05
6.096851122e-05
-1.653205693e-05
6.242803533e-05
-1.79514314e-05
6.254335099e-05
-1.908472527e-05
6.136337179e-05
-1.99542217e-05
5.905441345e-05
-2.060321367e-05
5.586152781e-05
-2.108733441e-05
5.205976657e-05
-2.146428369e-05
4.790657934e-05
-2.178490689e-05
4.36070508e-05
-2.208765865e-05
3.929853058e-05
-2.239694143e-05
3.505349537e-05
-2.272454409e-05
3.089413956e-05
-2.307283761e-05
2.681101081e-05
-2.343842544e-05
2.277993583e-05
-2.381531314e-05
1.877421173e-05
-2.419714382e-05
1.477152201e-05
-2.457844427e-05
1.075655614e-05
-2.495507441e-05
6.720868437e-06
-2.532415142e-05
2.661414265e-06
-2.568365124e-05
-1.421130888e-06
-2.603202224e-05
-5.523700323e-06
-2.636767416e-05
-9.642203447e-06
-2.668893463e-05
-1.377148824e-05
-2.699432135e-05
-1.790574696e-05
-2.728353473e-05
-2.203870416e-05
-2.75594967e-05
-2.616456503e-05
-2.783176073e-05
-3.028072747e-05
-2.812131959e-05
-3.439376147e-05
-2.846593499e-05
-3.853037387e-05
-2.892315701e-05
-4.275418976e-05
-2.956505956e-05
-4.718561946e-05
-3.045550898e-05
-5.201366256e-05
-3.16008378e-05
-5.747496523e-05
-3.28736098e-05
-6.376254772e-05
-3.392921655e-05
-7.082960428e-05
-3.415954938e-05
-7.808933572e-05
-3.275239137e-05
-8.408655015e-05
-2.89226618e-05
-8.632916633e-05
-2.237239916e-05
-8.160284724e-05
-1.395521404e-05
-6.73159587e-05
-6.097584206e-06
-4.445475333e-05
-1.335684239e-06
-2.035105106e-05
-3.440088717e-06
-2.716673587e-07
1.234976349e-05
-1.283956957e-06
2.886758379e-05
-2.886296364e-06
3.942294959e-05
-4.803458897e-06
4.652151597e-05
-6.809109563e-06
5.194647365e-05
-8.763353799e-06
5.645010757e-05
-1.058403001e-05
6.007408598e-05
-1.221744526e-05
6.260192648e-05
-1.362781827e-05
6.383840833e-05
-1.479820161e-05
6.371373433e-05
-1.573294824e-05
6.229811841e-05
-1.645699229e-05
5.97784575e-05
-1.701095714e-05
5.641549266e-05
-1.744321771e-05
5.249202713e-05
-1.780129269e-05
4.826465432e-05
-1.812501133e-05
4.393076944e-05
-1.844285568e-05
3.961637493e-05
-1.877153546e-05
3.538217514e-05
-1.911789377e-05
3.124049787e-05
-1.948193451e-05
2.717505154e-05
-1.98599092e-05
2.315791053e-05
-2.024678845e-05
1.916109098e-05
-2.063785574e-05
1.51625893e-05
-2.102946992e-05
1.114817032e-05
-2.141920737e-05
7.110605884e-06
-2.180562138e-05
3.047828275e-06
-2.218775168e-05
-1.039000581e-06
-2.256472724e-05
-5.146724769e-06
-2.293519582e-05
-9.27173487e-06
-2.329710861e-05
-1.340957544e-05
-2.364770834e-05
-1.755514723e-05
-2.398406557e-05
-2.170234693e-05
-2.430450659e-05
-2.584412401e-05
-2.461140191e-05
-2.997383214e-05
-2.491573705e-05
-3.408942633e-05
-2.524337887e-05
-3.820273205e-05
-2.564150537e-05
-4.235606327e-05
-2.618057533e-05
-4.664654949e-05
-2.694279092e-05
-5.125144697e-05
-2.798471726e-05
-5.643303889e-05
-2.926562601e-05
-6.248163898e-05
-3.055108145e-05
-6.954414884e-05
-3.133075479e-05
-7.730966238e-05
-3.082058133e-05
-8.459672361e-05
-2.813220672e-05
-8.901754093e-05
-2.268466954e-05
-8.705038442e-05
-1.489128975e-05
-7.510933848e-05
-6.857166237e-06
-5.248887685e-05
-1.576733964e-06
-2.563148334e-05
-5.016822679e-06
-7.380853001e-08
1.242357202e-05
-7.247253163e-07
2.951850057e-05
-1.937114082e-06
4.063533836e-05
-3.477535579e-06
4.806193746e-05
-5.121462356e-06
5.359040043e-05
-6.724804852e-06
5.805345007e-05
-8.209188269e-06
6.15584694e-05
-9.531639524e-06
6.392437773e-05
-1.066842898e-05
6.497519779e-05
-1.161211095e-05
6.46574163e-05
-1.237201518e-05
6.305802264e-05
-1.297272595e-05
6.037916827e-05
-1.344944475e-05
5.689221146e-05
-1.384135117e-05
5.288393355e-05
-1.418499603e-05
4.860829919e-05
-1.45095597e-05
4.425533311e-05
-1.483480196e-05
3.994161718e-05
-1.517145515e-05
3.571882834e-05
-1.552319814e-05
3.159224086e-05
-1.588920731e-05
2.754106071e-05
-1.626651989e-05
2.353522311e-05
-1.6651778e-05
1.954634909e-05
-1.704223757e-05
1.555304888e-05
-1.743615061e-05
1.154208336e-05
-1.783271006e-05
7.50716534e-06
-1.823174636e-05
3.446864575e-06
-1.863325364e-05
-6.374933053e-07
-1.903702488e-05
-4.742953536e-06
-1.944211517e-05
-8.866644571e-06
-1.984654472e-05
-1.300514589e-05
-2.02470962e-05
-1.715459575e-05
-2.063948119e-05
-2.130996194e-05
-2.101917822e-05
-2.546442698e-05
-2.138343884e-05
-2.960957152e-05
-2.173508845e-05
-3.373777672e-05
-2.208858351e-05
-3.784923698e-05
-2.24779406e-05
-4.196670618e-05
-2.296365368e-05
-4.616083641e-05
-2.363089914e-05
-5.058420151e-05
-2.456574632e-05
-5.549819171e-05
-2.579459851e-05
-6.125278679e-05
-2.718499317e-05
-6.815375417e-05
-2.833758741e-05
-7.615706814e-05
-2.853546776e-05
-8.439884326e-05
-2.684945516e-05
-9.070355354e-05
-2.249046803e-05
-9.140937155e-05
-1.548098961e-05
-8.211881691e-05
-7.513218635e-06
-6.045664782e-05
-1.809395984e-06
-3.133530599e-05
-6.826218663e-06
1.207167586e-07
1.230285526e-05
-1.578024521e-07
2.979701978e-05
-9.643744603e-07
4.144191037e-05
-2.10959122e-06
4.920715423e-05
-3.382859047e-06
5.486366826e-05
-4.634459537e-06
5.930505056e-05
-5.788536817e-06
6.271254668e-05
-6.811348298e-06
6.494718921e-05
-7.689538108e-06
6.58533876e-05
-8.423258344e-06
6.539113654e-05
-9.02463938e-06
6.365940368e-05
-9.51572591e-06
6.08702548e-05
-9.924518844e-06
5.730100439e-05
-1.028000363e-05
5.323941833e-05
-1.060769089e-05
4.893598645e-05
-1.092685238e-05
4.45744946e-05
-1.124978884e-05
4.026455364e-05
-1.158271227e-05
3.605175177e-05
-1.192749759e-05
3.193702618e-05
-1.228355913e-05
2.789712226e-05
-1.264942459e-05
2.390108857e-05
-1.302377171e-05
1.992069621e-05
-1.340592675e-05
1.593520392e-05
-1.379595473e-05
1.193211134e-05
-1.4194491e-05
7.905701609e-06
-1.460244758e-05
3.854821155e-06
-1.502060814e-05
-2.193327507e-07
-1.544934377e-05
-4.314217907e-06
-1.588814147e-05
-8.427846869e-06
-1.633532194e-05
-1.255796542e-05
-1.678772189e-05
-1.67021958e-05
-1.724061148e-05
-2.085707235e-05
-1.768805666e-05
-2.50169818e-05
-1.812417919e-05
-2.9173449e-05
-1.85459971e-05
-3.331595881e-05
-1.895857244e-05
-3.743666164e-05
-1.938298223e-05
-4.154229639e-05
-1.986582502e-05
-4.567799363e-05
-2.048476392e-05
-4.99652626e-05
-2.133762834e-05
-5.464532729e-05
-2.249684107e-05
-6.009357406e-05
-2.391646206e-05
-6.673413319e-05
-2.530834939e-05
-7.476518081e-05
-2.604840698e-05
-8.365878567e-05
-2.521629127e-05
-9.153566924e-05
-2.188118579e-05
-9.474447703e-05
-1.573364176e-05
-8.826636094e-05
-8.036486734e-06
-6.815380284e-05
-2.02147297e-06
-3.735031975e-05
-8.847691635e-06
2.976240367e-07
1.200523123e-05
3.870804083e-07
2.970756341e-05
1.487224324e-08
4.181411853e-05
-7.285362584e-07
4.995056273e-05
-1.6253973e-06
5.57605293e-05
-2.526048174e-06
6.020570143e-05
-3.356396674e-06
6.354289518e-05
-4.089284126e-06
6.568007666e-05
-4.719889434e-06
6.64839929e-05
-5.254468394e-06
6.592571549e-05
-5.706490208e-06
6.411142549e-05
-6.094174739e-06
6.125793933e-05
-6.437455079e-06
5.764428473e-05
-6.754845588e-06
5.355680884e-05
-7.061182884e-06
4.924232374e-05
-7.366674371e-06
4.487998608e-05
-7.677201964e-06
4.057508124e-05
-7.995585301e-06
3.637013511e-05
-8.322803723e-06
3.22642446e-05
-8.659133534e-06
2.823345207e-05
-9.004950104e-06
2.424690514e-05
-9.361098366e-06
2.027684447e-05
-9.728946951e-06
1.630305251e-05
-1.011025229e-05
1.231341668e-05
-1.050692959e-05
8.302378905e-06
-1.092078804e-05
4.268679608e-06
-1.135335132e-05
2.132305264e-07
-1.180531637e-05
-3.862252856e-06
-1.227666589e-05
-7.956497345e-06
-1.276608419e-05
-1.206854712e-05
-1.327073213e-05
-1.619754787e-05
-1.378601318e-05
-2.03417913e-05
-1.430560274e-05
-2.449739224e-05
-1.482210308e-05
-2.865694866e-05
-1.532897154e-05
-3.280909035e-05
-1.582445254e-05
-3.694118064e-05
-1.631864726e-05
-4.104810168e-05
-1.684373652e-05
-4.515290437e-05
-1.74640022e-05
-4.934499692e-05
-1.82757306e-05
-5.383359889e-05
-1.93776681e-05
-5.899163656e-05
-2.07910104e-05
-6.532079089e-05
-2.233058226e-05
-7.322560894e-05
-2.347803157e-05
-8.251133636e-05
-2.33585655e-05
-9.165513531e-05
-2.095638208e-05
-9.714666045e-05
-1.569177538e-05
-9.353096764e-05
-8.418778625e-06
-7.54267996e-05
-2.205416051e-06
-4.356368233e-05
-1.105310768e-05
4.576380335e-07
1.154759319e-05
9.05983068e-07
2.925921838e-05
9.533558062e-07
4.176674579e-05
6.333457569e-07
5.027057278e-05
1.208847417e-07
5.627299032e-05
-4.311791817e-07
6.075776535e-05
-9.444585024e-07
6.40561745e-05
-1.395220897e-06
6.613083906e-05
-1.785280385e-06
6.687405239e-05
-2.125725255e-06
6.626616036e-05
-2.430600497e-06
6.441630073e-05
-2.71403078e-06
6.154136961e-05
-2.988055335e-06
5.791830929e-05
-3.261140239e-06
5.382989375e-05
-3.538055341e-06
4.951923885e-05
-3.820719717e-06
4.516265046e-05
-4.109153359e-06
4.086351488e-05
-4.403574472e-06
3.666455622e-05
-4.704488973e-06
3.256515911e-05
-5.013287618e-06
2.854225071e-05
-5.332291409e-06
2.456590894e-05
-5.664494144e-06
2.060904721e-05
-6.013224511e-06
1.665178288e-05
-6.381823335e-06
1.26820155e-05
-6.773378102e-06
8.693933672e-06
-7.190520584e-06
4.68582209e-06
-7.635295192e-06
6.580051345e-07
-8.108866881e-06
-3.388681168e-06
-8.61153592e-06
-7.453828307e-06
-9.142379255e-06
-1.153770379e-05
-9.699000368e-06
-1.564092676e-05
-1.027724837e-05
-1.976354329e-05
-1.087105361e-05
-2.390358701e-05
-1.147266056e-05
-2.80553417e-05
-1.207378752e-05
-3.220796339e-05
-1.266836289e-05
-3.634660527e-05
-1.325821346e-05
-4.04582511e-05
-1.386268246e-05
-4.454843537e-05
-1.453061675e-05
-4.867706262e-05
-1.534806295e-05
-5.30161527e-05
-1.642375061e-05
-5.791594889e-05
-1.782603241e-05
-6.39185091e-05
-1.945878486e-05
-7.159285649e-05
-2.091133037e-05
-8.105879086e-05
-2.138045573e-05
-9.118600995e-05
-1.981232759e-05
-9.871478859e-05
-1.541459864e-05
-9.792869659e-05
-8.660142153e-06
-8.218125608e-05
-2.358818334e-06
-4.986500615e-05
-1.341192602e-05
5.957924727e-07
1.095180072e-05
1.385250547e-06
2.84697603e-05
1.857249112e-06
4.129474723e-05
1.955982001e-06
5.017183989e-05
1.829464742e-06
5.639950757e-05
1.627284593e-06
6.09599455e-05
1.428622935e-06
6.425483616e-05
1.254938172e-06
6.630452382e-05
1.100305215e-06
6.702868534e-05
9.509078752e-07
6.64155577e-05
7.934689198e-07
6.457373969e-05
6.184964449e-07
6.171634209e-05
4.214621089e-07
5.811534362e-05
2.026434681e-07
5.404871239e-05
-3.396489217e-08
4.975584721e-05
-2.828646717e-07
4.541155024e-05
-5.399908438e-07
4.112064105e-05
-8.023179208e-07
3.69268833e-05
-1.069804998e-06
3.283264618e-05
-1.344911615e-06
2.881735733e-05
-1.631774982e-06
2.48527723e-05
-1.935399205e-06
2.091267143e-05
-2.260967401e-06
1.697735107e-05
-2.613335173e-06
1.303438327e-05
-2.996720671e-06
9.07731917e-06
-3.41454763e-06
5.103649048e-06
-3.869382815e-06
1.112840319e-06
-4.362795898e-06
-2.895268086e-06
-4.895413062e-06
-6.921211144e-06
-5.466687571e-06
-1.096642928e-05
-6.074706961e-06
-1.503290737e-05
-6.715919843e-06
-1.912233041e-05
-7.384871702e-06
-2.323463514e-05
-8.074196447e-06
-2.736601696e-05
-8.775212616e-06
-3.150694722e-05
-9.479628125e-06
-3.564218976e-05
-1.018375254e-05
-3.975412669e-05
-1.089667417e-05
-4.383551373e-05
-1.165238117e-05
-4.792135563e-05
-1.252206242e-05
-5.214647145e-05
-1.361227402e-05
-5.682573729e-05
-1.502007671e-05
-6.251070641e-05
-1.672130499e-05
-6.98916282e-05
-1.840781984e-05
-7.937227601e-05
-1.936381855e-05
-9.023001124e-05
-1.853424594e-05
-9.95443612e-05
-1.496259183e-05
-0.0001015003507
-8.772130106e-06
-8.837171781e-05
-2.482647083e-06
-5.615448917e-05
-1.58945731e-05
7.085819492e-07
1.024321877e-05
1.810747219e-06
2.736759503e-05
2.694670206e-06
4.041082424e-05
3.214192991e-06
4.965231711e-05
3.475101994e-06
5.613859857e-05
3.620656507e-06
6.081439098e-05
3.734947076e-06
6.414054559e-05
3.840191377e-06
6.619927952e-05
3.926389025e-06
6.694248769e-05
3.975639897e-06
6.636630683e-05
3.974087871e-06
6.457529171e-05
3.916061703e-06
6.177436826e-05
3.804345919e-06
5.822705941e-05
3.648239549e-06
5.420481876e-05
3.460226014e-06
4.994386074e-05
3.252547181e-06
4.561922907e-05
3.034753434e-06
4.13384348e-05
2.811586287e-06
3.715005045e-05
2.583408603e-06
3.306082387e-05
2.34694268e-06
2.905382326e-05
2.096507748e-06
2.510320724e-05
1.825297434e-06
2.118388174e-05
1.526413343e-06
1.727623516e-05
1.193549661e-06
1.336724696e-05
8.213601475e-07
9.449508685e-06
4.056006052e-07
5.519408592e-06
-5.685596891e-08
1.575296894e-06
-5.681072195e-07
-2.384016835e-06
-1.129043289e-06
-6.360275075e-06
-1.739515798e-06
-1.035595677e-05
-2.398125734e-06
-1.437429743e-05
-3.102038081e-06
-1.841841806e-05
-3.846665314e-06
-2.249000791e-05
-4.625156012e-06
-2.658752626e-05
-5.429735082e-06
-3.070236815e-05
-6.251359449e-06
-3.48205654e-05
-7.083136603e-06
-3.892234954e-05
-7.926725507e-06
-4.299192483e-05
-8.803343785e-06
-4.704473736e-05
-9.768037519e-06
-5.118177771e-05
-1.091692575e-05
-5.567684906e-05
-1.236019967e-05
-6.106743249e-05
-1.41278106e-05
-6.812401727e-05
-1.600452978e-05
-7.749555684e-05
-1.736943194e-05
-8.886510908e-05
-1.719376511e-05
-9.972002803e-05
-1.439843607e-05
-0.0001042956797
-8.794006179e-06
-9.39761477e-05
-2.58278461e-06
-6.236571074e-05
-1.847735771e-05
7.937559925e-07
9.44946278e-06
2.171132097e-06
2.599021893e-05
3.446439392e-06
3.913551694e-05
4.381768229e-06
4.871698827e-05
5.030505501e-06
5.54898613e-05
5.523045546e-06
6.032185094e-05
5.947189532e-06
6.37164016e-05
6.328710401e-06
6.581775865e-05
6.656806485e-06
6.661439161e-05
6.911159649e-06
6.611195366e-05
7.077191704e-06
6.440925966e-05
7.151630632e-06
6.169992933e-05
7.142482329e-06
5.823620771e-05
7.065877413e-06
5.428142367e-05
6.941438372e-06
5.006829978e-05
6.787625911e-06
4.577304153e-05
6.618324545e-06
4.150773617e-05
6.441160378e-06
3.732721462e-05
6.257543868e-06
3.324444038e-05
6.0639228e-06
2.924744432e-05
5.853520848e-06
2.531360919e-05
5.618048404e-06
2.141935419e-05
5.349062182e-06
1.754522139e-05
5.038856986e-06
1.367745215e-05
4.680929727e-06
9.807435945e-06
4.270134151e-06
5.930204168e-06
3.802652852e-06
2.042778192e-06
3.275953398e-06
-1.857317382e-06
2.688698469e-06
-5.773020147e-06
2.040617348e-06
-9.70787565e-06
1.332638466e-06
-1.366631855e-05
5.670484647e-07
-1.765282806e-05
-2.525879275e-07
-2.167037152e-05
-1.122020509e-06
-2.571809368e-05
-2.033158048e-06
-2.979123061e-05
-2.977861288e-06
-3.387586216e-05
-3.947168972e-06
-3.795304186e-05
-4.938527833e-06
-4.200056597e-05
-5.963116472e-06
-4.602014872e-05
-7.06040216e-06
-5.008449202e-05
-8.311381735e-06
-5.442586948e-05
-9.827366838e-06
-5.955144739e-05
-1.167549416e-05
-6.627588995e-05
-1.37209009e-05
-7.545015009e-05
-1.543909483e-05
-8.714691515e-05
-1.584782025e-05
-9.931130261e-05
-1.378041104e-05
-0.0001063630889
-8.766552756e-06
-9.899000598e-05
-2.671743045e-06
-6.846052045e-05
-2.114910075e-05
8.505391593e-07
8.598923619e-06
2.458166751e-06
2.438259134e-05
4.094725699e-06
3.749895799e-05
5.43417488e-06
4.737753908e-05
6.468606471e-06
5.44554297e-05
7.307718257e-06
5.948273915e-05
8.041199787e-06
6.298292007e-05
8.700341696e-06
6.515861674e-05
9.275891366e-06
6.603884194e-05
9.746093016e-06
6.564175201e-05
1.00950819e-05
6.406027078e-05
1.032038341e-05
6.147462782e-05
1.043321366e-05
5.812337746e-05
1.04546751e-05
5.425996224e-05
1.041009438e-05
5.01128805e-05
1.032337605e-05
4.585975986e-05
1.0212867e-05
4.161824522e-05
1.008927855e-05
3.745080307e-05
9.955695519e-06
3.337802341e-05
9.809001344e-06
2.93941385e-05
9.641948056e-06
2.548066247e-05
9.445223986e-06
2.161607826e-05
9.209120904e-06
1.778132447e-05
8.924650788e-06
1.396192227e-05
8.58414866e-06
1.014793807e-05
8.181489882e-06
6.332862945e-06
7.712072725e-06
2.512195348e-06
7.17265928e-06
-1.317903938e-06
6.561457656e-06
-5.161818523e-06
5.877596398e-06
-9.024014391e-06
5.121318061e-06
-1.291004021e-05
4.293925725e-06
-1.682543572e-05
3.397973705e-06
-2.07744195e-05
2.437990991e-06
-2.475811097e-05
1.419388207e-06
-2.877262783e-05
3.498430273e-07
-3.280631698e-05
-7.655339561e-07
-3.683766487e-05
-1.91975295e-06
-4.084634697e-05
-3.115618268e-06
-4.48242834e-05
-4.377186301e-06
-4.882292399e-05
-5.770871916e-06
-5.303218387e-05
-7.399799969e-06
-5.792251933e-05
-9.353301978e-06
-6.432238794e-05
-1.156326973e-05
-7.324018235e-05
-1.359871541e-05
-8.511146947e-05
-1.453888573e-05
-9.837113229e-05
-1.315796245e-05
-0.0001077440122
-8.730843504e-06
-0.0001034171249
-2.768427923e-06
-7.442293604e-05
-2.391752867e-05
8.794554618e-07
7.719468156e-06
2.666128865e-06
2.259591794e-05
4.623450113e-06
3.554163675e-05
6.347386524e-06
4.565360267e-05
7.761736125e-06
5.30410801e-05
8.946638902e-06
5.829783637e-05
9.990065233e-06
6.193949374e-05
1.092981597e-05
6.4218866e-05
1.176036872e-05
6.520828919e-05
1.245959488e-05
6.494252585e-05
1.300980722e-05
6.351005843e-05
1.340765215e-05
6.107678289e-05
1.366539536e-05
5.786563425e-05
1.380702239e-05
5.41183352e-05
1.386194051e-05
5.005796239e-05
1.385856517e-05
4.586313519e-05
1.381945394e-05
4.165735646e-05
1.37587163e-05
3.751154071e-05
1.368176818e-05
3.345497152e-05
1.358672619e-05
2.948918049e-05
1.346662445e-05
2.560076421e-05
1.331172738e-05
2.177097533e-05
1.311146261e-05
1.798158924e-05
1.28557726e-05
1.421761229e-05
1.253589357e-05
1.04678171e-05
1.21446809e-05
6.724075618e-06
1.167662956e-05
2.980246691e-06
1.112757725e-05
-7.688516266e-07
1.049527487e-05
-4.529516146e-06
9.778011846e-06
-8.306751362e-06
8.975250788e-06
-1.210727915e-05
8.087362064e-06
-1.5937547e-05
7.115718565e-06
-1.9802776e-05
6.062905998e-06
-2.37052984e-05
4.932667978e-06
-2.764238981e-05
3.730189821e-06
-3.160383882e-05
2.463690892e-06
-3.557116594e-05
1.1394275e-06
-3.952208358e-05
-2.416579386e-07
-4.344319796e-05
-1.698923225e-06
-4.736565871e-05
-3.272917239e-06
-5.145818986e-05
-5.054840221e-06
-5.614059635e-05
-7.14456856e-06
-6.22326596e-05
-9.527138616e-06
-7.085761229e-05
-1.186040941e-05
-8.277819867e-05
-1.329558674e-05
-9.693595497e-05
-1.257094797e-05
-0.000108468651
-8.726762059e-06
-0.0001072613108
-2.897895226e-06
-8.025180287e-05
-2.68154239e-05
8.821220045e-07
6.837346152e-06
2.792055791e-06
2.068598415e-05
5.019091345e-06
3.331460119e-05
7.098076266e-06
4.357461775e-05
8.881131883e-06
5.125802449e-05
1.040953886e-05
5.67694294e-05
1.176393746e-05
6.058509514e-05
1.298819292e-05
6.299461053e-05
1.408238041e-05
6.41141017e-05
1.502533966e-05
6.399956661e-05
1.579730933e-05
6.273808876e-05
1.639244885e-05
6.048164338e-05
1.682177712e-05
5.743630597e-05
1.710981815e-05
5.383029418e-05
1.72881399e-05
4.987964064e-05
1.738841976e-05
4.576285534e-05
1.743691643e-05
4.160885978e-05
1.745128647e-05
3.749717067e-05
1.743986951e-05
3.346638848e-05
1.740283013e-05
2.952621987e-05
1.733432621e-05
2.566926814e-05
1.72249285e-05
2.188037304e-05
1.706374752e-05
1.814277022e-05
1.684000445e-05
1.444135535e-05
1.654400734e-05
1.076381421e-05
1.616762921e-05
7.100453753e-06
1.570445749e-05
3.44341841e-06
1.514900004e-05
-2.133941827e-07
1.449872215e-05
-3.879238258e-06
1.37506611e-05
-7.558690308e-06
1.290337306e-05
-1.125999112e-05
1.195608179e-05
-1.499025572e-05
1.09087356e-05
-1.875542982e-05
9.762118156e-06
-2.255868095e-05
8.518069269e-06
-2.639834092e-05
7.180032657e-06
-3.026580221e-05
5.753536678e-06
-3.414466996e-05
4.244756782e-06
-3.801330369e-05
2.657712404e-06
-4.185615358e-05
9.888173956e-07
-4.56967637e-05
-7.968790002e-07
-4.967249346e-05
-2.769456349e-06
-5.4168019e-05
-5.02872728e-06
-5.997338867e-05
-7.599952381e-06
-6.828638719e-05
-1.022422616e-05
-8.015392489e-05
-1.213282194e-05
-9.502735918e-05
-1.204776176e-05
-0.0001085537112
-8.789690876e-06
-0.0001105193817
-3.089862989e-06
-8.595163075e-05
-2.990528689e-05
8.610518596e-07
5.976294293e-06
2.835987963e-06
1.871104804e-05
5.271452511e-06
3.087913665e-05
7.664356223e-06
4.118171404e-05
9.797021286e-06
4.912535942e-05
1.16633705e-05
5.490308018e-05
1.332928564e-05
5.891918001e-05
1.484236576e-05
6.148153041e-05
1.620936624e-05
6.274710122e-05
1.74115747e-05
6.279735815e-05
1.842732672e-05
6.172233674e-05
1.924697535e-05
5.966199474e-05
1.987804009e-05
5.680524123e-05
2.034307468e-05
5.33652596e-05
2.06735805e-05
4.954913482e-05
2.090287931e-05
4.553355652e-05
2.106006187e-05
4.145167722e-05
2.116616587e-05
3.739106667e-05
2.123283911e-05
3.339971525e-05
2.126301838e-05
2.949604061e-05
2.125284329e-05
2.567944322e-05
2.119401721e-05
2.193919912e-05
2.107602277e-05
1.826076466e-05
2.088786215e-05
1.462951597e-05
2.061922074e-05
1.103245561e-05
2.026110335e-05
7.458571144e-06
1.980604369e-05
3.89847808e-06
1.924818599e-05
3.444635162e-07
1.858280278e-05
-3.213855043e-06
1.780655041e-05
-6.782437938e-06
1.691665374e-05
-1.037009445e-05
1.591093043e-05
-1.398453241e-05
1.478768667e-05
-1.763218606e-05
1.354579568e-05
-2.131678996e-05
1.21850043e-05
-2.503754954e-05
1.070652356e-05
-2.878732148e-05
9.113597597e-06
-3.2551744e-05
7.411615707e-06
-3.63113218e-05
5.606888975e-06
-4.005142685e-05
3.701031882e-06
-4.379090661e-05
1.676698004e-06
-4.764815958e-05
-5.210051092e-07
-5.197031589e-05
-2.981963063e-06
-5.751243072e-05
-5.762045449e-06
-6.55063048e-05
-8.678866256e-06
-7.723710409e-05
-1.10513525e-05
-9.265487294e-05
-1.160326084e-05
-0.0001080018028
-8.946765678e-06
-0.0001131758769
-3.375757769e-06
-9.152263866e-05
-3.328104466e-05
8.194080421e-07
5.156886252e-06
2.800922329e-06
1.672953375e-05
5.374374313e-06
2.830568466e-05
8.026839949e-06
3.85292484e-05
1.0479337e-05
4.667286237e-05
1.267237285e-05
5.271004433e-05
1.464850084e-05
5.694305202e-05
1.645455136e-05
5.967547989e-05
1.810367056e-05
6.109798201e-05
1.958084678e-05
6.132018193e-05
2.086308554e-05
6.044009798e-05
2.19360878e-05
5.858899249e-05
2.280188828e-05
5.593944075e-05
2.347856408e-05
5.26885838e-05
2.399509967e-05
4.903259924e-05
2.438447361e-05
4.514418257e-05
2.467730174e-05
4.11588491e-05
2.489741219e-05
3.717095622e-05
2.505980106e-05
3.323732637e-05
2.517067863e-05
2.938516304e-05
2.522892989e-05
2.562119196e-05
2.522823631e-05
2.19398927e-05
2.515924261e-05
1.832975836e-05
2.501138072e-05
1.477737785e-05
2.477418256e-05
1.126965378e-05
2.443807714e-05
7.794676561e-06
2.399474341e-05
4.341811808e-06
2.343752236e-05
9.016845681e-07
2.276001106e-05
-2.536343745e-06
2.19579496e-05
-5.980376479e-06
2.102706086e-05
-9.439205715e-06
1.99635069e-05
-1.292097846e-05
1.876373616e-05
-1.643241532e-05
1.742454042e-05
-1.997759421e-05
1.594339337e-05
-2.35564025e-05
1.431911435e-05
-2.716304245e-05
1.255275737e-05
-3.078538702e-05
1.06484948e-05
-3.440705923e-05
8.613555219e-06
-3.801648727e-05
6.454684308e-06
-4.163203569e-05
4.167456061e-06
-4.536093133e-05
1.716382164e-06
-4.951924199e-05
-9.780359524e-07
-5.48180126e-05
-3.986720118e-06
-6.249762064e-05
-7.20140222e-06
-7.402242198e-05
-1.003626611e-05
-8.982000905e-05
-1.123522974e-05
-0.0001068028392
-9.211785266e-06
-0.0001151993214
-3.784002395e-06
-9.695042154e-05
-3.706504705e-05
7.60690041e-07
4.396196211e-06
2.692386122e-06
1.479783767e-05
5.326159404e-06
2.567191138e-05
8.169815803e-06
3.5685592e-05
1.089888243e-05
4.394379575e-05
1.339867127e-05
5.021025548e-05
1.567991838e-05
5.466180491e-05
1.778203429e-05
5.757336398e-05
1.972231019e-05
5.915770611e-05
2.148990583e-05
5.955258629e-05
2.306124877e-05
5.886875504e-05
2.441709111e-05
5.723315014e-05
2.555247577e-05
5.480405609e-05
2.647871762e-05
5.176234194e-05
2.721977441e-05
4.829154245e-05
2.780600667e-05
4.455795032e-05
2.826781426e-05
4.06970415e-05
2.863074138e-05
3.680802911e-05
2.891272147e-05
3.295534628e-05
2.912338309e-05
2.917450142e-05
2.926489231e-05
2.547968274e-05
2.933365735e-05
2.187112766e-05
2.932228921e-05
1.834112651e-05
2.922139203e-05
1.487827503e-05
2.902095398e-05
1.147009183e-05
2.87112759e-05
8.104354648e-06
2.828347113e-05
4.769616575e-06
2.772974141e-05
1.455414284e-06
2.704267423e-05
-1.849276566e-06
2.621668663e-05
-5.154388872e-06
2.524580607e-05
-8.46832516e-06
2.412434897e-05
-1.179952135e-05
2.284673151e-05
-1.515479786e-05
2.140752255e-05
-1.853838526e-05
1.980183083e-05
-2.195071078e-05
1.802607764e-05
-2.538728926e-05
1.607916277e-05
-2.883847215e-05
1.396390399e-05
-3.229180045e-05
1.168803652e-05
-3.574061981e-05
9.262746087e-06
-3.920674526e-05
6.694601045e-06
-4.279278629e-05
3.966512037e-06
-4.679115299e-05
1.0166173e-06
-5.186811786e-05
-2.238864146e-06
-5.924213919e-05
-5.756685585e-06
-7.050460054e-05
-9.054969755e-06
-8.652172489e-05
-1.092028803e-05
-0.0001049375209
-9.579480092e-06
-0.0001165401293
-4.333747484e-06
-0.0001021961541
-4.139879454e-05
6.883323531e-07
3.707863858e-06
2.517474196e-06
1.296869582e-05
5.129278102e-06
2.306010747e-05
8.08211106e-06
3.273275904e-05
1.102869866e-05
4.099720814e-05
1.380344294e-05
4.743551121e-05
1.637835852e-05
5.208688934e-05
1.877729918e-05
5.517442332e-05
2.101706023e-05
5.691794506e-05
2.308996113e-05
5.747968539e-05
2.497232115e-05
5.698639502e-05
2.664008994e-05
5.556538136e-05
2.808043239e-05
5.336371364e-05
2.929607755e-05
5.054669678e-05
3.030362301e-05
4.7283997e-05
3.112842742e-05
4.37331459e-05
3.17986021e-05
4.002686683e-05
3.233986966e-05
3.626676155e-05
3.277218783e-05
3.252302811e-05
3.310828859e-05
2.883840066e-05
3.33537942e-05
2.523417713e-05
3.350835366e-05
2.17165682e-05
3.356723946e-05
1.828224072e-05
3.352296717e-05
1.492254732e-05
3.336666361e-05
1.162639539e-05
3.308905758e-05
8.381960679e-06
3.268107813e-05
5.177596024e-06
3.213412309e-05
2.002369319e-06
3.143948456e-05
-1.154638035e-06
3.059087961e-05
-4.30578392e-06
2.958025628e-05
-7.457701833e-06
2.840002618e-05
-1.061929126e-05
2.704250129e-05
-1.379727296e-05
2.549997254e-05
-1.699585651e-05
2.376519779e-05
-2.021593602e-05
2.18323117e-05
-2.345440317e-05
1.96982527e-05
-2.670441314e-05
1.736468799e-05
-2.995823574e-05
1.483990487e-05
-3.321583669e-05
1.213901894e-05
-3.650585933e-05
9.278412651e-06
-3.993218e-05
6.258461104e-06
-4.377120144e-05
3.035946562e-06
-4.864560332e-05
-4.783693281e-07
-5.57278233e-05
-4.296616904e-06
-6.668635297e-05
-8.054996366e-06
-8.276334543e-05
-1.060970976e-05
-0.0001023828075
-1.001960033e-05
-0.0001171302387
-5.027429111e-06
-0.0001071883254
-4.642622365e-05
6.051444069e-07
3.102719451e-06
2.283157784e-06
1.129068244e-05
4.788805808e-06
2.055445945e-05
7.756963824e-06
2.976460103e-05
1.084518808e-05
3.790898389e-05
1.38483387e-05
4.443236058e-05
1.669633197e-05
4.923889607e-05
1.938873745e-05
5.248201784e-05
2.193498192e-05
5.437170059e-05
2.432734375e-05
5.508732357e-05
2.654155395e-05
5.477218482e-05
2.854900225e-05
5.355793305e-05
3.032870434e-05
5.158401155e-05
3.187364473e-05
4.900175639e-05
3.319118172e-05
4.596646e-05
3.429944404e-05
4.262488358e-05
3.522205416e-05
3.910425671e-05
3.598303373e-05
3.550578198e-05
3.660298564e-05
3.19030762e-05
3.709693112e-05
2.834445519e-05
3.747366684e-05
2.485744141e-05
3.773623338e-05
2.145400165e-05
3.788301453e-05
1.813545957e-05
3.790904776e-05
1.489651409e-05
3.780725571e-05
1.172818744e-05
3.756941368e-05
8.619802708e-06
3.718685553e-05
5.560154172e-06
3.66506949e-05
2.538529956e-06
3.595028962e-05
-4.542327609e-07
3.508010182e-05
-3.435596113e-06
3.402943037e-05
-6.407030386e-06
3.278900886e-05
-9.378869754e-06
3.134910514e-05
-1.235736924e-05
2.969982763e-05
-1.534657901e-05
2.783176352e-05
-1.834787192e-05
2.573704871e-05
-2.135968836e-05
2.341106347e-05
-2.43784279e-05
2.085480687e-05
-2.740197914e-05
1.807751083e-05
-3.043854065e-05
1.509813317e-05
-3.352648167e-05
1.19418678e-05
-3.677591464e-05
8.624935014e-06
-4.045426865e-05
5.123511938e-06
-4.514418025e-05
1.352575221e-06
-5.195688659e-05
-2.757570925e-06
-6.257620682e-05
-6.963360697e-06
-7.855755565e-05
-1.022664568e-05
-9.911952254e-05
-1.047132078e-05
-0.0001168855636
-5.842605787e-06
-0.0001118170404
-5.226882944e-05
5.124092854e-07
2.590310166e-06
1.993552244e-06
9.809539486e-06
4.308948106e-06
1.823906358e-05
7.189949568e-06
2.688359956e-05
1.032817197e-05
3.477076148e-05
1.349692807e-05
4.126360448e-05
1.658571031e-05
4.615011384e-05
1.956216884e-05
4.950555931e-05
2.241958796e-05
5.151428148e-05
2.514467214e-05
5.236223938e-05
2.771035818e-05
5.220649879e-05
3.008324423e-05
5.118504699e-05
3.223431316e-05
4.943294262e-05
3.414638479e-05
4.708968477e-05
3.58164037e-05
4.429644109e-05
3.725350641e-05
4.118778087e-05
3.847479017e-05
3.788297294e-05
3.950058215e-05
3.447999e-05
4.035042886e-05
3.105322949e-05
4.104038303e-05
2.765450102e-05
4.158165542e-05
2.431616902e-05
4.198038574e-05
2.105527133e-05
4.223815973e-05
1.787768559e-05
4.235289621e-05
1.478177761e-05
4.231982468e-05
1.176125896e-05
4.213232331e-05
8.807304073e-06
4.178266949e-05
5.909807998e-06
4.126243573e-05
3.058763714e-06
4.055996118e-05
2.482417907e-07
3.966916074e-05
-2.544795675e-06
3.857828375e-05
-5.316153401e-06
3.727649565e-05
-8.077081652e-06
3.57522279e-05
-1.08331015e-05
3.39937572e-05
-1.35881083e-05
3.19899273e-05
-1.634404201e-05
2.973141899e-05
-1.910118005e-05
2.721273398e-05
-2.185974289e-05
2.443497058e-05
-2.462421575e-05
2.140895408e-05
-2.741252415e-05
1.815759923e-05
-3.027512681e-05
1.471389616e-05
-3.333221156e-05
1.110786217e-05
-3.684823466e-05
7.334355255e-06
-4.137067334e-05
3.315856769e-06
-4.79383881e-05
-1.06271742e-06
-5.819763263e-05
-5.687628529e-06
-7.393264454e-05
-9.665666503e-06
-9.514148457e-05
-1.083857654e-05
-0.0001157126536
-6.724088024e-06
-0.0001159315289
-5.899291746e-05
4.082386372e-07
2.182071529e-06
1.64556677e-06
8.572211354e-06
3.686916e-06
1.619771435e-05
6.373877431e-06
2.419663813e-05
9.45872659e-06
3.168591232e-05
1.271533031e-05
3.800700076e-05
1.599986666e-05
4.286557749e-05
1.924313633e-05
4.626228963e-05
2.241299084e-05
4.834442697e-05
2.548275157e-05
4.929247866e-05
2.841827925e-05
4.927097111e-05
3.118001538e-05
4.842331086e-05
3.373095042e-05
4.688200758e-05
3.604391819e-05
4.4776717e-05
3.810510333e-05
4.223525596e-05
3.991362937e-05
3.937925484e-05
4.147852382e-05
3.63180785e-05
4.281462184e-05
3.314389198e-05
4.393863902e-05
2.992921232e-05
4.486612655e-05
2.672701349e-05
4.560955274e-05
2.357274283e-05
4.617742721e-05
2.048739686e-05
4.657421611e-05
1.748089668e-05
4.680074449e-05
1.455524923e-05
4.685482301e-05
1.170718045e-05
4.673188395e-05
8.930243131e-06
4.642542639e-05
6.216265562e-06
4.592735816e-05
3.556831943e-06
4.523074326e-05
9.448566906e-07
4.432081749e-05
-1.634869912e-06
4.319123755e-05
-4.186573463e-06
4.182867386e-05
-6.714517961e-06
4.02202764e-05
-9.224704037e-06
3.835322325e-05
-1.172105516e-05
3.621538895e-05
-1.420620771e-05
3.379691008e-05
-1.668270119e-05
3.109243662e-05
-1.915526943e-05
2.810419948e-05
-2.16359786e-05
2.484537043e-05
-2.415369511e-05
2.134285133e-05
-2.677260771e-05
1.763604434e-05
-2.962540458e-05
1.376576189e-05
-3.297795221e-05
9.742576718e-06
-3.734748817e-05
5.499156324e-06
-4.369496771e-05
8.860621268e-07
-5.358453844e-05
-4.11431143e-06
-6.893227098e-05
-8.79532944e-06
-9.046046656e-05
-1.099080979e-05
-0.0001135171732
-7.580195178e-06
-0.0001193421435
-6.657311264e-05
2.846773404e-07
1.897394187e-06
1.222053474e-06
7.63483522e-06
2.903437529e-06
1.451633029e-05
5.28977281e-06
2.181030285e-05
8.213610629e-06
2.87620745e-05
1.147086904e-05
3.474974234e-05
1.489547272e-05
3.944097381e-05
1.838017308e-05
4.277758926e-05
2.185922926e-05
4.48653708e-05
2.528358266e-05
4.586812525e-05
2.860579049e-05
4.594876329e-05
3.177720903e-05
4.525189232e-05
3.475226065e-05
4.390695597e-05
3.749420898e-05
4.203476866e-05
3.997886765e-05
3.97505973e-05
4.219520254e-05
3.716291994e-05
4.41433927e-05
3.436988834e-05
4.583150781e-05
3.145577686e-05
4.727190334e-05
2.848881679e-05
4.847808783e-05
2.5520829e-05
4.946242891e-05
2.258840176e-05
5.023475533e-05
1.971507043e-05
5.080172115e-05
1.691393086e-05
5.116672144e-05
1.419024894e-05
5.133011748e-05
1.154378441e-05
5.128965686e-05
8.970703752e-06
5.104078649e-05
6.465135938e-06
5.057735877e-05
4.020259662e-06
4.989177002e-05
1.630445437e-06
4.896951084e-05
-7.126107301e-07
4.780643627e-05
-3.023498898e-06
4.638782755e-05
-5.29590924e-06
4.470073009e-05
-7.537606569e-06
4.273230521e-05
-9.752630285e-06
4.047071107e-05
-1.194461357e-05
3.79069446e-05
-1.411893472e-05
3.503719767e-05
-1.62855225e-05
3.186601474e-05
-1.846479568e-05
2.840947135e-05
-2.069715172e-05
2.469793332e-05
-2.306106967e-05
2.077487037e-05
-2.570234163e-05
1.668743071e-05
-2.889051254e-05
1.24564991e-05
-3.311655656e-05
8.024911134e-06
-3.926337974e-05
3.219865128e-06
-4.877949243e-05
-2.096169136e-06
-6.361623672e-05
-7.459452451e-06
-8.509718324e-05
-1.077025284e-05
-0.0001102063728
-8.293662686e-06
-0.0001218187336
-7.486677532e-05
1.270888784e-07
1.770305306e-06
6.808768081e-07
7.081047291e-06
1.909469641e-06
1.328773746e-05
3.89390762e-06
1.982586487e-05
6.555891518e-06
2.610009061e-05
9.727853013e-06
3.157778085e-05
1.323306821e-05
3.593575861e-05
1.692838589e-05
3.908227159e-05
2.070893077e-05
4.108482592e-05
2.449485463e-05
4.208220138e-05
2.821821513e-05
4.22254028e-05
3.181699122e-05
4.165311623e-05
3.523552187e-05
4.048842531e-05
3.842770443e-05
3.88425861e-05
4.135979075e-05
3.681851098e-05
4.40112264e-05
3.451148428e-05
4.637343371e-05
3.200768104e-05
4.844720625e-05
2.938200432e-05
5.023955862e-05
2.669646442e-05
5.176071737e-05
2.399967025e-05
5.302166463e-05
2.13274545e-05
5.403239196e-05
1.87043431e-05
5.480082751e-05
1.614549531e-05
5.53323241e-05
1.365875236e-05
5.562950013e-05
1.124660837e-05
5.569239024e-05
8.90781365e-06
5.551858809e-05
6.638938081e-06
5.51039232e-05
4.434924556e-06
5.444293122e-05
2.291437419e-06
5.352042271e-05
2.098977752e-07
5.233495191e-05
-1.838028096e-06
5.0872663e-05
-3.833620331e-06
4.912201177e-05
-5.786955339e-06
4.70717516e-05
-7.70237011e-06
4.471213921e-05
-9.585001182e-06
4.203685944e-05
-1.144365494e-05
3.904517847e-05
-1.329384153e-05
3.574490158e-05
-1.516451879e-05
3.215480957e-05
-1.710705972e-05
2.830700388e-05
-1.921326397e-05
2.424502094e-05
-2.164035869e-05
2.001597085e-05
-2.466146246e-05
1.564288097e-05
-2.874346668e-05
1.107469445e-05
-3.469519321e-05
6.122539831e-06
-4.382733782e-05
5.376326891e-07
-5.803132958e-05
-5.45861714e-06
-7.910093341e-05
-9.980893385e-06
-0.0001056840966
-8.768198345e-06
-0.0001230314287
-8.363497367e-05
-1.212880895e-07
1.891593395e-06
-6.469958721e-08
7.024458791e-06
6.094426361e-07
1.261359523e-05
2.102619598e-06
1.833268791e-05
4.423386517e-06
2.377932369e-05
7.440614914e-06
2.856055245e-05
1.097573984e-05
3.240063368e-05
1.485270665e-05
3.520530478e-05
1.892509864e-05
3.701243393e-05
2.307632683e-05
3.793097319e-05
2.721158664e-05
3.809014299e-05
3.125088618e-05
3.761381668e-05
3.512626736e-05
3.661304413e-05
3.878201496e-05
3.518683851e-05
4.217567359e-05
3.342485235e-05
4.527829424e-05
3.140886363e-05
4.807338204e-05
2.921259324e-05
5.055475576e-05
2.69006306e-05
5.272383512e-05
2.452738507e-05
5.458687928e-05
2.213662609e-05
5.615255074e-05
1.976178304e-05
5.743000596e-05
1.742688788e-05
5.842754377e-05
1.514795749e-05
5.915177151e-05
1.293452462e-05
5.96071571e-05
1.079122278e-05
5.979587197e-05
8.719098787e-06
5.971783602e-05
6.716974025e-06
5.937058183e-05
4.78217875e-06
5.875002031e-05
2.91199894e-06
5.785589973e-05
1.104018354e-06
5.666806882e-05
-6.501971909e-07
5.518959805e-05
-2.355149562e-06
5.340918154e-05
-4.00653883e-06
5.131948089e-05
-5.612669458e-06
4.891511729e-05
-7.180637581e-06
4.619431695e-05
-8.7228546e-06
4.316047795e-05
-1.026000253e-05
3.982464329e-05
-1.182868413e-05
3.620651838e-05
-1.348893481e-05
3.23362826e-05
-1.534302819e-05
2.825122109e-05
-1.755529718e-05
2.398967619e-05
-2.039991756e-05
1.956570135e-05
-2.431949183e-05
1.492690952e-05
-3.005640138e-05
9.87872662e-06
-3.877915492e-05
4.103560117e-06
-5.225616307e-05
-2.470766545e-06
-7.252660676e-05
-8.349375107e-06
-9.980548804e-05
-8.746462811e-06
-0.000122634341
-9.238143648e-05
-5.149380889e-07
2.406531483e-06
-1.137936207e-06
7.64745691e-06
-1.15157383e-06
1.262723286e-05
-2.117342277e-07
1.739284831e-05
1.722310014e-06
2.184527945e-05
4.547872285e-06
2.573499018e-05
8.087121866e-06
2.88613841e-05
1.213019252e-05
3.116223413e-05
1.648849423e-05
3.265413221e-05
2.100659421e-05
3.341287322e-05
2.555931227e-05
3.353742492e-05
3.004552422e-05
3.312760473e-05
3.438305922e-05
3.227550913e-05
3.850616633e-05
3.10637314e-05
4.236440763e-05
2.956661104e-05
4.592170561e-05
2.785156565e-05
4.915491251e-05
2.597938634e-05
5.20517909e-05
2.400375221e-05
5.460860164e-05
2.197057433e-05
5.682761493e-05
1.99176128e-05
5.871481634e-05
1.787458163e-05
6.027800053e-05
1.586370369e-05
6.152530659e-05
1.390065143e-05
6.246420837e-05
1.199562284e-05
6.310087609e-05
1.015455506e-05
6.343982961e-05
8.380145263e-06
6.348388641e-05
6.672917234e-06
6.32341337e-05
5.03193146e-06
6.269086369e-05
3.455268955e-06
6.185404031e-05
1.940841727e-06
6.071770914e-05
4.861339839e-07
5.927985993e-05
-9.173003528e-07
5.753978672e-05
-2.266465615e-06
5.54952028e-05
-3.568085543e-06
5.314641452e-05
-4.831849294e-06
5.049721553e-05
-6.073655614e-06
4.755472212e-05
-7.317509119e-06
4.43313235e-05
-8.605285505e-06
4.084352964e-05
-1.000114096e-05
3.71136927e-05
-1.161319125e-05
3.316396669e-05
-1.360557117e-05
2.90132554e-05
-1.624920627e-05
2.465246822e-05
-1.995870465e-05
2.001447933e-05
-2.541841249e-05
1.489762194e-05
-3.366229753e-05
8.94423032e-06
-4.630277145e-05
1.82732622e-06
-6.540970265e-05
-5.567780004e-06
-9.241038182e-05
-8.04617294e-06
-0.000120155948
-0.0001004276094
-1.199306156e-06
3.605837638e-06
-2.786434022e-06
9.234584773e-06
-3.621038527e-06
1.346183736e-05
-3.282046945e-06
1.705385672e-05
-1.702739393e-06
2.026597189e-05
9.817551809e-07
2.305049561e-05
4.532177641e-06
2.531096164e-05
8.755270936e-06
2.693914084e-05
1.340637379e-05
2.800302936e-05
1.829435959e-05
2.852488742e-05
2.3264489e-05
2.856729552e-05
2.819468512e-05
2.819740861e-05
3.298835222e-05
2.748184202e-05
3.756995768e-05
2.648212595e-05
4.188199611e-05
2.525457261e-05
4.5882643e-05
2.385091876e-05
4.954364501e-05
2.231838433e-05
5.284815724e-05
2.069923998e-05
5.578847083e-05
1.903026074e-05
5.836375555e-05
1.734232808e-05
6.057795235e-05
1.566038483e-05
6.243797793e-05
1.400367811e-05
6.395225714e-05
1.238637223e-05
6.512966611e-05
1.081821388e-05
6.597875999e-05
9.305461174e-06
6.650738369e-05
7.851521561e-06
6.672241403e-05
6.457886899e-06
6.662984453e-05
5.124500956e-06
6.623467432e-05
3.850439173e-06
6.554142888e-05
2.634087162e-06
6.455460973e-05
1.472953139e-06
6.32761468e-05
3.611625744e-07
6.171178109e-05
-7.020999029e-07
5.98663459e-05
-1.722650351e-06
5.774410559e-05
-2.709608988e-06
5.535359081e-05
-3.683140831e-06
5.270255107e-05
-4.666469381e-06
4.980070855e-05
-5.70344298e-06
4.665518016e-05
-6.855612569e-06
4.327330284e-05
-8.231313927e-06
3.965196921e-05
-9.984237539e-06
3.57791564e-05
-1.237639346e-05
3.160589616e-05
-1.578544442e-05
2.703189953e-05
-2.084441586e-05
2.18310382e-05
-2.846143619e-05
1.56093677e-05
-4.008110096e-05
7.792443643e-06
-5.75927786e-05
-1.166149087e-06
-8.345178909e-05
-6.369720351e-06
-0.0001149523768
-0.0001067973298
-2.395719947e-06
6.001557585e-06
-5.335470669e-06
1.217433549e-05
-7.113175686e-06
1.523954238e-05
-7.32979914e-06
1.727048018e-05
-6.027900583e-06
1.896407334e-05
-3.398605856e-06
2.042120088e-05
3.009534327e-07
2.161140235e-05
4.730339483e-06
2.250975478e-05
9.701453154e-06
2.303191568e-05
1.496596943e-05
2.326037115e-05
2.034720996e-05
2.318605499e-05
2.570707962e-05
2.283753895e-05
3.09375145e-05
2.225140714e-05
3.595559256e-05
2.146404789e-05
4.06989853e-05
2.051117988e-05
4.51224536e-05
1.942745046e-05
4.919506803e-05
1.82457699e-05
5.289779067e-05
1.699651734e-05
5.622121205e-05
1.570683936e-05
5.916343745e-05
1.440010268e-05
6.172811504e-05
1.309570723e-05
6.392276499e-05
1.180902816e-05
6.575731909e-05
1.055181813e-05
6.72430802e-05
9.33245277e-06
6.839179374e-05
8.156747631e-06
6.921526785e-05
7.028047455e-06
6.972483858e-05
5.948316167e-06
6.993148526e-05
4.917854284e-06
6.9845305e-05
3.936619426e-06
6.947644705e-05
3.002945114e-06
6.883390527e-05
2.115494918e-06
6.792529193e-05
1.269775922e-06
6.676273846e-05
4.60453564e-07
6.535560004e-05
-3.155119339e-07
6.370577617e-05
-1.059785114e-06
6.18243635e-05
-1.801728156e-06
5.971457719e-05
-2.556683072e-06
5.737919538e-05
-3.368061176e-06
5.48103131e-05
-4.286730289e-06
5.199502814e-05
-5.416028961e-06
4.889648662e-05
-6.885696024e-06
4.54615491e-05
-8.94145593e-06
4.158309494e-05
-1.190699026e-05
3.710102654e-05
-1.636234747e-05
3.173206088e-05
-2.309247053e-05
2.504684858e-05
-3.339588866e-05
1.639955435e-05
-4.894548437e-05
5.576948947e-06
-7.262918369e-05
-2.939542235e-06
-0.0001064358856
-0.000109736872
-4.526614186e-06
1.052817177e-05
-9.287998145e-06
1.693571945e-05
-1.197115178e-05
1.792269602e-05
-1.250399939e-05
1.780332779e-05
-1.120795734e-05
1.766803129e-05
-8.412975869e-06
1.76262194e-05
-4.457553117e-06
1.76559796e-05
3.492988798e-07
1.770290278e-05
5.695258593e-06
1.768595597e-05
1.136291739e-05
1.759271235e-05
1.716792558e-05
1.73810468e-05
2.29640644e-05
1.704140012e-05
2.863937189e-05
1.657609965e-05
3.41090246e-05
1.599439517e-05
3.930975335e-05
1.531045112e-05
4.419594651e-05
1.45412573e-05
4.873650465e-05
1.370521176e-05
5.291224863e-05
1.282077336e-05
5.671364941e-05
1.190543858e-05
6.013881553e-05
1.097493656e-05
6.319160833e-05
1.004291443e-05
6.588010051e-05
9.120535984e-06
6.821511999e-05
8.216798653e-06
7.020929431e-05
7.338278447e-06
7.187603215e-05
6.490009791e-06
7.322915825e-05
5.674921363e-06
7.428210699e-05
4.895367427e-06
7.504822827e-05
4.151733003e-06
7.553989427e-05
3.444953424e-06
7.576945975e-05
2.77337964e-06
7.574783056e-05
2.137124104e-06
7.548592834e-05
1.531678146e-06
7.499029835e-05
9.560835527e-07
7.427132857e-05
4.034578418e-07
7.334053386e-05
-1.289903986e-07
7.219669359e-05
-6.578878841e-07
7.083798027e-05
-1.197969757e-06
6.925890476e-05
-1.788985657e-06
6.743557013e-05
-2.463395658e-06
6.533484449e-05
-3.315303322e-06
6.288405275e-05
-4.43490428e-06
5.998207861e-05
-6.039481793e-06
5.645010009e-05
-8.375011737e-06
5.203437166e-05
-1.194661903e-05
4.633956042e-05
-1.739765929e-05
3.881711163e-05
-2.587343987e-05
2.884354955e-05
-3.897192229e-05
1.56759001e-05
-5.946153424e-05
2.81369095e-06
-9.357367643e-05
-0.0001069231811
-9.110388186e-06
1.963855996e-05
-1.509072166e-05
2.291605293e-05
-1.715245502e-05
1.998442938e-05
-1.661497968e-05
1.726585244e-05
-1.419689874e-05
1.524995035e-05
-1.038974589e-05
1.381906655e-05
-5.574278316e-06
1.284051203e-05
-4.857498186e-08
1.217719945e-05
5.906282554e-06
1.173109843e-05
1.212717796e-05
1.137181695e-05
1.84552882e-05
1.105293657e-05
2.476550785e-05
1.073118047e-05
3.096110001e-05
1.038050749e-05
3.696678943e-05
9.988705759e-06
4.272488836e-05
9.552352189e-06
4.81924292e-05
9.07371646e-06
5.333887343e-05
8.558767527e-06
5.814415223e-05
8.015494563e-06
6.259681965e-05
7.452771157e-06
6.669245488e-05
6.879301339e-06
7.043210313e-05
6.303266177e-06
7.382101851e-05
5.731620607e-06
7.686738572e-05
5.17043144e-06
7.958152278e-05
4.624141393e-06
8.197488104e-05
4.096651535e-06
8.405977299e-05
3.590029411e-06
8.584849456e-05
3.106645861e-06
8.735367372e-05
2.646553842e-06
8.858717471e-05
2.21145243e-06
8.956109365e-05
1.799460698e-06
9.028573517e-05
1.412482593e-06
9.077135024e-05
1.046063069e-06
9.102498548e-05
7.024483149e-07
9.105758286e-05
3.708604641e-07
9.087661499e-05
5.197747396e-08
9.048328803e-05
-2.645609244e-07
8.986824215e-05
-5.82923876e-07
8.9020551e-05
-9.41294506e-07
8.79061352e-05
-1.348979859e-06
8.64752457e-05
-1.88441382e-06
8.46287532e-05
-2.588411789e-06
8.221887337e-05
-3.629601958e-06
7.899626714e-05
-5.1524055e-06
7.458574918e-05
-7.536101078e-06
6.84411058e-05
-1.125301591e-05
5.976182066e-05
-1.719415473e-05
4.772046889e-05
-2.693057052e-05
3.111026858e-05
-4.285133392e-05
1.150750681e-05
-7.397091466e-05
-9.541567424e-05
-1.598045168e-05
3.561901163e-05
-1.483835598e-05
2.177395723e-05
-9.173408819e-06
1.431948222e-05
-2.923429079e-06
1.10158727e-05
3.485653607e-06
8.84086767e-06
1.001513452e-05
7.289585637e-06
1.662990953e-05
6.225737019e-06
2.328970401e-05
5.517404969e-06
2.997237264e-05
5.04842981e-06
3.662967426e-05
4.714515319e-06
4.322195758e-05
4.460653249e-06
4.970397596e-05
4.249162088e-06
5.602975723e-05
4.054726215e-06
6.215629443e-05
3.862168558e-06
6.804536433e-05
3.663282283e-06
7.366462019e-05
3.454460597e-06
7.898814075e-05
3.235246967e-06
8.399649652e-05
3.007138794e-06
8.867644269e-05
2.772824985e-06
9.302036389e-05
2.535380139e-06
9.702556644e-05
2.298063627e-06
0.000100693484
2.063703081e-06
0.0001040289008
1.83501457e-06
0.0001070391929
1.613849304e-06
0.000109733699
1.402145502e-06
0.0001121231286
1.200599807e-06
0.000114219151
1.010623412e-06
0.0001160339916
8.317132177e-07
0.0001175801864
6.652577013e-07
0.0001188703422
5.093048615e-07
0.0001199168142
3.660105757e-07
0.0001207313187
2.315585925e-07
0.0001213225353
1.112316904e-07
0.0001216896588
3.736976285e-09
0.0001218639664
-1.223301136e-07
0.0001218331849
-2.337794171e-07
0.0001215928372
-3.425761646e-07
0.0001211268092
-4.752664911e-07
0.0001204040519
-6.262226187e-07
0.0001193612745
-8.416364007e-07
0.0001178979638
-1.125101068e-06
0.0001158355581
-1.567196261e-06
0.0001128888403
-2.205687718e-06
0.0001085784298
-3.22569058e-06
0.0001021738659
-4.848451957e-06
9.260406276e-05
-7.624351639e-06
7.846933889e-05
-1.279584664e-05
5.802006938e-05
-2.240206442e-05
2.8121341e-05
-4.407218629e-05
-6.729433324e-05
3.561901163e-05
5.739296887e-05
7.171245108e-05
8.272832379e-05
9.156919146e-05
9.885877709e-05
0.0001050845141
0.0001106019191
0.0001156503489
0.0001203648642
0.0001248255175
0.0001290746795
0.0001331294058
0.0001369915743
0.0001406548566
0.0001441093172
0.0001473445642
0.000150351703
0.000153124528
0.0001556599081
0.0001579579717
0.0001600216748
0.0001618566894
0.0001634705387
0.0001648726842
0.000166073284
0.0001670839074
0.0001679156206
0.0001685808783
0.0001690901832
0.0001694561938
0.0001696877523
0.000169798984
0.000169802721
0.0001696803909
0.0001694466115
0.0001691040353
0.0001686287688
0.0001680025462
0.0001671609098
0.0001660358087
0.0001644686125
0.0001622629248
0.0001590372342
0.0001541887822
0.0001465644306
0.0001337685839
0.0001113665195
6.729433324e-05
)
;

boundaryField
{
    movingWall
    {
        type            calculated;
        value           uniform 0;
    }
    fixedWalls
    {
        type            calculated;
        value           uniform 0;
    }
    frontAndBack
    {
        type            empty;
    }
}


// ************************************************************************* //
