/*--------------------------------*- C++ -*----------------------------------*\
  =========                 |
  \\      /  F ield         | OpenFOAM: The Open Source CFD Toolbox
   \\    /   O peration     | Website:  https://openfoam.org
    \\  /    A nd           | Version:  11
     \\/     M anipulation  |
\*---------------------------------------------------------------------------*/
FoamFile
{
    format      ascii;
    class       volVectorField;
    location    "25";
    object      U;
}
// * * * * * * * * * * * * * * * * * * * * * * * * * * * * * * * * * * * * * //

dimensions      [0 1 -1 0 0 0 0];

internalField   nonuniform List<vector> 
2500
(
(7.275440153e-05 -7.069088255e-05 0)
(0.0004529425672 -0.0002043584822 0)
(0.001075751244 -0.0002400359791 0)
(0.001642331184 -0.0002116679941 0)
(0.002049480928 -0.0001574183314 0)
(0.002256152651 -9.957012953e-05 0)
(0.002253659699 -4.778396096e-05 0)
(0.002047689761 -3.63159654e-06 0)
(0.001643047141 3.605016301e-05 0)
(0.001034865197 7.662180072e-05 0)
(0.0002061164413 0.0001235441044 0)
(-0.0008703374168 0.000181116128 0)
(-0.002226724885 0.000252041587 0)
(-0.003894147448 0.0003372570091 0)
(-0.005896241752 0.0004360270213 0)
(-0.008242954385 0.0005459017427 0)
(-0.01092472289 0.0006624859332 0)
(-0.01390724451 0.0007791623524 0)
(-0.01712734692 0.0008869189198 0)
(-0.02049066814 0.0009744380488 0)
(-0.02387187027 0.001028619997 0)
(-0.02711792916 0.001035744399 0)
(-0.03005481897 0.0009835267521 0)
(-0.03249825423 0.0008641412302 0)
(-0.03426919496 0.0006767589576 0)
(-0.03520725434 0.000423055358 0)
(-0.03516207399 9.177706328e-05 0)
(-0.03402643433 -0.0002987313172 0)
(-0.03179494649 -0.000707124112 0)
(-0.02849970563 -0.001098240018 0)
(-0.02425584761 -0.001436953281 0)
(-0.0192571538 -0.001688290509 0)
(-0.01376771332 -0.00182196615 0)
(-0.008099195324 -0.0018174257 0)
(-0.002566372258 -0.001674220106 0)
(0.002455390614 -0.001430114459 0)
(0.006666717957 -0.001060660245 0)
(0.00989319157 -0.000648727609 0)
(0.01200953081 -0.0002406528691 0)
(0.01301859848 0.0001200030562 0)
(0.01303251726 0.0003999409027 0)
(0.0122389505 0.0005876371011 0)
(0.01085904874 0.0006877826449 0)
(0.009112597603 0.0007162587559 0)
(0.007190454546 0.0006957060211 0)
(0.00524194436 0.0006448581042 0)
(0.003387329866 0.0005681254301 0)
(0.001743396529 0.0004458133181 0)
(0.0004629293573 0.0002339909146 0)
(-3.172384981e-05 -4.515951451e-05 0)
(0.0002135378798 -0.0004557881787 0)
(0.0009649749215 -0.0009519501429 0)
(0.002010455289 -0.001027308651 0)
(0.002861712317 -0.0008306974626 0)
(0.003318104722 -0.0004967957195 0)
(0.003278154989 -0.0001122092339 0)
(0.00269096666 0.0002795706789 0)
(0.001531282722 0.0006671735859 0)
(-0.0002232633696 0.001059837523 0)
(-0.002606344753 0.001476218682 0)
(-0.005666077378 0.001935015297 0)
(-0.009458553413 0.002448287385 0)
(-0.01403514954 0.003017810953 0)
(-0.01942686383 0.003633556439 0)
(-0.02562835293 0.004273648506 0)
(-0.03258380316 0.004904896737 0)
(-0.04017639732 0.005483923117 0)
(-0.04822302885 0.005959171751 0)
(-0.05647585366 0.00627422154 0)
(-0.06463138459 0.006372518669 0)
(-0.07234649174 0.006203180546 0)
(-0.07925929521 0.005727224879 0)
(-0.08501248396 0.004923211202 0)
(-0.08927859896 0.003790393616 0)
(-0.09178971064 0.002349258551 0)
(-0.09235998704 0.0006506509147 0)
(-0.09084761345 -0.001202588282 0)
(-0.08713187564 -0.003151230204 0)
(-0.0813119115 -0.005073832759 0)
(-0.07354093039 -0.006846146609 0)
(-0.06407241277 -0.008341796085 0)
(-0.05325778806 -0.009440463676 0)
(-0.04153903459 -0.01004032279 0)
(-0.02942839782 -0.0100719546 0)
(-0.01747747031 -0.00951963 0)
(-0.006259489719 -0.008449021859 0)
(0.003668557058 -0.006897515683 0)
(0.01186932938 -0.005041381903 0)
(0.01805129086 -0.003073234387 0)
(0.0220673701 -0.001181177456 0)
(0.02396763925 0.000470217754 0)
(0.02397135748 0.001773487515 0)
(0.02241064409 0.002691350676 0)
(0.01968501337 0.003238442836 0)
(0.01620542322 0.003470893538 0)
(0.01234987151 0.00344990789 0)
(0.008457133772 0.003201343577 0)
(0.004836915422 0.002681575363 0)
(0.001847051543 0.001777423329 0)
(0.0002810608065 0.0004822037927 0)
(0.0002605468583 -0.00110098809 0)
(0.001048894337 -0.002007632067 0)
(0.001985955795 -0.002003461515 0)
(0.002532890028 -0.001419835452 0)
(0.002451858566 -0.0005113782629 0)
(0.001604308814 0.0005526971152 0)
(-0.0001001705683 0.001682952093 0)
(-0.002726735062 0.00285230815 0)
(-0.006335830277 0.004074069479 0)
(-0.01099354492 0.005378625828 0)
(-0.01676857721 0.006792437287 0)
(-0.02371809921 0.008322064236 0)
(-0.03186654244 0.009944757623 0)
(-0.04118237799 0.01160519613 0)
(-0.05155786867 0.01321704601 0)
(-0.06279621224 0.014668293 0)
(-0.07460972637 0.0158302136 0)
(-0.08663087473 0.01656967195 0)
(-0.0984351233 0.01676359501 0)
(-0.1095716406 0.01631328278 0)
(-0.119595815 0.01515575623 0)
(-0.1280979678 0.01327018992 0)
(-0.1347257237 0.01067899376 0)
(-0.1391988249 0.007444853785 0)
(-0.1413069232 0.003669000331 0)
(-0.1408899172 -0.0004993465982 0)
(-0.1379252909 -0.004859418976 0)
(-0.1324077084 -0.009260103459 0)
(-0.12444531 -0.01349551977 0)
(-0.1142134696 -0.01734583337 0)
(-0.1019781899 -0.020585386 0)
(-0.08809243499 -0.02299824782 0)
(-0.07299769175 -0.02439654416 0)
(-0.05721717939 -0.02464325334 0)
(-0.04134188317 -0.02367931844 0)
(-0.02600908027 -0.02154858076 0)
(-0.01186078649 -0.01839326843 0)
(0.0005128628031 -0.0144549428 0)
(0.01063409849 -0.01008614684 0)
(0.01818368405 -0.005661687869 0)
(0.02304523749 -0.001559880555 0)
(0.02532272548 0.001933215487 0)
(0.02529178016 0.004638519681 0)
(0.023362646 0.006511032974 0)
(0.02003274783 0.00759357303 0)
(0.0158153715 0.007968478744 0)
(0.01120887544 0.007683628384 0)
(0.006680030919 0.006684755251 0)
(0.002751529317 0.00479795974 0)
(0.00050623183 0.001859320921 0)
(0.0002352535627 -0.001689537439 0)
(0.0007959801677 -0.002819049361 0)
(0.001200769458 -0.002516028709 0)
(0.0009683576898 -0.001313488442 0)
(-0.0001374453939 0.0004194771863 0)
(-0.002275525468 0.002442483357 0)
(-0.005568340953 0.004628435398 0)
(-0.01011938306 0.006936540021 0)
(-0.01602374175 0.00937849595 0)
(-0.02336749646 0.01198224698 0)
(-0.03221360227 0.01475813261 0)
(-0.04257760942 0.01767363214 0)
(-0.05439980193 0.02064042601 0)
(-0.06752173131 0.02351418108 0)
(-0.08167468692 0.02610545225 0)
(-0.09648529062 0.02819934289 0)
(-0.1114992217 0.02958090354 0)
(-0.1262186693 0.03006181457 0)
(-0.1401446385 0.0295027522 0)
(-0.1528143026 0.02782688592 0)
(-0.1638266156 0.02502300003 0)
(-0.1728544502 0.02114001552 0)
(-0.179645575 0.01627724546 0)
(-0.1840150984 0.01057681672 0)
(-0.1858311906 0.004222207665 0)
(-0.185010734 -0.002570966629 0)
(-0.1815446861 -0.009594502587 0)
(-0.1754430011 -0.01659334873 0)
(-0.166781087 -0.02329434376 0)
(-0.1556800279 -0.02940549725 0)
(-0.1423344105 -0.03462065156 0)
(-0.1270191287 -0.03863595313 0)
(-0.110101742 -0.04117162897 0)
(-0.09204935675 -0.04200279844 0)
(-0.07342820032 -0.04099629487 0)
(-0.05489124423 -0.03814685042 0)
(-0.03714419058 -0.03360281901 0)
(-0.02089446385 -0.02767903704 0)
(-0.006779098874 -0.02083919283 0)
(0.004676885229 -0.01364379221 0)
(0.01316448159 -0.00667330234 0)
(0.01862336921 -0.0004363776378 0)
(0.02121258547 0.004693626687 0)
(0.02128779498 0.008537044048 0)
(0.01933683359 0.01106243237 0)
(0.01593232455 0.01232490529 0)
(0.01167418804 0.01236560176 0)
(0.007151247721 0.01110710974 0)
(0.003024079875 0.008293925801 0)
(0.0005764431653 0.003532715945 0)
(0.0001590968691 -0.002064884484 0)
(0.0002766829936 -0.003061272998 0)
(-0.000211040732 -0.002162420075 0)
(-0.001621357646 -7.570897109e-05 0)
(-0.004157456161 0.002740775801 0)
(-0.007987634214 0.005999162218 0)
(-0.01325863409 0.009548423769 0)
(-0.02010245876 0.01333476176 0)
(-0.0286320464 0.0173553465 0)
(-0.03892493544 0.0216087702 0)
(-0.05099625767 0.02605024503 0)
(-0.06476755773 0.03056196086 0)
(-0.08004179665 0.03494511094 0)
(-0.09649494134 0.03893398564 0)
(-0.1136906304 0.04222754937 0)
(-0.1311171375 0.04453037227 0)
(-0.1482377364 0.04559272863 0)
(-0.1645407117 0.0452400298 0)
(-0.1795765243 0.04338579741 0)
(-0.1929763292 0.04002867021 0)
(-0.2044535927 0.03523871835 0)
(-0.2137943057 0.02913961513 0)
(-0.2208402714 0.02189290361 0)
(-0.2254690594 0.0136903113 0)
(-0.2275820742 0.004754335775 0)
(-0.2271221428 -0.004668913469 0)
(-0.2240627049 -0.01433772586 0)
(-0.2183722635 -0.02396600557 0)
(-0.2100515713 -0.03323572904 0)
(-0.1991367512 -0.04179855134 0)
(-0.1857198859 -0.0492770542 0)
(-0.1699664888 -0.05527983172 0)
(-0.152136549 -0.05942382878 0)
(-0.1326056443 -0.06137111155 0)
(-0.1118793013 -0.06087617996 0)
(-0.0905959539 -0.05783911354 0)
(-0.06950818241 -0.05235462506 0)
(-0.04943737639 -0.04474638982 0)
(-0.03120025902 -0.03556402223 0)
(-0.01552413275 -0.02553789244 0)
(-0.002938079609 -0.01545380099 0)
(0.006291062905 -0.006075008844 0)
(0.01218270451 0.002002250435 0)
(0.0150105388 0.008390018032 0)
(0.0152329693 0.01293091118 0)
(0.01344284352 0.01560455568 0)
(0.01030272226 0.01640811497 0)
(0.006494168677 0.01521900683 0)
(0.002783217765 0.01168809211 0)
(0.0005293732599 0.005194561582 0)
(3.991458541e-05 -0.002095489537 0)
(-0.0004749806902 -0.002465257239 0)
(-0.002161733333 -0.0006094878209 0)
(-0.005073103733 0.00264848391 0)
(-0.009360807362 0.00680970151 0)
(-0.01519157709 0.01157213059 0)
(-0.02272515008 0.01677395231 0)
(-0.03210453229 0.02234150444 0)
(-0.04343177643 0.02823253419 0)
(-0.05673550364 0.03437677142 0)
(-0.0719359467 0.04062710364 0)
(-0.08881795934 0.0467370508 0)
(-0.1070247463 0.05237188973 0)
(-0.1260800251 0.05714912 0)
(-0.1454361704 0.0606946738 0)
(-0.1645351236 0.06269712094 0)
(-0.1828637996 0.06294453381 0)
(-0.1999898052 0.06133681576 0)
(-0.2155732959 0.05787639895 0)
(-0.2293603394 0.05264661306 0)
(-0.2411670264 0.04578735405 0)
(-0.2508608722 0.03747422186 0)
(-0.2583405111 0.02790450741 0)
(-0.2635153882 0.01729210448 0)
(-0.2663001017 0.00586913793 0)
(-0.266640489 -0.006114420667 0)
(-0.2644933374 -0.01839364965 0)
(-0.2597876086 -0.03067153821 0)
(-0.2524542837 -0.04260671478 0)
(-0.2424450677 -0.05381461746 0)
(-0.2297405308 -0.06386125004 0)
(-0.2143770345 -0.07227501449 0)
(-0.1964728742 -0.07856574047 0)
(-0.1762646478 -0.0822629129 0)
(-0.1541401579 -0.08297060575 0)
(-0.1306650815 -0.08043774577 0)
(-0.1065897189 -0.07463453559 0)
(-0.08282314317 -0.06581839587 0)
(-0.06036412386 -0.05456386917 0)
(-0.04018842322 -0.04173017507 0)
(-0.02310655229 -0.02834636911 0)
(-0.009641409799 -0.01546068198 0)
(3.279552689e-05 -0.003962099703 0)
(0.006091847507 0.005515565026 0)
(0.008974317416 0.01262506518 0)
(0.009288145866 0.0172293143 0)
(0.007749267352 0.0192507538 0)
(0.005116368228 0.01850539749 0)
(0.002230121198 0.01455592544 0)
(0.0004192430258 0.006613836574 0)
(-0.0001247711132 -0.001658414983 0)
(-0.001437686123 -0.000791641697 0)
(-0.004571120967 0.0024260519 0)
(-0.009231976755 0.007142029107 0)
(-0.01549994193 0.01289280396 0)
(-0.02353065927 0.01940129252 0)
(-0.03348310303 0.02650124459 0)
(-0.04548627479 0.03408077483 0)
(-0.05959521841 0.0420221174 0)
(-0.07574835135 0.05014131038 0)
(-0.09373625545 0.05814861464 0)
(-0.1131941032 0.06564878619 0)
(-0.1336270057 0.07218339488 0)
(-0.154465402 0.07729916051 0)
(-0.1751342147 0.08061665491 0)
(-0.1951135492 0.08187677514 0)
(-0.2139748194 0.08095488988 0)
(-0.231389549 0.07784732545 0)
(-0.247119009 0.07264322676 0)
(-0.2609960928 0.06549438871 0)
(-0.2729075334 0.05659017459 0)
(-0.282778235 0.04613968868 0)
(-0.2905541939 0.03436119202 0)
(-0.2961841069 0.02147783458 0)
(-0.2996135138 0.007719062573 0)
(-0.3008029924 -0.006672201831 0)
(-0.299719725 -0.02142752133 0)
(-0.296283746 -0.0362663844 0)
(-0.2903759897 -0.05084725403 0)
(-0.2818766819 -0.06477690681 0)
(-0.2706555926 -0.07759243676 0)
(-0.2566055613 -0.08876542759 0)
(-0.2396689001 -0.09771252803 0)
(-0.2198865068 -0.1038273776 0)
(-0.1974500301 -0.1065360602 0)
(-0.1727581849 -0.1053789353 0)
(-0.1464611135 -0.1001144699 0)
(-0.1194735869 -0.09082726541 0)
(-0.0929344511 -0.07801147136 0)
(-0.06809331956 -0.06258599018 0)
(-0.04612815043 -0.04580419329 0)
(-0.02793781431 -0.02905863591 0)
(-0.01398691039 -0.0136295281 0)
(-0.004266733124 -0.0004849918009 0)
(0.001624751024 0.00977213504 0)
(0.004340324191 0.01684052881 0)
(0.004667137238 0.02054891286 0)
(0.003444871438 0.02065266703 0)
(0.001573240461 0.01665109495 0)
(0.0002977706404 0.007674685497 0)
(-0.0003339656288 -0.0006454754543 0)
(-0.002580991665 0.002166589257 0)
(-0.007344992056 0.007156780793 0)
(-0.01392008688 0.01359552657 0)
(-0.02229245948 0.02114777872 0)
(-0.03260082429 0.02959833482 0)
(-0.04498566092 0.03877302998 0)
(-0.05953274035 0.04849275996 0)
(-0.07621528247 0.05852358334 0)
(-0.09485237424 0.06853052378 0)
(-0.1150955262 0.07806344066 0)
(-0.1364513336 0.08659214879 0)
(-0.1583387637 0.09358051092 0)
(-0.1801639954 0.09856903455 0)
(-0.2013874611 0.1012344063 0)
(-0.2215640924 0.1014103415 0)
(-0.2403538085 0.09907371292 0)
(-0.2575122779 0.09431208073 0)
(-0.2728747019 0.08728842674 0)
(-0.2863404307 0.07821141085 0)
(-0.2978602708 0.06731294205 0)
(-0.3074239895 0.05483254229 0)
(-0.3150438972 0.04100722097 0)
(-0.3207342668 0.02606512338 0)
(-0.3244978408 0.01022442652 0)
(-0.3263351746 -0.00629578867 0)
(-0.3262540837 -0.02325283717 0)
(-0.3241914869 -0.04039580147 0)
(-0.3200011739 -0.05741684875 0)
(-0.3135156124 -0.07394972041 0)
(-0.3045119769 -0.08954435217 0)
(-0.2927455764 -0.1036557184 0)
(-0.2779708119 -0.1156424023 0)
(-0.2599935146 -0.1247833109 0)
(-0.2387368381 -0.1303244667 0)
(-0.2143245847 -0.1315598954 0)
(-0.187168674 -0.1279520919 0)
(-0.158039281 -0.1192823033 0)
(-0.1280864724 -0.1058044368 0)
(-0.09877185851 -0.08834785058 0)
(-0.07168243122 -0.06830066192 0)
(-0.04824068279 -0.04742067788 0)
(-0.02940088745 -0.02749841887 0)
(-0.01547452686 -0.01000918893 0)
(-0.006173171411 0.004070987441 0)
(-0.0008009368123 0.01421634439 0)
(0.001544743971 0.02014075915 0)
(0.001813531816 0.02154645065 0)
(0.0009750772183 0.01791429655 0)
(0.0002031651546 0.008376655747 0)
(-0.000571152261 0.001055008632 0)
(-0.003852802785 0.006559980696 0)
(-0.01036612799 0.01371189801 0)
(-0.0189212783 0.02209828383 0)
(-0.02941071466 0.03161381743 0)
(-0.04194775138 0.04213719857 0)
(-0.05663384489 0.05347274566 0)
(-0.07348401816 0.06533952884 0)
(-0.09236499568 0.07735223645 0)
(-0.1129673851 0.08900643295 0)
(-0.1348196287 0.09970217252 0)
(-0.157340992 0.1088152083 0)
(-0.1799183973 0.1157901667 0)
(-0.2019805359 0.120216622 0)
(-0.2230462551 0.1218628445 0)
(-0.2427417146 0.1206671296 0)
(-0.260796712 0.1167044212 0)
(-0.2770333631 0.1101469893 0)
(-0.2913545772 0.1012293893 0)
(-0.3037332171 0.09021979679 0)
(-0.3142000773 0.07739720263 0)
(-0.3228289287 0.06303446398 0)
(-0.3297174528 0.04738659031 0)
(-0.3349643163 0.03068247627 0)
(-0.3386482745 0.01312085771 0)
(-0.3408231336 -0.005119591165 0)
(-0.3415396286 -0.0238486858 0)
(-0.3407680333 -0.0428554087 0)
(-0.3383765084 -0.06190107939 0)
(-0.3341805109 -0.08068263125 0)
(-0.327905642 -0.09881107903 0)
(-0.319205297 -0.1157782757 0)
(-0.3076741705 -0.130942057 0)
(-0.2928897009 -0.1435192792 0)
(-0.2744783591 -0.1526120331 0)
(-0.2522101272 -0.1572707296 0)
(-0.2261209962 -0.1566128099 0)
(-0.1966448783 -0.1499982006 0)
(-0.1647222094 -0.137249161 0)
(-0.1318295231 -0.1188681455 0)
(-0.09986542891 -0.09616266196 0)
(-0.07084545009 -0.07115924551 0)
(-0.04644785133 -0.0462400315 0)
(-0.02759344722 -0.0236053018 0)
(-0.01430316899 -0.004843493172 0)
(-0.005908476768 0.009153197449 0)
(-0.001381508232 0.01794465506 0)
(0.0003978353489 0.02119559771 0)
(0.0005222023014 0.01841279923 0)
(0.0001545428261 0.008793950442 0)
(-0.0008418275167 0.003510883827 0)
(-0.005209939481 0.01246110523 0)
(-0.01348729541 0.02212784838 0)
(-0.0239850312 0.03263261457 0)
(-0.03649317506 0.04420971156 0)
(-0.05108806923 0.05685709117 0)
(-0.06781252308 0.07033687232 0)
(-0.08659049306 0.08423368697 0)
(-0.1071723631 0.09798959566 0)
(-0.1291300612 0.1109347983 0)
(-0.151899595 0.1223520718 0)
(-0.1748548297 0.1315740056 0)
(-0.1973874058 0.1380764512 0)
(-0.2189665435 0.1415318705 0)
(-0.2391676707 0.1418134122 0)
(-0.2576774692 0.1389650165 0)
(-0.2742894461 0.1331598264 0)
(-0.2888976937 0.1246599273 0)
(-0.3014884111 0.1137803329 0)
(-0.3121266719 0.1008569645 0)
(-0.3209380779 0.08621975799 0)
(-0.3280873834 0.07017297573 0)
(-0.3337566455 0.05298324078 0)
(-0.338123495 0.0348728596 0)
(-0.3413385782 0.01601616742 0)
(-0.3435095319 -0.003453859966 0)
(-0.3447236467 -0.02341541956 0)
(-0.3449832736 -0.04371511424 0)
(-0.3442095993 -0.06420331695 0)
(-0.3422373287 -0.08466819261 0)
(-0.338797719 -0.1048226112 0)
(-0.333506532 -0.124250994 0)
(-0.3258688843 -0.1423810456 0)
(-0.3152957044 -0.1584492836 0)
(-0.3011548993 -0.1714950895 0)
(-0.2828567317 -0.180388591 0)
(-0.2599871157 -0.1839210094 0)
(-0.2324801738 -0.1809732929 0)
(-0.2008123171 -0.1707735462 0)
(-0.1661627169 -0.1532205011 0)
(-0.1304518775 -0.129193197 0)
(-0.09614715183 -0.1006893013 0)
(-0.06576679394 -0.07059473828 0)
(-0.04118888446 -0.0420256411 0)
(-0.02312955855 -0.01753051695 0)
(-0.01116010161 0.001333578203 0)
(-0.004161297098 0.01384599354 0)
(-0.0007984914857 0.01963196694 0)
(0.0002210489914 0.01825795535 0)
(0.0001527033259 0.009026632155 0)
(-0.001121887653 0.006736458341 0)
(-0.006564874561 0.01986591876 0)
(-0.01653456314 0.03234522256 0)
(-0.02884096323 0.04507596633 0)
(-0.04316795949 0.05874205555 0)
(-0.0595439393 0.07347864453 0)
(-0.07793780745 0.08898324002 0)
(-0.09817254398 0.1046821467 0)
(-0.1198866294 0.1198406608 0)
(-0.1425550348 0.1336458473 0)
(-0.1655542111 0.1453054162 0)
(-0.1882440485 0.1541551335 0)
(-0.2100397266 0.15973661 0)
(-0.2304554796 0.1618227568 0)
(-0.2491219581 0.1603985527 0)
(-0.2657905271 0.1556202427 0)
(-0.2803330299 0.1477702531 0)
(-0.2927364534 0.1372131797 0)
(-0.3030890388 0.1243533229 0)
(-0.3115577359 0.1095959437 0)
(-0.3183606639 0.09331621268 0)
(-0.3237397967 0.07583895879 0)
(-0.3279386823 0.05742960642 0)
(-0.3311865622 0.03829301144 0)
(-0.3336825169 0.01857407244 0)
(-0.3355734807 -0.001640791838 0)
(-0.3369677693 -0.02230296048 0)
(-0.337890144 -0.04330684465 0)
(-0.3383332838 -0.06460374463 0)
(-0.3381815706 -0.08608350066 0)
(-0.337225029 -0.1075814983 0)
(-0.3351165294 -0.1288152977 0)
(-0.3313666588 -0.149346074 0)
(-0.3253284696 -0.1685213054 0)
(-0.31621835 -0.1854320046 0)
(-0.3031699658 -0.19889259 0)
(-0.285347957 -0.2074751154 0)
(-0.262127017 -0.2096306491 0)
(-0.2333356608 -0.2039323851 0)
(-0.1995321179 -0.189454319 0)
(-0.1622338687 -0.166249714 0)
(-0.1239561137 -0.1357880539 0)
(-0.08787639859 -0.1010701493 0)
(-0.05703451132 -0.06610263871 0)
(-0.03333266638 -0.03476533676 0)
(-0.01702106288 -0.00975880278 0)
(-0.007069102572 0.007601787942 0)
(-0.001918210297 0.01681565465 0)
(1.246228247e-05 0.01752654776 0)
(0.0001842388252 0.009157871587 0)
(-0.001388817838 0.01071768416 0)
(-0.007828374187 0.02869078948 0)
(-0.01932934601 0.04421334213 0)
(-0.03322248545 0.05921231071 0)
(-0.04908305046 0.07492289571 0)
(-0.06688114007 0.0916302246 0)
(-0.08650269282 0.1089484381 0)
(-0.1076703403 0.126133817 0)
(-0.129925425 0.1422858678 0)
(-0.1526720958 0.1564808997 0)
(-0.1752557799 0.1678932472 0)
(-0.1970441499 0.1758978951 0)
(-0.217487651 0.180125235 0)
(-0.2361527109 0.1804621547 0)
(-0.2527371255 0.1770179064 0)
(-0.2670771809 0.1700763946 0)
(-0.2791466693 0.1600443382 0)
(-0.2890435063 0.1473972523 0)
(-0.2969635532 0.1326268514 0)
(-0.3031667507 0.1161963206 0)
(-0.3079424505 0.09850880495 0)
(-0.311579874 0.0798908967 0)
(-0.3143485158 0.06058954849 0)
(-0.3164911047 0.04077829991 0)
(-0.3182227751 0.02056632991 0)
(-0.3197134083 4.370879526e-06 0)
(-0.3210446972 -0.0209000285 0)
(-0.3222619353 -0.04211661459 0)
(-0.3234333078 -0.06366759216 0)
(-0.3244997037 -0.08553673229 0)
(-0.3253393537 -0.1076731138 0)
(-0.3257014157 -0.1299404578 0)
(-0.3251901275 -0.1520700908 0)
(-0.3232217697 -0.1735931592 0)
(-0.319007664 -0.1937661337 0)
(-0.3115618998 -0.2115016233 0)
(-0.2997664436 -0.225331751 0)
(-0.282514709 -0.2334461615 0)
(-0.2589535833 -0.2338586913 0)
(-0.2288204285 -0.2247586942 0)
(-0.192829141 -0.2050734368 0)
(-0.1529836678 -0.175176402 0)
(-0.1125874581 -0.1374857886 0)
(-0.0756541992 -0.09644379679 0)
(-0.04563394943 -0.05740657028 0)
(-0.02409520724 -0.02483644354 0)
(-0.0105102736 -0.001215736728 0)
(-0.003188125437 0.01256884797 0)
(-0.000198052357 0.01620007259 0)
(0.0002288261103 0.009222866659 0)
(-0.001619684282 0.0153810971 0)
(-0.008913170764 0.03876878693 0)
(-0.02170386302 0.05749932529 0)
(-0.03688948498 0.07474869329 0)
(-0.05393447806 0.09239326005 0)
(-0.0727418149 0.110879581 0)
(-0.09311221572 0.1297275487 0)
(-0.1146772898 0.1480242469 0)
(-0.136901901 0.1647249482 0)
(-0.159145636 0.1788306899 0)
(-0.1807472291 0.1895190191 0)
(-0.2011000743 0.1962323247 0)
(-0.2197037585 0.1987096836 0)
(-0.2361934817 0.1969692579 0)
(-0.2503565904 0.1912631105 0)
(-0.2621380476 0.1820196552 0)
(-0.2716300463 0.1697783503 0)
(-0.2790439051 0.1551213635 0)
(-0.2846700508 0.1386116463 0)
(-0.2888356273 0.120746717 0)
(-0.2918676267 0.101932276 0)
(-0.2940662511 0.08247413086 0)
(-0.2956914862 0.06258363415 0)
(-0.2969641261 0.0423915068 0)
(-0.298074058 0.0219665201 0)
(-0.2991715669 0.001335525742 0)
(-0.3003242581 -0.0195042391 0)
(-0.3015939163 -0.04061322615 0)
(-0.3030662662 -0.0620389692 0)
(-0.3047454582 -0.08383416928 0)
(-0.3065961208 -0.1060327003 0)
(-0.3084902207 -0.128625618 0)
(-0.3101774413 -0.1515140381 0)
(-0.3112289952 -0.1744438741 0)
(-0.3109868755 -0.1969150895 0)
(-0.3085240215 -0.2180750167 0)
(-0.3026454357 -0.236614045 0)
(-0.2919626117 -0.2507043976 0)
(-0.2750790269 -0.2580448492 0)
(-0.250914396 -0.2560965892 0)
(-0.2191654297 -0.2426001571 0)
(-0.1808342032 -0.2164171704 0)
(-0.1386319619 -0.1785735255 0)
(-0.09688615158 -0.133016885 0)
(-0.06048712051 -0.0861654582 0)
(-0.03292822342 -0.04472844668 0)
(-0.01489452066 -0.01321555008 0)
(-0.004850718206 0.006552302296 0)
(-0.0005109563334 0.01414013009 0)
(0.000266585262 0.009197467844 0)
(-0.00179291392 0.02060184125 0)
(-0.00974152994 0.04986095921 0)
(-0.02351548569 0.0719041316 0)
(-0.03964694114 0.09133626046 0)
(-0.05748765314 0.1107498278 0)
(-0.07686685745 0.1307665821 0)
(-0.09750410194 0.1508115875 0)
(-0.1189555071 0.1698143977 0)
(-0.1406329752 0.1866135689 0)
(-0.161876835 0.2001696212 0)
(-0.1820412891 0.2096950601 0)
(-0.2005639795 0.2147249012 0)
(-0.2170123394 0.2151282828 0)
(-0.2311121458 0.211075486 0)
(-0.2427619762 0.2029797805 0)
(-0.2520293591 0.1914234895 0)
(-0.2591245023 0.1770739996 0)
(-0.2643560633 0.1606013127 0)
(-0.268080574 0.1426116168 0)
(-0.2706569647 0.1236059498 0)
(-0.2724130044 0.1039644878 0)
(-0.2736260544 0.08395071401 0)
(-0.2745182417 0.06372746918 0)
(-0.2752640079 0.04337866871 0)
(-0.2760016854 0.02293426771 0)
(-0.2768342118 0.002394985588 0)
(-0.2778214831 -0.01826079516 0)
(-0.2790260992 -0.03911631911 0)
(-0.2805190486 -0.06023520908 0)
(-0.2823488598 -0.0817017487 0)
(-0.2845468915 -0.1036005325 0)
(-0.2870963137 -0.1260091382 0)
(-0.2898985905 -0.1489651844 0)
(-0.292716792 -0.1724135416 0)
(-0.2951064765 -0.196118959 0)
(-0.2963398018 -0.2195430271 0)
(-0.2953460245 -0.2416922533 0)
(-0.2907034302 -0.2609665248 0)
(-0.2807311718 -0.2750666981 0)
(-0.2637332651 -0.2810575595 0)
(-0.2384342495 -0.2757179176 0)
(-0.2046022787 -0.2563198922 0)
(-0.1637527912 -0.2218993254 0)
(-0.1196215103 -0.1747620856 0)
(-0.07779999305 -0.1212539318 0)
(-0.04384806338 -0.07020604075 0)
(-0.0205416895 -0.02912451451 0)
(-0.007102972027 -0.001710938266 0)
(-0.001005597592 0.01109994352 0)
(0.0002830501354 0.009007194966 0)
(-0.001891057563 0.02621255793 0)
(-0.0102527454 0.06167206862 0)
(-0.02465761706 0.08708197769 0)
(-0.04135722929 0.1085930793 0)
(-0.0595895659 0.1295717071 0)
(-0.07910600788 0.1508336584 0)
(-0.09955408799 0.1717196664 0)
(-0.1204339827 0.1910218711 0)
(-0.1411290115 0.2074923969 0)
(-0.160984367 0.220083986 0)
(-0.1793910609 0.2280728479 0)
(-0.1958504285 0.231111203 0)
(-0.2100174355 0.2292206138 0)
(-0.2217267225 0.2227428866 0)
(-0.2309988954 0.2122633869 0)
(-0.2380212347 0.198514758 0)
(-0.2431038299 0.1822731499 0)
(-0.2466225693 0.1642661336 0)
(-0.2489639572 0.1451087917 0)
(-0.250482513 0.1252736774 0)
(-0.2514750454 0.1050900299 0)
(-0.2521713567 0.08476224214 0)
(-0.2527384772 0.06439717434 0)
(-0.2532936328 0.04403305756 0)
(-0.2539184919 0.02366683243 0)
(-0.2546684777 0.003275549093 0)
(-0.2555802171 -0.01717928575 0)
(-0.2567006649 -0.03776632277 0)
(-0.2580864477 -0.05855149207 0)
(-0.2598014218 -0.07962003013 0)
(-0.2619154649 -0.101072348 0)
(-0.2644885495 -0.123027103 0)
(-0.2675442721 -0.1456073383 0)
(-0.271022558 -0.1689075615 0)
(-0.2747097406 -0.1929253316 0)
(-0.2781460429 -0.2174456122 0)
(-0.2805235317 -0.241870933 0)
(-0.280603808 -0.26500831 0)
(-0.2767056509 -0.2848560245 0)
(-0.2668292658 -0.2984793758 0)
(-0.2489875564 -0.3021218831 0)
(-0.2217952571 -0.2917549358 0)
(-0.1853025229 -0.2642843251 0)
(-0.1418967461 -0.2194766064 0)
(-0.09675578219 -0.1620217412 0)
(-0.05684168757 -0.1017398095 0)
(-0.027630162 -0.04968183894 0)
(-0.01007361152 -0.01278901277 0)
(-0.001733001206 0.006753394166 0)
(0.0002715446795 0.008542628484 0)
(-0.00190282406 0.03201521965 0)
(-0.01040798822 0.07386904445 0)
(-0.02506559535 0.1026606556 0)
(-0.04194517913 0.1261262305 0)
(-0.0601713973 0.148444634 0)
(-0.07941610102 0.1706512138 0)
(-0.09926751212 0.1920236913 0)
(-0.1191911875 0.2112431405 0)
(-0.138565754 0.2270063425 0)
(-0.1567638574 0.2382884509 0)
(-0.1732330731 0.2444559347 0)
(-0.1875558175 0.2453014605 0)
(-0.19948924 0.2410187117 0)
(-0.2089845812 0.2321332703 0)
(-0.2161799652 0.2194014423 0)
(-0.2213634603 0.2036889232 0)
(-0.2249144088 0.1858504651 0)
(-0.2272396902 0.1666352843 0)
(-0.2287203773 0.1466330477 0)
(-0.2296769521 0.126260349 0)
(-0.2303540976 0.1057772834 0)
(-0.2309217025 0.08532030907 0)
(-0.2314869666 0.06493929478 0)
(-0.2321114322 0.04463125271 0)
(-0.2328268143 0.02436729978 0)
(-0.233648074 0.004110024684 0)
(-0.2345876218 -0.01618223261 0)
(-0.235671526 -0.03656209092 0)
(-0.2369380163 -0.05708129337 0)
(-0.2384474928 -0.07780713725 0)
(-0.2402812224 -0.09882842743 0)
(-0.2425369947 -0.1202663689 0)
(-0.2453142869 -0.1422774737 0)
(-0.2486824799 -0.1650427871 0)
(-0.2526240193 -0.1887274369 0)
(-0.2569456654 -0.2133915926 0)
(-0.2611584452 -0.2388325965 0)
(-0.2643438329 -0.2643486884 0)
(-0.2650493125 -0.2884426891 0)
(-0.2612837525 -0.3085333178 0)
(-0.2507025823 -0.3208122773 0)
(-0.2310724006 -0.3204716148 0)
(-0.2010731627 -0.3026126609 0)
(-0.1613972657 -0.2641597089 0)
(-0.1158330163 -0.2067558922 0)
(-0.07145200936 -0.1391992823 0)
(-0.03618489764 -0.07549849631 0)
(-0.01382764952 -0.02728131252 0)
(-0.00271854826 0.0007309377491 0)
(0.0002301356968 0.007675183068 0)
(-0.00182415892 0.03779520986 0)
(-0.01019227949 0.08610012091 0)
(-0.02471774518 0.1182605052 0)
(-0.0413965888 0.1435509302 0)
(-0.05924302139 0.1669804827 0)
(-0.07784963349 0.1898363787 0)
(-0.09675975638 0.2113645643 0)
(-0.1154255892 0.2301657202 0)
(-0.1332433641 0.244911543 0)
(-0.1496330395 0.2546267467 0)
(-0.1641147343 0.2587916124 0)
(-0.1763636731 0.2573586133 0)
(-0.1862444059 0.250706446 0)
(-0.193819373 0.2395459584 0)
(-0.1993257039 0.2247906001 0)
(-0.2031224265 0.2074112806 0)
(-0.2056225811 0.1883057726 0)
(-0.2072294094 0.1682095409 0)
(-0.208290192 0.1476579395 0)
(-0.2090722601 0.1269925347 0)
(-0.2097588634 0.1063954507 0)
(-0.2104592993 0.08593480401 0)
(-0.2112267048 0.06560858054 0)
(-0.2120770925 0.04538015835 0)
(-0.2130052023 0.02520287974 0)
(-0.2139977301 0.005033084711 0)
(-0.215047843 -0.01516708671 0)
(-0.2161625767 -0.0354314101 0)
(-0.2173624612 -0.05579177273 0)
(-0.2186935596 -0.07628956411 0)
(-0.2202287807 -0.0969869355 0)
(-0.2220708148 -0.1179820559 0)
(-0.2243489039 -0.1394236645 0)
(-0.2272041517 -0.1615196491 0)
(-0.2307532238 -0.1845264021 0)
(-0.2350183689 -0.2086974429 0)
(-0.239813763 -0.234161726 0)
(-0.2445898405 -0.2607025851 0)
(-0.2482629478 -0.2874259111 0)
(-0.2490946842 -0.3123523163 0)
(-0.2447202394 -0.3320457025 0)
(-0.2324427866 -0.3414964447 0)
(-0.2099006709 -0.3346063793 0)
(-0.1761617704 -0.3057512705 0)
(-0.1331342324 -0.2528621627 0)
(-0.08671252132 -0.1815883923 0)
(-0.04604235893 -0.1068660838 0)
(-0.01837927557 -0.0457452531 0)
(-0.003974179934 -0.007349934113 0)
(0.0001567686417 0.006268542471 0)
(-0.001658317196 0.04333572939 0)
(-0.009613843168 0.09801275666 0)
(-0.02363239947 0.133510633 0)
(-0.03975149109 0.1605055812 0)
(-0.05688112587 0.1848312739 0)
(-0.07453622603 0.2080646627 0)
(-0.09222961877 0.2294596358 0)
(-0.1094197759 0.2475698507 0)
(-0.1255399432 0.2610699074 0)
(-0.1400730643 0.2690573941 0)
(-0.1526219872 0.2711451007 0)
(-0.1629584476 0.2674579983 0)
(-0.1710489237 0.2585631927 0)
(-0.1770500666 0.2453469159 0)
(-0.1812702624 0.2288558701 0)
(-0.1841055913 0.2101327838 0)
(-0.1859692136 0.1900832197 0)
(-0.1872331742 0.1693990029 0)
(-0.1881927834 0.1485410038 0)
(-0.1890542689 0.1277664383 0)
(-0.1899406548 0.1071794307 0)
(-0.1909086089 0.08678603474 0)
(-0.1919691651 0.06654165744 0)
(-0.1931067709 0.046385462 0)
(-0.1942937544 0.02626099507 0)
(-0.1955014548 0.006124756116 0)
(-0.1967109205 -0.01405313253 0)
(-0.1979157907 -0.03428928214 0)
(-0.199122754 -0.0545957362 0)
(-0.2003602865 -0.07498821779 0)
(-0.2016823319 -0.09549817849 0)
(-0.2031749512 -0.1161889843 0)
(-0.2049616639 -0.1371762214 0)
(-0.2072033881 -0.1586495432 0)
(-0.210083777 -0.180887281 0)
(-0.2137659898 -0.2042447089 0)
(-0.2183035449 -0.2290831471 0)
(-0.2234918836 -0.2555958722 0)
(-0.2286666316 -0.2834901534 0)
(-0.2324947247 -0.3115182522 0)
(-0.2328557589 -0.3369272526 0)
(-0.2269497688 -0.3550200334 0)
(-0.2117763524 -0.3591765826 0)
(-0.185102227 -0.3418781501 0)
(-0.146941121 -0.2974549441 0)
(-0.1012558723 -0.2270147633 0)
(-0.05677730318 -0.143536913 0)
(-0.02369531981 -0.0686134276 0)
(-0.005503008989 -0.01786105338 0)
(4.780868486e-05 0.004182415386 0)
(-0.001414987516 0.04843160519 0)
(-0.008701191361 0.1092696886 0)
(-0.02186179749 0.1480620647 0)
(-0.03709383978 0.1766625784 0)
(-0.05321366905 0.2016976343 0)
(-0.06966085133 0.2250746968 0)
(-0.08593043605 0.246102053 0)
(-0.1015039644 0.2633210593 0)
(-0.1158670747 0.2754338601 0)
(-0.1285760167 0.2816291419 0)
(-0.1393198598 0.2816642348 0)
(-0.1479621867 0.2758407871 0)
(-0.1545567601 0.2649076394 0)
(-0.1593298243 0.2499070324 0)
(-0.1626297547 0.2319891544 0)
(-0.1648576208 0.2122348214 0)
(-0.1663997468 0.1915271582 0)
(-0.1675790116 0.170493022 0)
(-0.1686310069 0.1495084388 0)
(-0.1697024137 0.1287459213 0)
(-0.1708645235 0.108238413 0)
(-0.1721338776 0.08794054535 0)
(-0.1734934399 0.06777637104 0)
(-0.1749099964 0.04767033761 0)
(-0.1763461961 0.02756303208 0)
(-0.1777685878 0.007415486446 0)
(-0.1791534959 -0.01279254532 0)
(-0.1804876959 -0.03306458229 0)
(-0.1817687011 -0.05339658372 0)
(-0.1830093477 -0.07378361928 0)
(-0.1842420116 -0.09422999867 0)
(-0.1855263155 -0.1147635985 0)
(-0.1869590865 -0.1354567389 0)
(-0.1886842525 -0.1564542847 0)
(-0.1908960537 -0.1780053749 0)
(-0.1938229342 -0.2004855125 0)
(-0.1976721926 -0.2243793503 0)
(-0.2025113638 -0.2501737771 0)
(-0.2080706601 -0.2780966778 0)
(-0.2134843274 -0.3076498143 0)
(-0.2170511788 -0.3369480265 0)
(-0.2161588516 -0.3620067589 0)
(-0.2075490846 -0.376308691 0)
(-0.1880922625 -0.3712121567 0)
(-0.1561824757 -0.3380601585 0)
(-0.1136718005 -0.2730339797 0)
(-0.06765250921 -0.1845607469 0)
(-0.02967206824 -0.0960808813 0)
(-0.007297199406 -0.03112949001 0)
(-0.0001000142694 0.001276761104 0)
(-0.001108872736 0.05290112366 0)
(-0.00749902101 0.1195621882 0)
(-0.01948450686 0.1615972954 0)
(-0.03353979539 0.1917345587 0)
(-0.0484033737 0.2173317933 0)
(-0.06344207476 0.2406668766 0)
(-0.078142994 0.2611537203 0)
(-0.09202370356 0.2773563983 0)
(-0.1046329516 0.2880252404 0)
(-0.1156049824 0.2924519878 0)
(-0.1247121735 0.2905427694 0)
(-0.1318983286 0.2827711568 0)
(-0.1372837983 0.2700522404 0)
(-0.1411367467 0.2535586778 0)
(-0.1438156659 0.234512986 0)
(-0.1457003094 0.2140042716 0)
(-0.1471318719 0.1928708927 0)
(-0.1483756559 0.1716629896 0)
(-0.1496084377 0.1506704294 0)
(-0.1509253632 0.1299876355 0)
(-0.1523581589 0.1095875294 0)
(-0.1538968312 0.08938567402 0)
(-0.1555093581 0.06928574803 0)
(-0.1571563374 0.04920566092 0)
(-0.1588000709 0.02908809112 0)
(-0.1604094576 0.008900870654 0)
(-0.161962062 -0.01136709864 0)
(-0.1634433521 -0.03171028828 0)
(-0.1648460482 -0.05211396265 0)
(-0.166171657 -0.07255948849 0)
(-0.167433694 -0.09303156615 0)
(-0.1686645868 -0.1135289825 0)
(-0.1699267562 -0.1340823991 0)
(-0.1713274248 -0.1547824985 0)
(-0.1730336169 -0.1758197446 0)
(-0.175278108 -0.1975298614 0)
(-0.1783381253 -0.2204234751 0)
(-0.1824584577 -0.2451523859 0)
(-0.1876870158 -0.272334647 0)
(-0.1936095605 -0.302147296 0)
(-0.1990290524 -0.3336335603 0)
(-0.2017262738 -0.3637911652 0)
(-0.1985043742 -0.3867230448 0)
(-0.1857323798 -0.393412872 0)
(-0.160568757 -0.3730432973 0)
(-0.1229190735 -0.3172263257 0)
(-0.07772068314 -0.2283272123 0)
(-0.03608382739 -0.127985069 0)
(-0.009337082185 -0.04739654675 0)
(-0.0002879428274 -0.00258220235 0)
(-0.0007579402919 0.05659476638 0)
(-0.006063609632 0.1286198807 0)
(-0.01659756106 0.1738362701 0)
(-0.02922623255 0.2054766297 0)
(-0.04263237695 0.2315361585 0)
(-0.05611285311 0.2546975358 0)
(-0.06915293871 0.2745341737 0)
(-0.08131476074 0.2896675695 0)
(-0.0922161539 0.2989125772 0)
(-0.1015689473 0.3016691485 0)
(-0.10922078 0.2979884878 0)
(-0.1151795008 0.2885032307 0)
(-0.1196088335 0.2742728014 0)
(-0.1227920816 0.256572087 0)
(-0.1250726462 0.2366671566 0)
(-0.1267901371 0.2156322958 0)
(-0.1282308608 0.194247738 0)
(-0.1296019534 0.1729840999 0)
(-0.1310281282 0.1520509092 0)
(-0.132564257 0.1314755766 0)
(-0.134215382 0.1111838913 0)
(-0.1359572886 0.091064261 0)
(-0.1377534358 0.07100927901 0)
(-0.1395663676 0.05093642546 0)
(-0.1413638438 0.03079360137 0)
(-0.1431210904 0.01055600473 0)
(-0.1448205516 -0.009780087196 0)
(-0.1464500966 -0.03020342057 0)
(-0.1480011917 -0.05069369108 0)
(-0.1494686348 -0.0712254042 0)
(-0.1508522508 -0.09177214169 0)
(-0.1521619223 -0.1123131447 0)
(-0.1534273871 -0.1328460741 0)
(-0.1547137843 -0.1534108229 0)
(-0.1561422001 -0.1741293469 0)
(-0.157910083 -0.1952627471 0)
(-0.160297869 -0.2172746972 0)
(-0.1636350342 -0.2408642636 0)
(-0.1681855298 -0.2668901978 0)
(-0.1739135956 -0.2960682239 0)
(-0.1801317417 -0.3283232963 0)
(-0.1851328037 -0.3617717856 0)
(-0.186022889 -0.3915261357 0)
(-0.1790151658 -0.408854806 0)
(-0.1604259096 -0.4016420408 0)
(-0.1285314281 -0.3576820626 0)
(-0.08609538223 -0.2728757272 0)
(-0.04254970342 -0.1637270115 0)
(-0.0115919038 -0.06677300488 0)
(-0.0005127786663 -0.007512543475 0)
(-0.0003816322278 0.05940126834 0)
(-0.004458253948 0.1362166496 0)
(-0.01330922976 0.1845389948 0)
(-0.02430074078 0.2176852104 0)
(-0.03608947926 0.2441585317 0)
(-0.04790539385 0.2670702952 0)
(-0.05923415716 0.2862076779 0)
(-0.06968627192 0.3002837097 0)
(-0.07895026236 0.3081900108 0)
(-0.08681120517 0.3094333162 0)
(-0.09318069334 0.3041989229 0)
(-0.09811253518 0.2932592775 0)
(-0.1017911492 0.2777925231 0)
(-0.1044917933 0.259148106 0)
(-0.1065237717 0.2386117579 0)
(-0.108175148 0.2172276625 0)
(-0.1096745939 0.1957131291 0)
(-0.111175807 0.1744637337 0)
(-0.1127611683 0.1536192771 0)
(-0.1144571613 0.1331532887 0)
(-0.1162537593 0.1129570268 0)
(-0.1181223482 0.09290187448 0)
(-0.1200292405 0.07287625361 0)
(-0.1219438674 0.05280106258 0)
(-0.1238423662 0.03263080161 0)
(-0.1257079466 0.01234748565 0)
(-0.127529351 -0.008047309506 0)
(-0.1292985465 -0.02853932613 0)
(-0.1310081581 -0.0491066892 0)
(-0.1326501643 -0.06972258511 0)
(-0.1342161269 -0.09035694201 0)
(-0.1357001229 -0.1109791218 0)
(-0.1371060436 -0.1315651697 0)
(-0.1384611134 -0.1521149917 0)
(-0.1398369514 -0.1726866262 0)
(-0.1413768275 -0.1934544684 0)
(-0.1433210328 -0.2147912194 0)
(-0.1460092311 -0.2373517675 0)
(-0.1498197992 -0.2620930972 0)
(-0.1549916176 -0.2901021458 0)
(-0.161289353 -0.3220596831 0)
(-0.1675578126 -0.3572143954 0)
(-0.1713669163 -0.3919415979 0)
(-0.1690519735 -0.4183361692 0)
(-0.1564495814 -0.4237950613 0)
(-0.1305724157 -0.3932031339 0)
(-0.09220043796 -0.3163151096 0)
(-0.04857851483 -0.2022913593 0)
(-0.01400725638 -0.08919699949 0)
(-0.0007663537496 -0.01360379154 0)
(-4.534626404e-07 0.0612557155 0)
(-0.002748723821 0.1421740917 0)
(-0.009732599089 0.1935073141 0)
(-0.01891349084 0.2281953929 0)
(-0.02896078988 0.2550857962 0)
(-0.03904076158 0.2777265907 0)
(-0.04863826045 0.2961704418 0)
(-0.05741164282 0.309255683 0)
(-0.06511797001 0.3159597174 0)
(-0.0716086463 0.3158889673 0)
(-0.07684653074 0.3093458336 0)
(-0.08091373063 0.2972188586 0)
(-0.08399547156 0.2807780287 0)
(-0.08634082501 0.2614224331 0)
(-0.08821233799 0.2404397029 0)
(-0.08984135723 0.2188363231 0)
(-0.09140102648 0.1972690716 0)
(-0.09299912474 0.1760681699 0)
(-0.09468606502 0.1553169032 0)
(-0.09647068386 0.1349482546 0)
(-0.09833722803 0.1148300408 0)
(-0.1002597269 0.09482439906 0)
(-0.1022119272 0.07482004941 0)
(-0.1041725945 0.05474310774 0)
(-0.106127137 0.03455463411 0)
(-0.1080668179 0.01424225977 0)
(-0.1099866484 -0.006189001837 0)
(-0.1118830158 -0.02672406374 0)
(-0.1137509006 -0.04734229714 0)
(-0.115582128 -0.06801938545 0)
(-0.1173644593 -0.08872712172 0)
(-0.1190827074 -0.109432979 0)
(-0.1207232826 -0.1301023643 0)
(-0.1222843681 -0.1507086237 0)
(-0.1237942578 -0.1712587428 0)
(-0.1253393259 -0.1918451419 0)
(-0.1270988375 -0.2127320951 0)
(-0.1293729039 -0.2344712815 0)
(-0.1325697321 -0.2580009498 0)
(-0.1370933882 -0.2846095707 0)
(-0.1430634905 -0.3155594444 0)
(-0.1498506359 -0.3511462942 0)
(-0.1555739423 -0.389127762 0)
(-0.1568963642 -0.4228372655 0)
(-0.1494846718 -0.4399012879 0)
(-0.1294439548 -0.423225661 0)
(-0.09584159236 -0.3571280859 0)
(-0.05370321059 -0.2423966873 0)
(-0.01648405682 -0.114418261 0)
(-0.001041494052 -0.02090198732 0)
(0.0003576059095 0.06212497265 0)
(-0.00100650129 0.1463626713 0)
(-0.005977738189 0.200583666 0)
(-0.01321261068 0.236875636 0)
(-0.02142359506 0.2642360526 0)
(-0.02972260756 0.2866356337 0)
(-0.0375897754 0.3044389647 0)
(-0.04472614064 0.3166434767 0)
(-0.05095225347 0.3223191637 0)
(-0.05617782813 0.3211607327 0)
(-0.06040473664 0.3135664854 0)
(-0.06372792868 0.3005150152 0)
(-0.06631757939 0.2833419793 0)
(-0.06838376401 0.2634750929 0)
(-0.07013515891 0.2421921998 0)
(-0.07174577602 0.2204610175 0)
(-0.07333808389 0.1988855326 0)
(-0.07498220267 0.1777435108 0)
(-0.07670596229 0.1570758692 0)
(-0.07850919849 0.1367874564 0)
(-0.08037722058 0.1167317278 0)
(-0.08229123971 0.09676701891 0)
(-0.08423487915 0.07678469462 0)
(-0.08619703688 0.05671627902 0)
(-0.08817211033 0.03652834966 0)
(-0.09015863821 0.01621257613 0)
(-0.09215713964 -0.004224260883 0)
(-0.09416801132 -0.02476784532 0)
(-0.09618888262 -0.04540053295 0)
(-0.0982128791 -0.06610275476 0)
(-0.1002270228 -0.08685164657 0)
(-0.1022120203 -0.1076184249 0)
(-0.1041444089 -0.1283666865 0)
(-0.1060031942 -0.149055911 0)
(-0.1077839706 -0.1696577918 0)
(-0.1095235843 -0.1901973514 0)
(-0.1113367529 -0.2108331703 0)
(-0.1134584162 -0.2319856737 0)
(-0.1162670574 -0.2544921252 0)
(-0.1202355304 -0.279693094 0)
(-0.1257261997 -0.3092399725 0)
(-0.132559991 -0.3443201011 0)
(-0.1394251367 -0.3840745432 0)
(-0.1434488164 -0.4233535973 0)
(-0.1403755607 -0.4506153638 0)
(-0.1257254269 -0.4476702158 0)
(-0.0971492734 -0.3942938426 0)
(-0.05760623164 -0.2827278366 0)
(-0.01887059139 -0.1420226572 0)
(-0.001338484718 -0.02939515869 0)
(0.0006763587109 0.06200477801 0)
(0.0007043028414 0.1487024442 0)
(-0.002155745572 0.205660051 0)
(-0.007339486235 0.2436249455 0)
(-0.01364412862 0.2715526369 0)
(-0.02013598154 0.2937867896 0)
(-0.02628552156 0.3110411669 0)
(-0.03182862553 0.3225065001 0)
(-0.03664217486 0.327351852 0)
(-0.04068572814 0.3253466105 0)
(-0.04398934323 0.3169612348 0)
(-0.04664861729 0.3032372962 0)
(-0.04880744459 0.2855515395 0)
(-0.05062919665 0.265343392 0)
(-0.05226601633 0.2438746381 0)
(-0.0538368629 0.2220782521 0)
(-0.05541935637 0.2005167492 0)
(-0.05705344134 0.1794299565 0)
(-0.058751834 0.1588303301 0)
(-0.06051161029 0.1386055342 0)
(-0.06232355382 0.118601756 0)
(-0.06417861147 0.0986769969 0)
(-0.0660712824 0.07872599522 0)
(-0.06800048182 0.05868475414 0)
(-0.06996882684 0.03852370153 0)
(-0.07198111697 0.01823678213 0)
(-0.07404244678 -0.002168971094 0)
(-0.07615652073 -0.02268125015 0)
(-0.07832339877 -0.04328622292 0)
(-0.08053809467 -0.0639701704 0)
(-0.08278864482 -0.08471736827 0)
(-0.08505511236 -0.1055061389 0)
(-0.08730996192 -0.1263043788 0)
(-0.08952163424 -0.1470678525 0)
(-0.09166431046 -0.1677478718 0)
(-0.09373732139 -0.188320377 0)
(-0.09579829371 -0.2088534338 0)
(-0.09801041484 -0.2296329319 0)
(-0.1006884162 -0.2513484093 0)
(-0.1043008353 -0.2752769958 0)
(-0.1093456601 -0.3032746621 0)
(-0.115990839 -0.3372239428 0)
(-0.1234599573 -0.3775569712 0)
(-0.1294184967 -0.420788847 0)
(-0.1298741624 -0.4566895833 0)
(-0.1200412469 -0.4667775581 0)
(-0.09645425805 -0.4272451555 0)
(-0.0601783536 -0.3221262854 0)
(-0.02099817469 -0.1714830848 0)
(-0.001664559655 -0.03900834272 0)
(0.0009532192394 0.06095151474 0)
(0.00234853011 0.1491840046 0)
(0.001628849872 0.2086362029 0)
(-0.001443664659 0.2483690801 0)
(-0.005774074778 0.2769973694 0)
(-0.01044603364 0.2991797564 0)
(-0.01489769122 0.316008154 0)
(-0.01888794233 0.3268978647 0)
(-0.02234192102 0.3311238626 0)
(-0.02526123803 0.3285162746 0)
(-0.02769599463 0.3195935297 0)
(-0.02973425172 0.3054340162 0)
(-0.03148691933 0.2874335845 0)
(-0.03306713245 0.2670301604 0)
(-0.03457092622 0.2454670263 0)
(-0.03606595799 0.2236494986 0)
(-0.03759052558 0.202111578 0)
(-0.0391603885 0.1810700511 0)
(-0.04077846773 0.1605221204 0)
(-0.04244295863 0.1403477882 0)
(-0.04415249184 0.1203914703 0)
(-0.04590884041 0.1005128721 0)
(-0.04771750565 0.08060976931 0)
(-0.04958692635 0.06062104231 0)
(-0.05152713352 0.04051896694 0)
(-0.05354831973 0.0202979084 0)
(-0.05565949842 -3.624232183e-05 0)
(-0.05786687677 -0.02047386163 0)
(-0.06017254911 -0.04100562189 0)
(-0.06257358517 -0.06162394733 0)
(-0.06505981311 -0.08232082905 0)
(-0.06761263667 -0.1030832502 0)
(-0.07020430359 -0.1238869909 0)
(-0.07279914115 -0.1446911649 0)
(-0.07535965731 -0.1654387266 0)
(-0.0778603573 -0.1860743021 0)
(-0.0803145054 -0.2065961035 0)
(-0.08281947983 -0.2271686934 0)
(-0.08561335125 -0.2483176569 0)
(-0.08911310748 -0.2711796925 0)
(-0.09386345734 -0.297657682 0)
(-0.1002689738 -0.330119975 0)
(-0.1080149425 -0.3701300143 0)
(-0.1153263883 -0.4159006165 0)
(-0.1186033856 -0.4588696971 0)
(-0.11298243 -0.4809686725 0)
(-0.09416142441 -0.4557568414 0)
(-0.06149660107 -0.3596897989 0)
(-0.02275352258 -0.2022176831 0)
(-0.002022616769 -0.0496158643 0)
(0.001178362622 0.05904938579 0)
(0.003852559485 0.1478350156 0)
(0.005287395719 0.2094699827 0)
(0.004370246273 0.2510561701 0)
(0.002032063961 0.2805430878 0)
(-0.0008079683064 0.3028236617 0)
(-0.003577172706 0.3193730014 0)
(-0.00604766045 0.3298605188 0)
(-0.008179659192 0.3336792065 0)
(-0.01000836689 0.3307089716 0)
(-0.01159815691 0.321492933 0)
(-0.01302530053 0.3071209062 0)
(-0.01436541638 0.2889873765 0)
(-0.0156816725 0.2685177332 0)
(-0.01701676663 0.2469368212 0)
(-0.01839146347 0.2251313949 0)
(-0.01980939594 0.2036202454 0)
(-0.02126608199 0.1826128188 0)
(-0.02275761918 0.1621026413 0)
(-0.02428509585 0.141970207 0)
(-0.02585573988 0.1220625384 0)
(-0.02748222484 0.1022422215 0)
(-0.02918070319 0.08240918096 0)
(-0.03096859409 0.06250328776 0)
(-0.03286277558 0.04249656898 0)
(-0.03487828715 0.02238197883 0)
(-0.03702742184 0.002162965063 0)
(-0.03931866239 -0.01815420178 0)
(-0.0417559987 -0.03856507244 0)
(-0.04433819458 -0.05906811127 0)
(-0.04705713509 -0.0796628938 0)
(-0.04989654963 -0.1003453912 0)
(-0.05283075542 -0.121100911 0)
(-0.05582421684 -0.1418961509 0)
(-0.05883511484 -0.1626740702 0)
(-0.06182427943 -0.1833628722 0)
(-0.06477437451 -0.2039120708 0)
(-0.06772950913 -0.2243866306 0)
(-0.07085297042 -0.2451543547 0)
(-0.07448597179 -0.2671709171 0)
(-0.07915507666 -0.292265537 0)
(-0.08539926902 -0.3230933482 0)
(-0.09326899734 -0.3621477832 0)
(-0.1015275902 -0.4092799829 0)
(-0.1070470161 -0.4578297796 0)
(-0.1050628964 -0.4907416273 0)
(-0.09068244444 -0.4798501469 0)
(-0.06177249474 -0.3948368896 0)
(-0.02412127801 -0.2336467189 0)
(-0.002394382256 -0.06106633415 0)
(0.001347346304 0.05639786111 0)
(0.00517569656 0.1447259066 0)
(0.008711303967 0.2081726208 0)
(0.009974355622 0.2516318999 0)
(0.009652137858 0.2821613202 0)
(0.008644733104 0.3047231507 0)
(0.007537375952 0.321160972 0)
(0.006560156849 0.3314270171 0)
(0.005729861271 0.3350463475 0)
(0.004983422386 0.3319406419 0)
(0.004244472156 0.3226580344 0)
(0.003448556163 0.3082783729 0)
(0.002553430613 0.2901779886 0)
(0.001542930141 0.2697609862 0)
(0.0004241399747 0.2482338923 0)
(-0.0007816034501 0.2264727508 0)
(-0.002045536212 0.2049950286 0)
(-0.003344856628 0.1840143158 0)
(-0.004671317935 0.1635323484 0)
(-0.006028543605 0.1434380392 0)
(-0.00743167257 0.1235848879 0)
(-0.008903573429 0.1038392511 0)
(-0.01047039102 0.08410224543 0)
(-0.012158029 0.06431287822 0)
(-0.01398990431 0.04444090471 0)
(-0.01598572847 0.02447613437 0)
(-0.01816097773 0.00441829911 0)
(-0.02052632645 -0.0157306554 0)
(-0.02308750738 -0.03597108558 0)
(-0.02584491988 -0.05630733322 0)
(-0.02879250889 -0.07674608878 0)
(-0.03191676704 -0.09729191072 0)
(-0.03519534712 -0.1179399934 0)
(-0.038595173 -0.1386666835 0)
(-0.04207514225 -0.1594196433 0)
(-0.04559135142 -0.1801220083 0)
(-0.04910803673 -0.2006933835 0)
(-0.05263051118 -0.2211230436 0)
(-0.05625800672 -0.2416409201 0)
(-0.06024915619 -0.2630111281 0)
(-0.06507136045 -0.2869080557 0)
(-0.07131357989 -0.3161014859 0)
(-0.07928842959 -0.3537968108 0)
(-0.0882431952 -0.4013538724 0)
(-0.09555944042 -0.4541370222 0)
(-0.09670531752 -0.4965974542 0)
(-0.08640659841 -0.4996955929 0)
(-0.0612643309 -0.4272414986 0)
(-0.0251496593 -0.2652282659 0)
(-0.002749370292 -0.07320302695 0)
(0.00145709634 0.05311471855 0)
(0.006285412797 0.139970528 0)
(0.01181145957 0.2047776772 0)
(0.01524369378 0.2500952405 0)
(0.01695533611 0.2818404463 0)
(0.01778417351 0.3048788457 0)
(0.01832451861 0.3213837688 0)
(0.01882076257 0.3316096476 0)
(0.01928191429 0.3352304202 0)
(0.01962603373 0.3322060529 0)
(0.01976662561 0.3230723129 0)
(0.01964805294 0.3088786465 0)
(0.01925561653 0.290967626 0)
(0.01861301759 0.2707150139 0)
(0.01777073389 0.2493102981 0)
(0.01678967466 0.2276267553 0)
(0.01572739351 0.2061927889 0)
(0.01462374471 0.1852368603 0)
(0.01349436167 0.1647790824 0)
(0.01233412837 0.1447238155 0)
(0.0111212555 0.1249347032 0)
(0.009823991027 0.1052829258 0)
(0.008407124397 0.08567011341 0)
(0.006836715498 0.06603284341 0)
(0.005082900728 0.04633679553 0)
(0.003121173766 0.02656699912 0)
(0.0009325856107 0.006718218697 0)
(-0.001495871734 -0.01321256069 0)
(-0.004171719143 -0.03323105182 0)
(-0.007097142622 -0.05334714051 0)
(-0.01026817667 -0.07357403253 0)
(-0.01367442255 -0.09392406806 0)
(-0.01729770226 -0.1144016793 0)
(-0.02110802704 -0.1349932521 0)
(-0.02506845073 -0.1556536625 0)
(-0.02913751478 -0.1763085776 0)
(-0.03327001812 -0.1968628002 0)
(-0.03744579927 -0.2172518712 0)
(-0.04171520541 -0.237594566 0)
(-0.04625865392 -0.2584745876 0)
(-0.05146336968 -0.2813663054 0)
(-0.05790569254 -0.3090180549 0)
(-0.06606301729 -0.3451332793 0)
(-0.07559056514 -0.39240111 0)
(-0.0843841526 -0.4482389551 0)
(-0.08824326252 -0.4989944322 0)
(-0.0816850924 -0.5155327763 0)
(-0.06023216282 -0.456734955 0)
(-0.02592537257 -0.296540147 0)
(-0.00306765594 -0.08588723418 0)
(0.001507873667 0.04933331569 0)
(0.007157079416 0.1337323354 0)
(0.01451280675 0.1993612905 0)
(0.02006193514 0.2464604712 0)
(0.0238079649 0.2795776886 0)
(0.02647578308 0.3032952148 0)
(0.02865669328 0.3200488014 0)
(0.03061810469 0.330405991 0)
(0.03237514542 0.3342117261 0)
(0.0338356842 0.3314676279 0)
(0.03490419854 0.3226838986 0)
(0.03552929121 0.3088609779 0)
(0.03571611938 0.2912922825 0)
(0.03551976732 0.2713173232 0)
(0.03502700813 0.2501090896 0)
(0.03433352243 0.2285449242 0)
(0.03352372907 0.2071722002 0)
(0.03265518236 0.186246757 0)
(0.03175290148 0.165815748 0)
(0.03081292143 0.1458051594 0)
(0.02980936507 0.1260925585 0)
(0.02870364662 0.1065554957 0)
(0.02745279709 0.08709598712 0)
(0.02601543913 0.0676470953 0)
(0.02435530766 0.04816896604 0)
(0.02244280398 0.02864040645 0)
(0.02025521417 0.009050016145 0)
(0.01777647501 -0.01061094839 0)
(0.01499688463 -0.03035403371 0)
(0.01191243551 -0.0501945752 0)
(0.008524684617 -0.07015181301 0)
(0.004840661408 -0.09024498499 0)
(0.0008737445355 -0.1104859542 0)
(-0.003349673487 -0.1308690283 0)
(-0.007798974751 -0.1513614843 0)
(-0.01244055675 -0.1718930277 0)
(-0.01722537068 -0.1923637409 0)
(-0.02211878861 -0.2126757066 0)
(-0.02713883223 -0.2328651726 0)
(-0.03239722389 -0.2533595418 0)
(-0.03819475144 -0.2754172117 0)
(-0.04505451226 -0.3016675923 0)
(-0.05353420458 -0.336117667 0)
(-0.06361032745 -0.3825764071 0)
(-0.07367292946 -0.4404655191 0)
(-0.0799229307 -0.4983209136 0)
(-0.07680987504 -0.5276181072 0)
(-0.05893499394 -0.4832715071 0)
(-0.026590919 -0.3273354491 0)
(-0.003345580308 -0.0990289168 0)
(0.001504490367 0.04519502096 0)
(0.007775819288 0.1262185707 0)
(0.01674920196 0.1920479342 0)
(0.02431842138 0.2407659281 0)
(0.03007710728 0.2753766577 0)
(0.03458228094 0.2999760027 0)
(0.03840142223 0.3171639504 0)
(0.04182923661 0.3278150233 0)
(0.04489926008 0.3319680049 0)
(0.04751729003 0.3296777177 0)
(0.04957923333 0.3214231006 0)
(0.05103235377 0.308141445 0)
(0.05189286618 0.2910632396 0)
(0.05223777629 0.2714831941 0)
(0.05218201193 0.250555796 0)
(0.05185026198 0.2291657609 0)
(0.05135178558 0.207886439 0)
(0.05076269254 0.1870094065 0)
(0.05011958891 0.1666166916 0)
(0.04942313826 0.1466621794 0)
(0.04864687316 0.1270416566 0)
(0.04774816091 0.1076413604 0)
(0.046678118 0.08836440675 0)
(0.04538888208 0.06913997272 0)
(0.04383802395 0.0499217135 0)
(0.04199060043 0.03068107884 0)
(0.03981957083 0.01139946138 0)
(0.03730512699 -0.007938590468 0)
(0.03443484432 -0.02735082372 0)
(0.0312022361 -0.04685798488 0)
(0.02760584694 -0.06648490866 0)
(0.02364956522 -0.08625685687 0)
(0.0193432632 -0.1061920976 0)
(0.01470465535 -0.1262919241 0)
(0.00975714388 -0.1465345237 0)
(0.004527578726 -0.1668560225 0)
(-0.000938549766 -0.1871533963 0)
(-0.006601651468 -0.2073191224 0)
(-0.01246116563 -0.2273315199 0)
(-0.01856982973 -0.2474897675 0)
(-0.02514562851 -0.268847142 0)
(-0.03263725192 -0.2938510314 0)
(-0.04161487287 -0.3266449649 0)
(-0.05228856107 -0.3719361184 0)
(-0.06350470378 -0.4310402159 0)
(-0.07191220399 -0.4948822048 0)
(-0.07200765991 -0.5361820058 0)
(-0.05760334144 -0.5068616793 0)
(-0.02732902328 -0.357490461 0)
(-0.003606532401 -0.1126153404 0)
(0.00145490374 0.04084177013 0)
(0.008137500867 0.1176717836 0)
(0.01846530209 0.18301327 0)
(0.02790777467 0.2330860033 0)
(0.03562912467 0.2692541065 0)
(0.04196189715 0.29492349 0)
(0.04741932449 0.3127307127 0)
(0.05232094246 0.3238287326 0)
(0.05672907669 0.3284687421 0)
(0.06055617773 0.3267772572 0)
(0.06369065354 0.3192050027 0)
(0.06607258764 0.306618024 0)
(0.06771948967 0.290172623 0)
(0.06871951809 0.2711095694 0)
(0.06920623541 0.2505600125 0)
(0.06932657919 0.2294157267 0)
(0.06921167345 0.2082796288 0)
(0.06895644938 0.1874843867 0)
(0.06861156748 0.1671532879 0)
(0.06818620661 0.1472741147 0)
(0.06765737819 0.1277656122 0)
(0.06698186767 0.1085258769 0)
(0.06610739196 0.08946082384 0)
(0.06498112132 0.07049626474 0)
(0.06355511867 0.05157908302 0)
(0.06178910987 0.03267266256 0)
(0.05965133027 0.01375037349 0)
(0.05711726362 -0.005210580785 0)
(0.05417126077 -0.02423463663 0)
(0.05080365024 -0.04334792799 0)
(0.04700911003 -0.06258040289 0)
(0.04278740248 -0.08196220306 0)
(0.03814319824 -0.1015173224 0)
(0.03308647341 -0.1212548121 0)
(0.02763253828 -0.1411585517 0)
(0.02180361904 -0.1611736701 0)
(0.01563197384 -0.1812005216 0)
(0.009151224563 -0.201128978 0)
(0.002378412517 -0.2209005945 0)
(-0.004694855669 -0.240713657 0)
(-0.01221216192 -0.2614600831 0)
(-0.02053639289 -0.2853642112 0)
(-0.03020183663 -0.3165702992 0)
(-0.04157217512 -0.3604634892 0)
(-0.05389929395 -0.4200949326 0)
(-0.06430792607 -0.4888987968 0)
(-0.06743974612 -0.541407304 0)
(-0.05643443161 -0.5275360879 0)
(-0.02834786081 -0.3869781181 0)
(-0.003910370639 -0.1267440958 0)
(0.001368585743 0.03641000302 0)
(0.008248846671 0.1083619163 0)
(0.01962068791 0.1724860076 0)
(0.03073267798 0.223540453 0)
(0.04032873935 0.2612490124 0)
(0.04846432974 0.2881430147 0)
(0.0555588959 0.3067442933 0)
(0.0619452309 0.3184302364 0)
(0.067721151 0.3236739173 0)
(0.07281512076 0.3226964645 0)
(0.07711081052 0.3159319712 0)
(0.08053608784 0.3041737928 0)
(0.08309962482 0.288495856 0)
(0.08488881283 0.2700756676 0)
(0.08604485517 0.2500137496 0)
(0.08672872911 0.2292050353 0)
(0.08708899633 0.2082817127 0)
(0.08723858274 0.1876199846 0)
(0.08724418384 0.1673888263 0)
(0.08712724803 0.1476150684 0)
(0.08687259113 0.1282452576 0)
(0.08644045263 0.1091932534 0)
(0.08577838975 0.0903704679 0)
(0.0848308484 0.07170086589 0)
(0.08354566226 0.05312511397 0)
(0.08187771243 0.03459841486 0)
(0.07979049289 0.01608558531 0)
(0.07725384985 -0.002444340713 0)
(0.074248412 -0.02102088593 0)
(0.07076024225 -0.03967723452 0)
(0.0667792058 -0.05844811185 0)
(0.06229989615 -0.07736754603 0)
(0.0573206332 -0.09646373687 0)
(0.05184338579 -0.1157507576 0)
(0.04587442022 -0.1352179755 0)
(0.03942624364 -0.1548186602 0)
(0.03251982623 -0.1744655088 0)
(0.02518285912 -0.1940470766 0)
(0.0174430688 -0.2134867517 0)
(0.009306256415 -0.2329159688 0)
(0.0006970087314 -0.2530865397 0)
(-0.008641003238 -0.2760106799 0)
(-0.019182675 -0.3057291802 0)
(-0.03137793503 -0.348092317 0)
(-0.04482634704 -0.4076886205 0)
(-0.05714145634 -0.4805103732 0)
(-0.06319940434 -0.5434104448 0)
(-0.05557939321 -0.5453027761 0)
(-0.02985832376 -0.415820666 0)
(-0.004357989591 -0.1416497846 0)
(0.001255391664 0.03202570441 0)
(0.008126538627 0.09857703636 0)
(0.02019346626 0.1607478687 0)
(0.03270857656 0.2123033394 0)
(0.04404105863 0.2514333848 0)
(0.0539290195 0.2796508952 0)
(0.06265238207 0.2991984994 0)
(0.07053506815 0.3115974721 0)
(0.07771069758 0.3175377581 0)
(0.08413228431 0.3173586261 0)
(0.08968341523 0.3114966735 0)
(0.09427655025 0.3006783468 0)
(0.09790208578 0.285891009 0)
(0.1006342896 0.268240233 0)
(0.1026097932 0.2487867814 0)
(0.1039937459 0.2284215331 0)
(0.1049458564 0.2078018297 0)
(0.105594504 0.1873465274 0)
(0.1060230992 0.1672722168 0)
(0.1062683274 0.1476485156 0)
(0.1063269381 0.1284542512 0)
(0.1061669646 0.1096233617 0)
(0.1057396745 0.09107630852 0)
(0.1049898039 0.07273773588 0)
(0.1038629804 0.05454361445 0)
(0.1023102464 0.03644168185 0)
(0.1002903646 0.01838842715 0)
(0.09776923276 0.0003447945031 0)
(0.09472177785 -0.01772434798 0)
(0.0911272716 -0.03585889657 0)
(0.08697118025 -0.05409772271 0)
(0.08224178458 -0.07247795357 0)
(0.07692970946 -0.09103074732 0)
(0.07102803055 -0.1097736511 0)
(0.06453299865 -0.1287008419 0)
(0.05744602013 -0.1477731874 0)
(0.04977634721 -0.1669134817 0)
(0.04154315249 -0.1860179435 0)
(0.03277455158 -0.2050085519 0)
(0.02349430845 -0.2239853769 0)
(0.01367650156 -0.2435783446 0)
(0.003159322499 -0.2656092402 0)
(-0.008437427277 -0.2939527389 0)
(-0.02159691743 -0.3347272177 0)
(-0.03620959016 -0.3938279184 0)
(-0.05038039063 -0.4697882651 0)
(-0.05930888817 -0.5422369314 0)
(-0.05513083509 -0.5601191214 0)
(-0.03204389537 -0.4440392125 0)
(-0.00508897703 -0.1577201946 0)
(0.001124727533 0.0278004699 0)
(0.007795336608 0.08861214462 0)
(0.02018254043 0.1481303501 0)
(0.03376930718 0.1996117549 0)
(0.04663636665 0.2399253941 0)
(0.05818671528 0.2694851174 0)
(0.06851427308 0.2900923327 0)
(0.07790147445 0.3033074642 0)
(0.08650890576 0.3100127372 0)
(0.09431929823 0.3106844243 0)
(0.1012218833 0.3057861114 0)
(0.1071129718 0.2959906083 0)
(0.1119570847 0.282199735 0)
(0.1158036029 0.2654403418 0)
(0.1187717809 0.2467233774 0)
(0.1210195797 0.2269256838 0)
(0.1227095075 0.2067219964 0)
(0.1239806519 0.1865693279 0)
(0.124931845 0.1667308105 0)
(0.1256165074 0.1473205722 0)
(0.1260466426 0.1283532337 0)
(0.1262022449 0.1097870472 0)
(0.1260424928 0.09155561111 0)
(0.1255160798 0.07358764815 0)
(0.1245692566 0.05581693758 0)
(0.1231511657 0.03818541958 0)
(0.1212168099 0.02064240136 0)
(0.1187281825 0.003141821398 0)
(0.1156538137 -0.01435930861 0)
(0.1119665175 -0.03190521699 0)
(0.1076457358 -0.0495380424 0)
(0.1026721257 -0.06729733502 0)
(0.09702745317 -0.08521618477 0)
(0.09069491869 -0.1033143738 0)
(0.08365983021 -0.1215898968 0)
(0.07591169998 -0.1400105877 0)
(0.06744783641 -0.1585101251 0)
(0.05827788123 -0.1769981171 0)
(0.04842702062 -0.1954068154 0)
(0.03793075495 -0.2138239306 0)
(0.0268055371 -0.2328057654 0)
(0.01497360538 -0.2540010612 0)
(0.002162020281 -0.281079559 0)
(-0.01209541609 -0.3202625766 0)
(-0.02792710232 -0.3784891641 0)
(-0.04392641705 -0.4567530253 0)
(-0.05571126014 -0.5378625546 0)
(-0.05510085025 -0.5718664447 0)
(-0.03502200604 -0.4715981812 0)
(-0.006270692987 -0.1754937615 0)
(0.000984903216 0.02382891003 0)
(0.007285174594 0.07875736471 0)
(0.01960752406 0.1350071866 0)
(0.03387227553 0.1857722908 0)
(0.0479967357 0.2269039422 0)
(0.06106389155 0.2577190334 0)
(0.07294244562 0.279438315 0)
(0.08383241424 0.293540245 0)
(0.09390136495 0.3010520843 0)
(0.1031603185 0.3025951593 0)
(0.1115090037 0.298685919 0)
(0.1188291054 0.2899634285 0)
(0.1250543859 0.27725111 0)
(0.1301993208 0.2614936071 0)
(0.1343533561 0.2436423589 0)
(0.1376550084 0.224548334 0)
(0.1402593915 0.2048927455 0)
(0.1423092009 0.185162682 0)
(0.1439149913 0.1656634176 0)
(0.145146336 0.1465527279 0)
(0.146032319 0.1278828996 0)
(0.1465682476 0.1096400212 0)
(0.1467252232 0.09177496132 0)
(0.1464598658 0.07422447978 0)
(0.1457224866 0.05692350179 0)
(0.1444630173 0.03981072834 0)
(0.1426345323 0.02283008754 0)
(0.1401952138 0.005929686571 0)
(0.1371074629 -0.01093964292 0)
(0.1333385394 -0.02782659307 0)
(0.1288605757 -0.0447753272 0)
(0.1236453562 -0.06182675097 0)
(0.1176648151 -0.07901487711 0)
(0.1108914849 -0.0963607094 0)
(0.103299121 -0.1138652376 0)
(0.09486509117 -0.1315028703 0)
(0.08557482611 -0.1492190586 0)
(0.07542823122 -0.1669410791 0)
(0.06444650614 -0.1846215765 0)
(0.05267456529 -0.2023569331 0)
(0.04016439107 -0.220664288 0)
(0.02691485804 -0.2410556331 0)
(0.01275766983 -0.2669745355 0)
(-0.00271351952 -0.3045984316 0)
(-0.01980954149 -0.3616428325 0)
(-0.03761112206 -0.441400923 0)
(-0.05225947116 -0.5302083349 0)
(-0.05539286903 -0.5803369437 0)
(-0.03880085574 -0.4983567028 0)
(-0.00807540698 -0.1956324066 0)
(0.0008425979508 0.0201877885 0)
(0.006627074586 0.06928765626 0)
(0.01850464689 0.121782531 0)
(0.03300073028 0.1711626692 0)
(0.04802284864 0.2126223967 0)
(0.06238934682 0.2444774273 0)
(0.07572192471 0.2672737313 0)
(0.08809395367 0.2822838917 0)
(0.09964819028 0.2906115873 0)
(0.1104127009 0.2930146807 0)
(0.1202986439 0.2900841131 0)
(0.12917554 0.282449064 0)
(0.1369444808 0.2708677703 0)
(0.1435778276 0.2562037041 0)
(0.1491243894 0.239340967 0)
(0.1536911298 0.2210922739 0)
(0.1574144299 0.2021321507 0)
(0.1604314496 0.1829665316 0)
(0.162858285 0.1639350869 0)
(0.1647776058 0.1452353982 0)
(0.1662353 0.1269570354 0)
(0.1672438246 0.1091160524 0)
(0.1677893561 0.09168414776 0)
(0.1678401491 0.07461016214 0)
(0.1673542098 0.05783402741 0)
(0.1662854398 0.04129452051 0)
(0.1645873365 0.02493283626 0)
(0.1622161551 0.008693275837 0)
(0.1591281574 -0.00747661977 0)
(0.1552858265 -0.023630088 0)
(0.150654514 -0.03981189976 0)
(0.1451962868 -0.05606318491 0)
(0.1388726348 -0.07241775315 0)
(0.1316450619 -0.08889694982 0)
(0.1234756456 -0.1055042493 0)
(0.1143298916 -0.1222207164 0)
(0.1041820812 -0.1390049664 0)
(0.09302346147 -0.1558059427 0)
(0.0808721898 -0.1726054529 0)
(0.0677819302 -0.1895264127 0)
(0.05383583405 -0.2070788934 0)
(0.03910100721 -0.2266761587 0)
(0.02351222146 -0.2515373996 0)
(0.006745687716 -0.2876638597 0)
(-0.01163832072 -0.3432806589 0)
(-0.0311903473 -0.4237350355 0)
(-0.04870297885 -0.5191660236 0)
(-0.0557711006 -0.5852342409 0)
(-0.04323875265 -0.5240373602 0)
(-0.01063774929 -0.2188646428 0)
(0.0007021973336 0.01693746107 0)
(0.005847392972 0.06045666152 0)
(0.0169166995 0.1088766071 0)
(0.03115949212 0.1562264616 0)
(0.04663781392 0.1974181275 0)
(0.06200173407 0.2299528962 0)
(0.07663150995 0.2536746666 0)
(0.09043432671 0.2695421525 0)
(0.1034865812 0.2786519576 0)
(0.1158096893 0.2818703738 0)
(0.1273196646 0.2798737068 0)
(0.1378747075 0.2733044643 0)
(0.147343533 0.2628733433 0)
(0.1556526056 0.2493686614 0)
(0.1628021496 0.2336026257 0)
(0.1688570052 0.2163383327 0)
(0.1739235326 0.1982295186 0)
(0.1781229977 0.1797874529 0)
(0.1815687799 0.1613754923 0)
(0.1843511067 0.1432241386 0)
(0.186529937 0.125457201 0)
(0.1881346156 0.1081208356 0)
(0.189167997 0.09120990854 0)
(0.1896127463 0.0746888847 0)
(0.1894378266 0.05850662689 0)
(0.1886044328 0.04260576915 0)
(0.1870693344 0.02692797326 0)
(0.1847899432 0.011416729 0)
(0.1817161333 -0.003982263818 0)
(0.1778076141 -0.01932134488 0)
(0.1730242191 -0.03464709951 0)
(0.1673185214 -0.05000019318 0)
(0.1606418814 -0.06541268008 0)
(0.1529450555 -0.08090537266 0)
(0.1441790416 -0.09648404968 0)
(0.1342986241 -0.1121370231 0)
(0.1232686431 -0.1278379718 0)
(0.111074004 -0.1435617409 0)
(0.09773228038 -0.1593275894 0)
(0.08330730625 -0.175300695 0)
(0.06791086169 -0.1920114231 0)
(0.05167078054 -0.2108118329 0)
(0.03461934279 -0.234710038 0)
(0.0165207996 -0.2694334728 0)
(-0.003134760632 -0.3234307204 0)
(-0.0243376061 -0.4037972182 0)
(-0.04467898114 -0.5046354902 0)
(-0.05583996826 -0.5861926094 0)
(-0.04801513417 -0.5482143066 0)
(-0.01398373358 -0.2458910194 0)
(0.000564389351 0.01412685504 0)
(0.004959087596 0.05249780388 0)
(0.01487483293 0.09671255633 0)
(0.02835962138 0.1414601614 0)
(0.04378307051 0.1817136035 0)
(0.05975467772 0.2144186024 0)
(0.07545259562 0.2387708248 0)
(0.09059192972 0.2553445097 0)
(0.1051368371 0.2651428805 0)
(0.1190658532 0.2690938813 0)
(0.132282239 0.2679539958 0)
(0.1446287644 0.2623955382 0)
(0.1559422972 0.2531001845 0)
(0.1661027688 0.2407912076 0)
(0.1750576681 0.2262084274 0)
(0.1828221499 0.210056475 0)
(0.1894628614 0.1929548227 0)
(0.1950749293 0.1754055636 0)
(0.1997596302 0.1577829063 0)
(0.2036072375 0.1403407058 0)
(0.2066866745 0.1232312469 0)
(0.2090415429 0.1065285616 0)
(0.2106909238 0.09025124245 0)
(0.2116331087 0.07438181885 0)
(0.211850297 0.05888150718 0)
(0.2113137417 0.04370063532 0)
(0.2099864245 0.02878472325 0)
(0.2078295748 0.01407991976 0)
(0.2047909936 -0.0004703413297 0)
(0.2008284924 -0.01490567522 0)
(0.1958947954 -0.02927932613 0)
(0.1899372489 -0.04363040428 0)
(0.1828991058 -0.05798749231 0)
(0.1747213806 -0.07237017171 0)
(0.1653455982 -0.08678664827 0)
(0.1547182397 -0.1012336148 0)
(0.1427977844 -0.1157023705 0)
(0.1295666053 -0.1301983782 0)
(0.115045552 -0.1447862081 0)
(0.09931136051 -0.1596865732 0)
(0.08250271437 -0.1754724981 0)
(0.06479968498 -0.1934683456 0)
(0.04631862968 -0.2164941844 0)
(0.02691762997 -0.249936772 0)
(0.006058229459 -0.3021829812 0)
(-0.01664222392 -0.381697356 0)
(-0.03971336652 -0.4865621084 0)
(-0.0550428253 -0.5828033046 0)
(-0.0526224574 -0.5702995547 0)
(-0.01794013257 -0.2772436284 0)
(0.0004226674263 0.01180446969 0)
(0.003947071376 0.04563663412 0)
(0.01236944838 0.08570963606 0)
(0.02458727659 0.1273938711 0)
(0.03940002293 0.1660046759 0)
(0.0555142662 0.1982311584 0)
(0.07197727709 0.222756874 0)
(0.08830732607 0.2397569863 0)
(0.104313624 0.2500688549 0)
(0.119886662 0.2546224053 0)
(0.1348872346 0.2542306991 0)
(0.149130207 0.2495995647 0)
(0.1624185102 0.2413958869 0)
(0.1745866121 0.23028946 0)
(0.1855289681 0.2169509079 0)
(0.1952075827 0.2020210423 0)
(0.2036428695 0.186073751 0)
(0.2108953235 0.1695879742 0)
(0.217045034 0.1529350604 0)
(0.222173902 0.1363807941 0)
(0.2263529729 0.1200978296 0)
(0.2296353236 0.1041834637 0)
(0.2320536315 0.08867847983 0)
(0.2336210883 0.07358429738 0)
(0.234334006 0.05887685916 0)
(0.2341752961 0.04451741064 0)
(0.2331171025 0.0304591275 0)
(0.2311235983 0.01665409387 0)
(0.2281537518 0.00305103204 0)
(0.2241601553 -0.0103859798 0)
(0.2190848369 -0.02370831954 0)
(0.2128785724 -0.03694992658 0)
(0.2054798124 -0.05013600166 0)
(0.1968222044 -0.0632851248 0)
(0.1868410961 -0.07640853887 0)
(0.1754789291 -0.0895131478 0)
(0.1626927387 -0.1026111327 0)
(0.1484679001 -0.1157436386 0)
(0.132833386 -0.1290275732 0)
(0.1158818393 -0.1427495059 0)
(0.09777589252 -0.1575412127 0)
(0.07873685805 -0.1747261186 0)
(0.05894431225 -0.1969621147 0)
(0.03834412694 -0.2292546391 0)
(0.0164026746 -0.2796825048 0)
(-0.007583763043 -0.3576203565 0)
(-0.033221316 -0.4649608079 0)
(-0.05267613895 -0.5746259841 0)
(-0.05638981378 -0.5894956468 0)
(-0.02207629282 -0.3131172869 0)
(0.0002558156148 0.01003799327 0)
(0.002743051351 0.04012130646 0)
(0.009306741773 0.07628829823 0)
(0.01975323708 0.1145686237 0)
(0.03339145948 0.1508325908 0)
(0.04914239514 0.1818158498 0)
(0.06601116454 0.2058927715 0)
(0.08333722332 0.2228897777 0)
(0.1007432109 0.23343605 0)
(0.1179845233 0.238401869 0)
(0.1348404628 0.2386165293 0)
(0.1510758852 0.2348064319 0)
(0.1664523283 0.2276280609 0)
(0.1807592007 0.2177065863 0)
(0.1938403697 0.2056483944 0)
(0.205605506 0.1920285607 0)
(0.2160265375 0.1773672682 0)
(0.2251241503 0.1621083549 0)
(0.2329501233 0.1466072037 0)
(0.2395701568 0.1311294622 0)
(0.2450500189 0.1158585245 0)
(0.2494461137 0.1009083586 0)
(0.2528002941 0.08633834777 0)
(0.255138044 0.0721677476 0)
(0.2564689636 0.05838814567 0)
(0.2567882272 0.04497368043 0)
(0.256079281 0.03188840614 0)
(0.2543139732 0.01909238816 0)
(0.2514592903 0.006545907177 0)
(0.2474631134 -0.005790081353 0)
(0.2422732468 -0.01795294068 0)
(0.235842387 -0.02997229269 0)
(0.2281069641 -0.04187140247 0)
(0.2189990248 -0.05366806838 0)
(0.2084538552 -0.0653774267 0)
(0.1964166218 -0.07701899431 0)
(0.182849965 -0.08862938491 0)
(0.1677493994 -0.1002900842 0)
(0.151156729 -0.1121752782 0)
(0.1331819535 -0.1246433666 0)
(0.1140043871 -0.1383930154 0)
(0.09387070622 -0.1547640933 0)
(0.07299239188 -0.1762762205 0)
(0.05138469828 -0.2075408696 0)
(0.02853519208 -0.2561265581 0)
(0.003516226245 -0.3318223327 0)
(-0.02448334372 -0.4399297345 0)
(-0.04788835921 -0.5611711685 0)
(-0.05854762567 -0.6047132103 0)
(-0.02576159412 -0.3532250827 0)
(1.755759796e-05 0.008949002781 0)
(0.001187378597 0.03628283955 0)
(0.005446339977 0.0688913468 0)
(0.01362294923 0.1035141435 0)
(0.02556137249 0.1367387608 0)
(0.04046163463 0.165628007 0)
(0.05736584562 0.1884840138 0)
(0.07546705991 0.2048938738 0)
(0.09418580158 0.2152764973 0)
(0.1131024861 0.2203913038 0)
(0.1318737189 0.2210330827 0)
(0.150185443 0.2179192303 0)
(0.1677441549 0.2116864528 0)
(0.1842917494 0.2029169037 0)
(0.1996247007 0.1921562526 0)
(0.2136044279 0.1799139625 0)
(0.2261564617 0.1666516786 0)
(0.2372607289 0.1527692032 0)
(0.24693694 0.1385948266 0)
(0.2552289313 0.1243827201 0)
(0.2621907329 0.1103170076 0)
(0.2678758189 0.09652054921 0)
(0.2723299234 0.08306611753 0)
(0.2755869194 0.06998797379 0)
(0.2776673661 0.05729262324 0)
(0.2785779494 0.04496763408 0)
(0.2783137342 0.03298961099 0)
(0.2768561887 0.02132749895 0)
(0.2741835603 0.00995240554 0)
(0.2702459707 -0.00117572127 0)
(0.26500028 -0.01206216238 0)
(0.2584021249 -0.02274401304 0)
(0.2503954321 -0.03324521556 0)
(0.2409205569 -0.0435834912 0)
(0.2299213062 -0.05377925535 0)
(0.2173546951 -0.06386723529 0)
(0.2031973325 -0.07391117837 0)
(0.1874622779 -0.08403554452 0)
(0.170206037 -0.0944723765 0)
(0.1515531002 -0.1056514207 0)
(0.1316836779 -0.1183362793 0)
(0.1108470871 -0.1338894321 0)
(0.08924160622 -0.1547094212 0)
(0.06692340273 -0.1850254477 0)
(0.043383344 -0.2317554994 0)
(0.01759140419 -0.3046228171 0)
(-0.01254795008 -0.41167436 0)
(-0.03960717956 -0.5418799974 0)
(-0.05831236774 -0.6145414834 0)
(-0.02834978508 -0.3966821988 0)
(-0.000377205407 0.00883237783 0)
(-0.001027494812 0.03460550387 0)
(0.0003106704483 0.06401066649 0)
(0.005731758214 0.0947233264 0)
(0.01554065691 0.1242024446 0)
(0.02920482979 0.1500859778 0)
(0.04583826168 0.1708337838 0)
(0.06451799304 0.1859385751 0)
(0.08446053393 0.1956445196 0)
(0.1050463461 0.2005680566 0)
(0.1257761653 0.2014175705 0)
(0.1462287204 0.1988595385 0)
(0.1660385362 0.1934874159 0)
(0.1848944146 0.1858317378 0)
(0.202547643 0.1763762081 0)
(0.218816952 0.1655644786 0)
(0.2335868324 0.1537970834 0)
(0.2467995594 0.1414239808 0)
(0.2584429835 0.1287380569 0)
(0.268536694 0.1159725718 0)
(0.2771188189 0.1033031964 0)
(0.2842349255 0.09085375881 0)
(0.2899297018 0.07870433301 0)
(0.2942413096 0.06690004863 0)
(0.2971982143 0.05545997525 0)
(0.2988175089 0.04438431378 0)
(0.2991048158 0.03366198645 0)
(0.2980546781 0.02327302582 0)
(0.2956504274 0.01319795389 0)
(0.2918746984 0.003407890502 0)
(0.2866918313 -0.006102380443 0)
(0.280049641 -0.0153541361 0)
(0.2719190675 -0.02437183461 0)
(0.2622632371 -0.03317839779 0)
(0.2510452396 -0.04180299539 0)
(0.238244435 -0.05029840752 0)
(0.2238581911 -0.05875585394 0)
(0.2079217124 -0.06734121184 0)
(0.190500375 -0.07633756302 0)
(0.1717229833 -0.08623679159 0)
(0.1517411475 -0.09785313735 0)
(0.1307774153 -0.1125661118 0)
(0.1089535462 -0.1326602562 0)
(0.08633762432 -0.1620155448 0)
(0.06235140605 -0.2068372886 0)
(0.03598444727 -0.2763632176 0)
(0.003955437872 -0.3804439436 0)
(-0.0263902387 -0.5161789629 0)
(-0.05489042771 -0.6174424238 0)
(-0.0292733401 -0.4418280385 0)
(-0.001167812227 0.01023305181 0)
(-0.004515996997 0.03580589291 0)
(-0.00690052157 0.06223159405 0)
(-0.004686648117 0.08859977707 0)
(0.00272479757 0.1135660967 0)
(0.01497000417 0.1354936182 0)
(0.03118771116 0.1531667498 0)
(0.05034845211 0.1661589879 0)
(0.07146690268 0.1745931292 0)
(0.0937173588 0.1789235206 0)
(0.1164294879 0.1797269332 0)
(0.1390573225 0.1775726042 0)
(0.1611502563 0.1729773594 0)
(0.1823382593 0.1664016141 0)
(0.2023286347 0.1582592325 0)
(0.2209029486 0.1489252362 0)
(0.2379114676 0.1387370003 0)
(0.253264619 0.1279911225 0)
(0.2669219627 0.1169395939 0)
(0.2788799205 0.1057878135 0)
(0.2891597047 0.09469551182 0)
(0.2977966447 0.08378032361 0)
(0.3048315666 0.07312341156 0)
(0.3103044888 0.06277585091 0)
(0.3142503187 0.05276553064 0)
(0.3166965835 0.04310297691 0)
(0.31766189 0.03378725697 0)
(0.317157036 0.02480993254 0)
(0.3151837318 0.01615824474 0)
(0.3117421989 0.007820790586 0)
(0.3068213861 -0.0002287186004 0)
(0.3004011298 -0.007992931579 0)
(0.2924664731 -0.01549122045 0)
(0.28301381 -0.02275358664 0)
(0.2720358521 -0.02981847874 0)
(0.2595431213 -0.0367580181 0)
(0.2455532082 -0.0436864308 0)
(0.2301216416 -0.05080338784 0)
(0.2133026429 -0.05842599314 0)
(0.1952120763 -0.06708913389 0)
(0.1759242798 -0.077628714 0)
(0.1556063044 -0.09142463992 0)
(0.1342117341 -0.1106403029 0)
(0.1117994922 -0.1388553172 0)
(0.08755212084 -0.1815858272 0)
(0.0607095916 -0.2473307405 0)
(0.0270172294 -0.3465659582 0)
(-0.006392984015 -0.483717652 0)
(-0.04720041845 -0.6115352946 0)
(-0.02763811928 -0.4858873355 0)
(-0.002759471982 0.01418918628 0)
(-0.01023558044 0.04107505754 0)
(-0.01740790023 0.06428823529 0)
(-0.01875121963 0.08548101816 0)
(-0.01371148634 0.1049295844 0)
(-0.002797027448 0.1218765025 0)
(0.01311996477 0.1355684311 0)
(0.0328661915 0.145596716 0)
(0.05522149083 0.1521399714 0)
(0.07916446742 0.1554590688 0)
(0.1038687207 0.1559529962 0)
(0.1286668694 0.154049961 0)
(0.1530222878 0.1501550792 0)
(0.1765058875 0.1446349186 0)
(0.1987839382 0.1378204231 0)
(0.2196068631 0.1300119874 0)
(0.23879838 0.1214809574 0)
(0.2562448546 0.1124680226 0)
(0.2718843448 0.1031806963 0)
(0.2856953965 0.09379161933 0)
(0.2976861089 0.08443874892 0)
(0.307884317 0.07522729944 0)
(0.3163291968 0.06623347686 0)
(0.3230649894 0.05750874883 0)
(0.3281359981 0.04908504168 0)
(0.3315841641 0.04097896052 0)
(0.3334464327 0.03319649818 0)
(0.3337558318 0.02573619364 0)
(0.3325391697 0.01859140958 0)
(0.3298213475 0.01175336527 0)
(0.3256225354 0.005204795035 0)
(0.3199637021 -0.001067845782 0)
(0.312856159 -0.007082420362 0)
(0.3043314404 -0.01287197451 0)
(0.2944057835 -0.01847736064 0)
(0.2831197229 -0.02398558329 0)
(0.270493888 -0.02952114694 0)
(0.2565968152 -0.03530399156 0)
(0.2414312073 -0.04165698502 0)
(0.2250880994 -0.04913035497 0)
(0.2074897549 -0.05853557619 0)
(0.1887441078 -0.07122546294 0)
(0.1684935362 -0.08921179121 0)
(0.1468209423 -0.1158199296 0)
(0.1223670483 -0.1559358461 0)
(0.09496241035 -0.2172382069 0)
(0.05937962152 -0.3098256185 0)
(0.02287318595 -0.4441277777 0)
(-0.03358092656 -0.5947999487 0)
(-0.0220663623 -0.5250415777 0)
(-0.005870520561 0.02276756567 0)
(-0.01972512333 0.05219865519 0)
(-0.03295283357 0.07094545426 0)
(-0.03795557625 0.08546462254 0)
(-0.03484307272 0.09805450787 0)
(-0.02466108375 0.108896572 0)
(-0.008635869396 0.1176921871 0)
(0.01197474784 0.1241271587 0)
(0.03580066549 0.1281892001 0)
(0.06152498102 0.1301260391 0)
(0.08821925463 0.1300857424 0)
(0.1151338732 0.1283112955 0)
(0.1416663207 0.125065057 0)
(0.1673407331 0.1205962271 0)
(0.1917934059 0.1151379604 0)
(0.2147551127 0.1089080108 0)
(0.2360351058 0.1021075954 0)
(0.255507987 0.09491879745 0)
(0.2731021864 0.08750181021 0)
(0.288789297 0.07999279485 0)
(0.3025738462 0.07250334699 0)
(0.3144843596 0.06512097494 0)
(0.3245650472 0.05791149862 0)
(0.3328700966 0.05092130955 0)
(0.3394575521 0.04418151272 0)
(0.3443877157 0.03771008824 0)
(0.3477179831 0.03151659168 0)
(0.3495061217 0.025602442 0)
(0.3498028885 0.01996575762 0)
(0.3486619931 0.01459836837 0)
(0.3461264241 0.009492125529 0)
(0.3422478581 0.004627308189 0)
(0.3370586632 -1.137915792e-05 0)
(0.3306284376 -0.004464969568 0)
(0.3229666207 -0.008785072378 0)
(0.3141384701 -0.01305370922 0)
(0.3041241987 -0.01737856236 0)
(0.2930110312 -0.02198218816 0)
(0.2806825188 -0.02715456985 0)
(0.2672383809 -0.03343100928 0)
(0.2523280676 -0.04153375831 0)
(0.2360843986 -0.05274775245 0)
(0.2175861911 -0.06886339727 0)
(0.1971203753 -0.09296312511 0)
(0.1722405927 -0.129341622 0)
(0.1439550205 -0.1849621649 0)
(0.1050323821 -0.2689393442 0)
(0.06476463827 -0.3958017816 0)
(-0.01098813171 -0.5640655823 0)
(-0.009899226857 -0.5531488126 0)
(-0.01200609303 0.03984270484 0)
(-0.03561274427 0.07082369991 0)
(-0.05580528975 0.08198368709 0)
(-0.06350349484 0.08788453796 0)
(-0.06093955116 0.09229438777 0)
(-0.05022871568 0.0960294272 0)
(-0.0330155231 0.09914532217 0)
(-0.01091356514 0.1014922104 0)
(0.01469095031 0.1027181227 0)
(0.04245642582 0.1030145586 0)
(0.07123817699 0.1022694273 0)
(0.1003072053 0.1005229654 0)
(0.1290475774 0.09787252029 0)
(0.1569667634 0.09443297145 0)
(0.1836932869 0.090328712 0)
(0.2089554696 0.0856884687 0)
(0.2325618973 0.08063974988 0)
(0.2543868206 0.07530361036 0)
(0.2743581251 0.06979072477 0)
(0.2924472527 0.06419813451 0)
(0.3086590148 0.05860799971 0)
(0.3230240542 0.05308650419 0)
(0.3355895978 0.04768550907 0)
(0.3464160648 0.04244258872 0)
(0.3555677141 0.03738501382 0)
(0.3631157635 0.03252898596 0)
(0.3691254159 0.02788571479 0)
(0.3736694509 0.02345741415 0)
(0.3768047012 0.01924653136 0)
(0.3786043574 0.01524548065 0)
(0.379110028 0.0114521308 0)
(0.3783995966 0.00784636293 0)
(0.3764862981 0.004419724204 0)
(0.3734589187 0.001127569748 0)
(0.3692910704 -0.00206812917 0)
(0.3641173599 -0.005253500516 0)
(0.3577926096 -0.008494708423 0)
(0.3504908144 -0.01200187108 0)
(0.3418494926 -0.01598544378 0)
(0.3321401021 -0.02094110471 0)
(0.3205036777 -0.02742415912 0)
(0.3074034786 -0.03659858984 0)
(0.2908568577 -0.04990741471 0)
(0.2718924442 -0.07011504231 0)
(0.2459067174 -0.1008502448 0)
(0.2160024909 -0.1484596895 0)
(0.1708270895 -0.2213407593 0)
(0.1245717006 -0.3352638351 0)
(0.02582850828 -0.512735557 0)
(0.01371963813 -0.5603966518 0)
(-0.02577560191 0.06404219954 0)
(-0.06450679022 0.1023417546 0)
(-0.08503391385 0.1014816895 0)
(-0.08698238428 0.09295400913 0)
(-0.07853339712 0.0861812489 0)
(-0.06241963104 0.08151451356 0)
(-0.0405434918 0.07842930154 0)
(-0.01460454821 0.07637756212 0)
(0.01424073319 0.07485338947 0)
(0.04492649368 0.0734555496 0)
(0.07637460738 0.07195015456 0)
(0.1080171595 0.07017911742 0)
(0.1393331205 0.068064995 0)
(0.1698873255 0.0655884669 0)
(0.199344057 0.06276781129 0)
(0.227451693 0.05964512186 0)
(0.2540264298 0.05627650002 0)
(0.2789415413 0.05272406058 0)
(0.3021172172 0.04905054104 0)
(0.3235140104 0.04531453795 0)
(0.3431222874 0.04156874538 0)
(0.3609595432 0.03785715495 0)
(0.3770573109 0.03421657446 0)
(0.3914660693 0.03067412242 0)
(0.404235461 0.02725197279 0)
(0.4154334661 0.02396277522 0)
(0.4251107789 0.02081849784 0)
(0.4333465591 0.01782066521 0)
(0.4401789535 0.01497596204 0)
(0.4457010035 0.01227643678 0)
(0.4499222078 0.009726972 0)
(0.4529605187 0.007308112904 0)
(0.4547682026 0.005022530432 0)
(0.4555173385 0.00283119133 0)
(0.4550582192 0.0007210435022 0)
(0.4536879783 -0.001401499246 0)
(0.4510053126 -0.003550902716 0)
(0.4474954377 -0.005921193563 0)
(0.4422791959 -0.00860512901 0)
(0.4362142098 -0.01203400336 0)
(0.4274228519 -0.01651968024 0)
(0.4174559687 -0.02302549412 0)
(0.4022859852 -0.03248739874 0)
(0.3849651024 -0.0471370581 0)
(0.3567758467 -0.06973007305 0)
(0.3248948999 -0.1056510307 0)
(0.269610083 -0.1630613433 0)
(0.2140062764 -0.2565119926 0)
(0.08725190513 -0.4284661189 0)
(0.05679031379 -0.5280503485 0)
(-0.07427053923 0.1587081612 0)
(-0.08566060618 0.1165616418 0)
(-0.06009330789 0.08451630083 0)
(-0.03032901283 0.06894018836 0)
(0.001466263116 0.05804574439 0)
(0.03398601822 0.05011031873 0)
(0.06689002776 0.04471427682 0)
(0.1000193818 0.04119539592 0)
(0.1332646174 0.03896274776 0)
(0.1665749639 0.03733821783 0)
(0.1996702897 0.0360394836 0)
(0.232342476 0.03485727453 0)
(0.2643698527 0.0336539513 0)
(0.2955240782 0.0323541368 0)
(0.3255947917 0.03092449668 0)
(0.3544016924 0.02935887023 0)
(0.3817958772 0.02766919266 0)
(0.4076626085 0.0258781526 0)
(0.4319169717 0.02401437142 0)
(0.4545074188 0.02210746984 0)
(0.4754042796 0.02018666671 0)
(0.4946084572 0.0182771502 0)
(0.512129043 0.01640192194 0)
(0.5280061101 0.01457754687 0)
(0.5422685823 0.01281979467 0)
(0.5549861973 0.01113611343 0)
(0.5661887025 0.009537131581 0)
(0.5759739754 0.00802158346 0)
(0.5843518751 0.006598454434 0)
(0.5914580926 0.005256646828 0)
(0.5972542917 0.004007954664 0)
(0.6019375543 0.002827356325 0)
(0.6053715311 0.001738543612 0)
(0.6078504957 0.0006964159198 0)
(0.6090416747 -0.0002441922699 0)
(0.609562892 -0.001186305654 0)
(0.608552113 -0.002129234676 0)
(0.6071319397 -0.003241305757 0)
(0.6035222103 -0.004504079089 0)
(0.5997855204 -0.006232639059 0)
(0.592280736 -0.008492951836 0)
(0.5848412639 -0.0119213696 0)
(0.5699706257 -0.01690500389 0)
(0.5549341389 -0.02474884847 0)
(0.5240046333 -0.03706621411 0)
(0.4920902093 -0.05701686947 0)
(0.4249475437 -0.09223832287 0)
(0.3615855899 -0.1538410653 0)
(0.2015335094 -0.2938460645 0)
(0.139132245 -0.4175080687 0)
(0.1852517024 0.1438198359 0)
(0.2230289127 0.1052725269 0)
(0.317847736 0.07198155355 0)
(0.3881857701 0.05195888997 0)
(0.4386346262 0.03895487892 0)
(0.4780445941 0.02983881214 0)
(0.5111064067 0.02335755116 0)
(0.5400787514 0.01878532013 0)
(0.5662208669 0.01558561899 0)
(0.5904243661 0.01331423239 0)
(0.6132198449 0.01167215506 0)
(0.6349023018 0.01044958864 0)
(0.6556103837 0.009498353635 0)
(0.6753814084 0.008716512223 0)
(0.6941938325 0.008035756507 0)
(0.7119997392 0.007411597608 0)
(0.7287420541 0.006816898714 0)
(0.7443699757 0.006236528619 0)
(0.7588411066 0.005664065141 0)
(0.7721326539 0.00509803857 0)
(0.7842320216 0.004540870334 0)
(0.7951515408 0.003995689247 0)
(0.8049049707 0.003467535436 0)
(0.8135361446 0.00295942702 0)
(0.8210727604 0.00247650531 0)
(0.8275855717 0.002019390591 0)
(0.8330995829 0.001593160487 0)
(0.8377136416 0.001194595974 0)
(0.8414284849 0.0008300984472 0)
(0.8443839315 0.0004905082656 0)
(0.8465236108 0.0001863847744 0)
(0.8480623544 -0.0001012894249 0)
(0.8488286701 -0.0003510405419 0)
(0.849184681 -0.0005946668243 0)
(0.8487110109 -0.0007788003396 0)
(0.8480541495 -0.0009549917621 0)
(0.8462363448 -0.001120137632 0)
(0.8446058854 -0.001348870456 0)
(0.8410973097 -0.001610704638 0)
(0.8382896254 -0.002020436953 0)
(0.831843726 -0.002564448008 0)
(0.8268917068 -0.003440892613 0)
(0.8142718947 -0.004732649422 0)
(0.804436796 -0.006765614073 0)
(0.7774472931 -0.0100176582 0)
(0.7551655769 -0.01522118536 0)
(0.6911279743 -0.02506608236 0)
(0.6346943137 -0.04322995188 0)
(0.4565428577 -0.08602540065 0)
(0.3304618608 -0.1516997437 0)
)
;

boundaryField
{
    movingWall
    {
        type            fixedValue;
        value           uniform (1 0 0);
    }
    fixedWalls
    {
        type            noSlip;
    }
    frontAndBack
    {
        type            empty;
    }
}


// ************************************************************************* //
