/*--------------------------------*- C++ -*----------------------------------*\
  =========                 |
  \\      /  F ield         | OpenFOAM: The Open Source CFD Toolbox
   \\    /   O peration     | Website:  https://openfoam.org
    \\  /    A nd           | Version:  11
     \\/     M anipulation  |
\*---------------------------------------------------------------------------*/
FoamFile
{
    format      ascii;
    class       volScalarField;
    location    "0";
    object      T;
}
// * * * * * * * * * * * * * * * * * * * * * * * * * * * * * * * * * * * * * //

dimensions      [0 0 0 1 0 0 0];

internalField   nonuniform List<scalar> 
1000
(
348.3087402
348.3087402
348.3087402
348.3087402
348.3087402
348.3087402
348.3087402
348.3087402
348.3087402
348.3087402
348.3087402
348.3087402
348.3087402
348.3087402
348.3087402
348.3087402
348.3087402
348.3087402
348.3087402
348.3087402
348.3087402
348.3087402
348.3087402
348.3087402
348.3087402
348.3087402
348.3087402
348.3087402
348.3087402
348.3087402
348.3087402
348.3087402
348.3087402
348.3087402
348.3087402
348.3087402
348.3087402
348.3087402
348.3087402
348.3087402
348.3087402
348.3087402
348.3087402
348.3087402
348.3087402
348.3087402
348.3087402
348.3087402
348.3087402
348.3087402
348.3087402
348.3087402
348.3087402
348.3087402
348.3087402
348.3087402
348.3087402
348.3087402
348.3087402
348.3087402
348.3087402
348.3087402
348.3087402
348.3087402
348.3087402
348.3087402
348.3087402
348.3087402
348.3087402
348.3087402
348.3087402
348.3087402
348.3087402
348.3087402
348.3087402
348.3087402
348.3087402
348.3087402
348.3087402
348.3087402
348.3087402
348.3087402
348.3087402
348.3087402
348.3087402
348.3087402
348.3087402
348.3087402
348.3087402
348.3087402
348.3087402
348.3087402
348.3087402
348.3087402
348.3087402
348.3087402
348.3087402
348.3087402
348.3087402
348.3087402
348.3087402
348.3087402
348.3087402
348.3087402
348.3087402
348.3087402
348.3087402
348.3087402
348.3087402
348.3087402
348.3087402
348.3087402
348.3087402
348.3087402
348.3087402
348.3087402
348.3087402
348.3087402
348.3087402
348.3087402
348.3087402
348.3087402
348.3087402
348.3087402
348.3087402
348.3087402
348.3087402
348.3087402
348.3087402
348.3087402
348.3087402
348.3087402
348.3087402
348.3087402
348.3087402
348.3087402
348.3087402
348.3087402
348.3087402
348.3087402
348.3087402
348.3087402
348.3087402
348.3087402
348.3087402
348.3087402
348.3087402
348.3087402
348.3087402
348.3087402
348.3087402
348.3087402
348.3087402
348.3087402
348.3087402
348.3087402
348.3087402
348.3087402
348.3087402
348.3087402
348.3087402
348.3087402
348.3087402
348.3087402
348.3087402
348.3087402
348.3087402
348.3087402
348.3087402
348.3087402
348.3087402
348.3087402
348.3087402
348.3087402
348.3087402
348.3087402
348.3087402
348.3087402
348.3087402
348.3087402
348.3087402
348.3087402
348.3087402
348.3087402
348.3087402
348.3087402
348.3087402
348.3087402
348.3087402
348.3087402
348.3087402
348.3087402
348.3087402
348.3087402
348.3087402
348.3087402
348.3087402
348.3087402
348.3087402
348.3087402
348.3087402
348.3087402
348.3087402
348.3087402
348.3087402
348.3087402
348.3087402
348.3087402
348.3087402
348.3087402
348.3087402
348.3087402
348.3087402
348.3087402
348.3087402
348.3087402
348.3087402
348.3087402
348.3087402
348.3087402
348.3087402
348.3087402
348.3087402
348.3087402
348.3087402
348.3087402
348.3087402
348.3087402
348.3087402
348.3087402
348.3087402
348.3087402
348.3087402
348.3087402
348.3087402
348.3087402
348.3087402
348.3087402
348.3087402
348.3087402
348.3087402
348.3087402
348.3087402
348.3087402
348.3087402
348.3087402
348.3087402
348.3087402
348.3087402
348.3087402
348.3087402
348.3087402
348.3087402
348.3087402
348.3087402
348.3087402
348.3087402
348.3087402
348.3087402
348.3087402
348.3087402
348.3087402
348.3087402
348.3087402
348.3087402
348.3087402
348.3087402
348.3087402
348.3087402
348.3087402
348.3087402
348.3087402
348.3087402
348.3087402
348.3087402
348.3087402
348.3087402
348.3087402
348.3087402
348.3087402
348.3087402
348.3087402
348.3087402
348.3087402
348.3087402
348.3087402
348.3087402
348.3087402
348.3087402
348.3087402
348.3087402
348.3087402
348.3087402
348.3087402
348.3087402
348.3087402
348.3087402
348.3087402
348.3087402
348.3087402
348.3087402
348.3087402
348.3087402
348.3087402
348.3087402
348.3087402
348.3087402
348.3087402
348.3087402
348.3087402
348.3087402
348.3087402
348.3087402
348.3087402
348.3087402
348.3087402
348.3087402
348.3087402
348.3087402
348.3087402
348.3087402
348.3087402
348.3087402
348.3087402
348.3087402
348.3087402
348.3087402
348.3087402
348.3087402
348.3087402
348.3087402
348.3087402
348.3087402
348.3087402
348.3087402
348.3087402
348.3087402
348.3087402
348.3087402
348.3087402
348.3087402
348.3087402
348.3087402
348.3087402
348.3087402
348.3087402
348.3087402
348.3087402
348.3087402
348.3087402
348.3087402
348.3087402
348.3087402
348.3087402
348.3087402
348.3087402
348.3087402
348.3087402
348.3087402
348.3087402
348.3087402
348.3087402
348.3087402
348.3087402
348.3087402
348.3087402
348.3087402
348.3087402
348.3087402
348.3087402
348.3087402
348.3087402
348.3087402
348.3087402
348.3087402
348.3087402
348.3087402
348.3087402
348.3087402
348.3087402
348.3087402
348.3087402
348.3087402
348.3087402
348.3087402
348.3087402
348.3087402
348.3087402
348.3087402
348.3087402
348.3087402
348.3087402
348.3087402
348.3087402
348.3087402
348.3087402
348.3087402
348.3087402
348.3087402
348.3087402
348.3087402
348.3087402
348.3087402
348.3087402
348.3087402
348.3087402
348.3087402
348.3087402
348.3087402
348.3087402
348.3087402
348.3087402
348.3087402
348.3087402
348.3087402
348.3087402
348.3087402
348.3087402
348.3087402
348.3087402
348.3087402
348.3087402
348.3087402
348.3087402
348.3087402
348.3087402
348.3087402
348.3087402
348.3087402
348.3087402
348.3087402
348.3087402
348.3087402
348.3087402
348.3087402
348.3087402
348.3087402
348.3087402
348.3087402
348.3087402
348.3087402
348.3087402
348.3087402
348.3087402
348.3087402
348.3087402
348.3087402
348.3087402
348.3087402
348.3087402
348.3087402
348.3087402
348.3087402
348.3087402
348.3087402
348.3087402
348.3087402
348.3087402
348.3087402
348.3087402
348.3087402
348.3087402
348.3087402
348.3087402
348.3087402
348.3087402
348.3087402
348.3087402
348.3087402
348.3087402
348.3087402
348.3087402
348.3087402
348.3087402
348.3087402
348.3087402
348.3087402
348.3087402
348.3087402
348.3087402
348.3087402
348.3087402
348.3087402
348.3087402
348.3087402
348.3087402
348.3087402
348.3087402
348.3087402
348.3087402
348.3087402
348.3087402
348.3087402
348.3087402
348.3087402
348.3087402
348.3087402
348.3087402
348.3087402
348.3087402
278.6469922
278.6469922
278.6469922
278.6469922
278.6469922
278.6469922
278.6469922
278.6469922
278.6469922
278.6469922
278.6469922
278.6469922
278.6469922
278.6469922
278.6469922
278.6469922
278.6469922
278.6469922
278.6469922
278.6469922
278.6469922
278.6469922
278.6469922
278.6469922
278.6469922
278.6469922
278.6469922
278.6469922
278.6469922
278.6469922
278.6469922
278.6469922
278.6469922
278.6469922
278.6469922
278.6469922
278.6469922
278.6469922
278.6469922
278.6469922
278.6469922
278.6469922
278.6469922
278.6469922
278.6469922
278.6469922
278.6469922
278.6469922
278.6469922
278.6469922
278.6469922
278.6469922
278.6469922
278.6469922
278.6469922
278.6469922
278.6469922
278.6469922
278.6469922
278.6469922
278.6469922
278.6469922
278.6469922
278.6469922
278.6469922
278.6469922
278.6469922
278.6469922
278.6469922
278.6469922
278.6469922
278.6469922
278.6469922
278.6469922
278.6469922
278.6469922
278.6469922
278.6469922
278.6469922
278.6469922
278.6469922
278.6469922
278.6469922
278.6469922
278.6469922
278.6469922
278.6469922
278.6469922
278.6469922
278.6469922
278.6469922
278.6469922
278.6469922
278.6469922
278.6469922
278.6469922
278.6469922
278.6469922
278.6469922
278.6469922
278.6469922
278.6469922
278.6469922
278.6469922
278.6469922
278.6469922
278.6469922
278.6469922
278.6469922
278.6469922
278.6469922
278.6469922
278.6469922
278.6469922
278.6469922
278.6469922
278.6469922
278.6469922
278.6469922
278.6469922
278.6469922
278.6469922
278.6469922
278.6469922
278.6469922
278.6469922
278.6469922
278.6469922
278.6469922
278.6469922
278.6469922
278.6469922
278.6469922
278.6469922
278.6469922
278.6469922
278.6469922
278.6469922
278.6469922
278.6469922
278.6469922
278.6469922
278.6469922
278.6469922
278.6469922
278.6469922
278.6469922
278.6469922
278.6469922
278.6469922
278.6469922
278.6469922
278.6469922
278.6469922
278.6469922
278.6469922
278.6469922
278.6469922
278.6469922
278.6469922
278.6469922
278.6469922
278.6469922
278.6469922
278.6469922
278.6469922
278.6469922
278.6469922
278.6469922
278.6469922
278.6469922
278.6469922
278.6469922
278.6469922
278.6469922
278.6469922
278.6469922
278.6469922
278.6469922
278.6469922
278.6469922
278.6469922
278.6469922
278.6469922
278.6469922
278.6469922
278.6469922
278.6469922
278.6469922
278.6469922
278.6469922
278.6469922
278.6469922
278.6469922
278.6469922
278.6469922
278.6469922
278.6469922
278.6469922
278.6469922
278.6469922
278.6469922
278.6469922
278.6469922
278.6469922
278.6469922
278.6469922
278.6469922
278.6469922
278.6469922
278.6469922
278.6469922
278.6469922
278.6469922
278.6469922
278.6469922
278.6469922
278.6469922
278.6469922
278.6469922
278.6469922
278.6469922
278.6469922
278.6469922
278.6469922
278.6469922
278.6469922
278.6469922
278.6469922
278.6469922
278.6469922
278.6469922
278.6469922
278.6469922
278.6469922
278.6469922
278.6469922
278.6469922
278.6469922
278.6469922
278.6469922
278.6469922
278.6469922
278.6469922
278.6469922
278.6469922
278.6469922
278.6469922
278.6469922
278.6469922
278.6469922
278.6469922
278.6469922
278.6469922
278.6469922
278.6469922
278.6469922
278.6469922
278.6469922
278.6469922
278.6469922
278.6469922
278.6469922
278.6469922
278.6469922
278.6469922
278.6469922
278.6469922
278.6469922
278.6469922
278.6469922
278.6469922
278.6469922
278.6469922
278.6469922
278.6469922
278.6469922
278.6469922
278.6469922
278.6469922
278.6469922
278.6469922
278.6469922
278.6469922
278.6469922
278.6469922
278.6469922
278.6469922
278.6469922
278.6469922
278.6469922
278.6469922
278.6469922
278.6469922
278.6469922
278.6469922
278.6469922
278.6469922
278.6469922
278.6469922
278.6469922
278.6469922
278.6469922
278.6469922
278.6469922
278.6469922
278.6469922
278.6469922
278.6469922
278.6469922
278.6469922
278.6469922
278.6469922
278.6469922
278.6469922
278.6469922
278.6469922
278.6469922
278.6469922
278.6469922
278.6469922
278.6469922
278.6469922
278.6469922
278.6469922
278.6469922
278.6469922
278.6469922
278.6469922
278.6469922
278.6469922
278.6469922
278.6469922
278.6469922
278.6469922
278.6469922
278.6469922
278.6469922
278.6469922
278.6469922
278.6469922
278.6469922
278.6469922
278.6469922
278.6469922
278.6469922
278.6469922
278.6469922
278.6469922
278.6469922
278.6469922
278.6469922
278.6469922
278.6469922
278.6469922
278.6469922
278.6469922
278.6469922
278.6469922
278.6469922
278.6469922
278.6469922
278.6469922
278.6469922
278.6469922
278.6469922
278.6469922
278.6469922
278.6469922
278.6469922
278.6469922
278.6469922
278.6469922
278.6469922
278.6469922
278.6469922
278.6469922
278.6469922
278.6469922
278.6469922
278.6469922
278.6469922
278.6469922
278.6469922
278.6469922
278.6469922
278.6469922
278.6469922
278.6469922
278.6469922
278.6469922
278.6469922
278.6469922
278.6469922
278.6469922
278.6469922
278.6469922
278.6469922
278.6469922
278.6469922
278.6469922
278.6469922
278.6469922
278.6469922
278.6469922
278.6469922
278.6469922
278.6469922
278.6469922
278.6469922
278.6469922
278.6469922
278.6469922
278.6469922
278.6469922
278.6469922
278.6469922
278.6469922
278.6469922
278.6469922
278.6469922
278.6469922
278.6469922
278.6469922
278.6469922
278.6469922
278.6469922
278.6469922
278.6469922
278.6469922
278.6469922
278.6469922
278.6469922
278.6469922
278.6469922
278.6469922
278.6469922
278.6469922
278.6469922
278.6469922
278.6469922
278.6469922
278.6469922
278.6469922
278.6469922
278.6469922
278.6469922
278.6469922
278.6469922
278.6469922
278.6469922
278.6469922
278.6469922
278.6469922
278.6469922
278.6469922
278.6469922
278.6469922
278.6469922
278.6469922
278.6469922
278.6469922
278.6469922
278.6469922
278.6469922
278.6469922
278.6469922
278.6469922
278.6469922
278.6469922
278.6469922
278.6469922
278.6469922
278.6469922
278.6469922
278.6469922
278.6469922
278.6469922
278.6469922
278.6469922
278.6469922
278.6469922
278.6469922
278.6469922
278.6469922
278.6469922
278.6469922
278.6469922
278.6469922
278.6469922
278.6469922
278.6469922
278.6469922
278.6469922
278.6469922
278.6469922
278.6469922
278.6469922
278.6469922
278.6469922
)
;

boundaryField
{
    leftRight
    {
        type            zeroGradient;
    }
    empty
    {
        type            empty;
    }
}


// ************************************************************************* //
