/*--------------------------------*- C++ -*----------------------------------*\
  =========                 |
  \\      /  F ield         | OpenFOAM: The Open Source CFD Toolbox
   \\    /   O peration     | Website:  https://openfoam.org
    \\  /    A nd           | Version:  11
     \\/     M anipulation  |
\*---------------------------------------------------------------------------*/
FoamFile
{
    format      ascii;
    class       volScalarField;
    location    "1000";
    object      p;
}
// * * * * * * * * * * * * * * * * * * * * * * * * * * * * * * * * * * * * * //

dimensions      [0 2 -2 0 0 0 0];

internalField   nonuniform List<scalar> 
1200
(
0.2674188927
0.2627881527
0.2581630156
0.2535434232
0.248929318
0.2443206434
0.2397173434
0.2351193629
0.2305266474
0.2259391432
0.2213567974
0.2167795577
0.2122073726
0.207640191
0.2030779627
0.198520638
0.1939681681
0.1894205045
0.1848775996
0.1803394061
0.1758058776
0.1712769682
0.1667526324
0.1622328255
0.1577175031
0.1532066215
0.1487001375
0.1441980086
0.1397001926
0.1352066479
0.1307173333
0.1262322083
0.1217512326
0.1172743666
0.112801571
0.1083328071
0.1038680366
0.0994072219
0.09495032569
0.09049731083
0.08604814059
0.08160277857
0.07716118917
0.07272333756
0.06828918906
0.06385870891
0.05943186256
0.05500861561
0.05058893263
0.04617278065
0.04176011141
0.03735090209
0.03294498974
0.02854251478
0.02414222391
0.01974644999
0.01534265661
0.01096193389
0.006471434986
0.002342472036
0.2674217513
0.2627909878
0.2581658274
0.2535462118
0.2489320836
0.2443233862
0.2397200637
0.2351220607
0.2305293229
0.2259417967
0.2213594289
0.2167821675
0.2122099608
0.2076427578
0.2030805083
0.1985231625
0.1939706717
0.1894229874
0.1848800619
0.180341848
0.1758082993
0.1712793698
0.1667550141
0.1622351874
0.1577198454
0.1532089444
0.1487024411
0.1442002931
0.1397024581
0.1352088946
0.1307195614
0.1262344179
0.1217534238
0.1172765396
0.1128037259
0.108334944
0.1038701558
0.0994093235
0.09495240983
0.09049937767
0.08605019025
0.08160481116
0.07716320483
0.07272533643
0.06829117131
0.06386067473
0.05943381205
0.05501054891
0.05059084993
0.0461746821
0.04176199757
0.03735277301
0.03294684941
0.02854435948
0.02414409252
0.01974827343
0.01534486433
0.010963406
0.006477510451
0.002337494795
0.2674201747
0.2627894261
0.2581642804
0.2535446795
0.2489305658
0.2443218826
0.2397185742
0.2351205852
0.2305278613
0.2259403487
0.2213579946
0.2167807465
0.2122085531
0.2076413632
0.2030791267
0.1985217938
0.1939693157
0.189421644
0.184878731
0.1803405295
0.1758069929
0.1712780755
0.1667537317
0.1622339169
0.1577185867
0.1532076972
0.1487012054
0.1441990688
0.139701245
0.1352076926
0.1307183704
0.1262332378
0.1217522546
0.1172753811
0.112802578
0.1083338065
0.1038690287
0.09940820659
0.09495130308
0.09049828101
0.08604910357
0.08160373435
0.07716213775
0.07272427895
0.06829012338
0.06385963631
0.05943278308
0.0550095293
0.05058983962
0.04617368112
0.04176100646
0.03735179228
0.03294588384
0.02854340917
0.02414320507
0.01974740397
0.01534455404
0.01096262253
0.006483002443
0.002326622005
0.2674199609
0.262789217
0.2581640759
0.2535444794
0.24893037
0.2443216912
0.2397183869
0.235120402
0.2305276821
0.2259401734
0.2213578231
0.2167805788
0.212208389
0.2076412028
0.2030789698
0.1985216404
0.1939691656
0.1894214972
0.1848785874
0.1803403891
0.1758068556
0.1712779412
0.1667536004
0.1622337885
0.1577184611
0.1532075745
0.1487010854
0.1441989514
0.1397011302
0.1352075804
0.1307182607
0.1262331306
0.1217521497
0.1172752786
0.1128024778
0.1083337086
0.1038689329
0.09940811296
0.09495121154
0.09049819155
0.08604901619
0.08160364898
0.07716205431
0.07272419734
0.06829004356
0.06385955835
0.05943270701
0.05500945511
0.05058976732
0.04617361083
0.04176093905
0.03735172865
0.03294583094
0.0285433675
0.02414324287
0.01974746043
0.01534540357
0.01096289747
0.006491727478
0.002313471182
0.267419252
0.2627885173
0.2581633853
0.2535437978
0.2489296973
0.2443210271
0.2397177314
0.235119755
0.2305270434
0.2259395429
0.2213572006
0.2167799642
0.2122077822
0.2076406036
0.2030783782
0.1985210562
0.1939685887
0.1894209275
0.1848780248
0.1803398335
0.1758063069
0.1712773992
0.1667530651
0.1622332598
0.1577179389
0.1532070586
0.1487005758
0.144198448
0.1397006329
0.135207089
0.1307177753
0.126232651
0.1217516759
0.1172748104
0.1128020151
0.1083332515
0.1038684812
0.09940766655
0.09495077037
0.09049775557
0.08604858536
0.08160322324
0.07716163355
0.07272378138
0.06828963234
0.0638591519
0.05943230537
0.05500905829
0.05058937531
0.04617322376
0.04176055796
0.03735135472
0.03294547285
0.02854302629
0.02414300265
0.01974725031
0.01534617482
0.01096301525
0.00650208302
0.002297411352
0.2674185338
0.2627878094
0.2581626875
0.2535431099
0.248929019
0.2443203585
0.2397170721
0.2351191049
0.2305264024
0.2259389108
0.2213565773
0.2167793494
0.2122071759
0.2076400056
0.2030777885
0.1985204745
0.193968015
0.1894203615
0.1848774665
0.1803392826
0.1758057635
0.1712768631
0.1667525362
0.1622327379
0.1577174239
0.1532065504
0.1487000744
0.1441979531
0.1397001445
0.1352066071
0.1307172996
0.1262321815
0.1217512125
0.117274353
0.1128015637
0.1083328058
0.1038680412
0.09940723216
0.09495034149
0.09049733214
0.08604816735
0.08160281059
0.07716122613
0.072723379
0.06828923489
0.0638587594
0.05943191788
0.05500867586
0.05058899798
0.04617285163
0.04176019223
0.03735099677
0.03294513277
0.02854270542
0.02414279757
0.01974708059
0.01534712052
0.01096324106
0.006513790224
0.002279583914
0.2674177267
0.2627870139
0.2581619033
0.2535423368
0.2489282569
0.2443196071
0.2397163313
0.2351183744
0.2305256821
0.2259382006
0.2213558769
0.2167786587
0.2122064947
0.2076393338
0.2030771258
0.1985198209
0.1939673703
0.1894197256
0.1848768391
0.1803386637
0.1758051529
0.1712762607
0.1667519418
0.1622321514
0.1577168452
0.1532059794
0.1486995109
0.144197397
0.1396995956
0.1352060653
0.1307167649
0.1262316538
0.1217506916
0.1172738388
0.1128010561
0.1083323047
0.1038675466
0.09940674376
0.09494985925
0.09049685601
0.08604769727
0.08160234649
0.07716076791
0.07272292644
0.06828878786
0.06385831787
0.05943148193
0.05500824558
0.05058857343
0.04617243291
0.04175978063
0.03735059378
0.03294474953
0.02854234327
0.0241425616
0.01974688169
0.01534811577
0.0109634649
0.006526130773
0.002260913099
0.2674169001
0.2627861994
0.2581611007
0.2535415459
0.2489274775
0.244318839
0.2397155743
0.2351176284
0.2305249468
0.2259374757
0.2213551624
0.2167779543
0.2122058003
0.2076386491
0.2030764508
0.1985191553
0.193966714
0.1894190784
0.1848762009
0.1803380343
0.1758045321
0.1712756485
0.1667513379
0.1622315557
0.1577162576
0.1532053998
0.1486989391
0.1441968329
0.1396990391
0.1352055162
0.130716223
0.1262311191
0.121750164
0.1172733182
0.1128005423
0.1083317977
0.1038670461
0.09940624979
0.09494937167
0.0904963747
0.08604722221
0.08160187761
0.07716030511
0.0727224695
0.06828833661
0.06385787226
0.05943104204
0.05500781151
0.05058814532
0.04617201088
0.04175936597
0.037350188
0.03294436437
0.02854197978
0.02414232928
0.01974668374
0.01534913345
0.0109636758
0.006538461359
0.002242461522
0.2674160816
0.2627853931
0.2581603066
0.2535407636
0.2489267068
0.2443180797
0.2397148262
0.2351168912
0.2305242204
0.22593676
0.221354457
0.2167772592
0.2122051151
0.2076379738
0.2030757851
0.1985184992
0.1939660672
0.1894184407
0.1848755722
0.1803374145
0.1758039209
0.1712750458
0.1667507436
0.1622309697
0.1577156796
0.1532048297
0.1486983769
0.1441962784
0.1396984921
0.1352049766
0.1307156907
0.126230594
0.1217496459
0.1172728071
0.112800038
0.1083313001
0.1038665551
0.09940576523
0.09494889347
0.09049590273
0.08604675647
0.08160141799
0.07715985156
0.07272202176
0.06828789455
0.06385743577
0.0594306112
0.05500738644
0.05058772619
0.04617159785
0.0417589603
0.03734979115
0.03294398825
0.02854162481
0.02414210538
0.01974648751
0.01535012042
0.01096383703
0.00655014332
0.002225215609
0.267415304
0.2627846275
0.2581595525
0.2535400211
0.2489259755
0.2443173594
0.2397141167
0.2351161924
0.230523532
0.2259360818
0.2213537889
0.2167766009
0.2122044664
0.2076373346
0.2030751552
0.1985178784
0.1939654554
0.1894178377
0.1848749779
0.1803368286
0.1758033434
0.1712744765
0.1667501824
0.1622304163
0.157715134
0.1532042918
0.1486978464
0.1441957553
0.1396979762
0.1352044678
0.1307151889
0.126230099
0.1217491577
0.1172723255
0.112799563
0.1083308315
0.1038660928
0.09940530905
0.09494844333
0.09049545854
0.08604631819
0.08160098559
0.07715942493
0.07272160074
0.06828747891
0.06385702541
0.05943020619
0.05500698693
0.05058733235
0.04617120988
0.04175857944
0.03734941864
0.03294363586
0.02854129195
0.02414189884
0.01974629847
0.01535103537
0.01096392301
0.006560630415
0.002210028505
0.2674145883
0.2627839229
0.2581588589
0.2535393381
0.2489253031
0.2443166972
0.2397134646
0.2351155502
0.2305228995
0.2259354588
0.2213531752
0.2167759963
0.2122038709
0.2076367478
0.2030745771
0.1985173088
0.1939648941
0.1894172846
0.1848744328
0.1803362914
0.1758028139
0.1712739546
0.1667496679
0.1622299091
0.157714634
0.1532037988
0.1486973604
0.1441952761
0.1396975037
0.1352040019
0.1307147294
0.1262296458
0.1217487108
0.1172718847
0.1127991282
0.1083304026
0.1038656697
0.09940489168
0.09494803151
0.09049505223
0.0860459173
0.08160059014
0.07715903478
0.07272121578
0.06828709892
0.06385665027
0.05942983595
0.05500662172
0.05058697239
0.04617085536
0.04175823157
0.03734907842
0.03294331449
0.02854098766
0.02414171217
0.01974611679
0.01535184186
0.01096391273
0.006569504067
0.002197533976
0.267413945
0.2627832897
0.2581582355
0.2535387243
0.2489246987
0.2443161021
0.2397128786
0.235114973
0.2305223311
0.225934899
0.2213526237
0.2167754531
0.2122033357
0.2076362206
0.2030740576
0.198516797
0.1939643898
0.1894167877
0.184873943
0.1803358087
0.1758023382
0.1712734856
0.1667492056
0.1622294534
0.1577141848
0.153203356
0.1486969238
0.1441948456
0.1396970792
0.1352035832
0.1307143165
0.1262292386
0.1217483092
0.1172714886
0.1127987375
0.1083300173
0.1038652896
0.09940451664
0.09494766144
0.09049468708
0.08604555702
0.08160023472
0.07715868414
0.07272086982
0.06828675743
0.0638563131
0.05942950314
0.05500629338
0.05058664877
0.04617053668
0.04175791891
0.03734877253
0.0329430257
0.02854071293
0.02414154327
0.01974593953
0.0153525126
0.01096379487
0.006576507293
0.002188093403
0.2674133713
0.2627827248
0.2581576793
0.2535381766
0.2489241593
0.2443155708
0.2397123553
0.2351144575
0.2305218233
0.2259343987
0.2213521309
0.2167749675
0.2122028572
0.2076357491
0.2030735929
0.198516339
0.1939639384
0.1894163427
0.1848735044
0.1803353763
0.1758019119
0.1712730654
0.1667487913
0.1622290449
0.1577137819
0.1532029587
0.148696532
0.1441944592
0.1396966981
0.1352032073
0.1307139457
0.1262288728
0.1217479483
0.1172711326
0.1127983863
0.1083296708
0.1038649477
0.09940417925
0.09494732845
0.09049435842
0.08604523266
0.08159991466
0.07715836831
0.07272055813
0.06828644973
0.06385600922
0.05942920308
0.05500599726
0.05058635681
0.04617024908
0.04175763669
0.03734849615
0.03294276436
0.02854046236
0.02414138472
0.01974576012
0.01535302952
0.0109635689
0.00658155833
0.00218176755
0.2674128515
0.2627822127
0.2581571747
0.2535376794
0.2489236694
0.244315088
0.2397118794
0.2351139885
0.230521361
0.2259339431
0.2213516817
0.2167745247
0.2122024206
0.2076353186
0.2030731684
0.1985159204
0.1939635256
0.1894159357
0.1848731029
0.1803349803
0.1758015213
0.17127268
0.1667484111
0.1622286698
0.1577134119
0.1532025936
0.1486961718
0.1441941037
0.1396963473
0.1352028611
0.130713604
0.1262285355
0.1217476154
0.117270804
0.112798062
0.1083293506
0.1038646315
0.09940386715
0.09494702026
0.09049405408
0.08604493213
0.08159961793
0.07715807537
0.07272026891
0.06828616407
0.06385572697
0.05942892423
0.05500572187
0.05058608511
0.04616998126
0.04175737362
0.03734823803
0.03294251912
0.02854022468
0.02414122421
0.01974556885
0.01535338345
0.01096324592
0.006584746826
0.002178320209
0.2674123581
0.2627817261
0.2581566949
0.2535372062
0.2489232026
0.2443146276
0.2397114253
0.2351135405
0.2305209189
0.2259335069
0.2213512514
0.2167741
0.2122020015
0.207634905
0.2030727603
0.1985155176
0.193963128
0.1894155432
0.1848727155
0.1803345978
0.1758011437
0.1712723072
0.166748043
0.1622283063
0.157713053
0.1532022391
0.1486958217
0.144193758
0.1396960059
0.1352025239
0.1307132709
0.1262282064
0.1217472903
0.1172704829
0.1127977447
0.1083290372
0.1038643219
0.09940356122
0.09494671793
0.0904937553
0.08604463685
0.08159932616
0.07715778709
0.07271998407
0.06828588257
0.06385544864
0.05942864905
0.05500544986
0.05058581647
0.04616971613
0.04175711275
0.03734798139
0.03294227328
0.02853998362
0.02414104533
0.01974535345
0.01535357252
0.01096284729
0.00658631199
0.002177252371
0.267411855
0.2627812294
0.2581562045
0.2535367219
0.2489227245
0.2443141554
0.2397109589
0.2351130799
0.2305204641
0.2259330577
0.2213508076
0.2167736617
0.2122015685
0.2076344772
0.2030723376
0.1985151
0.1939627154
0.1894151355
0.1848723127
0.1803341997
0.1758007503
0.1712719184
0.1667476588
0.1622279266
0.1577126776
0.1532018681
0.148695455
0.1441933955
0.1396956475
0.1352021696
0.1307129206
0.1262278601
0.1217469479
0.1172701443
0.1127974099
0.1083287062
0.1038639946
0.09940323753
0.09494639779
0.09049343866
0.08604432366
0.08159901641
0.07715748077
0.07271968116
0.06828558297
0.06385515224
0.05942835576
0.0550051597
0.05058552958
0.0461694326
0.04175683322
0.0373477056
0.03294200643
0.02853971948
0.02414082898
0.0197451001
0.01535359987
0.0109624018
0.006586605849
0.002177864908
0.2674113051
0.262780686
0.2581556674
0.2535361911
0.2489221998
0.2443136369
0.2397104463
0.2351125732
0.2305199631
0.2259325624
0.221350318
0.2167731776
0.2122010899
0.2076340039
0.2030718696
0.1985146372
0.1939622578
0.1894146829
0.1848718651
0.180333757
0.1758003124
0.1712714854
0.1667472304
0.1622275029
0.1577122585
0.1532014534
0.1486950448
0.1441929897
0.1396952461
0.1352017724
0.1307125277
0.1262274713
0.1217465632
0.1172697636
0.1127970333
0.1083283335
0.1038636258
0.09940287257
0.09494603661
0.09049308119
0.08604396985
0.08159866624
0.07715713423
0.07271933822
0.06828524356
0.06385481628
0.05942802314
0.05500483041
0.05058520371
0.04616911018
0.04175651473
0.03734739066
0.0329416989
0.02853941355
0.02414055747
0.019744797
0.01535347301
0.01096194379
0.006586046961
0.002179347742
0.2674106573
0.2627800454
0.2581550338
0.2535355645
0.24892158
0.2443130238
0.2397098399
0.2351119733
0.2305193697
0.2259319754
0.2213497373
0.216772603
0.2122005215
0.2076334415
0.2030713132
0.1985140866
0.193961713
0.1894141438
0.1848713317
0.1803332291
0.17579979
0.1712709684
0.1667467188
0.1622269965
0.1577117573
0.1532009574
0.1486945538
0.1441925037
0.139694765
0.1352012962
0.1307120563
0.1262270047
0.1217461013
0.1172693063
0.1127965806
0.1083278853
0.1038631821
0.09940243324
0.09494560164
0.0904926505
0.08604354339
0.08159824396
0.07715671611
0.07271892425
0.06828483365
0.06385441038
0.05942762115
0.05500443228
0.05058480948
0.04616871984
0.04175612856
0.03734700827
0.03294132282
0.02853903923
0.0241402052
0.01974442536
0.0153531891
0.01096149565
0.006585057399
0.00218087955
0.2674098028
0.2627792
0.2581541975
0.253534737
0.2489207613
0.2443122138
0.2397090384
0.2351111802
0.2305185849
0.2259311988
0.2213489687
0.2167718425
0.2121997688
0.2076326966
0.2030705759
0.1985133569
0.1939609907
0.1894134289
0.184870624
0.1803325287
0.1757990966
0.171270282
0.1667460393
0.1622263238
0.1577110913
0.1532002981
0.148693901
0.1441918575
0.1396941251
0.1352006627
0.130711429
0.1262263835
0.1217454862
0.1172686973
0.1127959775
0.1083272881
0.1038625907
0.09940184759
0.09494502166
0.09049207612
0.08604297453
0.08159768057
0.07715615811
0.07271837164
0.06828428632
0.06385386828
0.05942708419
0.05500390041
0.05058428266
0.04616819801
0.04175561185
0.03734649636
0.03294081686
0.02853853704
0.02413971403
0.01974393303
0.01535271155
0.01096101486
0.006583987473
0.002181753207
0.2674089405
0.2627783469
0.2581533533
0.2535339017
0.2489199348
0.2443113959
0.2397082291
0.2351103793
0.2305177923
0.2259304144
0.2213481924
0.2167710741
0.2121990083
0.2076319439
0.2030698309
0.1985126194
0.1939602607
0.1894127063
0.1848699087
0.1803318205
0.1757983956
0.171269588
0.1667453521
0.1622256435
0.1577104178
0.1531996312
0.1486932407
0.1441912037
0.1396934778
0.1352000217
0.1307107943
0.126225755
0.1217448638
0.1172680809
0.1127953671
0.1083266836
0.103861992
0.09940125469
0.09494443446
0.09049149454
0.08604239852
0.08159711006
0.07715559304
0.07271781194
0.06828373194
0.06385331915
0.05942654025
0.05500336159
0.05058374891
0.04616766929
0.04175508813
0.0373459775
0.03294030301
0.0285380278
0.02413920973
0.01974343469
0.01535220673
0.01096053834
0.006583222565
0.002181824966
)
;

boundaryField
{
    axis
    {
        type            empty;
    }
    inlet
    {
        type            zeroGradient;
    }
    outlet
    {
        type            fixedValue;
        value           uniform 0;
    }
    wall
    {
        type            zeroGradient;
    }
    wedgeLow
    {
        type            wedge;
    }
    wedgeHigh
    {
        type            wedge;
    }
    procBoundary3to2
    {
        type            processor;
        value           nonuniform List<scalar> 
20
(
0.2720552948
0.272058177
0.2720565853
0.2720563668
0.2720556484
0.2720549198
0.272054101
0.2720532619
0.2720524309
0.2720516411
0.2720509141
0.2720502606
0.2720496779
0.2720491502
0.2720486499
0.2720481402
0.2720475838
0.2720469288
0.272046065
0.2720451934
)
;
    }
}


// ************************************************************************* //
