/*--------------------------------*- C++ -*----------------------------------*\
  =========                 |
  \\      /  F ield         | OpenFOAM: The Open Source CFD Toolbox
   \\    /   O peration     | Website:  https://openfoam.org
    \\  /    A nd           | Version:  11
     \\/     M anipulation  |
\*---------------------------------------------------------------------------*/
FoamFile
{
    format      ascii;
    class       surfaceScalarField;
    location    "15";
    object      phi;
}
// * * * * * * * * * * * * * * * * * * * * * * * * * * * * * * * * * * * * * //

dimensions      [0 3 -1 0 0 0 0];

internalField   nonuniform List<scalar> 
4900
(
2.080217037e-08
-2.080216529e-08
4.14528659e-08
-2.065069529e-08
4.688540387e-08
-5.432539367e-09
3.459653041e-08
1.228887353e-08
7.051748379e-09
2.754478472e-08
-3.297264703e-08
4.00243979e-08
-8.401452033e-08
5.104187355e-08
-1.462676332e-07
6.225311145e-08
-2.212733511e-07
7.500571671e-08
-3.113702956e-07
9.009694423e-08
-4.191585799e-07
1.077882844e-07
-5.470760266e-07
1.279174465e-07
-6.970848495e-07
1.500088219e-07
-8.704196139e-07
1.733347634e-07
-1.067337576e-06
1.969179613e-07
-1.286830918e-06
2.194933427e-07
-1.526294463e-06
2.394635466e-07
-1.781179224e-06
2.548847614e-07
-2.044692146e-06
2.635129214e-07
-2.307619682e-06
2.629275346e-07
-2.558355236e-06
2.507355533e-07
-2.783210544e-06
2.248553072e-07
-2.96709786e-06
1.838873172e-07
-3.094613481e-06
1.275156209e-07
-3.151309015e-06
5.669553439e-08
-3.12255143e-06
-2.875758431e-08
-3.000661491e-06
-1.218899365e-07
-2.780953636e-06
-2.197078547e-07
-2.466042514e-06
-3.149111201e-07
-2.065551064e-06
-4.004914501e-07
-1.596202203e-06
-4.6934886e-07
-1.081137172e-06
-5.150650308e-07
-5.483889468e-07
-5.327482243e-07
-2.828968572e-08
-5.200992603e-07
4.504606583e-07
-4.787503439e-07
8.60075151e-07
-4.096144922e-07
1.180872327e-06
-3.207971757e-07
1.401408749e-06
-2.205364214e-07
1.519256263e-06
-1.17847513e-07
1.540755141e-06
-2.149887786e-08
1.478878611e-06
6.18765304e-08
1.350521167e-06
1.283574444e-07
1.173856036e-06
1.766651315e-07
9.662299772e-07
2.076260594e-07
7.430423927e-07
2.231875841e-07
5.183985607e-07
2.246438313e-07
3.076651798e-07
2.107333807e-07
1.316528881e-07
1.760122915e-07
2.047034802e-08
1.111825399e-07
2.047034809e-08
2.173024839e-08
-4.253241393e-08
2.558275543e-08
-2.450319934e-08
-7.873614004e-09
2.802383106e-08
-8.176812936e-08
8.61833867e-08
-1.933568075e-07
1.39133461e-07
-3.387426116e-07
1.854102027e-07
-5.16260146e-07
2.2855941e-07
-7.27245632e-07
2.732385983e-07
-9.755255116e-07
3.232855953e-07
-1.266378512e-06
3.809499429e-07
-1.605392831e-06
4.468026019e-07
-1.997429195e-06
5.199538093e-07
-2.445737789e-06
5.983174161e-07
-2.951184817e-06
6.787817917e-07
-3.511525833e-06
7.572589789e-07
-4.120700608e-06
8.286681185e-07
-4.768189534e-06
8.869524737e-07
-5.438534797e-06
9.252300249e-07
-6.111167065e-06
9.361451902e-07
-6.760676496e-06
9.124369653e-07
-7.357610259e-06
8.476693173e-07
-7.869852867e-06
7.370979162e-07
-8.264699487e-06
5.787339378e-07
-8.511214804e-06
3.740309383e-07
-8.583799557e-06
1.29280288e-07
-8.461610629e-06
-1.509465111e-07
-8.128046595e-06
-4.554539682e-07
-7.583755599e-06
-7.639988493e-07
-6.839043726e-06
-1.059622994e-06
-5.916289625e-06
-1.323245551e-06
-4.849659013e-06
-1.535979473e-06
-3.683809013e-06
-1.680915031e-06
-2.471515785e-06
-1.745041454e-06
-1.270393822e-06
-1.721221224e-06
-1.39386556e-07
-1.60975761e-06
8.698304315e-07
-1.418831479e-06
1.711057835e-06
-1.162024579e-06
2.35299059e-06
-8.624691759e-07
2.780164287e-06
-5.450212083e-07
2.993759391e-06
-2.35093981e-07
3.010514656e-06
4.51212663e-08
2.857126039e-06
2.81746061e-07
2.568281645e-06
4.655095265e-07
2.181284019e-06
5.946236864e-07
1.733418781e-06
6.710528217e-07
1.261459395e-06
6.966032162e-07
8.038240916e-07
6.683686852e-07
4.044760566e-07
5.753603274e-07
1.158887293e-07
3.997698662e-07
1.363590776e-07
1.205286517e-09
-4.373770176e-08
-4.439148166e-08
2.109357049e-08
-1.507627042e-07
1.343950578e-07
-3.176491627e-07
2.530698474e-07
-5.400963931e-07
3.615806908e-07
-8.142350731e-07
4.595488813e-07
-1.139573639e-06
5.538979761e-07
-1.519480484e-06
6.531454437e-07
-1.960290489e-06
7.640956002e-07
-2.469790567e-06
8.90450021e-07
-3.055573487e-06
1.03258552e-06
-3.723502473e-06
1.187882794e-06
-4.47635508e-06
1.351170023e-06
-5.312626199e-06
1.515052911e-06
-6.225469713e-06
1.670102494e-06
-7.20181849e-06
1.805016896e-06
-8.221798582e-06
1.906932565e-06
-9.258602044e-06
1.962033486e-06
-1.027897509e-05
1.95651823e-06
-1.124440896e-05
1.877870844e-06
-1.21130205e-05
1.716280858e-06
-1.284195514e-05
1.466032553e-06
-1.338996483e-05
1.126743625e-06
-1.372038064e-05
7.044467536e-07
-1.380469908e-05
2.135987311e-07
-1.361796635e-05
-3.376792372e-07
-1.314938334e-05
-9.240369796e-07
-1.240087976e-05
-1.512502427e-06
-1.138671723e-05
-2.073785524e-06
-1.013413264e-05
-2.575830146e-06
-8.683146594e-06
-2.986965514e-06
-7.085668895e-06
-3.278392728e-06
-5.403659762e-06
-3.427050586e-06
-3.706323548e-06
-3.418557438e-06
-2.066235071e-06
-3.249846087e-06
-5.546632913e-07
-2.930403257e-06
7.667028095e-07
-2.483390679e-06
1.847346725e-06
-1.943113091e-06
2.653100643e-06
-1.350775127e-06
3.172711942e-06
-7.547052811e-07
3.413572967e-06
-1.957397593e-07
3.401641771e-06
2.936772575e-07
3.174898423e-06
6.922528754e-07
2.780844468e-06
9.886776403e-07
2.270667158e-06
1.18123013e-06
1.69733544e-06
1.269934934e-06
1.116220619e-06
1.249483507e-06
5.882463772e-07
1.103334569e-06
1.850411512e-07
8.029750928e-07
3.214002285e-07
-3.039703229e-08
-1.334066992e-08
-1.475994533e-07
1.38295989e-07
-3.524312199e-07
3.392268259e-07
-6.367275165e-07
5.373661464e-07
-9.925244057e-07
7.173775813e-07
-1.415875399e-06
8.828998734e-07
-1.908184902e-06
1.046207479e-06
-2.475645743e-06
1.220606284e-06
-3.127547214e-06
1.41599707e-06
-3.874128514e-06
1.637031322e-06
-4.724417123e-06
1.882874128e-06
-5.684264745e-06
2.147730415e-06
-6.75463954e-06
2.421544817e-06
-7.93017937e-06
2.690592741e-06
-9.198046812e-06
2.937969937e-06
-1.053720289e-05
3.144172976e-06
-1.191827021e-05
3.287999882e-06
-1.330413981e-05
3.347903089e-06
-1.465137932e-05
3.303757745e-06
-1.591235351e-05
3.138845033e-06
-1.703782222e-05
2.841749566e-06
-1.797966811e-05
2.407878439e-06
-1.869343553e-05
1.840511053e-06
-1.914074378e-05
1.151754995e-06
-1.929218092e-05
3.650358752e-07
-1.912478102e-05
-5.050791299e-07
-1.862451193e-05
-1.424306069e-06
-1.779256572e-05
-2.344448643e-06
-1.664106957e-05
-3.225281673e-06
-1.519473122e-05
-4.022168491e-06
-1.349144021e-05
-4.690256528e-06
-1.158237995e-05
-5.187452985e-06
-9.531309904e-06
-5.478120633e-06
-7.412780049e-06
-5.537087293e-06
-5.308953965e-06
-5.35367217e-06
-3.304525459e-06
-4.934831764e-06
-1.481015483e-06
-4.306900656e-06
9.072162145e-08
-3.514850196e-06
1.359869349e-06
-2.619922854e-06
2.292087524e-06
-1.686923456e-06
2.880544898e-06
-7.841971326e-07
3.144575156e-06
2.964700023e-08
3.117654299e-06
7.19173732e-07
2.852203705e-06
1.254128235e-06
2.407747545e-06
1.62568629e-06
1.849031861e-06
1.828650619e-06
1.244929416e-06
1.853585951e-06
6.710355272e-07
1.677228458e-06
2.164404842e-07
1.257570136e-06
5.37840712e-07
-6.891084242e-08
5.557017506e-08
-2.735855828e-07
3.429707278e-07
-5.956244279e-07
6.612656701e-07
-1.016485731e-06
9.582274494e-07
-1.523912524e-06
1.224804376e-06
-2.11397155e-06
1.4729589e-06
-2.790570568e-06
1.722806496e-06
-3.563393735e-06
1.99342945e-06
-4.445086536e-06
2.297689871e-06
-5.448318326e-06
2.64026311e-06
-6.583087138e-06
3.01764294e-06
-7.854411301e-06
3.419054577e-06
-9.260432474e-06
3.82756599e-06
-1.079095223e-05
4.221112495e-06
-1.242649665e-05
4.57351436e-06
-1.413807111e-05
4.855747437e-06
-1.588775759e-05
5.037686357e-06
-1.763019427e-05
5.090339772e-06
-1.931479821e-05
4.988361687e-06
-2.088842864e-05
4.712475465e-06
-2.229811026e-05
4.251431183e-06
-2.349345005e-05
3.603218232e-06
-2.442851617e-05
2.775577169e-06
-2.506332463e-05
1.786563461e-06
-2.536534975e-05
6.670609901e-07
-2.531271493e-05
-5.577139492e-07
-2.488307084e-05
-1.85395016e-06
-2.407246507e-05
-3.155054407e-06
-2.288595599e-05
-4.411790756e-06
-2.134061327e-05
-5.567511214e-06
-1.946715783e-05
-6.563711966e-06
-1.731128238e-05
-7.343328427e-06
-1.493433878e-05
-7.855064237e-06
-1.241294045e-05
-8.058485623e-06
-9.836868702e-06
-7.929743914e-06
-7.304741526e-06
-7.46695894e-06
-4.917392918e-06
-6.694249263e-06
-2.769285801e-06
-5.662957312e-06
-9.407059463e-07
-4.448502709e-06
5.140193803e-07
-3.141648783e-06
1.567960302e-06
-1.838138053e-06
2.222960651e-06
-6.253533475e-07
2.512777169e-06
4.293572145e-07
2.48677804e-06
1.280127364e-06
2.21123529e-06
1.90122904e-06
1.760817747e-06
2.279068164e-06
1.216531537e-06
2.397872159e-06
6.674217223e-07
2.226338274e-06
2.172672634e-07
1.707724595e-06
7.551079753e-07
-1.130764496e-07
1.686466267e-07
-4.166226975e-07
6.465169762e-07
-8.699119979e-07
1.11455497e-06
-1.441928371e-06
1.530243822e-06
-2.115548101e-06
1.898424104e-06
-2.887116773e-06
2.244527572e-06
-3.763648768e-06
2.599338493e-06
-4.758872812e-06
2.988653493e-06
-5.889048048e-06
3.427865107e-06
-7.16914041e-06
3.920355472e-06
-8.609626487e-06
4.458129016e-06
-1.021396815e-05
5.023396238e-06
-1.19767242e-05
5.590322039e-06
-1.388231769e-05
6.126705989e-06
-1.590457053e-05
6.595767196e-06
-1.800714651e-05
6.958323419e-06
-2.014494821e-05
7.175488062e-06
-2.226632223e-05
7.211713785e-06
-2.431573539e-05
7.037774853e-06
-2.623649807e-05
6.633238143e-06
-2.797317764e-05
5.988110757e-06
-2.947349791e-05
5.103538504e-06
-3.068960184e-05
3.991681095e-06
-3.157859254e-05
2.675554162e-06
-3.210244446e-05
1.190912913e-06
-3.224005699e-05
-4.201014202e-07
-3.195883224e-05
-2.13517491e-06
-3.124756117e-05
-3.866325483e-06
-3.010258779e-05
-5.55676413e-06
-2.853051796e-05
-7.139581038e-06
-2.655132822e-05
-8.54290171e-06
-2.420090468e-05
-9.69375196e-06
-2.153335203e-05
-1.052261689e-05
-1.862252617e-05
-1.096931148e-05
-1.55619265e-05
-1.099034359e-05
-1.246196285e-05
-1.056692258e-05
-9.443869361e-06
-9.712342756e-06
-6.630169967e-06
-8.476656706e-06
-4.132556702e-06
-6.946115974e-06
-2.038750156e-06
-5.235455328e-06
-4.028779604e-07
-3.474010249e-06
7.590033907e-07
-1.787234699e-06
1.468768039e-06
-2.804074339e-07
1.776968521e-06
9.71926881e-07
1.755060669e-06
1.923136893e-06
1.487919506e-06
2.546209327e-06
1.068918865e-06
2.816872799e-06
6.000478119e-07
2.695209329e-06
1.969429067e-07
2.1108295e-06
9.520508829e-07
-1.618403388e-07
3.304869653e-07
-5.731512199e-07
1.057827858e-06
-1.168150068e-06
1.709553817e-06
-1.902214886e-06
2.26430864e-06
-2.753344778e-06
2.749553995e-06
-3.718700144e-06
3.209882937e-06
-4.809026259e-06
3.689664608e-06
-6.042500595e-06
4.222127829e-06
-7.439028773e-06
4.824393285e-06
-9.015526283e-06
5.496852981e-06
-1.078231808e-05
6.224920814e-06
-1.274055729e-05
6.981635444e-06
-1.488053777e-05
7.730302522e-06
-1.718088177e-05
8.427049992e-06
-1.960868175e-05
9.023567176e-06
-2.212065193e-05
9.470293594e-06
-2.466518883e-05
9.720024958e-06
-2.718503846e-05
9.731563419e-06
-2.962014965e-05
9.472886048e-06
-3.191031837e-05
8.923406866e-06
-3.399738761e-05
8.07517999e-06
-3.582696503e-05
6.933115927e-06
-3.734960885e-05
5.514324918e-06
-3.852067457e-05
3.846619883e-06
-3.929729489e-05
1.967533236e-06
-3.966387825e-05
-5.351806225e-08
-3.957204729e-05
-2.227005876e-06
-3.901377853e-05
-4.42459424e-06
-3.797434232e-05
-6.596200334e-06
-3.644804828e-05
-8.665875083e-06
-3.444090619e-05
-1.05500438e-05
-3.197369641e-05
-1.216096174e-05
-2.908596669e-05
-1.34103466e-05
-2.584016852e-05
-1.421510965e-05
-2.232471142e-05
-1.450580068e-05
-1.865447273e-05
-1.423716127e-05
-1.496711736e-05
-1.339969813e-05
-1.14140182e-05
-1.202975587e-05
-8.145604999e-06
-1.021452917e-05
-5.292949585e-06
-8.088110741e-06
-2.950330863e-06
-5.816628971e-06
-1.163555932e-06
-3.57400963e-06
7.173149188e-08
-1.51569486e-06
8.032730961e-07
2.403852769e-07
1.109227781e-06
1.617182208e-06
1.08653871e-06
2.568898397e-06
8.42736296e-07
3.060675214e-06
4.935131238e-07
3.044432501e-06
1.650567671e-07
2.439285858e-06
1.11710765e-06
-2.14440276e-07
5.449272401e-07
-7.402602917e-07
1.583647874e-06
-1.48438025e-06
2.453673775e-06
-2.388106555e-06
3.168034944e-06
-3.425007993e-06
3.786455432e-06
-4.593780731e-06
4.378655673e-06
-5.909461498e-06
5.005345375e-06
-7.394841144e-06
5.707507474e-06
-9.073181973e-06
6.502734115e-06
-1.096267675e-05
7.386347756e-06
-1.307258404e-05
8.334828105e-06
-1.540074494e-05
9.309796344e-06
-1.793222738e-05
1.026178496e-05
-2.063901139e-05
1.113383401e-05
-2.348073411e-05
1.186528989e-05
-2.640646133e-05
1.239602081e-05
-2.935729096e-05
1.267085459e-05
-3.226944839e-05
1.264372084e-05
-3.507749633e-05
1.228093399e-05
-3.771732734e-05
1.156323788e-05
-4.012868096e-05
1.04865336e-05
-4.225695974e-05
9.061394714e-06
-4.405414578e-05
7.311510952e-06
-4.547914185e-05
5.271615954e-06
-4.649823189e-05
2.986623278e-06
-4.706471128e-05
5.129613286e-07
-4.718485207e-05
-2.106865087e-06
-4.681865896e-05
-4.790787349e-06
-4.594639292e-05
-7.468466371e-06
-4.45522144e-05
-1.006005361e-05
-4.262556825e-05
-1.247668995e-05
-4.01662822e-05
-1.462024779e-05
-3.719026301e-05
-1.63863658e-05
-3.373649827e-05
-1.766887439e-05
-2.987418179e-05
-1.836811717e-05
-2.570824521e-05
-1.840309785e-05
-2.138082557e-05
-1.772711777e-05
-1.706583054e-05
-1.63447509e-05
-1.295460326e-05
-1.432575645e-05
-9.2328077e-06
-1.18099063e-05
-6.052896813e-06
-8.996539859e-06
-3.510222399e-06
-6.116684045e-06
-1.631682542e-06
-3.394234718e-06
-3.802391871e-07
-1.011058077e-06
3.277290678e-07
9.092139539e-07
6.038641689e-07
2.292763296e-06
5.739315724e-07
3.090607813e-06
3.699614521e-07
3.248402619e-06
1.300464385e-07
2.679200873e-06
1.247154088e-06
-2.700153238e-07
8.149425631e-07
-9.14818356e-07
2.228450905e-06
-1.812443762e-06
3.35129918e-06
-2.890186018e-06
4.2457772e-06
-4.117910641e-06
5.014180054e-06
-5.496584888e-06
5.757329919e-06
-7.045883586e-06
6.554644072e-06
-8.793006634e-06
7.454630521e-06
-1.076383991e-05
8.473567389e-06
-1.297671697e-05
9.599224815e-06
-1.543843252e-05
1.079654365e-05
-1.814195871e-05
1.201332253e-05
-2.106546124e-05
1.31852875e-05
-2.417246846e-05
1.424084123e-05
-2.74131887e-05
1.510601014e-05
-3.072693448e-05
1.57097666e-05
-3.404547329e-05
1.59893934e-05
-3.729699943e-05
1.589524698e-05
-4.04103328e-05
1.539426736e-05
-4.331884769e-05
1.447175277e-05
-4.596355697e-05
1.313124289e-05
-4.829494971e-05
1.139278746e-05
-5.027345393e-05
9.290015169e-06
-5.186852713e-05
6.866689155e-06
-5.305509295e-05
4.173189099e-06
-5.380524617e-05
1.263114552e-06
-5.411136547e-05
-1.80074579e-06
-5.395363718e-05
-4.948515635e-06
-5.330517201e-05
-8.116931546e-06
-5.213900518e-05
-1.122622044e-05
-5.042700047e-05
-1.418869465e-05
-4.814404825e-05
-1.690320001e-05
-4.527460451e-05
-1.925580953e-05
-4.182171002e-05
-2.112176888e-05
-3.781822061e-05
-2.237160658e-05
-3.33384188e-05
-2.288289966e-05
-2.850718199e-05
-2.255835459e-05
-2.350264688e-05
-2.134928601e-05
-1.85476313e-05
-1.928077204e-05
-1.388646097e-05
-1.647107663e-05
-9.748345096e-06
-1.313465573e-05
-6.306082061e-06
-9.558947082e-06
-3.645462561e-06
-6.054854216e-06
-1.758866742e-06
-2.897653894e-06
-5.635086883e-07
-2.861440999e-07
6.929442401e-08
1.659960185e-06
2.874538047e-07
2.872448433e-06
2.455446456e-07
3.290311777e-06
9.810165218e-08
2.826643867e-06
1.34525574e-06
-3.273585655e-07
1.142301129e-06
-1.092965489e-06
2.994057827e-06
-2.145171052e-06
4.403504741e-06
-3.397739242e-06
5.498345389e-06
-4.817648736e-06
6.434089547e-06
-6.408689005e-06
7.348370187e-06
-8.19513373e-06
8.341088796e-06
-1.020787925e-05
9.467376041e-06
-1.247413423e-05
1.073982237e-05
-1.50106284e-05
1.213571898e-05
-1.781961339e-05
1.360552865e-05
-2.088681731e-05
1.508052645e-05
-2.418082877e-05
1.647929896e-05
-2.765378025e-05
1.771379271e-05
-3.124340851e-05
1.86956384e-05
-3.487654271e-05
1.93429008e-05
-3.847387261e-05
1.95867233e-05
-4.195556227e-05
1.937693665e-05
-4.524699032e-05
1.868569541e-05
-4.828368254e-05
1.750844499e-05
-5.101443285e-05
1.58619932e-05
-5.340232863e-05
1.378068324e-05
-5.542366552e-05
1.131135206e-05
-5.706509876e-05
8.508122395e-06
-5.831894357e-05
5.427033912e-06
-5.917576463e-05
2.119935616e-06
-5.96270032e-05
-1.349507224e-06
-5.967355157e-05
-4.90196727e-06
-5.928644717e-05
-8.504035938e-06
-5.843175309e-05
-1.208091452e-05
-5.706711947e-05
-1.555332828e-05
-5.514336573e-05
-1.882695375e-05
-5.261068324e-05
-2.178849202e-05
-4.942805667e-05
-2.430439545e-05
-4.557701069e-05
-2.622265256e-05
-4.107875888e-05
-2.738115147e-05
-3.60119115e-05
-2.762520197e-05
-3.052706945e-05
-2.683412806e-05
-2.485112326e-05
-2.495671823e-05
-1.92730677e-05
-2.204913219e-05
-1.410619318e-05
-1.830153026e-05
-9.630121687e-06
-1.403501857e-05
-6.030781033e-06
-9.654194869e-06
-3.3660643e-06
-5.562370627e-06
-1.574066615e-06
-2.078141786e-06
-5.137665797e-07
5.996601517e-07
-7.723722321e-09
2.366405575e-06
1.278809227e-07
3.154707134e-06
7.241885319e-08
2.882105936e-06
1.417674593e-06
-3.848399853e-07
1.527141114e-06
-1.26989169e-06
3.87910953e-06
-2.473976662e-06
5.607589712e-06
-3.898136131e-06
6.922504856e-06
-5.507176556e-06
8.04312997e-06
-7.307882123e-06
9.149075753e-06
-9.328545094e-06
1.036175177e-05
-1.160242796e-05
1.174125891e-05
-1.415611163e-05
1.329350604e-05
-1.700229038e-05
1.498189772e-05
-2.013583605e-05
1.673907432e-05
-2.353202231e-05
1.847671272e-05
-2.714636231e-05
2.009363896e-05
-3.091607744e-05
2.148350784e-05
-3.476345564e-05
2.254301659e-05
-3.860119731e-05
2.318064247e-05
-4.233942456e-05
2.332495056e-05
-4.589340104e-05
2.293091312e-05
-4.919063276e-05
2.198292714e-05
-5.217594755e-05
2.049375978e-05
-5.481367232e-05
1.849971797e-05
-5.708662121e-05
1.605363213e-05
-5.899270068e-05
1.321743153e-05
-6.054018746e-05
1.005560918e-05
-6.174255105e-05
6.629397498e-06
-6.261253272e-05
2.989917289e-06
-6.314373582e-05
-8.183041244e-07
-6.335944091e-05
-4.686262186e-06
-6.323447478e-05
-8.629002063e-06
-6.273421266e-05
-1.258117664e-05
-6.180958865e-05
-1.647795228e-05
-6.039455276e-05
-2.024198963e-05
-5.84103532e-05
-2.377269159e-05
-5.577297896e-05
-2.694176969e-05
-5.240676292e-05
-2.958886861e-05
-4.826342935e-05
-3.152448503e-05
-4.3347079e-05
-3.254155232e-05
-3.774159485e-05
-3.243961221e-05
-3.163260271e-05
-3.106571036e-05
-2.531358407e-05
-2.836815082e-05
-1.916200701e-05
-2.445310732e-05
-1.357729571e-05
-1.961972987e-05
-8.890431479e-06
-1.43410591e-05
-5.281741786e-06
-9.17106032e-06
-2.753291058e-06
-4.606592515e-06
-1.16851382e-06
-9.851170868e-07
-3.205829523e-07
1.518474705e-06
1.393956683e-08
2.820184616e-06
5.289268239e-08
2.843152819e-06
1.470567276e-06
-4.404030304e-07
1.967544144e-06
-1.439801115e-06
4.878507612e-06
-2.788759352e-06
6.956547948e-06
-4.376636406e-06
8.510381909e-06
-6.166505433e-06
9.832998996e-06
-8.167781856e-06
1.115035218e-05
-1.041155801e-05
1.260552791e-05
-1.293148447e-05
1.426118537e-05
-1.575094121e-05
1.611296278e-05
-1.887555647e-05
1.810651298e-05
-2.228942737e-05
2.015294522e-05
-2.595375143e-05
2.214103677e-05
-2.98074454e-05
2.394733292e-05
-3.377001406e-05
2.54460765e-05
-3.774707167e-05
2.652007421e-05
-4.163837166e-05
2.707194246e-05
-4.534745489e-05
2.703403378e-05
-4.879121179e-05
2.637467003e-05
-5.190726634e-05
2.509898168e-05
-5.465770254e-05
2.324419598e-05
-5.702881945e-05
2.087083488e-05
-5.902750341e-05
1.805231609e-05
-6.067547281e-05
1.486540093e-05
-6.200291629e-05
1.138305266e-05
-6.304340675e-05
7.669887951e-06
-6.383080118e-05
3.777311721e-06
-6.436653453e-05
-2.825707671e-07
-6.469051284e-05
-4.36228388e-06
-6.47837507e-05
-8.535764205e-06
-6.462102966e-05
-1.274389768e-05
-6.415658639e-05
-1.694239555e-05
-6.331988998e-05
-2.107868604e-05
-6.2016373e-05
-2.507620857e-05
-6.013113332e-05
-2.882700936e-05
-5.75384858e-05
-3.218151613e-05
-5.41194164e-05
-3.494355443e-05
-4.97885506e-05
-3.687241813e-05
-4.452939422e-05
-3.769876859e-05
-3.843426088e-05
-3.716084371e-05
-3.173806182e-05
-3.506434989e-05
-2.482541642e-05
-3.136575271e-05
-1.818930215e-05
-2.625584415e-05
-1.232924019e-05
-2.020112106e-05
-7.614299395e-06
-1.388600111e-05
-4.182828586e-06
-8.038063323e-06
-1.945832563e-06
-3.222113113e-06
-6.773165137e-07
2.499586567e-07
-1.050408498e-07
2.247908952e-06
3.647144968e-08
2.701640518e-06
1.507038726e-06
-4.916181626e-07
2.459162306e-06
-1.596035156e-06
5.982924604e-06
-3.078077347e-06
8.438590138e-06
-4.816606905e-06
1.024891147e-05
-6.772993833e-06
1.178938592e-05
-8.95829828e-06
1.333565662e-05
-1.140455637e-05
1.5051786e-05
-1.414327833e-05
1.699990734e-05
-1.719164666e-05
1.916133111e-05
-2.054492995e-05
2.145979627e-05
-2.417305047e-05
2.378106575e-05
-2.801996756e-05
2.598795386e-05
-3.200569649e-05
2.793306186e-05
-3.603143005e-05
2.947181006e-05
-3.998804167e-05
3.047668583e-05
-4.376723975e-05
3.085114054e-05
-4.727347495e-05
3.054026898e-05
-5.043400187e-05
2.953519695e-05
-5.320483768e-05
2.786981749e-05
-5.55716525e-05
2.561101079e-05
-5.754620469e-05
2.284538708e-05
-5.915991871e-05
1.966603011e-05
-6.045637432e-05
1.616185654e-05
-6.148405621e-05
1.241073454e-05
-6.229021903e-05
8.476050776e-06
-6.291775847e-05
4.404851158e-06
-6.340428701e-05
2.039577718e-07
-6.375776382e-05
-4.008807077e-06
-6.399074074e-05
-8.30278728e-06
-6.409139139e-05
-1.264324704e-05
-6.402482069e-05
-1.700896624e-05
-6.37300639e-05
-2.137344284e-05
-6.311518086e-05
-2.569109162e-05
-6.20557666e-05
-2.988642362e-05
-6.039750669e-05
-3.383977604e-05
-5.796721986e-05
-3.737384126e-05
-5.459534438e-05
-4.024429361e-05
-5.015254736e-05
-4.214156561e-05
-4.460026389e-05
-4.271312718e-05
-3.80478221e-05
-4.161679168e-05
-3.080108889e-05
-3.861248592e-05
-2.336913356e-05
-3.368779947e-05
-1.638990875e-05
-2.718034587e-05
-1.046412007e-05
-1.98117898e-05
-5.958954374e-06
-1.254322902e-05
-2.914364378e-06
-6.266703111e-06
-1.117572118e-06
-1.546833602e-06
-2.50242118e-07
1.38057895e-06
1.79114619e-08
2.433486939e-06
1.524950186e-06
-5.357952572e-07
2.994957563e-06
-1.731347265e-06
7.178476611e-06
-3.329584271e-06
1.003682715e-05
-5.200139159e-06
1.211946635e-05
-7.302233353e-06
1.389148012e-05
-9.646972857e-06
1.568039613e-05
-1.226496803e-05
1.766978118e-05
-1.518275955e-05
1.991769886e-05
-1.840830394e-05
2.23868755e-05
-2.192352899e-05
2.497502132e-05
-2.568159301e-05
2.753912977e-05
-2.960758315e-05
2.991394399e-05
-3.360271506e-05
3.192819377e-05
-3.755253829e-05
3.342163329e-05
-4.133879128e-05
3.426293882e-05
-4.485324403e-05
3.436559329e-05
-4.801057641e-05
3.369760135e-05
-5.075717599e-05
3.228179653e-05
-5.307399392e-05
3.018663542e-05
-5.497354238e-05
2.751055926e-05
-5.649274961e-05
2.436459431e-05
-5.768403932e-05
2.085731982e-05
-5.860667894e-05
1.708449615e-05
-5.931959974e-05
1.312365535e-05
-5.987614754e-05
9.032598573e-06
-6.03215565e-05
4.850260118e-06
-6.071146689e-05
5.938681578e-07
-6.103612471e-05
-3.684149258e-06
-6.132595071e-05
-8.012961276e-06
-6.158337415e-05
-1.23858236e-05
-6.179074709e-05
-1.68015933e-05
-6.190759693e-05
-2.1256593e-05
-6.186242886e-05
-2.573625969e-05
-6.154564428e-05
-3.02032082e-05
-6.080416565e-05
-3.458125468e-05
-5.944250621e-05
-3.873550069e-05
-5.723500814e-05
-4.245179167e-05
-5.395484656e-05
-4.542172719e-05
-4.942403506e-05
-4.724393868e-05
-4.358429511e-05
-4.745653162e-05
-3.657889425e-05
-4.561788678e-05
-2.881879285e-05
-4.144790088e-05
-2.098097603e-05
-3.501816269e-05
-1.387251508e-05
-2.692025075e-05
-8.1650766e-06
-1.82506675e-05
-4.14466632e-06
-1.028711339e-05
-1.686960268e-06
-4.004539654e-06
-4.432896956e-07
1.369083751e-07
-1.075776813e-08
2.000955012e-06
1.514192418e-06
-5.701524404e-07
3.565110004e-06
-1.83831411e-06
8.446638281e-06
-3.530694787e-06
1.172920782e-05
-5.509020697e-06
1.409779227e-05
-7.729462544e-06
1.611192197e-05
-1.020108049e-05
1.815201408e-05
-1.295042208e-05
2.041912277e-05
-1.599630732e-05
2.296358409e-05
-1.933492806e-05
2.572549623e-05
-2.293288307e-05
2.857297633e-05
-2.672560614e-05
3.133185284e-05
-3.062005697e-05
3.380839482e-05
-3.450180962e-05
3.580994641e-05
-3.824667748e-05
3.716650115e-05
-4.173556594e-05
3.775182728e-05
-4.486982869e-05
3.749985604e-05
-4.758333607e-05
3.641110873e-05
-4.984826337e-05
3.454672383e-05
-5.167368456e-05
3.201205661e-05
-5.309833209e-05
2.893520679e-05
-5.418024286e-05
2.544650508e-05
-5.498611992e-05
2.166319687e-05
-5.558245733e-05
1.768083356e-05
-5.602942654e-05
1.357062456e-05
-5.637783456e-05
9.381006589e-06
-5.666964702e-05
5.142072585e-06
-5.694711313e-05
8.713342663e-07
-5.72154084e-05
-3.415853994e-06
-5.749879834e-05
-7.729571336e-06
-5.780980791e-05
-1.207481402e-05
-5.814885666e-05
-1.646254455e-05
-5.850042258e-05
-2.090502707e-05
-5.882441029e-05
-2.541227198e-05
-5.904506975e-05
-2.998254874e-05
-5.903891942e-05
-3.4587405e-05
-5.862527371e-05
-3.91491464e-05
-5.756490135e-05
-4.351216404e-05
-5.557423636e-05
-4.741239217e-05
-5.236336371e-05
-5.045481133e-05
-4.770436445e-05
-5.211553088e-05
-4.153023121e-05
-5.179202002e-05
-3.404918067e-05
-4.892895142e-05
-2.582956701e-05
-4.323777635e-05
-1.776762849e-05
-3.498218926e-05
-1.083839326e-05
-2.517990273e-05
-5.695122613e-06
-1.543038404e-05
-2.427574333e-06
-7.272087936e-06
-7.041927962e-07
-1.586473161e-06
-5.381119872e-08
1.350573414e-06
1.46038122e-06
-5.920294666e-07
4.157139471e-06
-1.909849047e-06
9.764457862e-06
-3.669417578e-06
1.348877636e-05
-5.725958328e-06
1.615433302e-05
-8.031342064e-06
1.841730571e-05
-1.059021235e-05
2.071088436e-05
-1.342247441e-05
2.325138483e-05
-1.653698311e-05
2.607809278e-05
-1.991663549e-05
2.910514861e-05
-2.351227854e-05
3.216861939e-05
-2.724281559e-05
3.506238989e-05
-3.100043392e-05
3.756601316e-05
-3.46609262e-05
3.947043869e-05
-3.809839503e-05
4.060396998e-05
-4.12021185e-05
4.085555076e-05
-4.389175714e-05
4.018949468e-05
-4.61268695e-05
3.864622109e-05
-4.790843775e-05
3.632829208e-05
-4.927277786e-05
3.337639672e-05
-5.028044088e-05
2.994286982e-05
-5.10035629e-05
2.61696271e-05
-5.151464194e-05
2.21742759e-05
-5.187854616e-05
1.804473779e-05
-5.214838292e-05
1.384046132e-05
-5.236503219e-05
9.597655851e-06
-5.255952603e-05
5.336566424e-06
-5.275680222e-05
1.068610457e-06
-5.296847891e-05
-3.204177295e-06
-5.321194736e-05
-7.486102884e-06
-5.350301219e-05
-1.178374919e-05
-5.38550438e-05
-1.611051294e-05
-5.427479123e-05
-2.048527964e-05
-5.475475425e-05
-2.493230896e-05
-5.526106068e-05
-2.947624232e-05
-5.571762817e-05
-3.413083751e-05
-5.598856265e-05
-3.887821192e-05
-5.586360018e-05
-4.36371265e-05
-5.505450905e-05
-4.822148331e-05
-5.321299244e-05
-5.229632793e-05
-4.99819168e-05
-5.534660653e-05
-4.508938757e-05
-5.668454925e-05
-3.848570088e-05
-5.553263811e-05
-3.04982954e-05
-5.122518184e-05
-2.192827646e-05
-4.35522082e-05
-1.393507795e-05
-3.317310125e-05
-7.593573677e-06
-2.177188831e-05
-3.369523418e-06
-1.14961382e-05
-1.051799134e-06
-3.904197445e-06
-1.177796673e-07
4.165539457e-07
1.342601553e-06
-5.9912405e-07
4.756263522e-06
-1.939763886e-06
1.11050977e-05
-3.735260549e-06
1.528427302e-05
-5.835897159e-06
1.825496963e-05
-8.187834568e-06
2.076924311e-05
-1.078891774e-05
2.331196753e-05
-1.365022022e-05
2.611268731e-05
-1.67692659e-05
2.919713847e-05
-2.011549621e-05
3.245137893e-05
-2.36254005e-05
3.567852367e-05
-2.720467601e-05
3.86416654e-05
-3.073622419e-05
4.109756134e-05
-3.409347842e-05
4.282769292e-05
-3.715732161e-05
4.366781317e-05
-3.983351479e-05
4.353174394e-05
-4.206609748e-05
4.242207737e-05
-4.384305788e-05
4.042318149e-05
-4.519308042e-05
3.767831462e-05
-4.617511301e-05
3.435842931e-05
-4.686438508e-05
3.063214189e-05
-4.733873188e-05
2.664397391e-05
-4.766804656e-05
2.250359058e-05
-4.790817954e-05
1.828487076e-05
-4.809932087e-05
1.403160266e-05
-4.826788e-05
9.766214974e-06
-4.843016535e-05
5.498851778e-06
-4.859684538e-05
1.235290488e-06
-4.877416661e-05
-3.026856067e-06
-4.897334439e-05
-7.286925103e-06
-4.9209461e-05
-1.154763259e-05
-4.950201392e-05
-1.581796002e-05
-4.987268248e-05
-2.011461108e-05
-5.033984128e-05
-2.446515016e-05
-5.090822923e-05
-2.890785437e-05
-5.155296202e-05
-3.348610472e-05
-5.219804642e-05
-3.823312751e-05
-5.269222211e-05
-4.314295082e-05
-5.27889439e-05
-4.812476151e-05
-5.214164351e-05
-5.294362832e-05
-5.032906689e-05
-5.715918315e-05
-4.692694195e-05
-6.008667419e-05
-4.16386907e-05
-6.082088936e-05
-3.448319021e-05
-5.838068233e-05
-2.599546316e-05
-5.203993525e-05
-1.730380608e-05
-4.186475833e-05
-9.821949486e-06
-2.925374491e-05
-4.529341796e-06
-1.678874589e-05
-1.497689373e-06
-6.935849868e-06
-2.059953261e-07
-8.751401001e-07
1.136606227e-06
-5.897249463e-07
5.345988469e-06
-1.923314113e-06
1.243868686e-05
-3.72009533e-06
1.708105424e-05
-5.82725366e-06
2.036212796e-05
-8.183902245e-06
2.31258917e-05
-1.07789611e-05
2.590702638e-05
-1.361313194e-05
2.894685815e-05
-1.667232481e-05
3.225633133e-05
-1.991381539e-05
3.569286951e-05
-2.326279684e-05
3.902750513e-05
-2.66166951e-05
4.199556365e-05
-2.985577059e-05
4.433663683e-05
-3.285864968e-05
4.583057201e-05
-3.552030521e-05
4.632946871e-05
-3.776851098e-05
4.577994971e-05
-3.957414546e-05
4.422771185e-05
-4.095240151e-05
4.180143754e-05
-4.195499816e-05
3.868091127e-05
-4.265636528e-05
3.505979643e-05
-4.313812192e-05
3.111389853e-05
-4.347574272e-05
2.698159472e-05
-4.37297889e-05
2.275763675e-05
-4.394236489e-05
1.849744676e-05
-4.413800435e-05
1.422724212e-05
-4.432755975e-05
9.95577037e-06
-4.451317432e-05
5.684466352e-06
-4.469274164e-05
1.414857806e-06
-4.486571039e-05
-2.853887315e-06
-4.50361969e-05
-7.116438596e-06
-4.521548678e-05
-1.136834271e-05
-4.5423493e-05
-1.56099538e-05
-4.568840206e-05
-1.984970202e-05
-4.60440379e-05
-2.410951433e-05
-4.652302258e-05
-2.842886969e-05
-4.714379913e-05
-3.286532817e-05
-4.788983649e-05
-3.748709015e-05
-4.868137966e-05
-4.235140765e-05
-4.934358421e-05
-4.746255697e-05
-4.958109791e-05
-5.270611462e-05
-4.897527868e-05
-5.776500238e-05
-4.702401136e-05
-6.203794152e-05
-4.324548495e-05
-6.459941576e-05
-3.736126747e-05
-6.426489981e-05
-2.954979082e-05
-5.98514119e-05
-2.068493852e-05
-5.072961063e-05
-1.229891774e-05
-3.763976569e-05
-5.901971716e-06
-2.31856919e-05
-2.047337154e-06
-1.079048443e-05
-3.212669978e-07
-2.601210256e-06
8.153392296e-07
-5.629074014e-07
5.90889587e-06
-1.85765633e-06
1.373343579e-05
-3.618869564e-06
1.884226747e-05
-5.69289164e-06
2.243615003e-05
-8.010762104e-06
2.544376216e-05
-1.055081766e-05
2.844708194e-05
-1.330262227e-05
3.169866275e-05
-1.624126483e-05
3.51949739e-05
-1.931439473e-05
3.87659994e-05
-2.244016637e-05
4.215327678e-05
-2.551347552e-05
4.50688728e-05
-2.841856975e-05
4.724173105e-05
-3.104574034e-05
4.84577426e-05
-3.330905576e-05
4.859278412e-05
-3.516059293e-05
4.763148688e-05
-3.659692663e-05
4.566404556e-05
-3.765596453e-05
4.286047543e-05
-3.840548037e-05
3.943042712e-05
-3.89272535e-05
3.558156956e-05
-3.930144053e-05
3.148808556e-05
-3.959478217e-05
2.727493635e-05
-3.985436061e-05
2.301721519e-05
-4.010673454e-05
1.874982069e-05
-4.03611484e-05
1.448165598e-05
-4.061483901e-05
1.020946097e-05
-4.085864486e-05
5.928272198e-06
-4.108129417e-05
1.637507118e-06
-4.127595424e-05
-2.659227243e-06
-4.144084747e-05
-6.951545372e-06
-4.158216859e-05
-1.122702158e-05
-4.171628514e-05
-1.547583726e-05
-4.187070436e-05
-1.969528279e-05
-4.208408004e-05
-2.389613866e-05
-4.240344403e-05
-2.810950569e-05
-4.287617715e-05
-3.239259506e-05
-4.35336297e-05
-3.682963759e-05
-4.436397535e-05
-4.1521062e-05
-4.527509182e-05
-4.655144051e-05
-4.605406554e-05
-5.19271409e-05
-4.633793943e-05
-5.748112849e-05
-4.561924512e-05
-6.275663582e-05
-4.331237923e-05
-6.690628166e-05
-3.890740897e-05
-6.866987007e-05
-3.222681354e-05
-6.653200733e-05
-2.375606998e-05
-5.920035419e-05
-1.487101246e-05
-4.652482321e-05
-7.455197184e-06
-3.060150718e-05
-2.699465326e-06
-1.554621629e-05
-4.651477926e-07
-4.83552779e-06
3.501914387e-07
-5.186613967e-07
6.427557266e-06
-1.742159535e-06
1.495693393e-05
-3.430076625e-06
2.053018456e-05
-5.430712236e-06
2.443678564e-05
-7.666529808e-06
2.767957973e-05
-1.010421955e-05
3.088477168e-05
-1.272219255e-05
3.431663575e-05
-1.548638252e-05
3.795916387e-05
-1.833819077e-05
4.161780765e-05
-2.119354444e-05
4.500863045e-05
-2.395051293e-05
4.782584129e-05
-2.650302129e-05
4.979423941e-05
-2.875760697e-05
5.071232827e-05
-3.064972336e-05
5.048490051e-05
-3.215494384e-05
4.913670737e-05
-3.329152968e-05
4.680063139e-05
-3.411356101e-05
4.368250676e-05
-3.469703979e-05
4.00139059e-05
-3.512343537e-05
3.600796514e-05
-3.546522556e-05
3.182987574e-05
-3.577647513e-05
2.758618592e-05
-3.608936572e-05
2.333010579e-05
-3.641584832e-05
1.907630329e-05
-3.675252281e-05
1.481833047e-05
-3.70866731e-05
1.054361127e-05
-3.740181807e-05
6.243417168e-06
-3.768176738e-05
1.917456427e-06
-3.791520775e-05
-2.425786879e-06
-3.809643258e-05
-6.770320536e-06
-3.822698104e-05
-1.109647313e-05
-3.831781684e-05
-1.538500146e-05
-3.83910686e-05
-1.962203103e-05
-3.848193994e-05
-2.380526732e-05
-3.863951051e-05
-2.795193512e-05
-3.892408455e-05
-3.210802102e-05
-3.939735299e-05
-3.635636915e-05
-4.010095688e-05
-4.08174581e-05
-4.10204223e-05
-4.563197509e-05
-4.203674389e-05
-5.091081931e-05
-4.287702644e-05
-5.664084594e-05
-4.308619326e-05
-6.2547469e-05
-4.205263941e-05
-6.793983551e-05
-3.912033002e-05
-7.160217946e-05
-3.381853268e-05
-7.183380467e-05
-2.621819844e-05
-6.680068843e-05
-1.732756084e-05
-5.541546081e-05
-9.12188704e-06
-3.880718098e-05
-3.443483774e-06
-2.122461955e-05
-6.377335733e-07
-7.641277993e-06
-2.875421343e-07
-4.579418366e-07
6.885499102e-06
-1.578541223e-06
1.607753331e-05
-3.155941933e-06
2.210758527e-05
-5.043813447e-06
2.632465715e-05
-7.156223524e-06
2.979198981e-05
-9.447785766e-06
3.317633393e-05
-1.18863476e-05
3.675519758e-05
-1.443089545e-05
4.050371173e-05
-1.702030105e-05
4.420721324e-05
-1.957299494e-05
4.756132434e-05
-2.199521948e-05
5.024806583e-05
-2.419477874e-05
5.199379867e-05
-2.609688246e-05
5.261443199e-05
-2.765813126e-05
5.204614931e-05
-2.887437843e-05
5.035295454e-05
-2.977979117e-05
4.770604414e-05
-3.043734069e-05
4.434005628e-05
-3.092387512e-05
4.050044032e-05
-3.13144088e-05
3.639849882e-05
-3.166977605e-05
3.2185243e-05
-3.202995015e-05
2.794636002e-05
-3.241319626e-05
2.37133519e-05
-3.281962824e-05
1.948273526e-05
-3.323702811e-05
1.523573035e-05
-3.364691906e-05
1.095350222e-05
-3.402953266e-05
6.626030764e-06
-3.436718992e-05
2.255113688e-06
-3.464679202e-05
-2.146184787e-06
-3.486067966e-05
-6.556432894e-06
-3.500693747e-05
-1.095021532e-05
-3.509103112e-05
-1.530090781e-05
-3.512770185e-05
-1.95853603e-05
-3.514383696e-05
-2.378913221e-05
-3.518171115e-05
-2.791406093e-05
-3.530086147e-05
-3.19888707e-05
-3.557514985e-05
-3.608208077e-05
-3.607960466e-05
-4.031300329e-05
-3.686105939e-05
-4.485052037e-05
-3.788955791e-05
-4.98823208e-05
-3.899649803e-05
-5.553390582e-05
-3.981883428e-05
-6.172513275e-05
-3.978246214e-05
-6.797620765e-05
-3.816777193e-05
-7.321686966e-05
-3.429618303e-05
-7.570539358e-05
-2.786988021e-05
-7.322699125e-05
-1.944604495e-05
-6.383929606e-05
-1.079874195e-05
-4.745448398e-05
-4.257570117e-06
-2.776579138e-05
-8.372124159e-07
-1.106163569e-05
-1.124754552e-06
-3.826347619e-07
7.268133864e-06
-1.370822163e-06
1.706572071e-05
-2.802328582e-06
2.353909169e-05
-4.540248031e-06
2.806257661e-05
-6.491212123e-06
3.17429539e-05
-8.597929608e-06
3.528305141e-05
-1.081866244e-05
3.897593042e-05
-1.310782559e-05
4.279287488e-05
-1.540534926e-05
4.650473692e-05
-1.763633071e-05
4.979230579e-05
-1.971902725e-05
5.233076238e-05
-2.157771221e-05
5.385248362e-05
-2.315671947e-05
5.419343926e-05
-2.443162124e-05
5.332105108e-05
-2.541386299e-05
5.133519628e-05
-2.614709557e-05
4.843927672e-05
-2.66962711e-05
4.488923181e-05
-2.713303187e-05
4.093720109e-05
-2.75218076e-05
3.678727454e-05
-2.791011098e-05
3.257354637e-05
-2.832454399e-05
2.836079303e-05
-2.877203633e-05
2.416084424e-05
-2.924453929e-05
1.995523823e-05
-2.972504025e-05
1.57162313e-05
-3.019311259e-05
1.142157455e-05
-3.062899762e-05
7.061915801e-06
-3.101594108e-05
2.642057138e-06
-3.134133566e-05
-1.820790204e-06
-3.159745818e-05
-6.300310372e-06
-3.178017269e-05
-1.07675008e-05
-3.189046317e-05
-1.519061733e-05
-3.19358044e-05
-1.954001907e-05
-3.193314405e-05
-2.379179256e-05
-3.191329451e-05
-2.793391048e-05
-3.192581715e-05
-3.197634806e-05
-3.204181821e-05
-3.596607971e-05
-3.234954722e-05
-4.000527429e-05
-3.293510763e-05
-4.426495995e-05
-3.384077732e-05
-4.897665111e-05
-3.499967351e-05
-5.437500963e-05
-3.616034374e-05
-6.056446252e-05
-3.683264141e-05
-6.730390998e-05
-3.630319722e-05
-7.374631386e-05
-3.3771117e-05
-7.823747379e-05
-2.864926361e-05
-7.834884464e-05
-2.105394166e-05
-7.143461801e-05
-1.236074931e-05
-5.614767634e-05
-5.107700528e-06
-3.501884016e-05
-1.059477777e-06
-1.510985844e-05
-2.184232331e-06
-2.954481548e-07
7.563582019e-06
-1.125116018e-06
1.789538858e-05
-2.378401874e-06
2.479237754e-05
-3.932467938e-06
2.961664267e-05
-5.688275384e-06
3.349876135e-05
-7.577336576e-06
3.717211261e-05
-9.549470202e-06
4.094806404e-05
-1.155671253e-05
4.480011721e-05
-1.354312535e-05
4.849114973e-05
-1.544375358e-05
5.169293402e-05
-1.719147103e-05
5.407847982e-05
-1.872811507e-05
5.538912766e-05
-2.001609504e-05
5.548141923e-05
-2.104659654e-05
5.435155258e-05
-2.184142881e-05
5.213002855e-05
-2.244760075e-05
4.904544866e-05
-2.29262634e-05
4.536789447e-05
-2.333955127e-05
4.135048896e-05
-2.373919565e-05
3.718691892e-05
-2.415959613e-05
3.299394686e-05
-2.461612126e-05
2.881731816e-05
-2.51077057e-05
2.465242869e-05
-2.56219018e-05
2.046943433e-05
-2.614044335e-05
1.623477285e-05
-2.664389815e-05
1.192502935e-05
-2.711473392e-05
7.532751569e-06
-2.753876839e-05
3.066091603e-06
-2.790515388e-05
-1.454404711e-06
-2.820719308e-05
-5.998271166e-06
-2.843986747e-05
-1.053482642e-05
-2.860109071e-05
-1.502939409e-05
-2.869242334e-05
-1.944868645e-05
-2.872159029e-05
-2.376262561e-05
-2.870693797e-05
-2.79485628e-05
-2.868367574e-05
-3.199961029e-05
-2.871045217e-05
-3.593930328e-05
-2.88723311e-05
-3.984339536e-05
-2.927252938e-05
-4.386476168e-05
-3.000237429e-05
-4.82468062e-05
-3.108132883e-05
-5.329605509e-05
-3.23716318e-05
-5.927415956e-05
-3.349481006e-05
-6.618073173e-05
-3.379761216e-05
-7.344351175e-05
-3.243265653e-05
-7.960242943e-05
-2.860846423e-05
-8.217303694e-05
-2.205718899e-05
-7.798589326e-05
-1.368705954e-05
-6.451780578e-05
-5.94893543e-06
-4.275696427e-05
-1.297559959e-06
-1.976123391e-05
-3.481792288e-06
-1.997812268e-07
7.763363245e-06
-8.49266502e-07
1.854487385e-05
-1.896113467e-06
2.583922451e-05
-3.236571308e-06
3.095710051e-05
-4.768453515e-06
3.503064356e-05
-6.413268934e-06
3.881692803e-05
-8.113524499e-06
4.264831961e-05
-9.820620603e-06
4.650721332e-05
-1.148506497e-05
5.01555941e-05
-1.30541217e-05
5.326199075e-05
-1.447670896e-05
5.550106708e-05
-1.571213985e-05
5.662455856e-05
-1.673891949e-05
5.650819887e-05
-1.756006798e-05
5.517270107e-05
-1.820278815e-05
5.277274872e-05
-1.871227734e-05
4.955493785e-05
-1.914159871e-05
4.579721583e-05
-1.954082738e-05
4.174971762e-05
-1.994853157e-05
3.759462311e-05
-2.038745747e-05
3.343287275e-05
-2.086454146e-05
2.929440215e-05
-2.137411321e-05
2.516200043e-05
-2.190261413e-05
2.099793525e-05
-2.24332486e-05
1.676540732e-05
-2.294954293e-05
1.244132368e-05
-2.343743718e-05
8.02064582e-06
-2.388604182e-05
3.514696249e-06
-2.42868888e-05
-1.053557737e-06
-2.463467473e-05
-5.650485233e-06
-2.492446845e-05
-1.024503271e-05
-2.515244569e-05
-1.480141684e-05
-2.531603894e-05
-1.92850932e-05
-2.541573591e-05
-2.366292864e-05
-2.545887728e-05
-2.790542143e-05
-2.546589134e-05
-3.199259623e-05
-2.547860127e-05
-3.592659335e-05
-2.556821106e-05
-3.975378557e-05
-2.583674483e-05
-4.359622791e-05
-2.640055291e-05
-4.768299813e-05
-2.734249287e-05
-5.235411512e-05
-2.862715909e-05
-5.798949334e-05
-2.999708359e-05
-6.481080722e-05
-3.089676094e-05
-7.254383441e-05
-3.049379019e-05
-8.000540018e-05
-2.787128963e-05
-8.47955375e-05
-2.245314328e-05
-8.340403961e-05
-1.469021729e-05
-7.228073177e-05
-6.732077517e-06
-5.071510405e-05
-1.541112661e-06
-2.495219877e-05
-5.022904949e-06
-1.004856404e-07
7.863848885e-06
-5.522847022e-07
1.899667292e-05
-1.369598986e-06
2.665653879e-05
-2.471478785e-06
3.205898031e-05
-3.755869903e-06
3.631503467e-05
-5.13600244e-06
4.019706056e-05
-6.54805603e-06
4.40603732e-05
-7.94387817e-06
4.790303546e-05
-9.28183394e-06
5.149354987e-05
-1.052267731e-05
5.450283412e-05
-1.163185385e-05
5.661024362e-05
-1.258533817e-05
5.757804289e-05
-1.33753951e-05
5.72982558e-05
-1.401327009e-05
5.581057607e-05
-1.452736834e-05
5.328684696e-05
-1.495720094e-05
4.998477045e-05
-1.534499379e-05
4.618500869e-05
-1.572769601e-05
4.213241984e-05
-1.613137322e-05
3.799830033e-05
-1.656916956e-05
3.387066909e-05
-1.704240761e-05
2.976764021e-05
-1.754374257e-05
2.566333539e-05
-1.806103748e-05
2.151523016e-05
-1.858082084e-05
1.728519067e-05
-1.909069494e-05
1.295119778e-05
-1.958057808e-05
8.510528961e-06
-2.004296227e-05
3.977080435e-06
-2.047172619e-05
-6.247938193e-07
-2.086315127e-05
-5.259060151e-06
-2.121274666e-05
-9.895437311e-06
-2.151591366e-05
-1.449824984e-05
-2.176761652e-05
-1.903339034e-05
-2.196341923e-05
-2.346712594e-05
-2.210230647e-05
-2.776653419e-05
-2.219203545e-05
-3.190286725e-05
-2.22574803e-05
-3.586114849e-05
-2.235110498e-05
-3.966016089e-05
-2.256132614e-05
-4.338600674e-05
-2.300888935e-05
-4.723543492e-05
-2.381482738e-05
-5.154817709e-05
-2.502551326e-05
-5.677880747e-05
-2.650002895e-05
-6.333629153e-05
-2.780051981e-05
-7.124334355e-05
-2.815637017e-05
-7.964954981e-05
-2.659377745e-05
-8.635813022e-05
-2.230668923e-05
-8.769112782e-05
-1.53345672e-05
-7.925285381e-05
-7.412713388e-06
-5.863695786e-05
-1.776718843e-06
-3.058819332e-05
-6.799623793e-06
4.113115864e-09
7.859735769e-06
-2.435179843e-07
1.924430402e-05
-8.143994378e-07
2.722742025e-05
-1.658118193e-06
3.290269906e-05
-2.676590291e-06
3.733350677e-05
-3.777367054e-06
4.129783733e-05
-4.891010744e-06
4.517401689e-05
-5.970214315e-06
4.898223903e-05
-6.98175656e-06
5.250509212e-05
-7.900223232e-06
5.54213008e-05
-8.70731868e-06
5.741733906e-05
-9.394407392e-06
5.82651316e-05
-9.965243238e-06
5.786909165e-05
-1.043634718e-05
5.628168e-05
-1.083428611e-05
5.36847859e-05
-1.119044977e-05
5.03409341e-05
-1.153488434e-05
4.652944325e-05
-1.189144034e-05
4.248897584e-05
-1.227485855e-05
3.838171854e-05
-1.26907537e-05
3.428656423e-05
-1.313721309e-05
3.02140996e-05
-1.360741437e-05
2.613353667e-05
-1.40923507e-05
2.200016649e-05
-1.4582968e-05
1.777580797e-05
-1.507144783e-05
1.343967762e-05
-1.555170141e-05
8.990782541e-06
-1.601949411e-05
4.444873129e-06
-1.64704469e-05
-1.738410234e-07
-1.690282335e-05
-4.826683705e-06
-1.731211822e-05
-9.486142434e-06
-1.769372924e-05
-1.411663882e-05
-1.804138536e-05
-1.868573422e-05
-1.834774284e-05
-2.316076846e-05
-1.860624558e-05
-2.750803145e-05
-1.881520308e-05
-3.169390975e-05
-1.898506946e-05
-3.569128211e-05
-1.914928199e-05
-3.949594836e-05
-1.937643447e-05
-4.315885426e-05
-1.977667387e-05
-4.683519552e-05
-2.048618348e-05
-5.083866749e-05
-2.160836106e-05
-5.565662989e-05
-2.310387954e-05
-6.184077305e-05
-2.465725605e-05
-6.968996704e-05
-2.559202259e-05
-7.871478327e-05
-2.493312517e-05
-8.701702765e-05
-2.171537871e-05
-9.090887428e-05
-1.562604726e-05
-8.534218526e-05
-7.95892897e-06
-6.630407615e-05
-1.990885918e-06
-3.655623637e-05
-8.790509709e-06
1.003964775e-07
7.759339292e-06
6.576939756e-08
1.927893109e-05
-2.464559164e-07
2.753964556e-05
-8.18550053e-07
3.34747932e-05
-1.557463944e-06
3.807242066e-05
-2.369831724e-06
4.211020511e-05
-3.180317651e-06
4.598450282e-05
-3.942339473e-06
4.974426085e-05
-4.630606464e-06
5.319335911e-05
-5.233082452e-06
5.602377679e-05
-5.747269145e-06
5.793152576e-05
-6.178643725e-06
5.869650618e-05
-6.54042533e-06
5.823087325e-05
-6.852285166e-06
5.659353984e-05
-7.13715033e-06
5.396965106e-05
-7.417181534e-06
5.062096531e-05
-7.710237407e-06
4.682249913e-05
-8.027537474e-06
4.280627591e-05
-8.373811567e-06
3.872799263e-05
-8.74897843e-06
3.466173109e-05
-9.149559978e-06
3.061468115e-05
-9.570604777e-06
2.655458147e-05
-1.000715491e-05
2.243671662e-05
-1.045503883e-05
1.822369189e-05
-1.09111313e-05
1.389577009e-05
-1.137320745e-05
9.452858694e-06
-1.183936596e-05
4.911031638e-06
-1.230963327e-05
2.964262886e-07
-1.277915742e-05
-4.357159557e-06
-1.324644418e-05
-9.018855678e-06
-1.370654784e-05
-1.365653516e-05
-1.415265952e-05
-1.823962253e-05
-1.45760078e-05
-2.273742018e-05
-1.496688576e-05
-2.71171535e-05
-1.531743845e-05
-3.134335706e-05
-1.56273609e-05
-3.538135966e-05
-1.591369593e-05
-3.920961334e-05
-1.622400499e-05
-4.28485452e-05
-1.664912573e-05
-4.641007478e-05
-1.732232726e-05
-5.016546596e-05
-1.837936129e-05
-5.459959585e-05
-1.986095471e-05
-6.035917963e-05
-2.156788691e-05
-6.798303484e-05
-2.29356067e-05
-7.734706348e-05
-2.303013633e-05
-8.692249801e-05
-2.078845189e-05
-9.315055872e-05
-1.560946484e-05
-9.052117231e-05
-8.362396065e-06
-7.355114492e-05
-2.175210338e-06
-4.27434221e-05
-1.096572004e-05
1.919312566e-07
7.567408038e-06
3.614793721e-07
1.910938298e-05
3.142199086e-07
2.758690503e-05
2.954490759e-08
3.37594682e-05
-4.251975558e-07
3.852716312e-05
-9.448148554e-07
4.262982241e-05
-1.451846609e-06
4.649153457e-05
-1.900032052e-06
5.019244629e-05
-2.270630475e-06
5.356395753e-05
-2.564114801e-06
5.631726111e-05
-2.792874648e-06
5.816028561e-05
-2.974613064e-06
5.887824459e-05
-3.130372988e-06
5.838663317e-05
-3.282077272e-06
5.674524412e-05
-3.448764406e-06
5.41363382e-05
-3.643255985e-06
5.081545689e-05
-3.872643427e-06
4.705188657e-05
-4.136284367e-06
4.306991685e-05
-4.429965766e-06
3.902167403e-05
-4.749138018e-06
3.498090334e-05
-5.089540451e-06
3.095508358e-05
-5.448638072e-06
2.691367909e-05
-5.825786664e-06
2.281386521e-05
-6.221732006e-06
1.861963724e-05
-6.637900137e-06
1.431193822e-05
-7.075712698e-06
9.890671254e-06
-7.536079318e-06
5.371398258e-06
-8.019573704e-06
7.799206747e-07
-8.523900664e-06
-3.852832599e-06
-9.046739082e-06
-8.49601726e-06
-9.583469546e-06
-1.31198047e-05
-1.012725136e-05
-1.769584072e-05
-1.066887021e-05
-2.219580134e-05
-1.119722442e-05
-2.658879928e-05
-1.170105536e-05
-3.083952611e-05
-1.217301328e-05
-3.490940175e-05
-1.261762115e-05
-3.876500546e-05
-1.306353776e-05
-4.240262859e-05
-1.357913533e-05
-4.589447721e-05
-1.428261116e-05
-4.946199013e-05
-1.532072029e-05
-5.356148671e-05
-1.679047878e-05
-5.888942115e-05
-1.85948789e-05
-6.617863472e-05
-2.028592995e-05
-7.565601242e-05
-2.100179719e-05
-8.620663078e-05
-1.963287108e-05
-9.451948483e-05
-1.535030388e-05
-9.480373951e-05
-8.624437114e-06
-8.027701169e-05
-2.327774484e-06
-4.904008473e-05
-1.329349453e-05
2.734931557e-07
7.293914884e-06
6.398809909e-07
1.874299514e-05
8.509117434e-07
2.737587427e-05
8.464159936e-07
3.376396395e-05
6.866237212e-07
3.86869554e-05
4.642520885e-07
4.285219404e-05
2.603439234e-07
4.669544273e-05
1.204723857e-07
5.033231783e-05
5.674932806e-08
5.362768059e-05
5.89216554e-08
5.631508878e-05
1.069761378e-07
5.811223112e-05
1.725858026e-07
5.881263493e-05
2.263323278e-07
5.833288665e-05
2.436522323e-07
5.672792422e-05
2.085029715e-07
5.417148746e-05
1.147493351e-07
5.090921052e-05
-3.232835377e-08
4.719896426e-05
-2.241274344e-07
4.326171593e-05
-4.509974683e-07
3.924854406e-05
-7.024186007e-07
3.523232448e-05
-9.729519039e-07
3.122561688e-05
-1.262147461e-06
2.720287464e-05
-1.573245969e-06
2.312496371e-05
-1.911539559e-06
1.895793083e-05
-2.282754462e-06
1.468315313e-05
-2.691811054e-06
1.029972785e-05
-3.142107671e-06
5.821694876e-06
-3.63523344e-06
1.273046443e-06
-4.170533015e-06
-3.317533024e-06
-4.745438362e-06
-7.921111911e-06
-5.355468475e-06
-1.250977459e-05
-5.994040767e-06
-1.705726843e-05
-6.652084207e-06
-2.15377579e-05
-7.318280264e-06
-2.592260323e-05
-7.979961495e-06
-3.017784488e-05
-8.625824694e-06
-3.426353855e-05
-9.25189505e-06
-3.813893511e-05
-9.871732963e-06
-4.178279067e-05
-1.053213276e-05
-4.523407742e-05
-1.132951968e-05
-4.866460322e-05
-1.240544702e-05
-5.248555937e-05
-1.389030692e-05
-5.740456125e-05
-1.577016906e-05
-6.429877259e-05
-1.771024609e-05
-7.371593539e-05
-1.893997504e-05
-8.497690183e-05
-1.834388313e-05
-9.511557673e-05
-1.491662393e-05
-9.823099872e-05
-8.760035873e-06
-8.643359975e-05
-2.451690448e-06
-5.534843015e-05
-1.574518498e-05
3.42706235e-07
6.951208649e-06
8.897647169e-07
1.819593666e-05
1.35071171e-06
2.691492728e-05
1.627504519e-06
3.348717115e-05
1.754941646e-06
3.855951827e-05
1.821788635e-06
4.278534705e-05
1.911359154e-06
4.660587221e-05
2.072830368e-06
5.017084661e-05
2.317063945e-06
5.338344701e-05
2.625078565e-06
5.600707416e-05
2.9603922e-06
5.777691749e-05
3.282419876e-06
5.849060725e-05
3.554538781e-06
5.806076774e-05
3.75011679e-06
5.653234621e-05
3.85635784e-06
5.406524641e-05
3.874918669e-06
5.089064969e-05
3.818101012e-06
4.725578191e-05
3.70484516e-06
4.337497178e-05
3.553996956e-06
3.939939227e-05
3.378313727e-06
3.540800771e-05
3.1835179e-06
3.142041271e-05
2.968352087e-06
2.741804046e-05
2.72632723e-06
2.336698857e-05
2.448262142e-06
1.923599591e-05
2.124667598e-06
1.500674767e-05
1.747458865e-06
1.067693658e-05
1.310887042e-06
6.258266701e-06
8.118731564e-07
1.772060328e-06
2.503181863e-07
-2.755978054e-06
-3.720013923e-07
-7.298792332e-06
-1.051034531e-06
-1.183074145e-05
-1.780163829e-06
-1.632813913e-05
-2.550895167e-06
-2.076702656e-05
-3.352673182e-06
-2.512082521e-05
-4.172842319e-06
-2.935767574e-05
-4.997410016e-06
-3.343897085e-05
-5.818821379e-06
-3.731752374e-05
-6.639129748e-06
-4.09624823e-05
-7.486276795e-06
-4.438693037e-05
-8.433069997e-06
-4.771781001e-05
-9.60525634e-06
-5.131337303e-05
-1.114657175e-05
-5.586324584e-05
-1.310527005e-05
-6.234007428e-05
-1.52503531e-05
-7.157085235e-05
-1.691274326e-05
-8.331451166e-05
-1.70015728e-05
-9.50267472e-05
-1.437910536e-05
-0.0001008534662
-8.815212503e-06
-9.19974926e-05
-2.556729924e-06
-6.160691273e-05
-1.83019149e-05
3.977640885e-07
6.553444561e-06
1.103584582e-06
1.749011617e-05
1.79748107e-06
2.622103079e-05
2.344885474e-06
3.293976674e-05
2.754835103e-06
3.814956864e-05
3.105877385e-06
4.243430477e-05
3.481590948e-06
4.623015865e-05
3.933474415e-06
4.971896315e-05
4.471100433e-06
5.284582099e-05
5.070130587e-06
5.540804401e-05
5.685899551e-06
5.716114853e-05
6.267978655e-06
5.790852815e-05
6.77141114e-06
5.755733526e-05
7.165242189e-06
5.613851516e-05
7.436858761e-06
5.379362983e-05
7.591715057e-06
5.07357934e-05
7.649069478e-06
4.719842749e-05
7.634163423e-06
4.338987783e-05
7.571530505e-06
3.946202518e-05
7.478520473e-06
3.550101774e-05
7.362852872e-06
3.153608031e-05
7.222978883e-06
2.755791445e-05
7.050438573e-06
2.353952888e-05
6.83311786e-06
1.945331663e-05
6.558328574e-06
1.528153696e-05
6.215061593e-06
1.102020356e-05
5.795237599e-06
6.678090695e-06
5.294100836e-06
2.273197092e-06
4.710108778e-06
-2.171985997e-06
4.045060198e-06
-6.633743752e-06
3.302686742e-06
-1.108836799e-05
2.488794952e-06
-1.551424734e-05
1.611386597e-06
-1.98896182e-05
6.805728822e-07
-2.41900115e-05
-2.929013057e-07
-2.838420155e-05
-1.300125113e-06
-3.243174704e-05
-2.325838999e-06
-3.629180986e-05
-3.36650429e-06
-3.992181701e-05
-4.429771459e-06
-4.33236632e-05
-5.571890469e-06
-4.6575691e-05
-6.894965602e-06
-4.999029789e-05
-8.540322982e-06
-5.421788845e-05
-1.059835621e-05
-6.028204105e-05
-1.292877893e-05
-6.924042963e-05
-1.496661499e-05
-8.12766756e-05
-1.566922643e-05
-9.432413577e-05
-1.380350895e-05
-0.0001027191836
-8.838460814e-06
-9.696254074e-05
-2.66135866e-06
-6.778401489e-05
-2.096327356e-05
4.374740666e-07
6.115970492e-06
1.275135307e-06
1.665245493e-05
2.177668603e-06
2.531849749e-05
2.978709084e-06
3.213872626e-05
3.659544964e-06
3.746873276e-05
4.284373121e-06
4.180947661e-05
4.934326866e-06
4.558020491e-05
5.66355712e-06
4.898973289e-05
6.483291388e-06
5.202608673e-05
7.366582565e-06
5.452475283e-05
8.262186047e-06
5.626554504e-05
9.111180853e-06
5.705953334e-05
9.860670408e-06
5.68078457e-05
1.047392819e-05
5.552525738e-05
1.093581952e-05
5.33317385e-05
1.125264847e-05
5.041896444e-05
1.144677276e-05
4.70043032e-05
1.154839231e-05
4.328825828e-05
1.158696749e-05
3.942345001e-05
1.158420206e-05
3.550378316e-05
1.155076731e-05
3.156951505e-05
1.148632654e-05
2.762235522e-05
1.138203988e-05
2.364381554e-05
1.122422538e-05
1.961113112e-05
1.099795216e-05
1.550781017e-05
1.068978737e-05
1.132836835e-05
1.028941829e-05
7.078459777e-06
9.790272465e-06
2.772342921e-06
9.189271055e-06
-1.570984588e-06
8.487371424e-06
-5.931844122e-06
7.687225914e-06
-1.028822249e-05
6.793715921e-06
-1.462073735e-05
5.813446751e-06
-1.890934903e-05
4.754475192e-06
-2.313103994e-05
3.626842228e-06
-2.725656859e-05
2.443777306e-06
-3.124868212e-05
1.216366941e-06
-3.506439949e-05
-4.412995945e-08
-3.866132011e-05
-1.356167927e-06
-4.201162524e-05
-2.733229786e-06
-4.519862914e-05
-4.254169567e-06
-4.846935811e-05
-6.051354598e-06
-5.242070342e-05
-8.238988695e-06
-5.809440696e-05
-1.075236346e-05
-6.672705487e-05
-1.312944289e-05
-7.889959617e-05
-1.439301637e-05
-9.306056228e-05
-1.324500331e-05
-0.0001038671967
-8.878443758e-06
-0.0001013291003
-2.792238822e-06
-7.387021983e-05
-2.375551238e-05
4.613812865e-07
5.654589203e-06
1.400017854e-06
1.571381837e-05
2.479966389e-06
2.423854895e-05
3.510349869e-06
3.110834278e-05
4.444393127e-06
3.65346895e-05
5.328521158e-06
4.092534858e-05
6.238411495e-06
4.467031457e-05
7.230445053e-06
4.799769934e-05
8.319382503e-06
5.093714928e-05
9.478520121e-06
5.336561522e-05
1.065272597e-05
5.509133919e-05
1.177595708e-05
5.593630224e-05
1.27872949e-05
5.579650787e-05
1.364286446e-05
5.466968783e-05
1.432241328e-05
5.265218968e-05
1.482972214e-05
4.991165559e-05
1.518721327e-05
4.664681207e-05
1.542750557e-05
4.304796598e-05
1.558364432e-05
3.926731126e-05
1.568142652e-05
3.540600096e-05
1.57352171e-05
3.151572448e-05
1.574733288e-05
2.761023944e-05
1.571024853e-05
2.368089989e-05
1.561028571e-05
1.971109395e-05
1.543148279e-05
1.568661309e-05
1.51587422e-05
1.160110893e-05
1.477984435e-05
7.457357632e-06
1.428633575e-05
3.265851514e-06
1.367305331e-05
-9.577021477e-07
1.29401584e-05
-5.198949206e-06
1.208856334e-05
-9.436627426e-06
1.112177725e-05
-1.365395125e-05
1.004479418e-05
-1.783236597e-05
8.863899952e-06
-2.195014571e-05
7.587077412e-06
-2.597974605e-05
6.224343984e-06
-2.988594869e-05
4.78638268e-06
-3.362643819e-05
3.282480158e-06
-3.715741759e-05
1.725543322e-06
-4.04546884e-05
9.470658323e-08
-4.35677924e-05
-1.666500503e-06
-4.670815102e-05
-3.660070861e-06
-5.042713307e-05
-6.011289277e-06
-5.574318854e-05
-8.716102028e-06
-6.402224212e-05
-1.141271489e-05
-7.62029833e-05
-1.320214646e-05
-9.127113072e-05
-1.274639159e-05
-0.0001043229516
-8.981120069e-06
-0.0001050943718
-2.983203422e-06
-7.986813648e-05
-2.67387158e-05
4.696587059e-07
5.184930493e-06
1.475484999e-06
1.470799207e-05
2.695273485e-06
2.301876047e-05
3.923127979e-06
2.988048828e-05
5.086375212e-06
3.537144227e-05
6.211109042e-06
3.980061475e-05
7.364237501e-06
4.351718611e-05
8.60287669e-06
4.675906015e-05
9.946249183e-06
4.959377678e-05
1.13705911e-05
5.19412733e-05
1.28197672e-05
5.364216309e-05
1.422264478e-05
5.453342466e-05
1.551067138e-05
5.450848128e-05
1.663164408e-05
5.354871512e-05
1.755774849e-05
5.172608527e-05
1.828702679e-05
4.918237729e-05
1.883873244e-05
4.609510641e-05
1.924487949e-05
4.264181894e-05
1.954021226e-05
3.89719785e-05
1.975385686e-05
3.519235636e-05
1.990418093e-05
3.136540041e-05
1.999728701e-05
2.751713336e-05
2.002854175e-05
2.364964516e-05
1.998591487e-05
1.975372083e-05
1.985383124e-05
1.581869673e-05
1.961654825e-05
1.183839192e-05
1.926053892e-05
7.81336696e-06
1.87758082e-05
3.750582234e-06
1.815420512e-05
-3.360990648e-07
1.739561544e-05
-4.440359526e-06
1.649814925e-05
-8.539161235e-06
1.546361015e-05
-1.261941215e-05
1.429492964e-05
-1.666368545e-05
1.299616899e-05
-2.065138506e-05
1.157285103e-05
-2.455642809e-05
1.00324147e-05
-2.834551236e-05
8.384522962e-06
-3.197854645e-05
6.641401513e-06
-3.541429614e-05
4.815420927e-06
-3.862870781e-05
2.904144161e-06
-4.165651564e-05
8.78178913e-07
-4.468218578e-05
-1.348590944e-06
-4.820036321e-05
-3.895095141e-06
-5.319668434e-05
-6.805478355e-06
-6.11118589e-05
-9.813036433e-06
-7.319542523e-05
-1.210800876e-05
-8.897615839e-05
-1.233452034e-05
-0.00010409644
-9.184274508e-06
-0.0001082446176
-3.272092953e-06
-8.578031803e-05
-3.001080876e-05
4.629228633e-07
4.722007628e-06
1.50027009e-06
1.367064485e-05
2.816765876e-06
2.170226468e-05
4.202733509e-06
2.849452065e-05
5.564289192e-06
3.400988659e-05
6.90611041e-06
3.845879353e-05
8.28302154e-06
4.214027498e-05
9.750394572e-06
4.529168711e-05
1.133176538e-05
4.801240597e-05
1.300830817e-05
5.026473052e-05
1.472570829e-05
5.192476297e-05
1.641016338e-05
5.284896957e-05
1.798663829e-05
5.293200636e-05
1.939412585e-05
5.214122757e-05
2.059534451e-05
5.052486661e-05
2.157971472e-05
4.819800708e-05
2.235997253e-05
4.53148486e-05
2.296436117e-05
4.203743029e-05
2.342688083e-05
3.850945884e-05
2.377852251e-05
3.484071468e-05
2.40412682e-05
3.110265472e-05
2.422555253e-05
2.733284903e-05
2.433082758e-05
2.35443701e-05
2.434820527e-05
1.973634315e-05
2.42639674e-05
1.590293459e-05
2.406292211e-05
1.20394372e-05
2.373097476e-05
8.145314313e-06
2.325663137e-05
4.224925624e-06
2.263147247e-05
2.890598424e-07
2.185050912e-05
-3.659396182e-06
2.091137502e-05
-7.600027127e-06
1.981316168e-05
-1.152119882e-05
1.855626461e-05
-1.540678838e-05
1.714216543e-05
-1.923728588e-05
1.55737584e-05
-2.298802106e-05
1.385613047e-05
-2.662788442e-05
1.199765188e-05
-3.012006786e-05
1.001088971e-05
-3.342753397e-05
7.910858683e-06
-3.652867678e-05
5.70811532e-06
-3.945377228e-05
3.391662557e-06
-4.236573301e-05
9.029642584e-07
-4.571166491e-05
-1.865951464e-06
-5.042776862e-05
-4.997874974e-06
-5.797993539e-05
-8.312366214e-06
-6.988093398e-05
-1.110256798e-05
-8.618595663e-05
-1.201624275e-05
-0.0001031827652
-9.51124641e-06
-0.000110749614
-3.695276605e-06
-9.159628784e-05
-3.370608536e-05
4.419860815e-07
4.280021547e-06
1.474119676e-06
1.263851125e-05
2.839557169e-06
2.033682719e-05
4.33711474e-06
2.699696308e-05
5.858803214e-06
3.248819811e-05
7.388730892e-06
3.692886585e-05
8.966824954e-06
4.056218092e-05
1.064347687e-05
4.361503519e-05
1.244509164e-05
4.621079121e-05
1.435866122e-05
4.835116094e-05
1.633406427e-05
4.994935991e-05
1.829750215e-05
5.088553169e-05
2.016929384e-05
5.106021466e-05
2.188007171e-05
5.043044971e-05
2.338206246e-05
4.902287585e-05
2.465383682e-05
4.692623272e-05
2.569861229e-05
4.427007313e-05
2.653770239e-05
4.11983402e-05
2.720150495e-05
3.784565628e-05
2.772072301e-05
3.432149661e-05
2.811973792e-05
3.070363982e-05
2.841305571e-05
2.703953124e-05
2.86047523e-05
2.335267351e-05
2.869015179e-05
1.965094366e-05
2.865868905e-05
1.593439734e-05
2.84969702e-05
1.220115605e-05
2.819133961e-05
8.450944908e-06
2.772957802e-05
4.686687216e-06
2.710295759e-05
9.156802664e-07
2.630203756e-05
-2.85847615e-06
2.532363121e-05
-6.621620773e-06
2.416390086e-05
-1.036146847e-05
2.282039945e-05
-1.406328697e-05
2.129183392e-05
-1.770872035e-05
1.957848033e-05
-2.127466747e-05
1.768321035e-05
-2.473261444e-05
1.561299672e-05
-2.804985423e-05
1.338041462e-05
-3.119495187e-05
1.100367017e-05
-3.415193234e-05
8.502430959e-06
-3.695253306e-05
5.883156018e-06
-3.974645807e-05
3.111509456e-06
-4.294001834e-05
9.047043646e-08
-4.74067296e-05
-3.262073748e-06
-5.462739121e-05
-6.876511333e-06
-6.62664964e-05
-1.015571776e-05
-8.29067502e-05
-1.177299287e-05
-0.0001015654901
-9.963339902e-06
-0.000112559267
-4.279845059e-06
-9.727978268e-05
-3.798593042e-05
4.075078783e-07
3.87251367e-06
1.396980062e-06
1.164903906e-05
2.759817363e-06
1.897398989e-05
4.315910563e-06
2.544086988e-05
5.952307081e-06
3.085180159e-05
7.635524152e-06
3.524564878e-05
9.388754092e-06
3.880895098e-05
1.125376349e-05
4.17500258e-05
1.325706094e-05
4.420749376e-05
1.539089109e-05
4.621733078e-05
1.761081782e-05
4.772943319e-05
1.984559646e-05
4.865075305e-05
2.201327492e-05
4.88925362e-05
2.403753345e-05
4.840619118e-05
2.586018201e-05
4.720022729e-05
2.744770849e-05
4.533870624e-05
2.879154201e-05
4.292623961e-05
2.990321166e-05
4.008667054e-05
3.080652922e-05
3.694233871e-05
3.152925186e-05
3.359877398e-05
3.209616752e-05
3.013672415e-05
3.252470048e-05
2.661099827e-05
3.282323993e-05
2.305413406e-05
3.299171205e-05
1.948247154e-05
3.302356397e-05
1.590254541e-05
3.290828121e-05
1.23164388e-05
3.26337406e-05
8.725485516e-06
3.218800456e-05
5.132423264e-06
3.156074745e-05
1.542937376e-06
3.074144228e-05
-2.039170986e-06
2.972470464e-05
-5.604883128e-06
2.850382931e-05
-9.14059314e-06
2.70735867e-05
-1.263304436e-05
2.543002543e-05
-1.606515908e-05
2.357102169e-05
-1.941566373e-05
2.149754947e-05
-2.265914222e-05
1.921551313e-05
-2.576781789e-05
1.673781713e-05
-2.871725587e-05
1.408565109e-05
-3.149976629e-05
1.128638506e-05
-3.415326704e-05
8.362158497e-06
-3.68222315e-05
5.303920649e-06
-3.988178049e-05
2.041451684e-06
-4.414426064e-05
-1.548819492e-06
-5.103712003e-05
-5.45627644e-06
-6.235903945e-05
-9.213906785e-06
-7.914911986e-05
-1.155576511e-05
-9.922363177e-05
-1.051225521e-05
-0.0001136027769
-5.034068263e-06
-0.0001027579696
-4.301999868e-05
3.594913897e-07
3.513022282e-06
1.267730609e-06
1.074079984e-05
2.573197303e-06
1.76685232e-05
4.129200078e-06
2.38848671e-05
5.828286241e-06
2.915271543e-05
7.624295565e-06
3.344963946e-05
9.523122304e-06
3.691012424e-05
1.155429521e-05
3.971885289e-05
1.374057125e-05
4.202121772e-05
1.607730435e-05
4.388059768e-05
1.852590388e-05
4.528083367e-05
2.101960454e-05
4.615705239e-05
2.347677151e-05
4.643536923e-05
2.581637543e-05
4.606658725e-05
2.797105329e-05
4.504554944e-05
2.989519921e-05
4.341456032e-05
3.156723166e-05
4.125420717e-05
3.298673294e-05
3.866716926e-05
3.416821099e-05
3.576086066e-05
3.513364517e-05
3.263333981e-05
3.590568849e-05
2.936468084e-05
3.650273356e-05
2.60139532e-05
3.693628123e-05
2.262058639e-05
3.721041149e-05
1.920834128e-05
3.732276647e-05
1.579019043e-05
3.726633619e-05
1.237286908e-05
3.703137401e-05
8.960447696e-06
3.66070743e-05
5.556722972e-06
3.598261854e-05
2.167393137e-06
3.514581216e-05
-1.202364597e-06
3.409117704e-05
-4.550248008e-06
3.280875077e-05
-7.858166868e-06
3.129103841e-05
-1.1115332e-05
2.953186939e-05
-1.430599006e-05
2.752719263e-05
-1.741098697e-05
2.527665573e-05
-2.040860532e-05
2.278572339e-05
-2.327688555e-05
2.00682262e-05
-2.599975868e-05
1.71484955e-05
-2.858003559e-05
1.406082221e-05
-3.106559374e-05
1.084084931e-05
-3.360225861e-05
7.500945777e-06
-3.654187696e-05
3.989244645e-06
-4.06325595e-05
1.780571047e-07
-4.722593249e-05
-3.98833743e-06
-5.819264492e-05
-8.198457052e-06
-7.493900024e-05
-1.128145856e-05
-9.614063026e-05
-1.109317808e-05
-0.0001137910573
-5.936847566e-06
-0.0001079143001
-4.895684625e-05
2.965005295e-07
3.216521754e-06
1.082280378e-06
9.955019994e-06
2.272308424e-06
1.647849515e-05
3.765242749e-06
2.239193278e-05
5.46990624e-06
2.744805194e-05
7.333578442e-06
3.158596725e-05
9.345519924e-06
3.489818275e-05
1.151984751e-05
3.75445253e-05
1.387104714e-05
3.967001809e-05
1.639399223e-05
4.135765259e-05
1.905452344e-05
4.262030245e-05
2.179114985e-05
4.342042598e-05
2.452485861e-05
4.370166047e-05
2.717262384e-05
4.341882202e-05
2.966017752e-05
4.255799576e-05
3.193109435e-05
4.114364349e-05
3.395083784e-05
3.923446368e-05
3.57059352e-05
3.69120719e-05
3.719956314e-05
3.426723272e-05
3.844534874e-05
3.138755421e-05
3.946110212e-05
2.834892746e-05
4.026372041e-05
2.52113349e-05
4.086587559e-05
2.201843121e-05
4.127453195e-05
1.879968492e-05
4.149093534e-05
1.557378705e-05
4.151157196e-05
1.235223246e-05
4.132948958e-05
9.142530081e-06
4.093586869e-05
5.950343859e-06
4.032109339e-05
2.782168431e-06
3.946947635e-05
-3.50747557e-07
3.837908828e-05
-3.459859934e-06
3.703604199e-05
-6.515120578e-06
3.543185496e-05
-9.511144968e-06
3.355881878e-05
-1.243295388e-05
3.141177493e-05
-1.526394312e-05
2.898994461e-05
-1.7986775e-05
2.629927461e-05
-2.058621555e-05
2.335536949e-05
-2.305585356e-05
2.018614368e-05
-2.541080978e-05
1.683229998e-05
-2.771175005e-05
1.334068622e-05
-3.011064485e-05
9.741749806e-06
-3.294294054e-05
6.005824056e-06
-3.689663376e-05
2.011347907e-06
-4.323145634e-05
-2.384188346e-06
-5.379710867e-05
-7.007657731e-06
-7.031553085e-05
-1.083357369e-05
-9.23147143e-05
-1.159975444e-05
-0.0001130248766
-6.927757332e-06
-0.0001125862972
-5.588460358e-05
2.144363331e-07
3.002085421e-06
8.307648552e-07
9.338691474e-06
1.842996099e-06
1.546626391e-05
3.206959169e-06
2.102796971e-05
4.857583599e-06
2.579742751e-05
6.741487664e-06
2.970206319e-05
8.832693196e-06
3.280697722e-05
1.11273791e-05
3.52498394e-05
1.362707792e-05
3.717031926e-05
1.632157e-05
3.866316051e-05
1.917820838e-05
3.976366407e-05
2.214017362e-05
4.045846074e-05
2.513252553e-05
4.070930856e-05
2.807289487e-05
4.047845268e-05
3.088302108e-05
3.974786955e-05
3.349805347e-05
3.85286111e-05
3.587188561e-05
3.686063154e-05
3.79781719e-05
3.48057856e-05
3.980779276e-05
3.243761186e-05
4.136415824e-05
2.983118873e-05
4.265783214e-05
2.705525357e-05
4.370166738e-05
2.416749966e-05
4.450716548e-05
2.121293311e-05
4.508229941e-05
1.822455099e-05
4.543065532e-05
1.522543114e-05
4.555157276e-05
1.223131502e-05
4.544081584e-05
9.253287002e-06
4.509143999e-05
6.299719708e-06
4.449471618e-05
3.378892243e-06
4.364148934e-05
5.024792914e-07
4.251910575e-05
-2.337476348e-06
4.11209147e-05
-5.116929532e-06
3.943627108e-05
-7.826501346e-06
3.745694974e-05
-1.045363254e-05
3.517805993e-05
-1.298505332e-05
3.259965648e-05
-1.540837154e-05
2.972936658e-05
-1.771592566e-05
2.658557927e-05
-1.991206625e-05
2.320020771e-05
-2.202543821e-05
1.961956372e-05
-2.413110606e-05
1.589892326e-05
-2.639000439e-05
1.208269417e-05
-2.912671146e-05
8.160211461e-06
-3.297415104e-05
4.014311171e-06
-3.908555605e-05
-5.506785704e-07
-4.923211893e-05
-5.521266142e-06
-6.534494328e-05
-1.006645681e-05
-8.776952363e-05
-1.188574851e-05
-0.0001112055849
-7.902694098e-06
-0.0001165693517
-6.378729768e-05
1.077831074e-07
2.894302313e-06
4.932848226e-07
8.953189759e-06
1.259207849e-06
1.470034088e-05
2.427076097e-06
1.986010146e-05
3.965581901e-06
2.42589217e-05
5.823874187e-06
2.78437709e-05
7.962156e-06
3.066869541e-05
1.035658315e-05
3.285541225e-05
1.299132424e-05
3.453557816e-05
1.584608776e-05
3.5808397e-05
1.888576447e-05
3.672398735e-05
2.205623368e-05
3.728799154e-05
2.528688618e-05
3.747865606e-05
2.849805033e-05
3.726728853e-05
3.161047171e-05
3.663544817e-05
3.455397536e-05
3.558510745e-05
3.727339886e-05
3.414120803e-05
3.973101908e-05
3.234816539e-05
4.190573559e-05
3.026289535e-05
4.378995427e-05
2.794697004e-05
4.538535342e-05
2.545985442e-05
4.669859666e-05
2.285425642e-05
4.773773048e-05
2.017379929e-05
4.850962954e-05
1.745265193e-05
4.901853072e-05
1.471652997e-05
4.926546553e-05
1.19843802e-05
4.924840221e-05
9.270350321e-06
4.896253966e-05
6.585582255e-06
4.840142663e-05
3.940005276e-06
4.755871425e-05
1.345191678e-06
4.641716806e-05
-1.19593016e-06
4.497735913e-05
-3.677120606e-06
4.322723974e-05
-6.076381955e-06
4.115991706e-05
-8.386309851e-06
3.877244017e-05
-1.059757643e-05
3.606726652e-05
-1.270319789e-05
3.305514992e-05
-1.470380906e-05
2.975825695e-05
-1.661517327e-05
2.621250907e-05
-1.847969033e-05
2.246831308e-05
-2.038691007e-05
1.858563192e-05
-2.250732323e-05
1.461688896e-05
-2.515796849e-05
1.056459536e-05
-2.892185745e-05
6.320262878e-06
-3.484122357e-05
1.649895602e-06
-4.456175165e-05
-3.584582577e-06
-6.01104651e-05
-8.809172035e-06
-8.254493417e-05
-1.177683027e-05
-0.0001082379267
-8.727688318e-06
-0.0001196184936
-7.2514986e-05
-5.123013566e-08
2.945532449e-06
3.125064505e-08
8.870708978e-06
4.765110214e-07
1.42550805e-05
1.38221827e-06
1.895439421e-05
2.758145932e-06
2.288299404e-05
4.551898991e-06
2.605001784e-05
6.711530431e-06
2.850906397e-05
9.190484367e-06
3.037645831e-05
1.195171044e-05
3.177435209e-05
1.496023245e-05
3.279987499e-05
1.817419859e-05
3.351002121e-05
2.153929934e-05
3.39228908e-05
2.498833894e-05
3.402961646e-05
2.844540389e-05
3.381022358e-05
3.183276337e-05
3.324808869e-05
3.50781511e-05
3.233971972e-05
3.812054578e-05
3.109881335e-05
4.091341205e-05
2.955529912e-05
4.342524133e-05
2.775106607e-05
4.563790126e-05
2.573431011e-05
4.754364041e-05
2.355411528e-05
4.914162196e-05
2.125627487e-05
5.043467812e-05
1.888074314e-05
5.142670305e-05
1.6460627e-05
5.212086193e-05
1.402237109e-05
5.251852961e-05
1.158671252e-05
5.261898141e-05
9.169898513e-06
5.241933186e-05
6.785231814e-06
5.191597781e-05
4.443359328e-06
5.110551063e-05
2.155658854e-06
4.996563479e-05
-5.605432359e-08
4.851029037e-05
-2.221776185e-06
4.672325374e-05
-4.28934532e-06
4.460295494e-05
-6.266011054e-06
4.21501738e-05
-8.144795293e-06
3.937153024e-05
-9.924554323e-06
3.62822469e-05
-1.161452572e-05
3.290870814e-05
-1.324163451e-05
2.928975758e-05
-1.486073977e-05
2.547692132e-05
-1.657407381e-05
2.152934782e-05
-1.855974973e-05
1.749958583e-05
-2.11282065e-05
1.339514996e-05
-2.481742158e-05
9.116611697e-06
-3.056268531e-05
4.405488618e-06
-3.985062858e-05
-1.016928897e-06
-5.468804759e-05
-6.859106324e-06
-7.670275674e-05
-1.106239123e-05
-0.0001040346418
-9.292931704e-06
-0.0001213879531
-8.18079177e-05
-2.804532344e-07
3.225985683e-06
-6.126346783e-07
9.202890422e-06
-5.765060495e-07
1.421895188e-05
2.115696675e-08
1.835673119e-05
1.186573799e-06
2.171757721e-05
2.890532513e-06
2.434605913e-05
5.058460927e-06
2.634113556e-05
7.616416023e-06
2.781850322e-05
1.050301628e-05
2.888775183e-05
1.36649435e-05
2.963794777e-05
1.704987618e-05
3.012508853e-05
2.060029388e-05
3.03724731e-05
2.425075551e-05
3.037915483e-05
2.792916145e-05
3.013181764e-05
3.156097123e-05
2.961627891e-05
3.507462907e-05
2.882606189e-05
3.840654902e-05
2.77668934e-05
4.150454042e-05
2.645730772e-05
4.4329218e-05
2.49263885e-05
4.685353597e-05
2.320999214e-05
4.906096192e-05
2.134668932e-05
5.094293851e-05
1.937429828e-05
5.249621867e-05
1.732746298e-05
5.372049489e-05
1.523635078e-05
5.461655652e-05
1.312630947e-05
5.518503763e-05
1.101823141e-05
5.54257088e-05
8.929227346e-06
5.533724261e-05
6.873698011e-06
5.491669982e-05
4.86390212e-06
5.416050321e-05
2.911855465e-06
5.30768138e-05
1.027635078e-06
5.164154743e-05
-7.865098116e-07
4.986897153e-05
-2.516769417e-06
4.775751996e-05
-4.154559478e-06
4.531377803e-05
-5.701053369e-06
4.255052406e-05
-7.161300354e-06
3.948784769e-05
-8.551849348e-06
3.615533373e-05
-9.909120549e-06
3.259169349e-05
-1.129709953e-05
2.88445321e-05
-1.282691242e-05
2.49645373e-05
-1.467975493e-05
2.099464342e-05
-1.715831263e-05
1.693634004e-05
-2.07591182e-05
1.269453597e-05
-2.632088124e-05
8.000702252e-06
-3.515679486e-05
2.471682814e-06
-4.915902815e-05
-3.919158019e-06
-7.031191591e-05
-9.446246559e-06
-9.850755323e-05
-9.313593706e-06
-0.000121520606
-9.112151141e-05
-6.46219545e-07
3.872205228e-06
-1.547839798e-06
1.010451067e-05
-2.019157384e-06
1.469026946e-05
-1.791990819e-06
1.812956463e-05
-8.249215191e-07
2.075050791e-05
8.004055813e-07
2.272073203e-05
2.980369922e-06
2.416117121e-05
5.627474693e-06
2.517139844e-05
8.649047385e-06
2.586617914e-05
1.197167875e-05
2.631531641e-05
1.553035198e-05
2.65664153e-05
1.926211673e-05
2.664070835e-05
2.310159642e-05
2.653967514e-05
2.697992134e-05
2.625349272e-05
3.082651578e-05
2.576968446e-05
3.457254143e-05
2.508003624e-05
3.81546961e-05
2.418473873e-05
4.151830985e-05
2.309369397e-05
4.461912957e-05
2.182556877e-05
4.742366819e-05
2.040545353e-05
4.990834869e-05
1.886200883e-05
5.205786967e-05
1.722477729e-05
5.386323149e-05
1.552210116e-05
5.531981043e-05
1.377977184e-05
5.6425695e-05
1.20204249e-05
5.718046731e-05
1.02634591e-05
5.758431711e-05
8.525377544e-06
5.763778808e-05
6.820227033e-06
5.734147616e-05
5.16021404e-06
5.669775842e-05
3.555573209e-06
5.570992915e-05
2.015464356e-06
5.437742838e-05
5.4599096e-07
5.270810932e-05
-8.474503582e-07
5.071230069e-05
-2.158750843e-06
4.840194589e-05
-3.390698572e-06
4.579539888e-05
-4.554753343e-06
4.291624496e-05
-5.672695425e-06
3.979429327e-05
-6.787168869e-06
3.646268464e-05
-7.965490886e-06
3.295814772e-05
-9.322375512e-06
2.931333912e-05
-1.103494632e-05
2.555058351e-05
-1.339555702e-05
2.165083776e-05
-1.685937245e-05
1.751290982e-05
-2.218295329e-05
1.287012257e-05
-3.051400761e-05
7.305762482e-06
-4.359466807e-05
5.38766985e-07
-6.354492041e-05
-6.59533317e-06
-9.137345307e-05
-8.604048543e-06
-0.0001195118906
-9.972555996e-05
-1.25015858e-06
5.122363808e-06
-2.936846461e-06
1.179119856e-05
-4.006572168e-06
1.575999517e-05
-4.146624191e-06
1.826961665e-05
-3.366346837e-06
1.997023056e-05
-1.781745102e-06
2.113613029e-05
4.647150579e-07
2.191471106e-05
3.225227478e-06
2.241088602e-05
6.404924895e-06
2.268648172e-05
9.904052531e-06
2.281618877e-05
1.364509198e-05
2.282537584e-05
1.755911431e-05
2.272668603e-05
2.157990363e-05
2.251888582e-05
2.564124193e-05
2.219215442e-05
2.967675455e-05
2.173417184e-05
3.362158362e-05
2.113520717e-05
3.741492932e-05
2.039139303e-05
4.100253201e-05
1.950609128e-05
4.433845027e-05
1.848965051e-05
4.73858679e-05
1.73580359e-05
5.011694003e-05
1.613093669e-05
5.251192731e-05
1.482979002e-05
5.455789191e-05
1.347613656e-05
5.624730235e-05
1.20903614e-05
5.757667466e-05
1.069105259e-05
5.854554496e-05
9.294588806e-06
5.915558773e-05
7.915334773e-06
5.941033555e-05
6.565479212e-06
5.931482387e-05
5.255725717e-06
5.887577097e-05
3.99462611e-06
5.810106142e-05
2.79017391e-06
5.700047121e-05
1.646581172e-06
5.558805874e-05
5.64962108e-07
5.388148338e-05
-4.521754784e-07
5.189730259e-05
-1.406517782e-06
4.965239377e-05
-2.309844521e-06
4.717192383e-05
-3.192225488e-06
4.448071395e-05
-4.095958986e-06
4.159918533e-05
-5.083962262e-06
3.854588022e-05
-6.269070401e-06
3.532565271e-05
-7.814718811e-06
3.192914365e-05
-9.999047964e-06
2.830021814e-05
-1.323044695e-05
2.431330708e-05
-1.819604223e-05
1.968969223e-05
-2.589039276e-05
1.396865453e-05
-3.787363038e-05
6.518183301e-06
-5.609444918e-05
-2.102540644e-06
-8.275272913e-05
-6.880923794e-06
-0.0001147335075
-0.0001066064837
-2.278973291e-06
7.4013371e-06
-5.043892021e-06
1.455611729e-05
-6.765662125e-06
1.748176527e-05
-7.209052051e-06
1.871300658e-05
-6.514722892e-06
1.92759014e-05
-4.883642461e-06
1.950504986e-05
-2.510510689e-06
1.954157928e-05
4.392773523e-07
1.946109798e-05
3.816110534e-06
1.930964854e-05
7.520731707e-06
1.91115676e-05
1.146399295e-05
1.88821146e-05
1.557211194e-05
1.861856704e-05
1.9778767e-05
1.831223075e-05
2.402074619e-05
1.795017523e-05
2.823642664e-05
1.751849138e-05
3.236612947e-05
1.700550435e-05
3.635358999e-05
1.640393252e-05
4.014776661e-05
1.571191466e-05
4.370437721e-05
1.493303991e-05
4.698686943e-05
1.407554369e-05
4.996667107e-05
1.315113504e-05
5.262286654e-05
1.217359456e-05
5.494139966e-05
1.115760343e-05
5.691415378e-05
1.011760728e-05
5.853785333e-05
9.067353043e-06
5.981327531e-05
8.019166831e-06
6.074434142e-05
6.984268656e-06
6.13378031e-05
5.972017535e-06
6.160251742e-05
4.991011406e-06
6.154960935e-05
4.047534178e-06
6.119201818e-05
3.147765078e-06
6.054455863e-05
2.294040722e-06
5.961984467e-05
1.489676072e-06
5.843712409e-05
7.305451011e-07
5.703571979e-05
-5.11348313e-09
5.540029994e-05
-6.744246725e-07
5.356404234e-05
-1.355967885e-06
5.153937262e-05
-2.071289269e-06
4.932836456e-05
-2.872954206e-06
4.692718519e-05
-3.867891032e-06
4.43054269e-05
-5.192960518e-06
4.141275395e-05
-7.106375016e-06
3.81380813e-05
-9.955774304e-06
3.430421425e-05
-1.436217518e-05
2.958758654e-05
-2.117376505e-05
2.348970845e-05
-3.177575229e-05
1.528848947e-05
-4.789323019e-05
4.811118616e-06
-7.227535828e-05
-3.376330953e-06
-0.0001065460579
-0.0001099828147
-4.130506203e-06
1.15318433e-05
-8.310922525e-06
1.873653361e-05
-1.057272359e-05
1.974356634e-05
-1.105401903e-05
1.919430201e-05
-1.016510659e-05
1.838698895e-05
-8.229630742e-06
1.756957401e-05
-5.505109342e-06
1.681705788e-05
-2.198683544e-06
1.615467218e-05
1.539714529e-06
1.557125047e-05
5.578921017e-06
1.507236111e-05
9.832677306e-06
1.462835831e-05
1.422873137e-05
1.422251298e-05
1.870444855e-05
1.383651357e-05
2.320270503e-05
1.345191875e-05
2.766938008e-05
1.305181633e-05
3.205272013e-05
1.262216429e-05
3.630396169e-05
1.215269096e-05
4.037850849e-05
1.163736786e-05
4.423711503e-05
1.107443337e-05
4.784679956e-05
1.046585916e-05
5.118124018e-05
9.816694422e-06
5.422081532e-05
9.134019419e-06
5.695211492e-05
8.42630383e-06
5.936741655e-05
7.702305653e-06
6.146376096e-05
6.971008628e-06
6.324244043e-05
6.240487368e-06
6.470797676e-05
5.518732321e-06
6.586798992e-05
4.812004374e-06
6.673209009e-05
4.126911245e-06
6.731230922e-05
3.46731505e-06
6.762165907e-05
2.838415227e-06
6.7675053e-05
2.240646789e-06
6.748767861e-05
1.677050469e-06
6.70769942e-05
1.141229509e-06
6.643875115e-05
6.331295602e-07
6.561904175e-05
1.452847316e-07
6.460461406e-05
-3.415401989e-07
6.340130273e-05
-8.679779382e-07
6.199349351e-05
-1.465144986e-06
6.035536857e-05
-2.229766094e-06
5.841993879e-05
-3.257530738e-06
5.609001562e-05
-4.776451844e-06
5.318333697e-05
-7.049095656e-06
4.943320583e-05
-1.061204403e-05
4.441147822e-05
-1.615203744e-05
3.750927399e-05
-2.487354807e-05
2.802623633e-05
-3.841019253e-05
1.519669148e-05
-5.944581342e-05
2.61294201e-06
-9.396230842e-05
-0.0001073698727
-8.392050696e-06
1.9923894e-05
-1.34486595e-05
2.37931424e-05
-1.479646315e-05
2.109137e-05
-1.390431696e-05
1.830215582e-05
-1.156610831e-05
1.604878031e-05
-8.265201147e-06
1.426866685e-05
-4.323017616e-06
1.287487435e-05
4.280754349e-08
1.178884703e-05
4.668459528e-06
1.094559848e-05
9.470205587e-06
1.027061505e-05
1.437674561e-05
9.721818288e-06
1.933603228e-05
9.263226311e-06
2.430573908e-05
8.866806762e-06
2.924763898e-05
8.510018855e-06
3.412507096e-05
8.174384355e-06
3.890217484e-05
7.845060404e-06
4.354409439e-05
7.510771412e-06
4.801781367e-05
7.163648584e-06
5.229314611e-05
6.799100932e-06
5.634368537e-05
6.415319908e-06
6.014739198e-05
6.012987806e-06
6.368698274e-05
5.594428661e-06
6.69498201e-05
5.163466478e-06
6.992782092e-05
4.724304828e-06
7.261685228e-05
4.281977277e-06
7.501654842e-05
3.840791228e-06
7.712943683e-05
3.405843909e-06
7.896101102e-05
2.980430187e-06
8.05185971e-05
2.569325167e-06
8.181191056e-05
2.174001584e-06
8.285137512e-05
1.798950665e-06
8.364925283e-05
1.442769088e-06
8.421664614e-05
1.109657157e-06
8.456448259e-05
7.933930563e-07
8.470107279e-05
4.965393559e-07
8.464390474e-05
2.024527915e-07
8.438837707e-05
-8.601253036e-08
8.39281147e-05
-4.077155794e-07
8.323439986e-05
-7.714301395e-07
8.22639524e-05
-1.259318633e-06
8.092192981e-05
-1.91550815e-06
7.906285907e-05
-2.917381098e-06
7.64342395e-05
-4.420476094e-06
7.2646758e-05
-6.824562526e-06
6.712307462e-05
-1.062835407e-05
5.900241896e-05
-1.675289241e-05
4.738502843e-05
-2.6792802e-05
3.101127159e-05
-4.307205658e-05
1.14862879e-05
-7.443732474e-05
-9.588358478e-05
-1.5600465e-05
3.5524359e-05
-1.370279117e-05
2.189546858e-05
-7.27714314e-06
1.466572196e-05
-4.094232745e-07
1.143443595e-05
6.386351473e-06
9.25300556e-06
1.302992219e-05
7.625096124e-06
1.947018929e-05
6.434607256e-06
2.568413138e-05
5.574904942e-06
3.168392763e-05
4.945802224e-06
3.748620679e-05
4.468335894e-06
4.311180752e-05
4.096217556e-06
4.857599678e-05
3.799037058e-06
5.388793594e-05
3.554867596e-06
5.905075172e-05
3.347203075e-06
6.406174191e-05
3.163394166e-06
6.891305658e-05
2.99374574e-06
7.359280111e-05
2.831026882e-06
7.808641094e-05
2.67003875e-06
8.237808664e-05
2.50742524e-06
8.645213543e-05
2.341271117e-06
9.029408984e-05
2.171033398e-06
9.389154211e-05
1.996976385e-06
9.723470318e-05
1.820305414e-06
0.0001003166634
1.64234465e-06
0.0001031335108
1.465129796e-06
0.0001056841798
1.290122227e-06
0.0001079703898
1.119633904e-06
0.0001099962215
9.545985253e-07
0.0001117681178
7.974288269e-07
0.0001132941518
6.479675933e-07
0.0001145842734
5.088290751e-07
0.0001156489328
3.781097106e-07
0.0001164995283
2.590616814e-07
0.000117145299
1.476223281e-07
0.0001175920087
4.982966201e-08
0.000117851576
-5.71144961e-08
0.000117926781
-1.612175588e-07
0.000117799118
-2.800526119e-07
0.0001174422436
-4.145556483e-07
0.0001167966735
-6.137485977e-07
0.0001157636854
-8.825200301e-07
0.0001141613434
-1.315039132e-06
0.0001116987472
-1.95787989e-06
0.0001078778674
-3.003682721e-06
0.0001019384317
-4.688918305e-06
9.27452084e-05
-7.559669148e-06
7.882677074e-05
-1.287436434e-05
5.838899728e-05
-2.263428312e-05
2.832415089e-05
-4.437247835e-05
-6.755943389e-05
3.5524359e-05
5.741982757e-05
7.208554954e-05
8.351998549e-05
9.277299105e-05
0.0001003980872
0.0001068326944
0.0001124075994
0.0001173534016
0.0001218217375
0.000125917955
0.0001297169921
0.0001332718597
0.0001366190628
0.0001397824569
0.0001427762027
0.0001456072296
0.0001482772683
0.0001507846936
0.0001531259647
0.0001552969981
0.0001572939745
0.0001591142799
0.0001607566245
0.0001622217543
0.0001635118765
0.0001646315104
0.000165586109
0.0001663835378
0.0001670315054
0.0001675403345
0.0001679184442
0.0001681775059
0.0001683251282
0.0001683749579
0.0001683178434
0.0001681566258
0.0001678765732
0.0001674620175
0.0001668482689
0.0001659657489
0.0001646507098
0.0001626928299
0.0001596891472
0.0001550002289
0.0001474405597
0.0001345661954
0.0001119319122
6.755943389e-05
)
;

boundaryField
{
    movingWall
    {
        type            calculated;
        value           uniform 0;
    }
    fixedWalls
    {
        type            calculated;
        value           uniform 0;
    }
    frontAndBack
    {
        type            empty;
    }
}


// ************************************************************************* //
