/*--------------------------------*- C++ -*----------------------------------*\
  =========                 |
  \\      /  F ield         | OpenFOAM: The Open Source CFD Toolbox
   \\    /   O peration     | Website:  https://openfoam.org
    \\  /    A nd           | Version:  11
     \\/     M anipulation  |
\*---------------------------------------------------------------------------*/
FoamFile
{
    format      ascii;
    class       volScalarField;
    location    "0.5";
    object      Ccx;
}
// * * * * * * * * * * * * * * * * * * * * * * * * * * * * * * * * * * * * * //

dimensions      [0 1 0 0 0 0 0];

internalField   nonuniform List<scalar> 
2268
(
0.006347826085
0.01904347826
0.03173913043
0.04443478261
0.05713043479
0.06982608695
0.08252173913
0.09521739131
0.1079130435
0.1206086956
0.1333043478
0.146
0.1586956522
0.1713913043
0.1840869565
0.1967826087
0.2094782609
0.222173913
0.2348695652
0.2475652174
0.2602608696
0.2729565217
0.2856521739
0.006347826085
0.01904347826
0.03173913043
0.04443478261
0.05713043478
0.06982608695
0.08252173913
0.09521739131
0.1079130435
0.1206086956
0.1333043478
0.146
0.1586956522
0.1713913043
0.1840869565
0.1967826087
0.2094782609
0.222173913
0.2348695652
0.2475652174
0.2602608696
0.2729565217
0.2856521739
0.006347826085
0.01904347826
0.03173913043
0.04443478261
0.05713043478
0.06982608695
0.08252173913
0.09521739131
0.1079130435
0.1206086956
0.1333043478
0.146
0.1586956522
0.1713913043
0.1840869565
0.1967826087
0.2094782609
0.222173913
0.2348695652
0.2475652174
0.2602608696
0.2729565217
0.2856521739
0.006347826085
0.01904347826
0.03173913043
0.04443478261
0.05713043478
0.06982608696
0.08252173913
0.09521739131
0.1079130435
0.1206086956
0.1333043478
0.146
0.1586956522
0.1713913043
0.1840869565
0.1967826087
0.2094782609
0.2221739131
0.2348695652
0.2475652174
0.2602608696
0.2729565217
0.2856521739
0.006347826085
0.01904347826
0.03173913043
0.04443478261
0.05713043478
0.06982608696
0.08252173913
0.09521739131
0.1079130435
0.1206086956
0.1333043478
0.146
0.1586956522
0.1713913044
0.1840869565
0.1967826087
0.2094782609
0.2221739131
0.2348695652
0.2475652174
0.2602608696
0.2729565217
0.2856521739
0.006347826085
0.01904347826
0.03173913043
0.04443478261
0.05713043479
0.06982608695
0.08252173913
0.09521739131
0.1079130435
0.1206086957
0.1333043478
0.146
0.1586956522
0.1713913043
0.1840869565
0.1967826087
0.2094782609
0.222173913
0.2348695652
0.2475652174
0.2602608696
0.2729565217
0.2856521739
0.006347826085
0.01904347826
0.03173913044
0.04443478261
0.05713043478
0.06982608696
0.08252173913
0.09521739131
0.1079130435
0.1206086956
0.1333043478
0.146
0.1586956522
0.1713913044
0.1840869565
0.1967826087
0.2094782609
0.222173913
0.2348695652
0.2475652174
0.2602608696
0.2729565217
0.2856521739
0.006347826085
0.01904347826
0.03173913043
0.04443478261
0.05713043478
0.06982608696
0.08252173913
0.09521739131
0.1079130435
0.1206086957
0.1333043478
0.146
0.1586956522
0.1713913043
0.1840869565
0.1967826087
0.2094782609
0.222173913
0.2348695652
0.2475652174
0.2602608696
0.2729565218
0.2856521739
0.3230521252
0.3371574158
0.3512627064
0.3653679968
0.3794732873
0.3935785779
0.4076838684
0.421789159
0.4358944494
0.44999974
0.4641050306
0.478210321
0.4923156115
0.5064209021
0.5205261926
0.5346314831
0.5487367737
0.5628420642
0.5769473548
0.3230521253
0.3371574158
0.3512627063
0.3653679968
0.3794732873
0.3935785779
0.4076838684
0.421789159
0.4358944494
0.44999974
0.4641050305
0.478210321
0.4923156116
0.5064209021
0.5205261926
0.5346314831
0.5487367736
0.5628420642
0.5769473547
0.3230521252
0.3371574158
0.3512627063
0.3653679968
0.3794732873
0.3935785779
0.4076838684
0.421789159
0.4358944494
0.44999974
0.4641050305
0.478210321
0.4923156115
0.5064209021
0.5205261926
0.5346314831
0.5487367736
0.5628420642
0.5769473548
0.3230521252
0.3371574158
0.3512627063
0.3653679968
0.3794732873
0.3935785779
0.4076838684
0.421789159
0.4358944494
0.44999974
0.4641050305
0.478210321
0.4923156116
0.5064209021
0.5205261926
0.5346314831
0.5487367736
0.5628420642
0.5769473547
0.3230521252
0.3371574158
0.3512627063
0.3653679968
0.3794732873
0.3935785779
0.4076838684
0.4217891589
0.4358944494
0.44999974
0.4641050305
0.478210321
0.4923156116
0.5064209021
0.5205261926
0.5346314831
0.5487367737
0.5628420642
0.5769473547
0.3230521252
0.3371574158
0.3512627063
0.3653679968
0.3794732873
0.3935785779
0.4076838684
0.421789159
0.4358944494
0.44999974
0.4641050305
0.478210321
0.4923156116
0.5064209021
0.5205261926
0.5346314832
0.5487367737
0.5628420642
0.5769473547
0.3230521252
0.3371574158
0.3512627063
0.3653679968
0.3794732873
0.3935785779
0.4076838685
0.421789159
0.4358944494
0.44999974
0.4641050306
0.4782103211
0.4923156115
0.5064209021
0.5205261926
0.5346314831
0.5487367737
0.5628420642
0.5769473547
0.3230521252
0.3371574158
0.3512627064
0.3653679969
0.3794732874
0.3935785779
0.4076838684
0.4217891589
0.4358944494
0.44999974
0.4641050306
0.478210321
0.4923156116
0.5064209021
0.5205261926
0.5346314831
0.5487367737
0.5628420642
0.5769473547
0.006347826085
0.01904347826
0.03173913043
0.04443478261
0.05713043478
0.06982608695
0.08252173913
0.09521739131
0.1079130435
0.1206086956
0.1333043478
0.146
0.1586956522
0.1713913043
0.1840869565
0.1967826087
0.2094782609
0.2221739131
0.2348695652
0.2475652174
0.2602608696
0.2729565218
0.2856521739
0.006347826085
0.01904347826
0.03173913044
0.04443478261
0.05713043479
0.06982608695
0.08252173913
0.09521739131
0.1079130435
0.1206086957
0.1333043478
0.146
0.1586956522
0.1713913043
0.1840869565
0.1967826087
0.2094782609
0.2221739131
0.2348695652
0.2475652174
0.2602608696
0.2729565218
0.2856521739
0.006347826085
0.01904347826
0.03173913043
0.04443478261
0.05713043479
0.06982608695
0.08252173913
0.09521739131
0.1079130435
0.1206086957
0.1333043478
0.146
0.1586956522
0.1713913043
0.1840869565
0.1967826087
0.2094782609
0.222173913
0.2348695652
0.2475652174
0.2602608696
0.2729565217
0.2856521739
0.006347826085
0.01904347826
0.03173913044
0.04443478261
0.05713043479
0.06982608696
0.08252173913
0.09521739131
0.1079130435
0.1206086957
0.1333043478
0.146
0.1586956522
0.1713913043
0.1840869565
0.1967826087
0.2094782609
0.2221739131
0.2348695652
0.2475652174
0.2602608696
0.2729565218
0.2856521739
0.006347826085
0.01904347826
0.03173913043
0.04443478261
0.05713043479
0.06982608696
0.08252173913
0.09521739131
0.1079130435
0.1206086957
0.1333043478
0.146
0.1586956522
0.1713913043
0.1840869565
0.1967826087
0.2094782609
0.222173913
0.2348695652
0.2475652174
0.2602608696
0.2729565218
0.2856521739
0.006347826085
0.01904347826
0.03173913043
0.04443478261
0.05713043478
0.06982608696
0.08252173913
0.09521739131
0.1079130435
0.1206086957
0.1333043478
0.146
0.1586956522
0.1713913043
0.1840869565
0.1967826087
0.2094782609
0.222173913
0.2348695652
0.2475652174
0.2602608696
0.2729565218
0.2856521739
0.006347826085
0.01904347826
0.03173913043
0.04443478261
0.05713043479
0.06982608695
0.08252173913
0.09521739131
0.1079130435
0.1206086956
0.1333043478
0.146
0.1586956522
0.1713913043
0.1840869565
0.1967826087
0.2094782609
0.2221739131
0.2348695652
0.2475652174
0.2602608696
0.2729565218
0.2856521739
0.006347826085
0.01904347826
0.03173913043
0.04443478261
0.05713043478
0.06982608695
0.08252173913
0.09521739131
0.1079130435
0.1206086956
0.1333043478
0.146
0.1586956522
0.1713913043
0.1840869565
0.1967826087
0.2094782609
0.2221739131
0.2348695652
0.2475652174
0.2602608696
0.2729565218
0.2856521739
0.006347826085
0.01904347826
0.03173913043
0.04443478261
0.05713043478
0.06982608695
0.08252173913
0.09521739131
0.1079130435
0.1206086956
0.1333043478
0.146
0.1586956522
0.1713913043
0.1840869565
0.1967826087
0.2094782609
0.222173913
0.2348695652
0.2475652174
0.2602608696
0.2729565217
0.2856521739
0.006347826085
0.01904347826
0.03173913043
0.04443478261
0.05713043478
0.06982608695
0.08252173913
0.09521739131
0.1079130435
0.1206086956
0.1333043478
0.146
0.1586956522
0.1713913043
0.1840869565
0.1967826087
0.2094782609
0.222173913
0.2348695652
0.2475652174
0.2602608696
0.2729565217
0.2856521739
0.006347826085
0.01904347826
0.03173913043
0.04443478261
0.05713043479
0.06982608696
0.08252173913
0.09521739131
0.1079130435
0.1206086957
0.1333043478
0.146
0.1586956522
0.1713913044
0.1840869565
0.1967826087
0.2094782609
0.222173913
0.2348695652
0.2475652174
0.2602608696
0.2729565217
0.2856521739
0.006347826085
0.01904347826
0.03173913043
0.04443478261
0.05713043479
0.06982608696
0.08252173913
0.09521739131
0.1079130435
0.1206086957
0.1333043478
0.146
0.1586956522
0.1713913043
0.1840869565
0.1967826087
0.2094782609
0.2221739131
0.2348695652
0.2475652174
0.2602608696
0.2729565217
0.2856521739
0.006347826085
0.01904347826
0.03173913043
0.04443478261
0.05713043478
0.06982608695
0.08252173913
0.09521739131
0.1079130435
0.1206086956
0.1333043478
0.146
0.1586956522
0.1713913043
0.1840869565
0.1967826087
0.2094782609
0.2221739131
0.2348695652
0.2475652174
0.2602608696
0.2729565217
0.2856521739
0.006347826085
0.01904347826
0.03173913043
0.04443478261
0.05713043478
0.06982608696
0.08252173913
0.09521739131
0.1079130435
0.1206086956
0.1333043478
0.146
0.1586956522
0.1713913043
0.1840869565
0.1967826087
0.2094782609
0.222173913
0.2348695652
0.2475652174
0.2602608696
0.2729565217
0.2856521739
0.006347826085
0.01904347826
0.03173913043
0.04443478261
0.05713043479
0.06982608695
0.08252173913
0.09521739131
0.1079130435
0.1206086957
0.1333043478
0.146
0.1586956522
0.1713913044
0.1840869565
0.1967826087
0.2094782609
0.222173913
0.2348695652
0.2475652174
0.2602608696
0.2729565217
0.2856521739
0.006347826085
0.01904347826
0.03173913043
0.04443478261
0.05713043478
0.06982608695
0.08252173913
0.09521739131
0.1079130435
0.1206086956
0.1333043478
0.146
0.1586956522
0.1713913044
0.1840869565
0.1967826087
0.2094782609
0.222173913
0.2348695652
0.2475652174
0.2602608696
0.2729565218
0.2856521739
0.006347826085
0.01904347826
0.03173913043
0.04443478261
0.05713043478
0.06982608696
0.08252173913
0.09521739131
0.1079130435
0.1206086956
0.1333043478
0.146
0.1586956522
0.1713913044
0.1840869565
0.1967826087
0.2094782609
0.222173913
0.2348695652
0.2475652174
0.2602608696
0.2729565217
0.2856521739
0.006347826085
0.01904347826
0.03173913044
0.04443478261
0.05713043478
0.06982608695
0.08252173913
0.09521739131
0.1079130435
0.1206086956
0.1333043478
0.146
0.1586956522
0.1713913044
0.1840869565
0.1967826087
0.2094782609
0.222173913
0.2348695652
0.2475652174
0.2602608696
0.2729565218
0.2856521739
0.006347826085
0.01904347826
0.03173913043
0.04443478261
0.05713043478
0.06982608695
0.08252173913
0.09521739131
0.1079130435
0.1206086956
0.1333043478
0.146
0.1586956522
0.1713913044
0.1840869565
0.1967826087
0.2094782609
0.2221739131
0.2348695652
0.2475652174
0.2602608696
0.2729565217
0.2856521739
0.006347826085
0.01904347826
0.03173913043
0.04443478261
0.05713043478
0.06982608695
0.08252173913
0.09521739131
0.1079130435
0.1206086956
0.1333043478
0.146
0.1586956522
0.1713913043
0.1840869565
0.1967826087
0.2094782609
0.222173913
0.2348695652
0.2475652174
0.2602608696
0.2729565217
0.2856521739
0.006347826085
0.01904347826
0.03173913043
0.04443478261
0.05713043478
0.06982608695
0.08252173913
0.09521739131
0.1079130435
0.1206086956
0.1333043478
0.146
0.1586956522
0.1713913043
0.1840869565
0.1967826087
0.2094782609
0.222173913
0.2348695652
0.2475652174
0.2602608696
0.2729565217
0.2856521739
0.006347826085
0.01904347826
0.03173913043
0.04443478261
0.05713043478
0.06982608695
0.08252173913
0.09521739131
0.1079130435
0.1206086956
0.1333043478
0.146
0.1586956522
0.1713913043
0.1840869565
0.1967826087
0.2094782609
0.222173913
0.2348695652
0.2475652174
0.2602608696
0.2729565217
0.2856521739
0.006347826085
0.01904347826
0.03173913043
0.04443478261
0.05713043478
0.06982608695
0.08252173913
0.09521739131
0.1079130435
0.1206086956
0.1333043478
0.146
0.1586956522
0.1713913044
0.1840869565
0.1967826087
0.2094782609
0.222173913
0.2348695652
0.2475652174
0.2602608696
0.2729565217
0.2856521739
0.006347826085
0.01904347826
0.03173913043
0.04443478261
0.05713043479
0.06982608695
0.08252173913
0.09521739131
0.1079130435
0.1206086956
0.1333043478
0.146
0.1586956522
0.1713913043
0.1840869565
0.1967826087
0.2094782609
0.222173913
0.2348695652
0.2475652174
0.2602608696
0.2729565218
0.2856521739
0.006347826085
0.01904347826
0.03173913043
0.04443478261
0.05713043478
0.06982608696
0.08252173913
0.09521739131
0.1079130435
0.1206086957
0.1333043478
0.146
0.1586956522
0.1713913044
0.1840869565
0.1967826087
0.2094782609
0.222173913
0.2348695652
0.2475652174
0.2602608696
0.2729565217
0.2856521739
0.006347826085
0.01904347826
0.03173913043
0.04443478261
0.05713043478
0.06982608695
0.08252173913
0.09521739131
0.1079130435
0.1206086956
0.1333043478
0.146
0.1586956522
0.1713913043
0.1840869565
0.1967826087
0.2094782609
0.222173913
0.2348695652
0.2475652174
0.2602608696
0.2729565217
0.2856521739
0.006347826085
0.01904347826
0.03173913043
0.04443478261
0.05713043478
0.06982608695
0.08252173913
0.09521739131
0.1079130435
0.1206086956
0.1333043478
0.146
0.1586956522
0.1713913043
0.1840869565
0.1967826087
0.2094782609
0.222173913
0.2348695652
0.2475652174
0.2602608696
0.2729565218
0.2856521739
0.006347826085
0.01904347826
0.03173913043
0.04443478261
0.05713043478
0.06982608696
0.08252173913
0.09521739131
0.1079130435
0.1206086956
0.1333043478
0.146
0.1586956522
0.1713913044
0.1840869565
0.1967826087
0.2094782609
0.2221739131
0.2348695652
0.2475652174
0.2602608696
0.2729565217
0.2856521739
0.006347826085
0.01904347826
0.03173913043
0.04443478261
0.05713043478
0.06982608695
0.08252173913
0.09521739131
0.1079130435
0.1206086956
0.1333043478
0.146
0.1586956522
0.1713913043
0.1840869565
0.1967826087
0.2094782609
0.222173913
0.2348695652
0.2475652174
0.2602608696
0.2729565218
0.2856521739
0.006347826085
0.01904347826
0.03173913043
0.04443478261
0.05713043478
0.06982608695
0.08252173913
0.09521739131
0.1079130435
0.1206086956
0.1333043478
0.146
0.1586956522
0.1713913043
0.1840869565
0.1967826087
0.2094782609
0.222173913
0.2348695652
0.2475652174
0.2602608696
0.2729565217
0.2856521739
0.006347826085
0.01904347826
0.03173913043
0.04443478261
0.05713043478
0.06982608695
0.08252173913
0.09521739131
0.1079130435
0.1206086956
0.1333043478
0.146
0.1586956522
0.1713913043
0.1840869565
0.1967826087
0.2094782609
0.222173913
0.2348695652
0.2475652174
0.2602608696
0.2729565217
0.2856521739
0.006347826085
0.01904347826
0.03173913043
0.04443478261
0.05713043478
0.06982608696
0.08252173913
0.09521739131
0.1079130435
0.1206086956
0.1333043478
0.146
0.1586956522
0.1713913044
0.1840869565
0.1967826087
0.2094782609
0.2221739131
0.2348695652
0.2475652174
0.2602608696
0.2729565218
0.2856521739
0.006347826085
0.01904347826
0.03173913044
0.04443478261
0.05713043478
0.06982608696
0.08252173913
0.09521739131
0.1079130435
0.1206086957
0.1333043478
0.146
0.1586956522
0.1713913044
0.1840869565
0.1967826087
0.2094782609
0.222173913
0.2348695652
0.2475652174
0.2602608696
0.2729565217
0.2856521739
0.006347826085
0.01904347826
0.03173913043
0.04443478261
0.05713043478
0.06982608695
0.08252173913
0.09521739131
0.1079130435
0.1206086956
0.1333043478
0.146
0.1586956522
0.1713913043
0.1840869565
0.1967826087
0.2094782609
0.222173913
0.2348695652
0.2475652174
0.2602608696
0.2729565217
0.2856521739
0.006347826085
0.01904347826
0.03173913043
0.04443478261
0.05713043478
0.06982608695
0.08252173913
0.09521739131
0.1079130435
0.1206086956
0.1333043478
0.146
0.1586956522
0.1713913043
0.1840869565
0.1967826087
0.2094782609
0.222173913
0.2348695652
0.2475652174
0.2602608696
0.2729565217
0.2856521739
0.006347826085
0.01904347826
0.03173913043
0.04443478261
0.05713043478
0.06982608696
0.08252173913
0.09521739131
0.1079130435
0.1206086956
0.1333043478
0.146
0.1586956522
0.1713913043
0.1840869565
0.1967826087
0.2094782609
0.2221739131
0.2348695652
0.2475652174
0.2602608696
0.2729565218
0.2856521739
0.006347826085
0.01904347826
0.03173913043
0.04443478261
0.05713043478
0.06982608695
0.08252173913
0.09521739131
0.1079130435
0.1206086956
0.1333043478
0.146
0.1586956522
0.1713913043
0.1840869565
0.1967826087
0.2094782609
0.222173913
0.2348695652
0.2475652174
0.2602608696
0.2729565218
0.2856521739
0.006347826085
0.01904347826
0.03173913043
0.04443478261
0.05713043478
0.06982608695
0.08252173913
0.09521739131
0.1079130435
0.1206086956
0.1333043478
0.146
0.1586956522
0.1713913043
0.1840869565
0.1967826087
0.2094782609
0.2221739131
0.2348695652
0.2475652174
0.2602608696
0.2729565218
0.2856521739
0.006347826085
0.01904347826
0.03173913043
0.04443478261
0.05713043478
0.06982608695
0.08252173913
0.09521739131
0.1079130435
0.1206086956
0.1333043478
0.146
0.1586956522
0.1713913043
0.1840869565
0.1967826087
0.2094782609
0.222173913
0.2348695652
0.2475652174
0.2602608696
0.2729565217
0.2856521739
0.006347826085
0.01904347826
0.03173913043
0.04443478261
0.05713043478
0.06982608696
0.08252173913
0.09521739131
0.1079130435
0.1206086956
0.1333043478
0.146
0.1586956522
0.1713913043
0.1840869565
0.1967826087
0.2094782609
0.2221739131
0.2348695652
0.2475652174
0.2602608696
0.2729565218
0.2856521739
0.006347826085
0.01904347826
0.03173913043
0.04443478261
0.05713043478
0.06982608695
0.08252173913
0.09521739131
0.1079130435
0.1206086956
0.1333043478
0.146
0.1586956522
0.1713913043
0.1840869565
0.1967826087
0.2094782609
0.222173913
0.2348695652
0.2475652174
0.2602608696
0.2729565218
0.2856521739
0.006347826085
0.01904347826
0.03173913044
0.04443478261
0.05713043478
0.06982608695
0.08252173913
0.09521739131
0.1079130435
0.1206086956
0.1333043478
0.146
0.1586956522
0.1713913043
0.1840869565
0.1967826087
0.2094782609
0.222173913
0.2348695652
0.2475652174
0.2602608696
0.2729565217
0.2856521739
0.294999935
0.300999805
0.306999675
0.312999545
0.294999935
0.300999805
0.306999675
0.312999545
0.294999935
0.300999805
0.306999675
0.312999545
0.294999935
0.300999805
0.306999675
0.312999545
0.294999935
0.300999805
0.306999675
0.312999545
0.294999935
0.300999805
0.306999675
0.312999545
0.294999935
0.300999805
0.306999675
0.312999545
0.294999935
0.300999805
0.306999675
0.312999545
0.294999935
0.300999805
0.306999675
0.312999545
0.294999935
0.300999805
0.306999675
0.312999545
0.294999935
0.300999805
0.306999675
0.312999545
0.294999935
0.300999805
0.306999675
0.312999545
0.294999935
0.300999805
0.306999675
0.312999545
0.294999935
0.300999805
0.306999675
0.312999545
0.294999935
0.300999805
0.306999675
0.312999545
0.294999935
0.300999805
0.306999675
0.312999545
0.294999935
0.300999805
0.306999675
0.312999545
0.294999935
0.300999805
0.306999675
0.312999545
0.294999935
0.300999805
0.306999675
0.312999545
0.294999935
0.300999805
0.306999675
0.312999545
0.294999935
0.300999805
0.306999675
0.312999545
0.294999935
0.300999805
0.306999675
0.312999545
0.294999935
0.300999805
0.306999675
0.312999545
0.294999935
0.300999805
0.306999675
0.312999545
0.294999935
0.300999805
0.306999675
0.312999545
0.294999935
0.300999805
0.306999675
0.312999545
0.294999935
0.300999805
0.306999675
0.312999545
0.294999935
0.300999805
0.306999675
0.312999545
0.294999935
0.300999805
0.306999675
0.312999545
0.294999935
0.300999805
0.306999675
0.312999545
0.294999935
0.300999805
0.306999675
0.312999545
0.294999935
0.300999805
0.306999675
0.312999545
0.294999935
0.300999805
0.306999675
0.312999545
0.294999935
0.300999805
0.306999675
0.312999545
0.294999935
0.300999805
0.306999675
0.312999545
0.294999935
0.300999805
0.306999675
0.312999545
0.294999935
0.300999805
0.306999675
0.312999545
0.294999935
0.300999805
0.306999675
0.312999545
0.294999935
0.300999805
0.306999675
0.312999545
0.294999935
0.300999805
0.306999675
0.312999545
0.294999935
0.300999805
0.306999675
0.312999545
0.294999935
0.300999805
0.306999675
0.312999545
0.3230521252
0.3371574158
0.3512627064
0.3653679969
0.3794732873
0.3935785779
0.4076838684
0.421789159
0.4358944494
0.44999974
0.4641050305
0.478210321
0.4923156116
0.5064209021
0.5205261927
0.5346314831
0.5487367736
0.5628420642
0.5769473547
0.3230521252
0.3371574158
0.3512627063
0.3653679968
0.3794732873
0.3935785779
0.4076838684
0.4217891589
0.4358944494
0.44999974
0.4641050305
0.478210321
0.4923156115
0.5064209021
0.5205261926
0.5346314831
0.5487367737
0.5628420642
0.5769473547
0.3230521252
0.3371574158
0.3512627064
0.3653679968
0.3794732873
0.3935785779
0.4076838684
0.421789159
0.4358944494
0.44999974
0.4641050306
0.4782103211
0.4923156115
0.5064209021
0.5205261926
0.5346314831
0.5487367736
0.5628420642
0.5769473548
0.3230521252
0.3371574158
0.3512627063
0.3653679968
0.3794732873
0.3935785779
0.4076838684
0.421789159
0.4358944494
0.44999974
0.4641050305
0.478210321
0.4923156115
0.5064209021
0.5205261926
0.5346314831
0.5487367736
0.5628420642
0.5769473547
0.3230521252
0.3371574158
0.3512627063
0.3653679968
0.3794732874
0.3935785779
0.4076838685
0.4217891589
0.4358944494
0.44999974
0.4641050306
0.478210321
0.4923156116
0.5064209021
0.5205261926
0.5346314831
0.5487367737
0.5628420642
0.5769473547
0.3230521252
0.3371574158
0.3512627063
0.3653679968
0.3794732873
0.3935785779
0.4076838684
0.4217891589
0.4358944494
0.44999974
0.4641050305
0.478210321
0.4923156115
0.5064209021
0.5205261926
0.5346314831
0.5487367736
0.5628420642
0.5769473547
0.3230521252
0.3371574158
0.3512627063
0.3653679968
0.3794732873
0.3935785779
0.4076838684
0.421789159
0.4358944494
0.44999974
0.4641050306
0.478210321
0.4923156116
0.5064209021
0.5205261926
0.5346314832
0.5487367736
0.5628420642
0.5769473547
0.3230521252
0.3371574158
0.3512627064
0.3653679968
0.3794732873
0.3935785779
0.4076838685
0.4217891589
0.4358944494
0.44999974
0.4641050306
0.478210321
0.4923156115
0.5064209021
0.5205261926
0.5346314832
0.5487367736
0.5628420642
0.5769473547
0.3230521252
0.3371574158
0.3512627063
0.3653679969
0.3794732874
0.3935785779
0.4076838684
0.421789159
0.4358944494
0.44999974
0.4641050305
0.478210321
0.4923156115
0.5064209021
0.5205261926
0.5346314831
0.5487367737
0.5628420642
0.5769473547
0.3230521252
0.3371574158
0.3512627063
0.3653679968
0.3794732874
0.3935785779
0.4076838684
0.4217891589
0.4358944494
0.44999974
0.4641050306
0.478210321
0.4923156115
0.5064209021
0.5205261926
0.5346314831
0.5487367737
0.5628420642
0.5769473547
0.3230521252
0.3371574158
0.3512627064
0.3653679968
0.3794732873
0.3935785779
0.4076838684
0.4217891589
0.4358944495
0.44999974
0.4641050305
0.4782103211
0.4923156115
0.5064209021
0.5205261926
0.5346314831
0.5487367736
0.5628420642
0.5769473548
0.3230521252
0.3371574158
0.3512627064
0.3653679969
0.3794732873
0.3935785779
0.4076838685
0.4217891589
0.4358944494
0.44999974
0.4641050305
0.478210321
0.4923156115
0.5064209021
0.5205261926
0.5346314831
0.5487367736
0.5628420642
0.5769473547
0.3230521252
0.3371574158
0.3512627063
0.3653679968
0.3794732874
0.3935785779
0.4076838684
0.421789159
0.4358944494
0.44999974
0.4641050305
0.478210321
0.4923156115
0.5064209021
0.5205261926
0.5346314831
0.5487367736
0.5628420642
0.5769473547
0.3230521252
0.3371574158
0.3512627063
0.3653679968
0.3794732873
0.3935785779
0.4076838685
0.421789159
0.4358944494
0.44999974
0.4641050306
0.478210321
0.4923156115
0.5064209021
0.5205261926
0.5346314831
0.5487367737
0.5628420642
0.5769473547
0.3230521252
0.3371574158
0.3512627063
0.3653679969
0.3794732873
0.3935785779
0.4076838684
0.4217891589
0.4358944494
0.44999974
0.4641050305
0.478210321
0.4923156115
0.5064209021
0.5205261926
0.5346314831
0.5487367737
0.5628420642
0.5769473547
0.3230521252
0.3371574158
0.3512627063
0.3653679968
0.3794732873
0.3935785779
0.4076838684
0.4217891589
0.4358944494
0.44999974
0.4641050305
0.478210321
0.4923156115
0.5064209021
0.5205261926
0.5346314831
0.5487367736
0.5628420642
0.5769473547
0.3230521252
0.3371574158
0.3512627064
0.3653679968
0.3794732873
0.3935785779
0.4076838684
0.421789159
0.4358944494
0.44999974
0.4641050306
0.478210321
0.4923156116
0.5064209021
0.5205261926
0.5346314831
0.5487367736
0.5628420642
0.5769473547
0.3230521252
0.3371574158
0.3512627063
0.3653679968
0.3794732873
0.3935785779
0.4076838684
0.4217891589
0.4358944494
0.44999974
0.4641050305
0.478210321
0.4923156115
0.5064209021
0.5205261926
0.5346314831
0.5487367736
0.5628420642
0.5769473547
0.3230521252
0.3371574158
0.3512627064
0.3653679968
0.3794732873
0.3935785779
0.4076838684
0.421789159
0.4358944494
0.44999974
0.4641050306
0.4782103211
0.4923156115
0.5064209021
0.5205261926
0.5346314832
0.5487367736
0.5628420642
0.5769473548
0.3230521252
0.3371574158
0.3512627064
0.3653679968
0.3794732874
0.3935785779
0.4076838684
0.4217891589
0.4358944494
0.44999974
0.4641050306
0.478210321
0.4923156116
0.5064209021
0.5205261926
0.5346314831
0.5487367736
0.5628420642
0.5769473547
0.3230521252
0.3371574158
0.3512627063
0.3653679968
0.3794732874
0.3935785779
0.4076838684
0.4217891589
0.4358944494
0.44999974
0.4641050306
0.478210321
0.4923156115
0.5064209021
0.5205261926
0.5346314831
0.5487367736
0.5628420642
0.5769473547
0.3230521252
0.3371574158
0.3512627064
0.3653679968
0.3794732874
0.3935785779
0.4076838684
0.4217891589
0.4358944494
0.44999974
0.4641050306
0.478210321
0.4923156115
0.5064209021
0.5205261926
0.5346314831
0.5487367736
0.5628420642
0.5769473547
0.3230521252
0.3371574158
0.3512627063
0.3653679968
0.3794732873
0.3935785779
0.4076838684
0.4217891589
0.4358944494
0.44999974
0.4641050305
0.478210321
0.4923156115
0.5064209021
0.5205261926
0.5346314831
0.5487367736
0.5628420642
0.5769473547
0.3230521252
0.3371574158
0.3512627064
0.3653679968
0.3794732873
0.3935785779
0.4076838684
0.4217891589
0.4358944494
0.44999974
0.4641050306
0.478210321
0.4923156115
0.5064209021
0.5205261926
0.5346314831
0.5487367737
0.5628420642
0.5769473548
0.3230521252
0.3371574158
0.3512627063
0.3653679968
0.3794732873
0.3935785779
0.4076838685
0.421789159
0.4358944494
0.44999974
0.4641050306
0.478210321
0.4923156116
0.5064209021
0.5205261926
0.5346314831
0.5487367737
0.5628420642
0.5769473548
0.3230521252
0.3371574158
0.3512627063
0.3653679968
0.3794732874
0.3935785779
0.4076838684
0.4217891589
0.4358944494
0.44999974
0.4641050305
0.478210321
0.4923156115
0.5064209021
0.5205261926
0.5346314831
0.5487367736
0.5628420642
0.5769473547
0.3230521252
0.3371574158
0.3512627063
0.3653679968
0.3794732874
0.3935785779
0.4076838684
0.421789159
0.4358944494
0.44999974
0.4641050305
0.478210321
0.4923156115
0.5064209021
0.5205261926
0.5346314831
0.5487367736
0.5628420642
0.5769473547
0.3230521252
0.3371574158
0.3512627064
0.3653679968
0.3794732873
0.3935785779
0.4076838684
0.421789159
0.4358944494
0.44999974
0.4641050306
0.4782103211
0.4923156115
0.5064209021
0.5205261926
0.5346314832
0.5487367736
0.5628420642
0.5769473548
0.3230521252
0.3371574158
0.3512627063
0.3653679968
0.3794732874
0.3935785779
0.4076838684
0.421789159
0.4358944494
0.44999974
0.4641050306
0.478210321
0.4923156116
0.5064209021
0.5205261926
0.5346314831
0.5487367736
0.5628420642
0.5769473547
0.3230521253
0.3371574158
0.3512627064
0.3653679968
0.3794732874
0.3935785779
0.4076838684
0.421789159
0.4358944494
0.44999974
0.4641050306
0.4782103211
0.4923156116
0.5064209021
0.5205261926
0.5346314831
0.5487367736
0.5628420642
0.5769473547
0.3230521252
0.3371574158
0.3512627064
0.3653679968
0.3794732874
0.3935785779
0.4076838684
0.421789159
0.4358944494
0.44999974
0.4641050305
0.478210321
0.4923156115
0.5064209021
0.5205261926
0.5346314831
0.5487367736
0.5628420642
0.5769473547
0.3230521252
0.3371574158
0.3512627064
0.3653679968
0.3794732873
0.3935785779
0.4076838684
0.4217891589
0.4358944494
0.44999974
0.4641050306
0.4782103211
0.4923156115
0.5064209021
0.5205261926
0.5346314832
0.5487367736
0.5628420642
0.5769473548
0.3230521252
0.3371574158
0.3512627064
0.3653679968
0.3794732873
0.3935785779
0.4076838684
0.4217891589
0.4358944495
0.44999974
0.4641050306
0.478210321
0.4923156116
0.5064209021
0.5205261926
0.5346314831
0.5487367737
0.5628420642
0.5769473547
0.3230521252
0.3371574158
0.3512627063
0.3653679968
0.3794732873
0.3935785779
0.4076838684
0.4217891589
0.4358944494
0.44999974
0.4641050305
0.478210321
0.4923156115
0.5064209021
0.5205261926
0.5346314831
0.5487367736
0.5628420642
0.5769473547
0.3230521252
0.3371574158
0.3512627064
0.3653679968
0.3794732874
0.3935785779
0.4076838684
0.4217891589
0.4358944494
0.44999974
0.4641050305
0.478210321
0.4923156116
0.5064209021
0.5205261926
0.5346314832
0.5487367736
0.5628420642
0.5769473547
0.3230521252
0.3371574158
0.3512627064
0.3653679969
0.3794732874
0.3935785779
0.4076838685
0.421789159
0.4358944494
0.44999974
0.4641050305
0.478210321
0.4923156116
0.5064209021
0.5205261926
0.5346314831
0.5487367737
0.5628420642
0.5769473548
0.3230521252
0.3371574158
0.3512627063
0.3653679969
0.3794732874
0.3935785779
0.4076838685
0.421789159
0.4358944494
0.44999974
0.4641050306
0.4782103211
0.4923156116
0.5064209021
0.5205261926
0.5346314831
0.5487367737
0.5628420642
0.5769473547
0.3230521252
0.3371574158
0.3512627063
0.3653679968
0.3794732873
0.3935785779
0.4076838684
0.421789159
0.4358944494
0.44999974
0.4641050305
0.478210321
0.4923156116
0.5064209021
0.5205261926
0.5346314831
0.5487367736
0.5628420642
0.5769473547
0.3230521252
0.3371574158
0.3512627063
0.3653679968
0.3794732874
0.3935785779
0.4076838685
0.4217891589
0.4358944494
0.44999974
0.4641050305
0.478210321
0.4923156116
0.5064209021
0.5205261926
0.5346314831
0.5487367736
0.5628420642
0.5769473547
0.3230521252
0.3371574158
0.3512627064
0.3653679969
0.3794732874
0.3935785779
0.4076838685
0.421789159
0.4358944494
0.44999974
0.4641050305
0.478210321
0.4923156116
0.5064209021
0.5205261926
0.5346314831
0.5487367737
0.5628420642
0.5769473548
0.3230521252
0.3371574158
0.3512627063
0.3653679968
0.3794732874
0.3935785779
0.4076838684
0.421789159
0.4358944494
0.44999974
0.4641050305
0.478210321
0.4923156116
0.5064209021
0.5205261926
0.5346314831
0.5487367736
0.5628420642
0.5769473547
0.3230521252
0.3371574158
0.3512627063
0.3653679969
0.3794732873
0.3935785779
0.4076838684
0.421789159
0.4358944494
0.44999974
0.4641050306
0.478210321
0.4923156116
0.5064209021
0.5205261927
0.5346314831
0.5487367736
0.5628420642
0.5769473547
)
;

boundaryField
{
    leftWall
    {
        type            calculated;
        value           uniform 0;
    }
    rightWall
    {
        type            calculated;
        value           nonuniform List<scalar> 
50
(
0.584
0.584
0.584
0.584
0.584
0.584
0.584
0.584
0.584
0.584
0.584
0.584
0.584
0.584
0.584
0.584
0.584
0.584
0.584
0.584
0.584
0.584
0.584
0.584
0.584
0.584
0.584
0.584
0.584
0.584
0.584
0.584
0.584
0.584
0.584
0.584
0.584
0.584
0.584
0.584
0.584
0.584
0.584
0.584
0.584
0.584
0.584
0.584
0.584
0.584
)
;
    }
    lowerWall
    {
        type            calculated;
        value           nonuniform List<scalar> 
62
(
0.006347826085
0.01904347826
0.03173913043
0.04443478261
0.05713043479
0.06982608695
0.08252173913
0.09521739131
0.1079130435
0.1206086956
0.1333043478
0.146
0.1586956522
0.1713913043
0.1840869565
0.1967826087
0.2094782609
0.222173913
0.2348695652
0.2475652174
0.2602608696
0.2729565217
0.2856521739
0.292
0.292
0.292
0.292
0.292
0.292
0.292
0.292
0.294999935
0.300999805
0.306999675
0.312999545
0.31599948
0.31599948
0.31599948
0.31599948
0.31599948
0.31599948
0.31599948
0.31599948
0.3230521252
0.3371574158
0.3512627063
0.3653679968
0.3794732873
0.3935785779
0.4076838684
0.421789159
0.4358944494
0.44999974
0.4641050305
0.478210321
0.4923156115
0.5064209021
0.5205261926
0.5346314831
0.5487367736
0.5628420642
0.5769473548
)
;
    }
    atmosphere
    {
        type            calculated;
        value           nonuniform List<scalar> 
46
(
0.006347826085
0.01904347826
0.03173913043
0.04443478261
0.05713043478
0.06982608695
0.08252173913
0.09521739131
0.1079130435
0.1206086957
0.1333043478
0.146
0.1586956522
0.1713913043
0.1840869565
0.1967826087
0.2094782609
0.222173913
0.2348695652
0.2475652174
0.2602608696
0.2729565217
0.2856521739
0.294999935
0.300999805
0.306999675
0.312999545
0.3230521252
0.3371574158
0.3512627063
0.3653679968
0.3794732873
0.3935785779
0.4076838684
0.4217891589
0.4358944494
0.44999974
0.4641050305
0.478210321
0.4923156116
0.5064209021
0.5205261926
0.5346314831
0.5487367736
0.5628420642
0.5769473547
)
;
    }
    defaultFaces
    {
        type            empty;
    }
}


// ************************************************************************* //
