/*--------------------------------*- C++ -*----------------------------------*\
  =========                 |
  \\      /  F ield         | OpenFOAM: The Open Source CFD Toolbox
   \\    /   O peration     | Website:  https://openfoam.org
    \\  /    A nd           | Version:  11
     \\/     M anipulation  |
\*---------------------------------------------------------------------------*/
FoamFile
{
    format      ascii;
    class       volScalarField;
    location    "0.5";
    object      p;
}
// * * * * * * * * * * * * * * * * * * * * * * * * * * * * * * * * * * * * * //

dimensions      [1 -1 -2 0 0 0 0];

internalField   nonuniform List<scalar> 
2268
(
649.5956422
646.0990859
648.8821436
655.5121814
666.7427189
675.7787531
682.5411774
688.0514459
694.6051847
703.6484765
715.5873069
730.3100026
747.4594734
766.7160203
787.7999141
810.2347217
832.9247203
853.9086448
868.4221251
877.639717
862.6406029
851.5650506
896.0596184
590.4254601
586.159374
588.6615792
595.1211516
606.3161791
615.6040449
622.5693719
628.2004541
634.8791019
644.0468644
656.042521
670.5922611
687.6305906
706.7397615
727.6101702
749.8531911
772.6911133
794.6875079
810.9226476
822.7311362
805.2970168
779.4842983
830.0034927
530.5032312
525.5228882
527.3467356
533.2529552
544.3918341
554.1619686
561.5291236
567.3979493
574.3192753
583.7408557
595.9594004
610.8502889
627.9055934
647.0592997
667.7860016
689.5038034
711.2878599
732.1255363
748.7454493
759.817976
747.0016544
715.0608756
768.1073703
470.5362058
464.4721969
465.0243223
470.0485973
481.0564185
491.5669772
499.5365072
505.7554645
513.0260913
522.8021937
535.308153
550.3161878
567.5761476
586.819795
607.5616066
629.1682307
650.5671812
670.5596583
686.5529002
696.8010785
690.0172406
669.4745021
718.3486344
411.1588219
403.4248877
401.9822569
405.5471392
416.3137874
427.9363322
436.7502043
443.4017213
451.1078245
461.3254069
474.1724509
489.4295791
506.8612196
526.3035173
547.2025071
568.9043685
590.3379441
610.1073433
625.9785326
636.64094
637.6538293
630.9008411
674.4444237
353.1255404
343.1278273
338.6181189
340.012561
350.5280547
363.5635966
373.3844876
380.4662436
388.6184089
399.3396365
412.5941457
428.1598982
445.7463525
465.4814621
486.6753487
508.6897815
530.4253772
550.381159
566.6901581
578.3601357
584.7132815
587.7841074
626.6479676
297.0148004
283.970715
275.7013359
274.6049289
284.8874004
298.9042371
309.4569941
316.9814382
325.6241835
336.8230009
350.4679178
366.428599
384.3880231
404.4157636
425.9575638
448.4449985
470.7466875
491.1915647
508.1807175
520.7307452
529.1036316
535.2024119
560.9402623
243.1013961
228.240394
215.0979745
209.8406202
219.4724734
233.6335319
244.264909
252.5279865
262.1878515
274.0767854
287.9389452
303.780348
321.6607923
342.9159449
365.1304325
388.4940468
411.6406274
432.7000829
450.368521
463.5380007
471.5949682
477.6854938
483.2518458
410.7998539
325.1140288
290.6074329
289.749912
290.7114715
292.261693
293.6933503
294.6739074
295.4590628
294.6635674
295.6357606
303.233829
273.5715442
273.9391271
280.1196811
306.2827906
529.6197207
1069.84342
1257.984768
392.6277279
299.1284307
289.4500501
288.8773992
289.6841228
291.7590807
293.5364738
294.5956817
295.6174026
294.436178
287.6083218
258.2287483
255.4067123
259.9326683
263.3275877
271.1804067
346.6240002
863.857754
1178.495001
317.4243089
289.9715748
289.1283666
288.5708091
288.6193864
290.3614139
292.9052183
294.5148868
295.1703979
293.0886501
267.9328412
253.3173872
254.5470522
259.4258154
263.0063971
266.8835375
301.7030288
549.6216236
1095.646273
288.7609053
288.901656
288.8785118
288.381266
287.9858076
288.3829058
291.4743908
294.1520072
294.3580953
289.1751238
257.4238645
250.0011184
252.237065
258.3716657
262.7314494
265.4656942
280.9128618
375.6652571
1019.645793
262.5456889
288.3953591
288.6828365
288.2113573
287.6764949
287.5154003
289.7857103
293.4038219
293.2334446
283.6844069
252.8889829
247.5210406
250.7966151
257.4551795
262.5548091
265.1511502
270.7985721
294.4114561
948.6139164
200.9286939
283.1497534
288.2660027
288.0732469
287.4626985
287.1680852
288.5919368
292.2295995
291.8251296
276.0786112
249.9598354
245.7215116
249.5427665
256.7775088
262.3931035
265.0154489
267.1330167
273.9754567
781.0378395
111.8092057
236.9761942
287.3001879
287.9834263
287.3074884
286.9756514
287.9192173
290.840762
289.660976
270.1090338
247.6469395
244.7659812
249.1129987
256.6570563
262.3397437
264.7467705
266.5406278
271.2599584
567.2842229
4.793041629
189.0512028
280.724874
288.1221692
287.19513
286.8424664
287.4156778
289.6093688
287.7484723
267.9206373
247.3034797
245.0701142
249.9374452
257.2259274
262.4242537
264.5702982
266.3278754
265.2313366
392.4567258
161.2782606
145.1464898
123.8453743
111.3470983
118.6736868
131.3234329
140.4023911
149.4046667
161.436716
175.6809523
191.154641
208.4274232
227.4587649
246.98543
269.3383123
293.8451044
318.8442286
341.6120413
360.8715212
375.2268906
379.3433925
365.7876132
289.543458
70.47403899
45.27131355
28.2665964
20.93240721
24.39659146
30.80533134
34.64892712
37.93695104
43.44143723
52.19314289
61.70955011
73.80706295
89.82554079
111.6630653
137.3835665
166.9100586
196.2293539
221.3234309
243.4100281
261.7903672
272.6888663
274.6015944
273.062286
10.30673678
5.79477452
5.628380744
5.778319906
5.755717707
5.791582723
5.825928467
5.869488962
5.901607024
6.408833749
8.786638678
11.96219896
16.48794241
23.42505659
34.91024534
54.31793585
76.82590826
104.0310312
131.8477331
154.7617389
170.3256879
181.0989419
186.7246332
5.479627884
5.419477409
5.441580711
5.514119403
5.542665169
5.575044668
5.563519919
5.580967962
5.563736705
5.49275936
5.474865406
5.490353166
5.508621611
5.497241838
5.642548031
6.763451491
12.15298869
25.82128128
45.90431188
67.48448274
80.29970453
93.08952464
105.9535723
5.405061509
5.433475157
5.411899308
5.402025665
5.408643862
5.412405398
5.401525136
5.386014737
5.339667609
5.270341543
5.272902396
5.288657608
5.314914035
5.347481473
5.375540138
5.342687723
5.349231679
5.758215286
7.171261387
9.855609799
16.33964033
30.25866544
51.14108116
5.264514585
5.266271327
5.27381456
5.26503021
5.269747203
5.274027809
5.269142099
5.259695046
5.237289287
5.206924266
5.192634964
5.189843317
5.19044961
5.175662468
5.163805376
5.12218888
5.144982671
5.156181883
5.166241367
5.159090323
5.01190323
5.200355535
6.277144042
5.120097798
5.122738839
5.128274423
5.118004034
5.114322339
5.111913835
5.104243158
5.093513567
5.076481243
5.061435382
5.053470932
5.052121637
5.054170024
5.055713538
5.067693761
5.052073736
5.035518076
5.013648337
5.011745417
5.006161289
4.966164357
4.985742805
5.086260508
4.977976621
4.978527391
4.979796192
4.974251258
4.971869526
4.968646081
4.962330293
4.952006387
4.939862963
4.928718016
4.920993787
4.916055256
4.913085981
4.90873965
4.906480737
4.895320738
4.897630384
4.896571399
4.898097942
4.8911422
4.84647342
4.761596891
4.717419581
4.831684455
4.832112155
4.832563182
4.829085699
4.826259276
4.822748375
4.817438493
4.809888922
4.801462811
4.793590989
4.787394941
4.78299442
4.779882372
4.777200974
4.775881
4.767663729
4.761069602
4.751098329
4.742167969
4.715631955
4.641568171
4.528458261
4.471449706
4.686691201
4.68716885
4.686869577
4.684444773
4.681924612
4.678696596
4.674557908
4.668556263
4.662784286
4.657145493
4.652268238
4.648279456
4.644772879
4.641494528
4.63756338
4.631589253
4.624463224
4.614314974
4.59693094
4.56065938
4.481422893
4.344225799
4.262680655
4.542572934
4.542752802
4.542178064
4.540392826
4.538270326
4.535534144
4.532177789
4.528046392
4.523828326
4.519751961
4.516035697
4.512724687
4.509578403
4.506468446
4.502435179
4.497076931
4.489262386
4.477712289
4.457218059
4.41956506
4.350240476
4.239094578
4.158011517
4.398885262
4.398890195
4.398273175
4.396906475
4.395192013
4.393011576
4.390436901
4.38750428
4.384492894
4.3815696
4.378847739
4.376304412
4.37376957
4.371068727
4.36757384
4.362937425
4.356042023
4.345282868
4.326935764
4.29535005
4.24043565
4.173467492
4.129939671
4.2555797
4.255491352
4.254930032
4.253881395
4.252553264
4.250899763
4.249007338
4.246944256
4.244852269
4.242840586
4.240965728
4.239196599
4.237414461
4.235433971
4.232872327
4.229351892
4.224079367
4.215621296
4.201235845
4.175392701
4.132094194
4.080356826
4.044901457
4.11256762
4.112437201
4.111969785
4.111189769
4.110212385
4.109026802
4.107709578
4.106326204
4.104966344
4.103702607
4.102568862
4.101543102
4.100547662
4.099440767
4.097987426
4.095901626
4.092677091
4.087462348
4.078609334
4.062073458
4.034226146
3.999898167
3.97121937
3.969750248
3.969615925
3.969259101
3.968713562
3.968046323
3.967264484
3.966430311
3.965601855
3.964844282
3.964211396
3.963729839
3.963391355
3.963150045
3.96291664
3.962551523
3.961858543
3.960508863
3.958038505
3.953639688
3.945619354
3.932548797
3.91596942
3.903109921
3.827046996
3.826934776
3.82669191
3.826350403
3.825953027
3.825514385
3.825085858
3.82471803
3.824463397
3.824365654
3.824450895
3.824722298
3.82515829
3.825709467
3.826298537
3.826807983
3.827040577
3.826728177
3.825455283
3.822596947
3.817933398
3.812947839
3.81116474
3.684388818
3.684315099
3.684180677
3.684014745
3.683848573
3.683698649
3.683609101
3.683624151
3.683788225
3.684139899
3.684706048
3.685498547
3.686514953
3.687735192
3.68912296
3.690616433
3.692115572
3.693488855
3.69453145
3.694995871
3.6949669
3.695550451
3.698696703
3.54171675
3.541688674
3.541653201
3.541636146
3.541664868
3.541755229
3.541946174
3.542276253
3.542784022
3.543505111
3.544466013
3.545684567
3.547170946
3.548926284
3.550939939
3.55318303
3.555609677
3.558159726
3.560749732
3.56330576
3.566027883
3.569681565
3.574997366
3.398980836
3.398998182
3.399050514
3.399157738
3.399347918
3.399635515
3.400054968
3.400639517
3.401423554
3.402439045
3.403711812
3.405263223
3.407110094
3.409264261
3.411727703
3.414490968
3.417536873
3.420838913
3.424373889
3.428136417
3.432299997
3.437175823
3.443503333
3.256139342
3.256198481
3.256326304
3.256535098
3.256856469
3.257302826
3.257904491
3.258689744
3.259689163
3.260930124
3.262437688
3.264233763
3.266338651
3.268768046
3.271528698
3.274622751
3.278047534
3.281776491
3.285845405
3.290190804
3.294983211
3.300409916
3.306700434
3.113159016
3.113255262
3.113445863
3.11373531
3.114160633
3.114730864
3.115472803
3.116410409
3.117570083
3.11897582
3.120649289
3.122611246
3.124881418
3.127474491
3.130396917
3.133654463
3.137264547
3.141106965
3.145275585
3.149829196
3.154670437
3.15988978
3.165563345
2.970014457
2.970142974
2.970384131
2.970735716
2.971240522
2.971903673
2.972748728
2.973795899
2.975067155
2.976582344
2.978360904
2.980420871
2.982777391
2.985439747
2.988409954
2.991679301
2.995215475
2.999113736
3.003242835
3.007590542
3.012087397
3.016705803
3.021368679
2.826687424
2.826843748
2.82712383
2.827521569
2.8280837
2.828812435
2.829727873
2.830846657
2.832186887
2.833765244
2.835597345
2.83769782
2.840075547
2.842734924
2.845673588
2.84888222
2.852341196
2.856040241
2.85991128
2.863880571
2.867839263
2.871680145
2.875209747
2.683165049
2.683345346
2.6836536
2.684083348
2.684683165
2.685453565
2.686411581
2.687569806
2.688943745
2.690546236
2.692389206
2.694482143
2.696830598
2.699433156
2.7022809
2.705358394
2.708638015
2.712076376
2.715600557
2.71911178
2.722467598
2.72550427
2.727962286
2.539439097
2.539639978
2.539968352
2.540417336
2.541038505
2.541829592
2.542805894
2.543977423
2.545356095
2.546951332
2.548770653
2.550819691
2.553100113
2.555606245
2.558322342
2.561223337
2.564273187
2.567417253
2.570571586
2.573619012
2.576396642
2.578710857
2.580273326
2.395504965
2.395723543
2.39606517
2.396522849
2.397152681
2.397947948
2.398923599
2.400086509
2.401446452
2.403009614
2.404779331
2.406757616
2.408942598
2.411324311
2.413883771
2.416588369
2.419392654
2.422237462
2.425037278
2.427664573
2.429946413
2.431682216
2.432585184
2.251364128
2.251595762
2.251946057
2.252404766
2.25303279
2.253819597
2.254779395
2.255916889
2.257239195
2.258750596
2.260451955
2.262340564
2.264411536
2.266653074
2.26904272
2.271546979
2.274116608
2.276685535
2.279168091
2.281442912
2.283339425
2.284665421
2.285158282
2.10702426
2.107264066
2.10762031
2.108072521
2.108689993
2.109458042
2.110389869
2.111488352
2.112758682
2.114203199
2.1158213
2.11760827
2.11955569
2.121650061
2.123868759
2.126177341
2.12852981
2.130860866
2.133083608
2.135086497
2.136717385
2.137802419
2.138116656
1.962497777
1.96273944
1.963099484
1.963538694
1.964138721
1.964878259
1.965771924
1.966820392
1.96802783
1.969394478
1.970918711
1.972596216
1.974417318
1.976365216
1.978418099
1.980544245
1.982700957
1.984829859
1.986853131
1.988670864
1.99015078
1.991145772
1.991478091
1.817799719
1.818025518
1.818396888
1.818818758
1.819395544
1.820097792
1.820944708
1.821933815
1.823069322
1.824350173
1.825774439
1.827337296
1.829029535
1.830834788
1.832732091
1.834693533
1.836679403
1.838639953
1.840512992
1.842218913
1.843647021
1.844676959
1.845182049
1.67296295
1.673161413
1.673539577
1.67392769
1.674477325
1.67513484
1.675928027
1.67685066
1.67790721
1.67909623
1.680415812
1.681861522
1.683423388
1.685087789
1.686838314
1.688649544
1.690487939
1.692313065
1.69407807
1.695722813
1.697167181
1.69832296
1.699104925
1.528006223
1.528145647
1.528537066
1.528880676
1.529400341
1.530006456
1.530740375
1.531591679
1.532564889
1.533658212
1.5348699
1.53619578
1.53762751
1.539154538
1.540762434
1.542430856
1.544134194
1.545845126
1.547531586
1.549151002
1.550648979
1.551974834
1.553086901
1.382943018
1.383000025
1.383397004
1.383694412
1.384180851
1.384728961
1.385400341
1.386176277
1.387062391
1.38805686
1.389158632
1.390364236
1.391667174
1.393058058
1.394525954
1.396055103
1.397630745
1.399237084
1.400852798
1.402458612
1.404024882
1.405523207
1.406959271
1.23774086
1.237764825
1.238137962
1.238382029
1.238832789
1.239318152
1.239924768
1.240621874
1.241418574
1.242313013
1.243303061
1.244387567
1.245561636
1.246817752
1.248146024
1.249539428
1.25098972
1.252490354
1.254032864
1.255614025
1.257232921
1.2588776
1.260588174
1.092422
1.092437448
1.092768361
1.092957179
1.09337076
1.093788662
1.094329807
1.094946782
1.095653635
1.096447288
1.097326711
1.098289575
1.099333204
1.100452951
1.101643401
1.102899878
1.104221647
1.10560739
1.107062964
1.108597697
1.110230795
1.11196761
1.113875429
0.9470042283
0.9470220739
0.9472978982
0.9474350961
0.9478080227
0.9481566737
0.9486322462
0.949168414
0.9497853905
0.9504781798
0.9512461511
0.9520888711
0.9530022537
0.9539834311
0.9550324929
0.9561491348
0.9573336441
0.9585925832
0.9599408448
0.9613951055
0.9629899637
0.9647463487
0.9667493071
0.8014986353
0.8015158552
0.8017358903
0.8018237981
0.8021561346
0.8024350607
0.8028449359
0.8032991429
0.8038259359
0.804417378
0.8050745988
0.805795517
0.8065781534
0.8074188254
0.8083200281
0.8092873359
0.8103248058
0.8114409784
0.8126521589
0.8139874113
0.815480557
0.8171683847
0.8191479126
0.6558998076
0.6559131341
0.6560857651
0.6561309001
0.6564193013
0.6566311892
0.6569763571
0.6573485375
0.6577830184
0.6582733595
0.6588178281
0.6594144648
0.6600613388
0.6607593749
0.6615097371
0.6623165775
0.6631890413
0.6641396719
0.6651855567
0.6663552165
0.6676862974
0.6692185132
0.6710527858
0.5102161216
0.5102270928
0.5103593248
0.5103727337
0.5106138634
0.5107648164
0.5110415794
0.5113327715
0.5116744651
0.512059531
0.5124868753
0.5129539102
0.5134613314
0.5140109655
0.5146041763
0.5152426685
0.5159355595
0.5166988408
0.5175494533
0.5185099196
0.5196214086
0.5209177778
0.5224922648
0.3644687103
0.3644784216
0.3645745579
0.3645679735
0.364754635
0.3648505365
0.3650551049
0.3652638581
0.3655111929
0.3657880696
0.3660942577
0.3664285439
0.3667910157
0.3671840832
0.3676100773
0.3680709254
0.3685726956
0.3691294781
0.3697548626
0.3704678015
0.3713027212
0.3722901235
0.3734963313
0.2186890574
0.2186999398
0.2187511356
0.2187437874
0.2188594564
0.2189120399
0.2190396672
0.2191654111
0.2193151082
0.2194823855
0.2196667385
0.2198674972
0.2200843396
0.2203198962
0.2205756639
0.2208532938
0.2211556057
0.2214920911
0.2218730343
0.2223128001
0.2228320655
0.2234503822
0.2242109386
0.07289819591
0.07291185346
0.07292008148
0.07291991727
0.07295680612
0.07297370557
0.07301680212
0.07305947994
0.07311013716
0.07316668247
0.07322906634
0.07329734048
0.07337190868
0.07345148784
0.0735354558
0.07362733385
0.07373030787
0.07384351477
0.07397177141
0.07412176455
0.07429996888
0.07451120542
0.07477672044
115.7822455
124.9513872
137.9420924
111.7505751
247.9602068
231.1686589
214.946271
196.020699
177.6891697
172.6238703
170.3770347
171.8741425
108.9426796
110.8013411
114.9576487
122.341931
60.52472276
61.61615976
63.80856716
70.58475926
7.795100116
9.603052721
12.94328622
19.68122127
5.19638323
5.202650753
5.196478017
5.000930576
4.742637634
4.752556097
4.731589565
4.689035733
4.486427198
4.509745166
4.524142541
4.529886881
4.25660693
4.278601147
4.322452852
4.384957307
4.134709817
4.137025202
4.17835598
4.25472126
4.128643449
4.136658309
4.158650091
4.20311218
4.043091335
4.050822175
4.073037994
4.11329878
3.963557959
3.965156203
3.976982286
3.998638399
3.901497916
3.903831176
3.911336646
3.924376205
3.813237558
3.815562303
3.819307151
3.82526274
3.703018576
3.706324061
3.711053643
3.717641805
3.580524556
3.584547557
3.589496413
3.596022485
3.449353235
3.453556276
3.458384397
3.464124608
3.312095423
3.315826765
3.319861915
3.32425026
3.17003292
3.172958971
3.17588397
3.178753681
3.024652164
3.026632773
3.028387354
3.029819824
2.87729455
2.878368652
2.87906464
2.879271197
2.729002541
2.729317123
2.729166426
2.728436919
2.580509595
2.580264878
2.579519814
2.578165916
2.4322848
2.431689191
2.43060118
2.428919452
2.284583343
2.283832675
2.282628544
2.280879554
2.137497715
2.136759686
2.135625976
2.134023139
1.991000968
1.990408959
1.989488758
1.988188013
1.84498402
1.844633039
1.844027174
1.843130051
1.699274533
1.699224055
1.698995269
1.698559481
1.553659551
1.553931431
1.554102268
1.554148817
1.407923599
1.408504635
1.409052853
1.409554892
1.261891618
1.262737388
1.263608632
1.264498724
1.115432938
1.116474081
1.117589054
1.118773495
0.968444929
0.9696061841
0.9708681517
0.9722333554
0.8208627781
0.822053528
0.823358912
0.824785914
0.6726734316
0.6738067257
0.6750563956
0.6764308601
0.523905905
0.524900844
0.5260012916
0.5272186388
0.3745994324
0.3753766381
0.3762409209
0.3772013001
0.2249242776
0.2254219258
0.2259801325
0.2266012095
0.07502914013
0.07520313282
0.07540124146
0.0756235487
37.1934073
162.2199112
250.6152441
286.3755386
286.9780829
286.5195147
286.6021249
288.0412556
285.5479125
269.5737927
251.1710327
248.8511526
253.3448495
259.0598306
262.9291457
264.68207
266.0547518
264.6135787
270.7912736
160.2875558
209.9140868
273.8629442
286.1145452
286.544514
285.4674428
284.9585052
285.942829
282.5207766
271.5508115
260.9127598
258.4761835
260.0925046
262.5383017
264.3726127
265.3794558
266.1221542
265.5260396
268.8646076
176.8172515
210.4382925
269.117001
284.3246626
285.0081244
283.4494352
282.788801
283.049474
279.7795522
269.9655301
264.850749
263.8623448
264.3139775
264.9543028
265.5753246
266.1115002
266.3463625
265.6925493
268.3049762
139.4921025
179.7604167
242.8812119
282.9005814
280.3691154
280.6036559
280.1394999
277.1193986
272.8440419
267.4968825
265.9308562
265.9762905
266.1833889
266.2368304
266.3330244
266.5980075
266.6282074
267.3887373
268.4836678
89.37323761
129.2108231
194.1001171
266.5174854
276.8253613
279.4278421
278.2913525
275.9398332
272.3940159
268.5793352
267.1655434
267.0958377
266.9873658
266.8827571
266.779308
266.6980356
266.7026032
266.3720164
297.2207127
43.2022697
68.07524806
120.0825067
198.6861407
238.8962663
278.8004904
277.4592007
275.1027651
271.5594143
269.2009245
268.2194957
267.8299966
267.3086344
267.3155068
266.9842168
266.7845029
266.8862308
265.4991887
372.5176611
4.689138672
12.68160755
49.59083183
96.8974059
179.4255969
265.0969274
270.2647586
272.0969781
270.4760975
268.8077554
268.4492639
268.0951161
267.1539386
257.1220913
241.3199776
254.0530641
251.1864835
277.6299085
524.3127453
4.745996229
4.966481766
5.639219609
19.22074642
63.04626452
152.646518
195.1165081
275.0884581
268.7852671
268.024322
268.4815208
266.2483408
238.8829153
168.9278246
161.2874514
204.0699511
276.7047139
451.7044753
740.1170161
4.464715213
4.493785509
4.289833141
4.111520411
12.94657142
37.67708753
88.85097405
165.9511598
218.5355634
248.843977
258.5737071
243.0053597
187.0870327
148.0675969
167.5089484
203.0430503
302.0028054
509.9436086
803.7837914
4.444775851
4.470238813
4.398096525
4.643606328
4.880172651
5.154318014
14.62523306
31.6015577
69.87590244
163.7377357
250.3336626
293.1844042
330.6336008
316.2873096
154.8131635
126.4712326
197.3140878
340.4825459
572.8041232
4.409851475
4.512751476
4.42790956
4.364935365
4.313907432
4.327892073
4.281777446
4.024330588
2.786896756
23.57613043
286.574061
432.3770011
352.1007535
260.4096631
90.74177558
55.69635662
107.2945463
198.2466938
343.3878779
4.327305033
4.359656787
4.3218686
4.271443597
4.205920158
4.139087461
3.95642563
4.022874525
2.116383619
-4.753297821
21.96662815
27.88982895
18.00508955
26.41758968
45.42109806
63.52335316
99.06639682
144.9382114
224.3061754
4.202833413
4.255942178
4.235779316
4.151997315
4.078837334
4.064690882
3.920869999
3.627335282
2.972302295
2.721080413
5.690478914
8.006764217
8.165274903
8.248536624
10.74045436
29.69810539
61.26519086
105.3149229
165.0927333
4.040759665
4.086247659
4.097464695
4.063584038
4.057861287
4.106629376
4.03289156
3.48120419
3.035297731
3.73497776
5.517182147
6.913695856
7.458321362
7.340064824
6.95267168
6.972337911
22.50219815
87.46511171
122.852823
3.951766231
3.982350834
3.987256089
3.966202304
3.99604469
4.048122434
3.784993812
3.038432822
2.556470928
3.186665691
4.661637519
6.052778226
6.792077154
7.193504493
6.435479782
7.470519867
25.09343511
127.2215277
98.40201091
3.839193549
3.865744624
3.882519283
3.884286076
3.906553276
3.891395047
3.49248969
2.693985339
2.219781453
2.646921183
3.709261941
5.223573424
6.147889564
6.077789272
5.875221084
5.622669354
9.48241087
114.6856454
79.17241603
3.730974888
3.756429158
3.778541215
3.795155073
3.808166316
3.747405592
3.340375263
2.620706367
2.137215582
2.357151187
3.049019026
4.275847632
5.461000845
5.160769627
5.34247917
5.599583477
6.363085063
19.80147886
47.70226578
3.608845891
3.63206165
3.65672256
3.678871429
3.690015315
3.620123077
3.308502899
2.753169703
2.299667648
2.466527377
2.872441369
3.543062854
1.221060952
0.8609226695
5.364544547
5.896927882
6.052209276
5.489389875
28.86008811
3.474915114
3.493626491
3.513494059
3.52942714
3.530625317
3.469447403
3.270414575
2.911541336
2.588467263
2.596336127
2.792777442
2.728031463
0.9524490297
-2.56882203
5.252876338
5.955862847
5.932509495
3.496491712
26.106013
3.332095455
3.344276969
3.355185931
3.359349538
3.34629041
3.291013803
3.156793127
2.947608211
2.738734395
2.64510599
2.660216092
2.295474702
2.545968079
-3.955162252
-0.852584372
4.475226327
3.523505987
-3.28235554
28.61329998
3.183504277
3.18910134
3.190885649
3.183935602
3.159706625
3.104623554
3.00490466
2.864851212
2.71120089
2.591093952
2.55127777
2.3574251
2.190222682
1.883423889
-3.047863387
-6.284239108
-0.9234330562
24.90546289
58.00772465
3.031738575
3.031770235
3.026374868
3.011347306
2.980547075
2.926237239
2.843852595
2.739269311
2.624555433
2.535507539
2.483436024
2.410803679
2.490608901
2.297840369
5.12220026
5.585422679
13.52544163
33.31230909
44.03328173
2.878847831
2.874663236
2.864381337
2.844613341
2.811113159
2.759854107
2.689975623
2.607158836
2.521538895
2.456009563
2.42173091
2.400234677
2.454850524
2.611837792
2.901382589
12.27746209
16.98577272
34.90956495
41.41560425
2.726280063
2.719257088
2.706102448
2.684193051
2.650621375
2.603537254
2.543708369
2.475733304
2.407218181
2.351540582
2.320770811
2.316733035
2.35352401
2.57395096
2.99108033
3.238462251
9.104835266
27.23280544
28.31348045
2.574900755
2.566286821
2.551885135
2.529653721
2.497457387
2.454497029
2.401843692
2.342547283
2.280993844
2.222547244
2.17256861
2.119350952
2.091324576
2.387913116
3.033746417
3.341259939
3.23295154
9.463630884
13.99390189
2.42512092
2.41598127
2.401619624
2.380414511
2.350527613
2.311387788
2.263778758
2.209345967
2.149927901
2.083794808
2.002284407
1.921348261
1.680774146
1.94391552
3.196028984
3.387765665
3.199141552
3.031143106
4.060194947
2.27703823
2.268238757
2.254940586
2.235803675
2.209083653
2.173854115
2.130582958
2.080237455
2.023923071
1.953551619
1.844857094
1.809074738
1.439444377
1.586589346
2.900767727
3.170543859
3.106411969
3.016207322
3.596675147
2.130543206
2.122746121
2.111250516
2.094947275
2.072119447
2.041278303
2.002722246
1.956094641
1.904630588
1.842085014
1.79050342
1.820220285
1.644325338
1.962996579
2.519315572
2.819447898
2.954204572
3.310133494
4.824880952
1.985369858
1.979054984
1.969823777
1.95683255
1.938379757
1.912382338
1.879126204
1.83733073
1.788148441
1.749669907
1.746322545
1.874948623
1.534419369
2.266059039
2.357857139
2.521738901
2.729607832
2.488250552
6.911024071
1.841158491
1.836631006
1.829913745
1.820446766
1.806763742
1.786727958
1.760932851
1.728944095
1.689462051
1.65878882
1.65993182
1.704914882
1.172188111
2.388248798
2.234604878
2.464064121
2.558069628
3.704652663
5.155263652
1.697516545
1.69488412
1.690713994
1.684905578
1.676152548
1.663033406
1.645686967
1.623942299
1.590275701
1.528079556
1.52246937
1.435370131
1.536797762
2.305677417
2.286585223
2.292758158
1.936914284
1.315799217
0.5478629395
1.554047485
1.5532785
1.551630796
1.549280549
1.545375686
1.538741466
1.528705745
1.518393327
1.500244478
1.46765581
1.496341281
1.468814018
1.954558182
2.125259954
2.19179059
2.051316642
2.030153352
1.621329063
2.763658578
1.410336885
1.411301807
1.41202781
1.412861087
1.413361645
1.412624715
1.411192414
1.414389751
1.42730418
1.439595908
1.479138302
1.505941334
1.646842356
1.798976655
2.004478499
2.086952412
2.232355468
1.803562781
2.661160057
1.266044997
1.26848029
1.27124363
1.274744055
1.278923489
1.283715158
1.290033135
1.302046373
1.326742422
1.362801425
1.399977456
1.465052323
1.473368384
1.607465767
1.824697893
1.785066867
2.086681944
1.633906484
2.206341969
1.12090059
1.124459593
1.128754325
1.134151982
1.140768849
1.14874894
1.158205849
1.172041594
1.193694113
1.233843164
1.266559347
1.350610654
1.41977513
1.644549829
1.973510961
1.713211407
2.094604209
1.177751446
5.909376521
0.9747201581
0.9789908659
0.9842524334
0.9907533817
0.9986137753
1.007840026
1.017559122
1.029769403
1.042901456
1.058403447
1.07350394
1.16371925
1.266521847
1.709076965
2.401698058
2.410833736
3.484440069
3.686672495
14.62454594
0.8274051863
0.8319769381
0.8376798971
0.8446783248
0.8531051325
0.8626510821
0.8723829461
0.882867922
0.8896019135
0.872881838
0.8856177344
0.9218458423
0.495584613
0.6346872172
1.087556153
1.268662305
2.248228928
2.719931555
11.33980051
0.6789691443
0.6834675808
0.68915457
0.6962061395
0.7048046309
0.7145707039
0.7247123
0.7387391529
0.7546906125
0.7483266874
0.772509336
0.7360095048
0.06964438111
0.02185230079
0.6644148872
0.3452411341
0.5407629613
0.8084114018
4.643349658
0.529478339
0.5335559116
0.5387850127
0.5454277164
0.5537964771
0.5639916788
0.5800665893
0.5938821042
0.617483289
0.6333945021
0.7019153645
0.6923478351
0.5429515138
0.2617628163
0.1559504989
0.1557719809
0.2771829667
0.195529072
0.5533425479
0.3789930455
0.3822956348
0.3865820259
0.3921391782
0.3994522535
0.4088213196
0.4218944971
0.4325945579
0.4541338398
0.4733286921
0.5399541501
0.3145507335
0.0762466451
0.05156120297
0.07371738382
0.08873379283
0.1805937023
0.2053124949
0.3554308727
0.2277719306
0.2299589768
0.2328338445
0.2365860866
0.241549549
0.2472981528
0.256274368
0.2590070861
0.2710938721
0.2750502375
0.2725937365
0.04895218986
0.05151345047
-0.008561520377
0.02917323708
-0.008385039273
0.02405117806
0.05852567887
0.2904010533
0.07604330977
0.07684597018
0.07791656762
0.07936686654
0.08138110189
0.08268406903
0.08446038348
0.07928432234
0.07757412298
0.05576155953
-0.01313610011
-0.1005818083
-0.03711500225
-0.06245299261
-0.04766691762
-0.132913545
-0.03124106315
-0.05019572683
0.5295420013
)
;

boundaryField
{
    leftWall
    {
        type            calculated;
        value           nonuniform List<scalar> 
50
(
649.5956422
590.4254601
530.5032312
470.5362058
411.1588219
353.1255404
297.0148004
243.1013961
161.2782606
70.47403899
10.30673678
5.479627884
5.405061509
5.264514585
5.120097798
4.977976621
4.831684455
4.686691201
4.542572934
4.398885262
4.2555797
4.11256762
3.969750248
3.827046996
3.684388818
3.54171675
3.398980836
3.256139342
3.113159016
2.970014457
2.826687424
2.683165049
2.539439097
2.395504965
2.251364128
2.10702426
1.962497777
1.817799719
1.67296295
1.528006223
1.382943018
1.23774086
1.092422
0.9470042283
0.8014986353
0.6558998076
0.5102161216
0.3644687103
0.2186890574
0.07289819591
)
;
    }
    rightWall
    {
        type            calculated;
        value           nonuniform List<scalar> 
50
(
1257.984768
1178.495001
1095.646273
1019.645793
948.6139164
781.0378395
567.2842229
392.4567258
270.7912736
268.8646076
268.3049762
268.4836678
297.2207127
372.5176611
524.3127453
740.1170161
803.7837914
572.8041232
343.3878779
224.3061754
165.0927333
122.852823
98.40201091
79.17241603
47.70226578
28.86008811
26.106013
28.61329998
58.00772465
44.03328173
41.41560425
28.31348045
13.99390189
4.060194947
3.596675147
4.824880952
6.911024071
5.155263652
0.5478629395
2.763658578
2.661160057
2.206341969
5.909376521
14.62454594
11.33980051
4.643349658
0.5533425479
0.3554308727
0.2904010533
0.5295420013
)
;
    }
    lowerWall
    {
        type            calculated;
        value           nonuniform List<scalar> 
62
(
679.0250064
675.528448
678.3115062
684.9415437
696.1720813
705.2081154
711.9705395
717.4808077
724.0345465
733.0778386
745.0166692
759.739365
776.8888359
796.1453829
817.2292767
839.6640844
862.3540833
883.3380077
897.7238784
904.9960599
889.9984639
880.6507068
925.4652394
896.0596184
830.0034927
768.1073703
718.3486344
674.4444237
626.6479676
560.9402623
483.2518458
178.3619623
187.5297333
200.5204385
174.3289212
410.7998539
392.6277279
317.4243089
288.7609053
262.5456889
200.9286939
111.8092057
4.793041629
411.2920551
325.6022717
290.8979846
289.8295087
290.741246
292.2911376
293.7227859
294.7033429
295.4884984
294.6930715
295.6697518
305.4721625
281.540244
282.9157751
289.4443545
319.4205731
546.2818687
1087.564234
1275.719776
)
;
    }
    atmosphere
    {
        type            calculated;
        value           nonuniform List<scalar> 
46
(
0
0
0
0
0
0
0
0
0
0
0
0
0
0
0
0
0
0
0
0
0
0
0
0
0
0
0
0
0
0
0
-8.802257116e-06
-0.0009402244656
-0.0038314013
-0.01382711441
-0.02061165113
-0.06826729515
-0.2077215391
-0.04143903541
-0.02423205776
-0.09461036346
-0.07364065303
-0.188816404
-0.01659810242
0
0
)
;
    }
    defaultFaces
    {
        type            empty;
    }
}


// ************************************************************************* //
