/*--------------------------------*- C++ -*----------------------------------*\
  =========                 |
  \\      /  F ield         | OpenFOAM: The Open Source CFD Toolbox
   \\    /   O peration     | Website:  https://openfoam.org
    \\  /    A nd           | Version:  11
     \\/     M anipulation  |
\*---------------------------------------------------------------------------*/
FoamFile
{
    format      ascii;
    class       volScalarField;
    location    "0.5";
    object      p_rgh;
}
// * * * * * * * * * * * * * * * * * * * * * * * * * * * * * * * * * * * * * //

dimensions      [1 -1 -2 0 0 0 0];

internalField   nonuniform List<scalar> 
2268
(
679.0250064
675.528448
678.3115062
684.9415437
696.1720813
705.2081154
711.9705395
717.4808077
724.0345465
733.0778386
745.0166692
759.739365
776.8888359
796.1453829
817.2292767
839.6640844
862.3540833
883.3380077
897.7238784
904.9960599
889.9984639
880.6507068
925.4652394
678.7135565
674.4474626
676.9496682
683.4092392
694.6042653
703.89213
710.8574565
716.4885387
723.1671877
732.334951
744.330608
758.8803483
775.9186781
795.0278494
815.8982587
838.1412804
860.9792027
882.975598
899.2107346
908.8030816
887.3910528
866.5026788
918.2203998
677.6500566
672.6697013
674.4935476
680.3997659
691.5386409
701.3087751
708.6759302
714.5447573
721.466085
730.8876661
743.1062115
757.9971007
775.0524062
794.2061136
814.9328166
836.65062
858.4346769
879.2723552
895.8922611
906.962868
883.8654574
858.0631456
915.1358839
676.5417575
670.477731
671.029851
676.054125
687.0619455
697.5725073
705.5420397
711.760997
719.0316237
728.8077264
741.3136869
756.3217231
773.581684
792.8253331
813.5671464
835.1737731
856.5727244
876.5652048
892.5584367
902.8066149
888.3423824
871.0565236
924.1891815
676.0230972
668.2891246
666.8464972
670.4113834
681.1780363
692.8005868
701.6144597
708.265976
715.9720794
726.1896625
739.0367079
754.2938384
771.7254805
791.1677798
812.0667714
833.7686355
855.2022115
874.9716154
890.8427993
901.5052012
902.461655
895.6274188
939.2465068
676.8485407
666.8507831
662.3410793
663.7355258
674.2510231
687.2865616
697.1074516
704.1892109
712.341382
723.0626128
736.3171247
751.8828811
769.469338
789.2044498
810.3983381
832.4127737
854.1483687
874.1041559
890.4131522
902.0831236
908.4362673
911.5070839
950.3086956
679.5965251
666.5524107
658.2830267
657.1865693
667.4690144
681.4854004
692.0381653
699.5627912
708.2057061
719.4046246
733.0495974
749.0102989
766.9697292
786.9974731
808.5392747
831.0267122
853.3284003
873.7732838
890.7624361
903.3124654
911.6853421
917.7841223
943.4487241
684.5418431
669.6808293
656.5374676
651.276019
660.9041959
675.0352715
685.6817628
693.9570941
703.6217851
715.5135324
729.3774932
745.2199153
763.1008744
784.3563386
806.5708678
829.934481
853.0810607
874.1405233
891.8089638
904.9784501
913.0354029
919.125929
924.6083372
411.2920551
325.6022717
290.8979846
289.8295087
290.741246
292.2911376
293.7227859
294.7033429
295.4884984
294.6930715
295.6697518
305.4721625
281.540244
282.9157751
289.4443545
319.4205731
546.2818687
1087.564234
1275.719776
412.9570479
302.9036953
290.2370233
289.4327737
289.9329902
291.8478364
293.6248075
294.6839884
295.7057405
294.5454432
288.751102
260.1090263
255.6800066
260.0248704
263.4367989
271.3914345
360.0200439
906.6213629
1232.498158
391.3898822
290.9442394
289.3459861
288.8059942
289.1280204
290.8669474
293.1078158
294.662112
295.3195692
293.5752097
269.8847877
253.7720372
254.6948586
259.5742322
263.1598881
267.0655557
302.0547129
573.7101532
1185.651535
392.506382
289.1102198
289.0849086
288.5875804
288.2323767
289.08895
291.9081442
294.3606685
294.5704183
289.8933498
259.1090397
250.2080473
252.4438186
258.5784193
262.9386443
265.6813518
281.2027019
391.9234484
1093.606913
399.6884798
288.7060584
288.948136
288.4765057
287.941643
287.9969488
290.3341884
293.6805614
293.5230771
285.0063803
254.4249957
247.7868667
251.0624397
257.7206661
262.8197103
265.4167642
271.0850001
315.034206
1089.331844
460.6050821
334.2863318
288.5932674
288.3973168
287.7867684
287.5215199
289.162286
292.5899824
292.4779474
277.6365077
251.045434
246.0468318
249.867665
257.1033086
262.71684
265.3391156
267.4567468
292.436116
1028.690584
492.7591806
567.1237682
301.5364569
288.3664109
287.6904798
287.3636152
288.3632758
291.2574223
290.661015
271.8572706
248.664151
245.1510619
249.5088967
257.0427246
262.7223338
265.1293607
266.9232179
279.321502
860.0414523
446.23157
630.489731
494.739759
288.5648367
287.6370921
287.2843058
287.857785
290.0600668
288.5119201
269.8726017
248.2115773
245.5739671
250.4000846
257.6675068
262.8657191
265.0117484
266.7693256
268.6794237
729.4920428
694.7453225
678.6047065
644.5146126
609.9220775
622.5885107
649.8459061
668.4235319
681.0750256
694.5958176
708.9586825
724.4774967
741.7983144
760.8731599
780.4524403
802.8047574
827.3121264
852.311289
875.0791043
894.3385873
908.6939622
912.8104591
899.2546779
823.0023723
639.7457301
450.0841201
267.8914195
182.1920364
220.294831
293.3065249
337.9456082
374.3177401
429.0020816
494.1520393
562.7604284
631.6715726
697.4041813
755.8739701
796.0447094
825.5716307
854.8909441
879.9850214
902.0716193
920.4519612
931.350458
933.2631851
931.7187264
71.04151166
6.578630692
6.412236864
6.562176025
6.539573826
6.575438842
6.609784587
6.653345081
6.685463144
24.40375301
53.47213725
95.35384436
156.1184938
249.0521634
397.853829
618.9627008
841.6528129
887.88715
915.7038523
938.617858
954.1818071
964.9550611
970.5806774
6.388678551
6.328528066
6.350631359
6.423170051
6.451715817
6.484095316
6.472570567
6.49001861
6.472787354
6.401810009
6.383916097
6.399405485
6.417687903
6.406428842
6.552456984
31.40059123
119.5220182
312.7397133
595.1084323
906.7120818
988.7557462
1001.940342
1015.002998
6.439306707
6.467720447
6.446144485
6.436270842
6.442889055
6.446650647
6.435770422
6.420260044
6.373913041
6.304588953
6.307596635
6.327172782
6.356516991
6.383399067
6.411459974
6.377788533
6.383510689
14.03127449
41.28435986
88.12320071
204.7706772
430.4839637
780.9360454
6.42395429
6.425711032
6.433254265
6.424469915
6.429186976
6.433467911
6.428582471
6.419135414
6.396729865
6.36637085
6.354179842
6.376325551
6.377649177
6.356245618
6.325117853
6.285052187
6.304457224
6.315656734
6.325715919
6.318565175
6.171676589
8.367961205
24.08942979
6.404732032
6.407373073
6.412908657
6.402638271
6.398956666
6.396548652
6.388878411
6.378148804
6.361116479
6.346076893
6.33987439
6.358801198
6.369452216
6.354711201
6.353652334
6.336762075
6.320705318
6.298390237
6.296418592
6.420587908
6.463880512
6.40497345
6.505451711
6.387805384
6.388356154
6.389624955
6.384080023
6.381698341
6.378475277
6.37216011
6.361836213
6.34969245
6.33854976
6.330823836
6.325885203
6.326415654
6.318582364
6.317227986
6.305196951
6.307471526
6.3064039
6.325252411
6.380933125
6.46164246
6.319133426
6.274919579
6.366707746
6.367135446
6.367586473
6.364108991
6.361282592
6.357771831
6.352462309
6.344912912
6.336486708
6.328614835
6.322439118
6.318018992
6.31490645
6.312239572
6.310919673
6.302724762
6.296096736
6.286125514
6.37642653
6.613022335
6.712338407
6.342667376
6.167287691
6.346909021
6.347386669
6.347087396
6.344662594
6.342142444
6.338914461
6.334775823
6.328774242
6.323002622
6.317363769
6.312515517
6.308503881
6.304991547
6.301760919
6.298072908
6.291819883
6.284685074
6.274959515
6.354351936
6.6394664
6.721131122
6.583885396
6.098388453
6.327985282
6.32816515
6.327590412
6.325805174
6.32368268
6.320946505
6.317590153
6.313458773
6.309241011
6.305164844
6.301473649
6.29814515
6.29499166
6.291922116
6.288084423
6.28248928
6.274674735
6.263124638
6.242630563
6.229479578
6.758738057
6.647695836
6.334227212
6.309492139
6.309497072
6.308880052
6.307513353
6.305798892
6.303618456
6.301043781
6.298111168
6.295099975
6.292177204
6.289455371
6.286913281
6.284377308
6.28167578
6.278180742
6.273544402
6.2666489
6.255889745
6.237542646
6.205957549
6.327006131
6.69576371
6.656155054
6.291381106
6.291292758
6.290731438
6.289682801
6.28835467
6.286701169
6.284808744
6.282745666
6.280653787
6.278642447
6.27676732
6.27499819
6.273216078
6.271235384
6.268673759
6.26515341
6.259880773
6.251422702
6.237037251
6.211194107
6.167895652
6.116161381
6.736413914
6.273563554
6.273433135
6.272965719
6.272185703
6.271208319
6.270022736
6.268705512
6.267322139
6.26596232
6.26469874
6.263564996
6.262539233
6.261543647
6.260436709
6.258983361
6.256897561
6.253673025
6.248458282
6.239605268
6.223069392
6.19522208
6.160894102
6.132215306
6.255940711
6.255806388
6.255449564
6.254904025
6.254236786
6.253454947
6.252620774
6.251792318
6.251034747
6.250401881
6.249920369
6.249581914
6.24934052
6.24910711
6.248741987
6.248049006
6.246699325
6.244228967
6.239830151
6.231809816
6.21873926
6.202159883
6.189300386
6.238431988
6.238319768
6.238076901
6.237735394
6.237338018
6.236899377
6.236470849
6.236103022
6.235848389
6.235750646
6.235835892
6.236107298
6.236543283
6.237094459
6.237683529
6.238192975
6.238425568
6.238113168
6.236840275
6.23398194
6.229318429
6.224333092
6.222550187
6.220968338
6.220894619
6.220760197
6.220594265
6.220428093
6.220278169
6.220188621
6.220203671
6.220367745
6.22071942
6.221285568
6.222078067
6.223094473
6.224314712
6.22570248
6.227195953
6.228695092
6.230068375
6.23111097
6.231575391
6.23154642
6.232129974
6.235276239
6.203490799
6.203462722
6.203427249
6.203410194
6.203438916
6.203529277
6.203720222
6.204050301
6.204558071
6.20527916
6.206240062
6.207458616
6.208944994
6.210700332
6.212713987
6.214957078
6.217383725
6.219933775
6.22252378
6.225079808
6.227801931
6.231455614
6.236771415
6.185949413
6.185966759
6.186019092
6.186126316
6.186316495
6.186604093
6.187023545
6.187608094
6.188392131
6.189407622
6.190680389
6.1922318
6.194078672
6.196232839
6.19869628
6.201459545
6.20450545
6.20780749
6.211342467
6.215104995
6.219268574
6.2241444
6.23047191
6.168302449
6.168361587
6.16848941
6.168698205
6.169019575
6.169465933
6.170067597
6.17085285
6.171852269
6.17309323
6.174600795
6.176396869
6.178501758
6.180931153
6.183691804
6.186785857
6.19021064
6.193939597
6.198008511
6.20235391
6.207146318
6.212573022
6.21886354
6.150516651
6.150612897
6.150803498
6.151092945
6.151518267
6.152088499
6.152830437
6.153768044
6.154927718
6.156333455
6.158006924
6.15996888
6.162239053
6.164832125
6.167754552
6.171012097
6.174622181
6.1784646
6.18263322
6.187186831
6.192028072
6.197247415
6.20292098
6.13256662
6.132695137
6.132936294
6.133287879
6.133792685
6.134455836
6.135300891
6.136348062
6.137619318
6.139134507
6.140913067
6.142973034
6.145329554
6.14799191
6.150962117
6.154231464
6.157767638
6.161665899
6.165794998
6.170142705
6.17463956
6.179257966
6.183920842
6.114434116
6.114590439
6.114870521
6.11526826
6.115830391
6.116559126
6.117474565
6.118593349
6.119933579
6.121511936
6.123344036
6.125444512
6.127822239
6.130481615
6.133420279
6.136628911
6.140087887
6.143786932
6.147657971
6.151627262
6.155585955
6.159426836
6.162956438
6.096106269
6.096286566
6.09659482
6.097024568
6.097624386
6.098394785
6.099352801
6.100511026
6.101884965
6.103487457
6.105330426
6.107423363
6.109771819
6.112374377
6.11522212
6.118299615
6.121579236
6.125017596
6.128541777
6.132053
6.135408819
6.13844549
6.140903506
6.077574846
6.077775727
6.078104101
6.078553085
6.079174254
6.079965341
6.080941643
6.082113172
6.083491844
6.085087081
6.086906402
6.08895544
6.091235862
6.093741995
6.096458091
6.099359086
6.102408936
6.105553002
6.108707335
6.111754761
6.114532391
6.116846606
6.118409075
6.058835242
6.05905382
6.059395448
6.059853126
6.060482959
6.061278225
6.062253876
6.063416787
6.064776729
6.066339892
6.068109609
6.070087893
6.072272875
6.074654588
6.077214049
6.079918647
6.082722932
6.085567739
6.088367556
6.090994851
6.09327669
6.095012494
6.095915462
6.039888934
6.040120567
6.040470863
6.040929572
6.041557596
6.042344403
6.043304201
6.044441695
6.045764001
6.047275402
6.048976761
6.05086537
6.052936342
6.05517788
6.057567526
6.060071785
6.062641414
6.065210341
6.067692897
6.069967717
6.071864231
6.073190227
6.073683088
6.020743595
6.0209834
6.021339645
6.021791856
6.022409328
6.023177377
6.024109204
6.025207687
6.026478017
6.027922534
6.029540635
6.031327604
6.033275025
6.035369396
6.037588094
6.039896676
6.042249145
6.044580201
6.046802943
6.048805832
6.05043672
6.051521754
6.051835991
6.00141164
6.001653304
6.002013348
6.002452558
6.003052584
6.003792123
6.004685787
6.005734255
6.006941694
6.008308341
6.009832575
6.01151008
6.013331182
6.01527908
6.017331963
6.019458109
6.021614821
6.023743723
6.025766995
6.027584727
6.029064643
6.030059636
6.030391954
5.981908111
5.982133911
5.98250528
5.98292715
5.983503936
5.984206184
5.9850531
5.986042207
5.987177714
5.988458565
5.989882831
5.991445689
5.993137927
5.99494318
5.996840483
5.998801925
6.000787796
6.002748345
6.004621384
6.006327305
6.007755413
6.008785351
6.009290442
5.962265871
5.962464333
5.962842497
5.963230611
5.963780246
5.96443776
5.965230948
5.966153581
5.967210131
5.96839915
5.969718732
5.971164443
5.972726308
5.97439071
5.976141234
5.977952465
5.979790859
5.981615985
5.98338099
5.985025734
5.986470101
5.98762588
5.988407846
5.942503673
5.942643097
5.943034515
5.943378125
5.94389779
5.944503905
5.945237824
5.946089128
5.947062338
5.948155661
5.949367349
5.950693229
5.952124959
5.953651987
5.955259884
5.956928305
5.958631644
5.960342576
5.962029036
5.963648451
5.965146428
5.966472284
5.96758435
5.922634996
5.922692003
5.923088983
5.92338639
5.923872829
5.92442094
5.92509232
5.925868255
5.926754369
5.927748838
5.92885061
5.930056215
5.931359152
5.932750036
5.934217932
5.935747081
5.937322724
5.938929062
5.940544776
5.94215059
5.943716861
5.945215185
5.946651249
5.902627367
5.902651332
5.903024469
5.903268535
5.903719296
5.904204659
5.904811275
5.905508381
5.906305081
5.90719952
5.908189568
5.909274074
5.910448143
5.911704258
5.91303253
5.914425935
5.915876227
5.917376861
5.918919371
5.920500532
5.922119427
5.923764107
5.925474681
5.882503035
5.882518483
5.882849397
5.883038214
5.883451795
5.883869697
5.884410842
5.885027817
5.88573467
5.886528323
5.887407746
5.88837061
5.889414239
5.890533987
5.891724436
5.892980913
5.894302682
5.895688425
5.897143999
5.898678732
5.90031183
5.902048645
5.903956464
5.862279792
5.862297638
5.862573462
5.86271066
5.863083587
5.863432238
5.86390781
5.864443978
5.865060954
5.865753744
5.866521715
5.867364435
5.868277818
5.869258995
5.870308057
5.871424699
5.872609208
5.873868147
5.875216409
5.87667067
5.878265528
5.880021913
5.882024871
5.841968728
5.841985948
5.842205983
5.842293891
5.842626227
5.842905154
5.843315029
5.843769236
5.844296029
5.844887471
5.845544692
5.84626561
5.847048246
5.847888918
5.848790121
5.849757429
5.850794899
5.851911071
5.853122252
5.854457504
5.85595065
5.857638478
5.859618005
5.821564429
5.821577755
5.821750386
5.821795521
5.822083923
5.82229581
5.822640978
5.823013159
5.82344764
5.823937981
5.824482449
5.825079086
5.82572596
5.826423996
5.827174358
5.827981199
5.828853663
5.829804293
5.830850178
5.832019838
5.833350919
5.834883134
5.836717407
5.801075271
5.801086242
5.801218474
5.801231883
5.801473013
5.801623966
5.801900729
5.802191921
5.802533615
5.802918681
5.803346025
5.80381306
5.804320481
5.804870115
5.805463326
5.806101818
5.806794709
5.80755799
5.808408603
5.809369069
5.810480558
5.811776927
5.813351414
5.780522389
5.7805321
5.780628236
5.780621652
5.780808314
5.780904215
5.781108783
5.781317537
5.781564871
5.781841748
5.782147936
5.782482222
5.782844694
5.783237762
5.783663756
5.784124604
5.784626374
5.785183157
5.785808541
5.78652148
5.7873564
5.788343802
5.78955001
5.759937265
5.759948147
5.759999343
5.759991995
5.760107664
5.760160247
5.760287875
5.760413618
5.760563316
5.760730593
5.760914946
5.761115705
5.761332547
5.761568104
5.761823871
5.762101501
5.762403813
5.762740299
5.763121242
5.763561007
5.764080273
5.76469859
5.765459146
5.739340932
5.739354589
5.739362817
5.739362653
5.739399542
5.739416441
5.739459538
5.739502216
5.739552873
5.739609418
5.739671802
5.739740076
5.739814644
5.739894224
5.739978192
5.74007007
5.740173044
5.740286251
5.740414507
5.7405645
5.740742705
5.740953941
5.741219456
649.099764
658.2572239
671.2479292
645.0564119
906.5959082
889.8150338
873.5916413
854.5532963
961.5450239
956.4793298
954.2321496
955.7289639
1017.951861
1019.829522
1023.996844
1031.380062
991.0535473
1030.309012
1053.293162
1077.892418
56.39158475
97.01543134
166.012616
292.9631848
6.615573484
6.621841007
6.615668271
6.42053816
6.300135686
6.310054082
6.289087618
6.250725294
6.182234266
6.205550961
6.219949609
6.297806242
6.126893333
6.597822232
6.643724525
6.706702749
6.189447311
6.361360187
6.601699776
6.462548841
6.414541472
6.899572536
6.969257469
7.014204244
7.035755838
7.04544448
7.068315147
7.107921085
6.139500439
6.153337522
6.157676782
6.170122596
6.187688382
6.190021644
6.197527122
6.2105709
6.224622981
6.22694752
6.23069222
6.236647783
6.239598118
6.242903601
6.247633179
6.254221339
6.242298608
6.246321613
6.251270473
6.257796547
6.236321812
6.240524856
6.245352981
6.251093198
6.22425853
6.227989872
6.232025023
6.236413371
6.207390554
6.210316606
6.213241605
6.216111316
6.187204327
6.189184936
6.190939517
6.192371987
6.165041242
6.166115343
6.166811332
6.167017888
6.141943762
6.142258343
6.142107647
6.141378139
6.118645344
6.118400627
6.117655563
6.116301665
6.095615077
6.095019469
6.093931457
6.092249729
6.073108149
6.072357481
6.07115335
6.06940436
6.05121705
6.05047902
6.049345311
6.047742473
6.029914832
6.029322823
6.028402621
6.027101877
6.009092412
6.008741431
6.008135566
6.007238443
5.988577454
5.988526975
5.988298189
5.987862402
5.968157
5.96842888
5.968599717
5.968646267
5.947615577
5.948196613
5.948744831
5.949246871
5.926778125
5.927623894
5.928495139
5.929385231
5.905513973
5.906555116
5.907670089
5.90885453
5.883720493
5.884881748
5.886143716
5.887508919
5.861332871
5.862523621
5.863829005
5.865256007
5.838338053
5.839471347
5.840721017
5.842095481
5.814765055
5.815759994
5.816860441
5.818077788
5.790653111
5.791430317
5.792294599
5.793254979
5.766172485
5.766670133
5.76722834
5.767849417
5.741471876
5.741645869
5.741843977
5.742066285
570.6142773
695.6846686
733.333077
316.7618948
287.5199792
287.053232
287.1358422
288.5755431
286.0832749
270.3546835
251.7739341
249.4343756
253.8913264
259.5933754
263.4626291
265.2155494
266.5882307
265.147058
658.6001071
818.8175028
868.5649824
932.5230052
517.5258668
287.3036029
286.1264134
285.6209954
286.958883
283.201061
272.2291978
261.5833451
259.1393403
260.7516897
263.197004
265.0313026
266.0381371
266.7808309
266.1847248
745.6890312
960.6662251
994.2897079
1052.971295
693.8904559
287.7375386
284.2350404
283.5751725
287.177498
284.4523419
271.8355285
265.646613
264.6474962
265.0979995
265.7382269
266.359227
266.8956993
267.1302467
266.4766752
920.41134
1048.532567
1088.808903
1151.929749
913.3470948
285.9083931
281.5167054
281.050751
281.1847873
278.2927164
271.2496728
266.8791964
266.8868411
267.0925656
267.1460123
267.2437643
267.5107665
267.537571
268.7803949
1083.800117
1120.299113
1163.41909
1228.342885
1204.755939
499.7773581
280.4645907
279.3281027
277.4744294
276.9122003
271.0379263
268.2401945
268.1310696
268.0216995
267.9193987
267.8200134
267.7372701
267.7380072
510.0490638
1266.135577
790.1078343
1183.367291
1279.515915
1358.106599
1048.190603
297.3488337
278.6214487
276.9944323
272.9057858
270.3938135
269.3928755
268.9895358
268.4681738
268.4750459
268.1437707
267.9440792
268.0458279
955.0699122
1481.692875
6.117133982
215.1178332
1008.243578
1381.499943
1460.376089
1382.273978
375.5728145
276.8817242
271.7695446
270.0999989
269.7406347
269.3800388
272.9147907
478.7218234
770.7977437
498.9649173
543.0132178
1342.828364
1754.740747
6.3124344
6.536280024
38.12286168
464.6022196
1376.512923
1471.695254
1447.122078
1149.366312
280.7990122
269.4425798
269.8997004
325.0511134
846.4902766
1363.728293
1440.658668
1474.155116
1611.322331
1802.044316
2090.456857
6.449309187
6.201480557
5.998737499
5.822675545
217.9088267
837.6206111
1450.607034
1523.655104
1469.566847
746.3953947
508.1767887
946.7505375
1557.155255
1541.410578
1561.721037
1599.400988
1750.164667
1980.19212
2274.035471
6.63541069
6.313460211
6.24432404
6.491886732
6.730887401
25.02639083
290.951192
755.8279528
1106.504045
1403.130801
1629.226233
1787.665877
1828.625274
1816.326671
1239.501405
560.9218639
609.2299777
1262.36881
2151.088859
6.391647067
6.495023718
6.952332961
6.888201442
6.459267251
6.592439309
6.117531074
9.113269513
78.25480702
512.5512314
1586.824545
1805.570949
1363.896853
1258.896184
852.0354697
498.6742043
550.2723939
834.4452087
2013.0247
7.09796293
7.232769583
7.024090358
6.332060291
6.116603916
6.049830213
5.867298983
8.792730406
19.69372919
115.5971786
504.2306014
487.317196
271.354285
511.3002593
1081.258368
1459.475389
1043.372222
1163.260956
2026.847308
6.810719747
6.382310472
6.271581707
6.187799811
6.114648815
6.100713366
7.13998412
9.371797132
8.015565121
10.15146
8.500294076
10.3410844
10.24894086
10.39712212
126.8697739
1549.848246
2002.069338
2000.732576
2110.252908
6.207802813
6.247244462
6.258461526
6.22458412
6.219121229
6.623326434
7.557039392
6.286985946
5.232359156
6.050609858
7.708077156
9.120092964
9.670125333
9.551868808
9.233387521
556.2608424
2087.340473
2153.005773
2188.39988
6.237956778
6.268542121
6.273447472
6.252399597
6.283928317
6.534953806
6.414964384
5.336557009
4.853817214
5.485075872
6.970787513
8.369092466
9.122697015
9.614051786
8.862466602
170.6085048
1683.242337
2312.432974
2283.607122
6.250578592
6.277129689
6.29390512
6.29618741
6.3435035
6.334161319
5.91646191
5.11713706
4.642933175
5.070072905
6.172151874
7.984380702
8.715559901
8.63768084
8.42443115
8.123539304
540.9869138
2419.555206
2264.650643
6.267554424
6.293008733
6.315122445
6.331801415
6.411090184
6.747905194
6.320362211
5.170464097
4.686172738
4.999333519
5.719999067
20.57912481
47.94451134
17.49369081
8.444762209
8.227509221
38.22232769
1531.842596
1981.77427
6.270619966
6.293835754
6.318497639
6.340701081
6.397249038
6.86229719
6.598754375
6.011081318
5.476430465
5.614463025
5.757788785
34.55655817
406.4466958
397.6459798
8.122173272
8.654556606
8.809838
662.321335
2296.327785
6.261883716
6.280595116
6.300463442
6.316438197
6.321100462
6.430905013
6.72140362
6.37310736
6.050033287
5.598023483
5.641762085
23.32931537
543.835885
676.7643028
150.0367473
8.843194552
8.829792523
843.5550476
2455.219489
6.244258575
6.256440108
6.267349127
6.271514515
6.258464108
6.204249643
6.174503587
6.200902995
5.893819837
5.566624634
5.580795424
5.229706724
178.1688228
714.1198176
719.4644847
61.07279043
101.6793295
1380.396414
2566.728705
6.220861916
6.22645899
6.228243318
6.221293276
6.197064703
6.142050203
6.042565904
5.902441486
5.748672038
5.628562457
5.596733821
5.402999234
5.298103405
470.8122459
862.8500351
864.1345733
644.4405117
1338.814798
2049.98198
6.194290739
6.194322405
6.188927058
6.173899548
6.143099492
6.08879194
6.006414772
5.901830522
5.7871269
5.698157958
5.648133962
5.579071471
5.660698705
8.637003767
738.9045491
936.9432313
944.8832502
606.8491426
458.0931465
6.166594523
6.162409931
6.152128051
6.132360101
6.098860018
6.047601188
5.977723671
5.894909762
5.809303149
5.743899558
5.713678792
5.735626422
5.788809397
5.951449813
11.11193681
778.4740832
984.9665497
680.7678209
471.8666705
6.139221283
6.132198311
6.119043686
6.097134323
6.063562691
6.016478664
5.956650446
5.8886788
5.820182891
5.764970557
5.736842066
5.765821864
5.839994349
6.059916835
6.488986161
6.772830878
407.3881825
698.932811
609.3954018
6.113036504
6.104422572
6.090020896
6.067789508
6.035593209
5.992632897
5.939979743
5.880685897
5.819159811
5.761008943
5.71147357
5.664643523
5.672971018
5.985804193
6.706931914
7.02639714
6.869021891
389.4831656
806.8665764
6.088451197
6.079311548
6.064949907
6.043744813
6.013857938
5.974718112
5.927109083
5.872677112
5.813267755
5.747134728
5.666089728
5.603301923
5.363257046
21.23566326
10.84636231
7.184020477
6.963871781
6.795495341
825.2635986
6.065563036
6.056763563
6.043465394
6.024328491
5.99760854
5.962383621
5.919123659
5.868763066
5.812448676
5.742574255
5.636980712
5.601332072
35.74076976
83.24155266
53.31424515
7.593800327
6.999523856
6.909597429
729.8358036
6.044262541
6.036465456
6.024969851
6.008666613
5.985838819
5.955000346
5.916449701
5.884249902
5.911140362
5.848569557
5.704479198
15.10142574
85.99763568
86.31630692
72.56835873
8.748997979
6.98954977
7.402260753
709.9348461
6.024283721
6.017968848
6.008737641
5.995746416
5.977293634
5.951296737
5.918040608
5.887585437
5.955273283
5.839898865
5.785279844
61.4163359
88.04508288
89.31771641
28.16567516
6.767416909
6.911553338
249.2234903
780.9654262
6.005266884
6.000739398
5.994022138
5.984555159
5.970872135
5.950837261
5.925041805
5.894320305
5.91593685
5.829583048
5.824054982
28.75972133
89.80666633
41.08945703
6.834862379
7.019839365
12.55674908
408.602859
803.2030905
5.986819465
5.98418704
5.980016915
5.974208499
5.965455469
5.952340222
5.934993813
5.913248777
5.879590783
5.817463783
5.81178698
5.724687499
91.73898166
18.49424525
7.07779429
7.468503192
30.50763338
39.1336114
822.5891145
5.968544935
5.967775949
5.966128246
5.963777998
5.959873135
5.953243759
5.943209766
5.932894111
5.914745413
5.882165701
5.910857584
5.883326255
58.97645154
33.54882794
7.14867721
12.24744885
12.92295268
8.447035533
809.1576242
5.950028863
5.950993785
5.951719788
5.952553066
5.953053623
5.952319226
5.950888915
5.954081733
5.967146552
5.979949082
6.019165928
6.045648937
14.44956883
59.18508555
24.43960278
15.12221899
9.25163515
8.824507315
753.3607386
5.930931504
5.933366797
5.936130137
5.939630562
5.943809995
5.948601948
5.954920346
5.966932879
5.991737197
6.028130548
6.066495358
6.129967167
6.138626513
58.63586273
71.70024989
24.16373699
9.316785599
8.846787049
745.4547269
5.910981625
5.914540628
5.91883536
5.924233017
5.930849884
5.938829978
5.948286893
5.962122629
5.983775148
6.193522683
6.362151423
6.160205739
6.225592375
27.79424736
78.17372039
77.90107222
34.13397584
31.47028178
903.4406357
5.889995722
5.89426643
5.899527997
5.906028946
5.913889339
5.92311559
5.932834686
5.945044966
5.95817702
6.431896204
6.48367125
6.112433088
12.86755763
13.66340557
57.71610843
80.60619596
56.44382593
70.12698965
935.6941291
5.867875279
5.872447031
5.87814999
5.885148418
5.893575225
5.903121175
5.912853039
5.923338011
5.930072005
6.010408652
5.928388209
22.01826466
76.04376819
58.73149158
57.34422746
77.36977619
51.01409291
39.9054599
955.4621006
5.844633766
5.849132202
5.854819191
5.861870761
5.870469252
5.880235325
5.890376921
5.904403768
5.921798739
5.914064042
5.938266983
71.22350751
80.38193709
80.33414501
61.95195072
19.22192852
18.4578864
6.014451246
871.7951629
5.820337489
5.824415061
5.829644162
5.836286866
5.844655627
5.854850828
5.870925739
5.884741251
5.916029635
5.924280189
6.357798257
80.20730203
80.5449847
31.38508027
5.44681343
5.449242863
5.572601383
5.509422519
177.5525116
5.795046724
5.798349313
5.802635704
5.808192857
5.815505932
5.824874998
5.837948176
5.848648236
5.875817395
5.889382371
15.22720051
52.56979513
5.493282922
5.467618752
5.489774129
5.589439272
5.685165103
5.663415774
168.9390015
5.769020138
5.771207184
5.774082052
5.777834294
5.782797756
5.78854636
5.797522575
5.800255293
5.812342079
5.816298445
22.97805573
14.97157696
5.989598823
5.532726168
5.570423013
5.582386238
5.656334353
5.643542404
547.791284
5.742486046
5.743288706
5.744359303
5.745809602
5.747823838
5.749126805
5.750903119
5.745727058
5.744016859
5.722204295
14.29178898
20.33590583
9.160780908
5.603989743
5.618775818
5.533529191
5.697816354
5.727846941
577.0806893
)
;

boundaryField
{
    leftWall
    {
        type            fixedFluxPressure;
        gradient        uniform 0;
        value           nonuniform List<scalar> 
50
(
679.0250064
678.7135565
677.6500566
676.5417575
676.0230972
676.8485407
679.5965251
684.5418431
694.7453225
639.7457301
71.04151166
6.388678551
6.439306707
6.42395429
6.404732032
6.387805384
6.366707746
6.346909021
6.327985282
6.309492139
6.291381106
6.273563554
6.255940711
6.238431988
6.220968338
6.203490799
6.185949413
6.168302449
6.150516651
6.13256662
6.114434116
6.096106269
6.077574846
6.058835242
6.039888934
6.020743595
6.00141164
5.981908111
5.962265871
5.942503673
5.922634996
5.902627367
5.882503035
5.862279792
5.841968728
5.821564429
5.801075271
5.780522389
5.759937265
5.739340932
)
;
    }
    rightWall
    {
        type            fixedFluxPressure;
        gradient        uniform 0;
        value           nonuniform List<scalar> 
50
(
1275.719776
1232.498158
1185.651535
1093.606913
1089.331844
1028.690584
860.0414523
729.4920428
658.6001071
745.6890312
920.41134
1083.800117
1266.135577
1481.692875
1754.740747
2090.456857
2274.035471
2151.088859
2013.0247
2026.847308
2110.252908
2188.39988
2283.607122
2264.650643
1981.77427
2296.327785
2455.219489
2566.728705
2049.98198
458.0931465
471.8666705
609.3954018
806.8665764
825.2635986
729.8358036
709.9348461
780.9654262
803.2030905
822.5891145
809.1576242
753.3607386
745.4547269
903.4406357
935.6941291
955.4621006
871.7951629
177.5525116
168.9390015
547.791284
577.0806893
)
;
    }
    lowerWall
    {
        type            fixedFluxPressure;
        gradient        uniform 0;
        value           nonuniform List<scalar> 
62
(
679.0250064
675.528448
678.3115062
684.9415437
696.1720813
705.2081154
711.9705395
717.4808077
724.0345465
733.0778386
745.0166692
759.739365
776.8888359
796.1453829
817.2292767
839.6640844
862.3540833
883.3380077
897.7238784
904.9960599
889.9984639
880.6507068
925.4652394
925.4652394
918.2203998
915.1358839
924.1891815
939.2465068
950.3086956
943.4487241
924.6083372
649.099764
658.2572239
671.2479292
645.0564119
411.2920551
412.9570479
391.3898822
392.506382
399.6884798
460.6050821
492.7591806
446.23157
411.2920551
325.6022717
290.8979846
289.8295087
290.741246
292.2911376
293.7227859
294.7033429
295.4884984
294.6930715
295.6697518
305.4721625
281.540244
282.9157751
289.4443545
319.4205731
546.2818687
1087.564234
1275.719776
)
;
    }
    atmosphere
    {
        type            prghTotalPressure;
        rho             rho;
        psi             none;
        gamma           1;
        p0              uniform 0;
        value           nonuniform List<scalar> 
46
(
5.72904
5.72904
5.72904
5.72904
5.72904
5.72904
5.72904
5.72904
5.72904
5.72904
5.72904
5.72904
5.72904
5.72904
5.72904
5.72904
5.72904
5.72904
5.72904
5.72904
5.72904
5.72904
5.72904
5.72904
5.72904
5.72904
5.72904
5.72904
5.72904
5.72904
5.72904
5.729031198
5.728099776
5.725208599
5.715212886
5.708428349
5.660772705
5.521318461
5.687600965
5.704807942
5.634429637
5.655399347
5.540223596
5.712441898
5.841872778
582.9203151
)
;
        rho             rho;
    }
    defaultFaces
    {
        type            empty;
    }
}


// ************************************************************************* //
