/*--------------------------------*- C++ -*----------------------------------*\
  =========                 |
  \\      /  F ield         | OpenFOAM: The Open Source CFD Toolbox
   \\    /   O peration     | Website:  https://openfoam.org
    \\  /    A nd           | Version:  11
     \\/     M anipulation  |
\*---------------------------------------------------------------------------*/
FoamFile
{
    format      ascii;
    class       volScalarField;
    location    "0.5";
    object      rho;
}
// * * * * * * * * * * * * * * * * * * * * * * * * * * * * * * * * * * * * * //

dimensions      [1 -3 0 0 0 0 0];

internalField   nonuniform List<scalar> 
2268
(
1000.000066
999.9999908
1000.000009
1000.000001
1000.000001
999.9999988
999.9999932
999.9999823
999.9999824
999.9999894
999.9999976
1000.000002
1000.000005
1000.000006
1000.000009
1000.000013
1000.00002
1000.00002
995.6638845
929.559484
929.6110693
988.3209787
999.1932778
1000.000106
1000.000018
1000.000022
1000.000006
999.99999
999.9999778
999.9999718
999.999972
999.9999867
999.9999948
999.9999999
1000.000002
1000.000004
1000.00001
1000.000017
1000.000026
1000.000027
1000.000035
1000
974.8987466
929.8427314
985.6185965
999.1937765
1000.000093
1000.000009
1000.000001
999.9999928
999.9999668
999.999964
999.9999653
999.9999744
999.9999859
999.9999904
999.9999951
1000
1000.000007
1000.000014
1000.000022
1000.000033
1000.000036
1000.000048
1000
999.986953
930.1173525
971.8339686
999.1960536
1000.000074
999.9999888
999.9999625
999.9999576
999.9999537
999.9999696
999.9999811
999.9999811
999.9999802
999.9999819
999.9999877
999.999994
999.9999998
1000.000008
1000.000017
1000.000029
1000.000033
1000.000049
1000
999.9999996
962.7175327
978.5272035
999.1991025
1000.000054
999.9999085
999.9999213
999.9999359
999.9999539
999.9999752
999.9999783
999.9999754
999.9999764
999.9999789
999.9999844
999.9999931
999.9999989
1000.000005
1000.000012
1000.000022
1000.000023
1000.000041
1000.000021
1000
999.786927
999.4801737
999.7652459
1000.000045
999.9999072
999.9999215
999.9999349
999.9999461
999.9999355
999.9999324
999.9999428
999.9999606
999.9999705
999.999979
999.9999911
999.9999988
1000.000006
1000.000011
1000.000019
1000.000017
1000.000034
1000.000026
1000.000006
1000
999.9999711
999.8076816
1000.000037
999.9999612
999.9999483
999.9998166
999.9997476
999.9985695
999.9985903
999.9990655
999.9995088
999.9997729
999.9999191
999.9999723
999.9999883
999.9999971
1000.000001
1000.000008
1000.000006
1000.000023
1000.000021
1000.000025
1000
999.9999994
999.8085409
1000.000027
1000
999.9978657
999.9885909
999.9802628
999.9123422
999.9465807
999.9743393
999.9852719
999.991645
999.9957249
999.9980336
999.9991999
999.9999058
1000
999.9999977
999.9999955
1000.000012
1000.000017
1000.000032
999.9999987
1000
999.8098409
16.72483366
16.59033227
9.872848595
2.704667249
1.011726176
1.00051678
1.000210763
1.000210763
1.000210763
1.002541299
1.155009923
76.05783155
270.7737842
305.0235287
316.8493152
446.4175041
566.1742782
602.1474117
602.6297
230.2611899
42.76074703
8.913696413
6.290481484
2.818810348
1.005296859
1.00051678
1.000210763
1.000564894
1.237597731
12.94376449
21.29707486
3.095483457
1.04433231
1.236985952
2.390217818
151.7310445
484.3644293
611.669804
502.6651439
6.610164745
1.478927553
1.598302685
3.45664305
3.435572353
1.37683879
1.000532586
1.013757975
3.306627246
13.26529927
3.089771222
1.004482482
1.008631158
1.043114738
1.236983955
2.39002173
163.7040539
611.669804
503.6052841
1.012418267
1.001899501
1.001499246
1.196905318
3.427307236
2.105542553
1.012891572
1.030666694
3.486440331
8.180242384
1.004482473
1.003631455
1.003631442
1.005773836
1.046853339
1.406953037
78.92113765
359.0249157
517.7851866
1.173051017
1.001642961
1.001072768
1.001071574
1.818095497
2.070789181
1.044835089
1.09351281
4.991135443
5.799245474
1.003631455
1.00362553
1.002349793
1.000139558
1.002830682
1.081414039
77.86158052
531.2831831
802.1561627
157.9640022
1.010940597
1.001071585
1.001071567
1.09178122
1.761843414
1.113244456
2.01659408
4.812436982
3.353480304
1.004933992
1.003631455
1.006415503
1.000041673
0.9998261321
1.000022025
57.02609977
765.0143949
995.7349356
862.9465677
37.21105483
1.001053155
1.001070888
1.014067872
1.160689448
1.089075242
2.613922745
4.569577552
2.658808483
1.006531952
1.034806367
1.00806777
1.000021846
1.000022023
1.000022025
21.07142962
765.2149103
999.9956803
999.9956799
484.8103343
1.002779862
1.001181747
1.000903761
1.001510407
1.020971202
1.729446984
4.421807053
2.057123599
1.141383634
1.048022189
1.00031481
1.000056725
1.000022171
1.000022026
7.810990665
763.4899074
1000
999.9834195
976.0100961
934.5937451
944.6034439
971.9859203
989.7914576
996.6320264
999.4227193
999.6450921
999.729681
999.8197252
999.9012743
999.9999033
999.9988438
999.9999251
999.9999973
1000.000002
1000.000008
1000.000018
1000.000009
1000.000005
999.9847271
864.285544
614.5990784
363.8056729
244.8292591
297.4186477
398.5372722
460.4742184
510.7035143
585.369862
670.9953984
760.7106372
846.9668152
922.4443162
978.0605306
999.9993204
999.999972
999.9999995
1000
1000.000001
1000.000005
1000.000002
1000
999.9921809
77.48204473
1.000000067
1.000000001
1
1
1
1
1
1.000000002
22.95691622
57.00727146
106.3864188
178.1328843
287.8425024
463.0232191
720.3423576
975.7235875
999.9999995
1000
1000
1000
1000
999.9999043
1.000000021
1.000000011
1
1
1
1
1
1
1
1.000000002
1.000000048
1.000001838
1.000017209
1.000149998
1.000944178
27.10205399
118.1111632
315.6242533
604.1512887
923.1912447
999.3459043
999.780177
999.9986554
1.000000021
1.00000011
1.000000001
1
1.000000016
1.000000069
1.000000106
1.000000126
1.000000247
1.00000216
1.000434194
1.004128613
1.007114154
1.001617041
1.001619209
1.000827303
1.000032714
7.999127668
32.98357029
75.67605119
182.191845
386.9733284
705.6305225
1
1
1
1
1.000000059
1.000000342
1.000000575
1.000000572
1.000000754
1.000005934
1.001815681
1.023323791
1.02394248
1.018235916
1.001615238
1.002952807
1.000030056
1.000030313
1.000030055
1.000030313
1.000287772
2.732014142
15.3628392
1
1
1
1.000000002
1.000000073
1.000000454
1.000000794
1.000000781
1.00000078
1.000005665
1.001377221
1.017160782
1.023857342
1.011180949
1.001030908
1.000042118
1.000430479
1.000083811
1.000030313
1.101034507
1.165869721
1.104774112
1.104743409
1
1
1
1.000000002
1.000000037
1.000000308
1.000000748
1.000000754
1.000000514
1.000002115
1.000000912
1.00000084
1.002483217
1.000009896
1.000651488
1.000033657
1.000008781
1.000002651
1.012289227
1.056717642
1.145649091
1.10477001
1.104744093
1
1
1
1.000000001
1.000000016
1.000000107
1.000000342
1.000000455
1.000000395
1.000000362
1.000013606
1.000000835
1.000000513
1.000009972
1.000010021
1.000024587
1.000002504
1.000002537
1.064647403
1.236066183
1.349015516
1.181877256
1.104763684
1
1
1
1.000000001
1.000000008
1.000000027
1.000000058
1.000000096
1.000000311
1.000000275
1.000017744
1.000003979
1.000000511
1.000029256
1.000175705
1.000007716
1.000002428
1.000257028
1.058548448
1.252129086
1.349044808
1.349015516
1.105702985
1
1
1
1
1.000000003
1.000000007
1.000000009
1.000000018
1.000000188
1.0000003
1.000014341
1.000004545
1.000000509
1.000023144
1.000132684
1
1
1
1.000000087
1.013723535
1.348986739
1.349044808
1.218886885
1
1
1
1
1.000000001
1.000000001
1.000000001
1.000000006
1.000000107
1.000000381
1.000000395
1.000001043
1.000000451
1.000000092
1.000000013
1.000000052
1
1
1.000000003
1.000000325
1.092098278
1.320154474
1.322205742
1
1
1
1
1
1
1
1.000000002
1.000000056
1.000000224
1.000000092
1.000000091
1.000000104
1.000000004
1.000000013
1.000000056
1
1
1
1
1.000000026
1.000001547
1.32208989
1
1
1
1
1
1
1
1.000000001
1.000000019
1.000000092
1.000000092
1.000000091
1.000000024
1.000000004
1.000000001
1
1
1
1
1
1
1.000000001
1.000000001
1
1
1
1
1
1
1
1
1.000000001
1.00000001
1.000000029
1.000000042
1.000000006
1.000000003
1.000000001
1
1
1
1
1
1
1
1.000000001
1
1
1
1
1
1
1
1
1
1
1.000000002
1.000000003
1
1
1
1
1
1
1
1
1.000000016
1.000000108
1.000000189
1
1
1
1
1
1
1
1
1
1
1
1
1
1
1
1
1
1
1
1
1
1.000000001
1.000000006
1
1
1
1
1
1
1
1
1
1
1
1
1
1
1
1
1
1
1
1
1
1
1
1
1
1
1
1
1
1
1
1
1
1
1
1
1
1
1
1
1
1
1
1
1
1
1
1
1
1
1
1
1
1
1
1
1
1
1
1
1
1
1
1
1
1
1
1
1
1
1
1
1
1
1
1
1
1
1
1
1
1
1
1
1
1
1
1
1
1
1
1
1
1
1
1
1
1
1
1
1
1
1
1
1
1
1
1
1
1
1
1
1
1
1
1
1
1
1
1
1
1
1
1
1
1
1
1
1
1
1
1
1
1
1
1
1
1
1
1
1
1
1
1
1
1
1
1
1
1
1
1
1
1
1
1
1
1
1
1
1
1
1
1
1
1
1
1
1
1
1
1
1
1
1
1
1
1
1
1
1
1
1
1
1
1
1
1
1
1
1
1
1
1
1
1
1
1
1
1
1
1
1
1
1
1
1
1
1
1
1
1
1
1
1
1
1
1
1
1
1
1
1
1
1
1
1
1
1
1
1
1
1
1
1
1
1
1
1
1
1
1
1
1
1
1
1
1
1
1
1
1
1
1
1
1
1
1
1
1
1
1
1
1
1
1
1
1
1
1
1
1
1
1
1
1
1
1
1
1
1
1
1
1
1
1
1
1
1
1
1
1
1
1
1
1
1
1
1
1
1
1
1
1
1
1
1
1
1
1
1
1
1
1
1
1
1
1
1
1
1
1
1
1
1
1
1
1
1
1
1
1
1
1
1
1
1
1
1
1
1
1
1
1
1
1
1
1
1
1
1
1
1
1
1
1
1
1
1
1
1
1
1
1
1
1
1
1
1
1
1
1
1
1
1
1
1
1
1
1
1
1
1
1
1
1
1
1
1
1
1
1
1
1
1
1
1
1
1
1
1
1
1
1
1
1
1
1
1
1
1
1
1
1
1
1
1
1
1
1
1
1
1
1
1
1
1
1
1
1
1
1
1
1
1
1
1
1
1
1
1
1
1
1
1
1
1
1
1
1
1
1
1
1
1
1
1
1
1
1
1
1
1
1
1
1
1
1
1
1
1
1
1
1
1
1
1
1
1
1
1
1
1
1
1
1
1
1
1
1
1
1
1
1
1
1
1
1
1
1
1
1
1
1
1
1
1
1
1
1
1
1
1
1
1
1
1
1
1
1
1
1
1
1
1
1
1
1
1
1
1
1
1
1
1
1
1
1
1
1
1
1
1
1
1
1
1
1
1
1
1
1
1
1
1
1
1
1
1
1
1
1
1
1
1
1
1
1
1
1
1
1
1
1
1
999.7196764
999.6977786
999.6977786
999.6977786
999.9606944
999.9768991
999.9753739
999.8041586
999.999662
999.9991585
999.9987188
999.9983445
999.9543845
999.9752853
999.9874016
999.986231
899.7178289
936.6181967
956.7214984
973.9544182
41.91376613
75.3919141
132.0200863
235.7017466
1.104742671
1.104742671
1.104742671
1.105067534
1.104742713
1.104742666
1.104742713
1.107715776
1.104743542
1.104742713
1.104743542
1.151721521
1.126530736
1.396937834
1.398172966
1.398458332
1.150847588
1.245838244
1.357302026
1.236592535
1.196425099
1.446092475
1.471054779
1.471308461
1.470017898
1.470979584
1.47130125
1.470979584
1.006916508
1.012580026
1.009115502
1.00485344
1.000000002
1.000000002
1.000000006
1.000001851
1.000000179
1.000000093
1.000000032
1.000000022
1.000000009
1.000000008
1.000000006
1.000000006
1.000000001
1.000000003
1.000000004
1.000000005
1
1.000000001
1.000000002
1.000000004
1
1
1.000000001
1.000000002
1
1
1
1
1
1
1
1
1
1
1
1
1
1
1
1
1
1
1
1
1
1
1
1
1
1
1
1
1
1
1
1
1
1
1
1
1
1
1
1
1
1
1
1
1
1
1
1
1
1
1
1
1
1
1
1
1
1
1
1
1
1
1
1
1
1
1
1
1
1
1
1
1
1
1
1
1
1
1
1
1
1
1
1
1
1
1
1
999.913412
999.9956801
904.8690489
56.9601357
1.015800989
1.000469042
1.000469042
1.001538068
1.003552914
1.463803231
1.130156763
1.093269007
1.024387421
1.000145789
1.000030661
1.000023011
1.000022171
1.000023011
726.9592842
999.8001348
999.9837625
999.9976779
351.3356858
1.152471673
1.000469042
1.00581278
1.54260402
1.032828383
1.029946528
1.018102912
1.006824641
1.000794798
1.000061873
1.000042933
1.0000298
1.000023011
1.000035811
723.9292991
999.9908841
999.9939992
999.9976713
522.5012388
3.482034754
1.002231309
1.003208919
5.266303099
5.961284897
2.385639952
1.015318979
1.001652465
1.000211621
1.000086694
1.000059019
1.000437548
1.000035811
1.000344238
831.9209966
999.9887982
999.9976221
999.9976779
693.5218791
6.093475339
1.004398936
1.002420612
4.472125649
5.993807446
4.128252059
1.043220384
1.00165001
1.000138627
1.000144417
1.001858235
1.004079309
1.000344239
1.530891206
896.8878148
996.7906056
999.9643127
999.9976713
907.1721819
215.569772
1.002420566
1.0024221
1.4837838
4.368581596
2.377184039
1.03906802
1.000954054
1.000085598
1.002317126
1.006246343
1.004824118
1.001120446
235.6085897
936.8328577
644.1952622
961.9232796
999.9945697
999.9834006
698.0046771
15.99767823
1.0024221
1.631535652
1.161226021
1.028849509
1.012023107
1.00008573
1.000085925
1.000085743
1.000098455
1.000117799
1.000135741
594.7447898
956.6476027
1.111596805
157.5827736
746.2456794
999.9753264
997.1324588
869.6460216
81.97512815
3.724597967
1.006860285
1.005923282
1.005243937
1.000224577
4.484429845
172.5002544
412.1622733
190.6471483
227.1671786
829.1842361
957.804151
1.111083993
1.113467323
23.04084222
315.9117511
931.6497813
935.6091826
888.0550625
620.1305275
8.521421508
1.005978804
1.005923282
41.70915945
430.9795469
847.4791408
907.4656801
900.8790279
946.6522835
957.804151
957.804151
1.29287548
1.112488037
1.11327585
1.114742131
133.5238732
521.1279388
887.1240378
884.4842627
814.9917275
324.1328133
162.6054035
458.4589576
892.5390451
907.7015245
908.2677093
909.6656356
943.4136085
957.8020871
957.804151
1.319486404
1.110228656
1.112039332
1.11327585
1.114742131
11.9695576
166.4395814
436.2237212
624.3928542
746.524372
830.5491934
900.1719265
902.2862277
903.5196129
653.3409225
261.6829107
248.1095463
555.2803095
950.6491962
1.109993215
1.110260184
1.413916177
1.413267966
1.201604672
1.268360913
1.028195884
2.850287739
42.26917683
273.8723643
728.2634095
769.1186575
566.7016367
559.2470122
426.396566
248.1095463
248.1095463
356.3314186
935.1547411
1.450145464
1.503769734
1.414326406
1.078514224
1.000040239
1.000071116
1.000139472
2.49651351
9.199875589
62.99070616
252.4140256
240.4614851
132.6014255
253.7846353
542.1509166
730.6327914
494.2439162
532.9839207
943.4390479
1.281012149
1.044487094
1.000000485
1.000000536
1.000004949
1.000108595
1.581251546
2.821720151
2.477286248
3.649854828
1.380201013
1.146634527
1.023511405
1.055400339
57.04354029
746.708464
953.3366772
931.0425111
955.4763886
1.002798346
1.000000402
1.000000415
1.00000192
1.000122169
1.164600552
1.630797993
1.29837438
1.016689291
1.071557823
1.013835785
1.021009375
1.023511398
1.023511405
1.055400339
254.1830347
955.503082
955.8281108
955.8310707
1.000000037
1.00000036
1.000000402
1.000002987
1.000740605
1.087762115
1.150372471
1.005219917
1.004879656
1.005345013
1.010042703
1.013176407
1.019433813
1.05876887
1.061585576
71.35800258
725.2890469
955.830882
955.8281108
1.000000022
1.00000003
1.000000351
1.000214127
1.010601888
1.013013799
1.005219917
1.004879656
1.004879656
1.004879656
1.02135907
1.144905225
1.064811445
1.061585594
1.057155981
1.037109362
220.4146185
955.8281108
906.3165919
1.000000007
1.000000021
1.000000674
1.000026343
1.026155044
1.182891992
1.174805254
1.005195268
1.004879656
1.041631974
1.052984943
6.427268316
16.74834562
4.862028211
1.223018248
1.036011575
12.55992268
596.0945063
762.4724511
1.00000001
1.000000021
1.000000387
1.00002089
1.017078713
1.218050087
1.236112238
1.223962499
1.193475764
1.182645706
1.08399412
11.65143801
152.2389307
149.067896
1.036011575
1.036011575
1.036011575
246.7647265
851.8633271
1.000000009
1.000000017
1.000000289
1.000015243
1.001258201
1.062608898
1.238259044
1.242054199
1.242054199
1.077043846
1.022252158
7.392004372
194.793526
243.753421
51.95030621
1.036011575
1.039582237
301.423763
871.5970088
1.000000005
1.000000011
1.000000031
1.000000642
1.000003637
1.000368363
1.036243627
1.117140306
1.083416459
1.003212574
1.002890025
1.007578187
60.3066684
246.5778714
247.3477765
19.4348881
33.70546908
475.1377994
871.5567476
1.000000002
1.000000005
1.000000011
1.000000013
1.000000146
1.000022722
1.000099958
1.000076593
1.000037372
1.000036502
1.00266627
1.002705147
1.023218566
154.3870951
285.0826286
286.5710651
212.4754548
432.5830188
655.8247316
1
1.000000002
1.000000008
1.000000025
1.00000008
1.000000803
1.000003166
1.000002861
1.000006104
1.000031069
1.000678495
1.001807284
1.002383405
2.004445483
232.0222121
294.4956354
294.4956354
181.3525292
130.925861
1
1.000000001
1.000000007
1.000000021
1.000000051
1.000000119
1.000000413
1.000001288
1.000005342
1.000043587
1.001277833
1.014491704
1.014055883
1.015775342
2.497319592
233.0461234
294.4207288
196.4440441
130.925861
1
1.000000001
1.000000005
1.000000015
1.000000028
1.000000056
1.000000251
1.000001253
1.000006883
1.000143206
1.000917108
1.010591336
1.021544209
1.0213964
1.024894836
1.035578523
116.6979803
196.8097199
170.2584029
1
1
1.000000003
1.000000011
1.000000021
1.000000034
1.000000085
1.00000081
1.00000854
1.000092125
1.000217406
1.002022767
1.012297633
1.01688893
1.038169748
1.041547714
1.027679719
107.4067141
224.0933448
1
1
1.000000002
1.000000007
1.000000013
1.000000013
1.000000013
1.000000237
1.000002614
1.000002632
1.000129675
1.005083731
1.0052282
5.266177571
2.088354788
1.036285162
1.027679719
1.027576535
224.168541
1
1
1.000000001
1.000000003
1.000000021
1.00000124
1.000004195
1.000000213
1.000000211
1.000131405
1.000949924
1.000985219
9.054005751
21.55323444
13.30688857
1.167540585
1.027606281
1.027679719
191.6944367
1
1
1
1.000000001
1.000000009
1.000000692
1.000002075
1.003688544
1.023709017
1.02370257
1.000065524
3.393499716
21.55323444
21.55323444
17.89833076
1.515067784
1.031076797
1.045585263
180.1636512
1
1
1
1
1.000000003
1.000000133
1.000000134
1.002807894
1.031743925
1.012705172
1.000010754
14.74193045
21.41928905
21.55323444
6.389791636
1.051193007
1.035413393
61.08950279
191.6491483
1
1
1
1
1
1.000000219
1.000000135
1.000304463
1.014977133
1.001605586
1.000003547
6.4971427
21.28534367
9.293996359
1.104740095
1.094057795
2.401157345
97.2352706
191.6491483
1
1
1
1
1
1.000000908
1.000000915
1.000000829
1.000002835
1.000018956
1.000003425
1.000003368
21.02956717
3.774172199
1.117013453
1.206663444
6.660923612
8.816773468
191.6491483
1
1
1
1
1
1.000001097
1.000001489
1.000000755
1.00000079
1.000002818
1.000004271
1.00000335
12.91696145
7.1182662
1.12286544
2.309692627
2.467506086
1.546202382
182.6694827
1
1
1
1
1
1.000000558
1.000000996
1.000000001
1.000033129
1.000145648
1.000073936
1.000003442
2.820175144
12.64096973
4.941992627
2.871398905
1.54620175
1.546568483
165.3635494
1
1
1
1
1
1.000000061
1.000000151
1
1.000023209
1.000094883
1.000349718
1.000006075
1.000079664
12.22503417
14.97904652
4.797259288
1.549899155
1.546207085
159.3282889
1
1
1
1
1
1.000000001
1.000000002
1
1
1.035406183
1.063779932
1.004073845
1.003285166
5.459134686
15.90791656
15.90533861
6.688690942
6.32401208
187.3728759
1
1
1
1
1
1
1
0.9999999998
1
1.093223093
1.100684436
1.00680293
2.360200488
2.432076992
11.25357259
15.9086426
10.77444899
13.51710932
187.3892056
1
1
1
1
1
1
1
0.9999999993
0.9999999998
1.01925549
1.000456382
4.185407002
14.98832097
11.52606866
11.16099694
15.09801913
9.674864265
7.377392913
187.3083825
1
1
1
1
1
1
1
0.9999999989
1.000279442
1.00001408
1.000018008
13.64538799
15.54733003
15.54733003
11.86440474
3.654261121
3.468503039
1.007816075
167.8683919
1
1
1
1
1
1
1
0.9999999994
1.00145292
1.000005016
1.068991393
15.02874145
15.12080192
5.882469477
1.000000715
1.000493631
1.000861725
1.004353603
33.45376698
1
1
1
1
1
1
1
1
1.001039479
1
2.711798523
9.648213903
1.000181423
1.000000715
1.000000566
1.015629794
1.016343583
1.007763882
31.12664324
1
1
1
1
1
1
1
1
1
1
4.097535636
2.693007824
1.071615122
1.000007125
1.000000283
1.008937169
1.016428603
1.007898675
98.80461269
1
1
1
1
1
1
1
1
1
1
2.524498305
3.606581517
1.623222247
1
1
1
1.011050086
1.019694884
101.7483409
)
;

boundaryField
{
    leftWall
    {
        type            calculated;
        value           nonuniform List<scalar> 
50
(
1000.000066
1000.000106
1000.000093
1000.000074
1000.000054
1000.000045
1000.000037
1000.000027
1000
864.285544
77.48204473
1.000000021
1.000000021
1
1
1
1
1
1
1
1
1
1
1
1
1
1
1
1
1
1
1
1
1
1
1
1
1
1
1
1
1
1
1
1
1
1
1
1
1
)
;
    }
    rightWall
    {
        type            calculated;
        value           nonuniform List<scalar> 
50
(
602.6297
611.669804
611.669804
359.0249157
531.2831831
765.0143949
765.2149103
763.4899074
726.9592842
723.9292991
831.9209966
896.8878148
936.8328577
956.6476027
957.804151
957.804151
957.804151
950.6491962
935.1547411
943.4390479
955.4763886
955.8310707
955.8281108
906.3165919
762.4724511
851.8633271
871.5970088
871.5567476
655.8247316
130.925861
130.925861
170.2584029
224.0933448
224.168541
191.6944367
180.1636512
191.6491483
191.6491483
191.6491483
182.6694827
165.3635494
159.3282889
187.3728759
187.3892056
187.3083825
167.8683919
33.45376698
31.12664324
98.80461269
101.7483409
)
;
    }
    lowerWall
    {
        type            calculated;
        value           nonuniform List<scalar> 
62
(
1000.000066
999.9999908
1000.000009
1000.000001
1000.000001
999.9999988
999.9999932
999.9999823
999.9999824
999.9999894
999.9999976
1000.000002
1000.000005
1000.000006
1000.000009
1000.000013
1000.00002
1000.00002
995.6638845
929.559484
929.6110693
988.3209787
999.1932778
999.1932778
999.1937765
999.1960536
999.1991025
999.7652459
999.8076816
999.8085409
999.8098409
999.7196764
999.6977786
999.6977786
999.6977786
16.72483366
230.2611899
502.6651439
503.6052841
517.7851866
802.1561627
995.7349356
999.9956803
16.72483366
16.59033227
9.872848595
2.704667249
1.011726176
1.00051678
1.000210763
1.000210763
1.000210763
1.002541299
1.155009923
76.05783155
270.7737842
305.0235287
316.8493152
446.4175041
566.1742782
602.1474117
602.6297
)
;
    }
    atmosphere
    {
        type            calculated;
        value           nonuniform List<scalar> 
46
(
1
1
1
1
1
1
1
1
1
1
1
1
1
1
1
1
1
1
1
1
1
1
1
1
1
1
1
1
1
1
1
1
1
1
1
1
1
1
1
1
1
1
1
1
1.019694884
101.7483409
)
;
    }
    defaultFaces
    {
        type            empty;
    }
}


// ************************************************************************* //
