/*--------------------------------*- C++ -*----------------------------------*\
  =========                 |
  \\      /  F ield         | OpenFOAM: The Open Source CFD Toolbox
   \\    /   O peration     | Website:  https://openfoam.org
    \\  /    A nd           | Version:  11
     \\/     M anipulation  |
\*---------------------------------------------------------------------------*/
FoamFile
{
    format      ascii;
    class       vectorField;
    location    "constant/polyMesh";
    object      points;
}
// * * * * * * * * * * * * * * * * * * * * * * * * * * * * * * * * * * * * * //


2501
(
(2.25 0 0)
(2.2625 0 0)
(2.275 0 0)
(2.2875 0 0)
(2.3 0 0)
(2.3125 0 0)
(2.325 0 0)
(2.3375 0 0)
(2.35 0 0)
(2.3625 0 0)
(2.375 0 0)
(2.3875 0 0)
(2.4 0 0)
(2.4125 0 0)
(2.425 0 0)
(2.4375 0 0)
(2.45 0 0)
(2.4625 0 0)
(2.475 0 0)
(2.4875 0 0)
(2.5 0 0)
(2.5125 0 0)
(2.525 0 0)
(2.5375 0 0)
(2.55 0 0)
(2.5625 0 0)
(2.575 0 0)
(2.5875 0 0)
(2.6 0 0)
(2.6125 0 0)
(2.625 0 0)
(2.6375 0 0)
(2.65 0 0)
(2.6625 0 0)
(2.675 0 0)
(2.6875 0 0)
(2.7 0 0)
(2.7125 0 0)
(2.725 0 0)
(2.7375 0 0)
(2.75 0 0)
(2.7625 0 0)
(2.775 0 0)
(2.7875 0 0)
(2.8 0 0)
(2.8125 0 0)
(2.825 0 0)
(2.8375 0 0)
(2.85 0 0)
(2.8625 0 0)
(2.875 0 0)
(2.8875 0 0)
(2.9 0 0)
(2.9125 0 0)
(2.925 0 0)
(2.9375 0 0)
(2.95 0 0)
(2.9625 0 0)
(2.975 0 0)
(2.9875 0 0)
(3 0 0)
(2.25 0.002497620555 -0.0001090484685)
(2.2625 0.002497620555 -0.0001090484685)
(2.275 0.002497620555 -0.0001090484685)
(2.2875 0.002497620555 -0.0001090484685)
(2.3 0.002497620555 -0.0001090484685)
(2.3125 0.002497620555 -0.0001090484685)
(2.325 0.002497620555 -0.0001090484685)
(2.3375 0.002497620555 -0.0001090484685)
(2.35 0.002497620555 -0.0001090484685)
(2.3625 0.002497620555 -0.0001090484685)
(2.375 0.002497620555 -0.0001090484685)
(2.3875 0.002497620555 -0.0001090484685)
(2.4 0.002497620555 -0.0001090484685)
(2.4125 0.002497620555 -0.0001090484685)
(2.425 0.002497620555 -0.0001090484685)
(2.4375 0.002497620555 -0.0001090484685)
(2.45 0.002497620555 -0.0001090484685)
(2.4625 0.002497620555 -0.0001090484685)
(2.475 0.002497620555 -0.0001090484685)
(2.4875 0.002497620555 -0.0001090484685)
(2.5 0.002497620555 -0.0001090484685)
(2.5125 0.002497620555 -0.0001090484685)
(2.525 0.002497620555 -0.0001090484685)
(2.5375 0.002497620555 -0.0001090484685)
(2.55 0.002497620555 -0.0001090484685)
(2.5625 0.002497620555 -0.0001090484685)
(2.575 0.002497620555 -0.0001090484685)
(2.5875 0.002497620555 -0.0001090484685)
(2.6 0.002497620555 -0.0001090484685)
(2.6125 0.002497620555 -0.0001090484685)
(2.625 0.002497620555 -0.0001090484685)
(2.6375 0.002497620555 -0.0001090484685)
(2.65 0.002497620555 -0.0001090484685)
(2.6625 0.002497620555 -0.0001090484685)
(2.675 0.002497620555 -0.0001090484685)
(2.6875 0.002497620555 -0.0001090484685)
(2.7 0.002497620555 -0.0001090484685)
(2.7125 0.002497620555 -0.0001090484685)
(2.725 0.002497620555 -0.0001090484685)
(2.7375 0.002497620555 -0.0001090484685)
(2.75 0.002497620555 -0.0001090484685)
(2.7625 0.002497620555 -0.0001090484685)
(2.775 0.002497620555 -0.0001090484685)
(2.7875 0.002497620555 -0.0001090484685)
(2.8 0.002497620555 -0.0001090484685)
(2.8125 0.002497620555 -0.0001090484685)
(2.825 0.002497620555 -0.0001090484685)
(2.8375 0.002497620555 -0.0001090484685)
(2.85 0.002497620555 -0.0001090484685)
(2.8625 0.002497620555 -0.0001090484685)
(2.875 0.002497620555 -0.0001090484685)
(2.8875 0.002497620555 -0.0001090484685)
(2.9 0.002497620555 -0.0001090484685)
(2.9125 0.002497620555 -0.0001090484685)
(2.925 0.002497620555 -0.0001090484685)
(2.9375 0.002497620555 -0.0001090484685)
(2.95 0.002497620555 -0.0001090484685)
(2.9625 0.002497620555 -0.0001090484685)
(2.975 0.002497620555 -0.0001090484685)
(2.9875 0.002497620555 -0.0001090484685)
(3 0.002497620555 -0.0001090484685)
(2.25 0.00499524111 -0.000218096937)
(2.2625 0.00499524111 -0.000218096937)
(2.275 0.00499524111 -0.000218096937)
(2.2875 0.00499524111 -0.000218096937)
(2.3 0.00499524111 -0.000218096937)
(2.3125 0.00499524111 -0.000218096937)
(2.325 0.00499524111 -0.000218096937)
(2.3375 0.00499524111 -0.000218096937)
(2.35 0.00499524111 -0.000218096937)
(2.3625 0.00499524111 -0.000218096937)
(2.375 0.00499524111 -0.000218096937)
(2.3875 0.00499524111 -0.000218096937)
(2.4 0.00499524111 -0.000218096937)
(2.4125 0.00499524111 -0.000218096937)
(2.425 0.00499524111 -0.000218096937)
(2.4375 0.00499524111 -0.000218096937)
(2.45 0.00499524111 -0.000218096937)
(2.4625 0.00499524111 -0.000218096937)
(2.475 0.00499524111 -0.000218096937)
(2.4875 0.00499524111 -0.000218096937)
(2.5 0.00499524111 -0.000218096937)
(2.5125 0.00499524111 -0.000218096937)
(2.525 0.00499524111 -0.000218096937)
(2.5375 0.00499524111 -0.000218096937)
(2.55 0.00499524111 -0.000218096937)
(2.5625 0.00499524111 -0.000218096937)
(2.575 0.00499524111 -0.000218096937)
(2.5875 0.00499524111 -0.000218096937)
(2.6 0.00499524111 -0.000218096937)
(2.6125 0.00499524111 -0.000218096937)
(2.625 0.00499524111 -0.000218096937)
(2.6375 0.00499524111 -0.000218096937)
(2.65 0.00499524111 -0.000218096937)
(2.6625 0.00499524111 -0.000218096937)
(2.675 0.00499524111 -0.000218096937)
(2.6875 0.00499524111 -0.000218096937)
(2.7 0.00499524111 -0.000218096937)
(2.7125 0.00499524111 -0.000218096937)
(2.725 0.00499524111 -0.000218096937)
(2.7375 0.00499524111 -0.000218096937)
(2.75 0.00499524111 -0.000218096937)
(2.7625 0.00499524111 -0.000218096937)
(2.775 0.00499524111 -0.000218096937)
(2.7875 0.00499524111 -0.000218096937)
(2.8 0.00499524111 -0.000218096937)
(2.8125 0.00499524111 -0.000218096937)
(2.825 0.00499524111 -0.000218096937)
(2.8375 0.00499524111 -0.000218096937)
(2.85 0.00499524111 -0.000218096937)
(2.8625 0.00499524111 -0.000218096937)
(2.875 0.00499524111 -0.000218096937)
(2.8875 0.00499524111 -0.000218096937)
(2.9 0.00499524111 -0.000218096937)
(2.9125 0.00499524111 -0.000218096937)
(2.925 0.00499524111 -0.000218096937)
(2.9375 0.00499524111 -0.000218096937)
(2.95 0.00499524111 -0.000218096937)
(2.9625 0.00499524111 -0.000218096937)
(2.975 0.00499524111 -0.000218096937)
(2.9875 0.00499524111 -0.000218096937)
(3 0.00499524111 -0.000218096937)
(2.25 0.007492861665 -0.0003271454055)
(2.2625 0.007492861665 -0.0003271454055)
(2.275 0.007492861665 -0.0003271454055)
(2.2875 0.007492861665 -0.0003271454055)
(2.3 0.007492861665 -0.0003271454055)
(2.3125 0.007492861665 -0.0003271454055)
(2.325 0.007492861665 -0.0003271454055)
(2.3375 0.007492861665 -0.0003271454055)
(2.35 0.007492861665 -0.0003271454055)
(2.3625 0.007492861665 -0.0003271454055)
(2.375 0.007492861665 -0.0003271454055)
(2.3875 0.007492861665 -0.0003271454055)
(2.4 0.007492861665 -0.0003271454055)
(2.4125 0.007492861665 -0.0003271454055)
(2.425 0.007492861665 -0.0003271454055)
(2.4375 0.007492861665 -0.0003271454055)
(2.45 0.007492861665 -0.0003271454055)
(2.4625 0.007492861665 -0.0003271454055)
(2.475 0.007492861665 -0.0003271454055)
(2.4875 0.007492861665 -0.0003271454055)
(2.5 0.007492861665 -0.0003271454055)
(2.5125 0.007492861665 -0.0003271454055)
(2.525 0.007492861665 -0.0003271454055)
(2.5375 0.007492861665 -0.0003271454055)
(2.55 0.007492861665 -0.0003271454055)
(2.5625 0.007492861665 -0.0003271454055)
(2.575 0.007492861665 -0.0003271454055)
(2.5875 0.007492861665 -0.0003271454055)
(2.6 0.007492861665 -0.0003271454055)
(2.6125 0.007492861665 -0.0003271454055)
(2.625 0.007492861665 -0.0003271454055)
(2.6375 0.007492861665 -0.0003271454055)
(2.65 0.007492861665 -0.0003271454055)
(2.6625 0.007492861665 -0.0003271454055)
(2.675 0.007492861665 -0.0003271454055)
(2.6875 0.007492861665 -0.0003271454055)
(2.7 0.007492861665 -0.0003271454055)
(2.7125 0.007492861665 -0.0003271454055)
(2.725 0.007492861665 -0.0003271454055)
(2.7375 0.007492861665 -0.0003271454055)
(2.75 0.007492861665 -0.0003271454055)
(2.7625 0.007492861665 -0.0003271454055)
(2.775 0.007492861665 -0.0003271454055)
(2.7875 0.007492861665 -0.0003271454055)
(2.8 0.007492861665 -0.0003271454055)
(2.8125 0.007492861665 -0.0003271454055)
(2.825 0.007492861665 -0.0003271454055)
(2.8375 0.007492861665 -0.0003271454055)
(2.85 0.007492861665 -0.0003271454055)
(2.8625 0.007492861665 -0.0003271454055)
(2.875 0.007492861665 -0.0003271454055)
(2.8875 0.007492861665 -0.0003271454055)
(2.9 0.007492861665 -0.0003271454055)
(2.9125 0.007492861665 -0.0003271454055)
(2.925 0.007492861665 -0.0003271454055)
(2.9375 0.007492861665 -0.0003271454055)
(2.95 0.007492861665 -0.0003271454055)
(2.9625 0.007492861665 -0.0003271454055)
(2.975 0.007492861665 -0.0003271454055)
(2.9875 0.007492861665 -0.0003271454055)
(3 0.007492861665 -0.0003271454055)
(2.25 0.00999048222 -0.000436193874)
(2.2625 0.00999048222 -0.000436193874)
(2.275 0.00999048222 -0.000436193874)
(2.2875 0.00999048222 -0.000436193874)
(2.3 0.00999048222 -0.000436193874)
(2.3125 0.00999048222 -0.000436193874)
(2.325 0.00999048222 -0.000436193874)
(2.3375 0.00999048222 -0.000436193874)
(2.35 0.00999048222 -0.000436193874)
(2.3625 0.00999048222 -0.000436193874)
(2.375 0.00999048222 -0.000436193874)
(2.3875 0.00999048222 -0.000436193874)
(2.4 0.00999048222 -0.000436193874)
(2.4125 0.00999048222 -0.000436193874)
(2.425 0.00999048222 -0.000436193874)
(2.4375 0.00999048222 -0.000436193874)
(2.45 0.00999048222 -0.000436193874)
(2.4625 0.00999048222 -0.000436193874)
(2.475 0.00999048222 -0.000436193874)
(2.4875 0.00999048222 -0.000436193874)
(2.5 0.00999048222 -0.000436193874)
(2.5125 0.00999048222 -0.000436193874)
(2.525 0.00999048222 -0.000436193874)
(2.5375 0.00999048222 -0.000436193874)
(2.55 0.00999048222 -0.000436193874)
(2.5625 0.00999048222 -0.000436193874)
(2.575 0.00999048222 -0.000436193874)
(2.5875 0.00999048222 -0.000436193874)
(2.6 0.00999048222 -0.000436193874)
(2.6125 0.00999048222 -0.000436193874)
(2.625 0.00999048222 -0.000436193874)
(2.6375 0.00999048222 -0.000436193874)
(2.65 0.00999048222 -0.000436193874)
(2.6625 0.00999048222 -0.000436193874)
(2.675 0.00999048222 -0.000436193874)
(2.6875 0.00999048222 -0.000436193874)
(2.7 0.00999048222 -0.000436193874)
(2.7125 0.00999048222 -0.000436193874)
(2.725 0.00999048222 -0.000436193874)
(2.7375 0.00999048222 -0.000436193874)
(2.75 0.00999048222 -0.000436193874)
(2.7625 0.00999048222 -0.000436193874)
(2.775 0.00999048222 -0.000436193874)
(2.7875 0.00999048222 -0.000436193874)
(2.8 0.00999048222 -0.000436193874)
(2.8125 0.00999048222 -0.000436193874)
(2.825 0.00999048222 -0.000436193874)
(2.8375 0.00999048222 -0.000436193874)
(2.85 0.00999048222 -0.000436193874)
(2.8625 0.00999048222 -0.000436193874)
(2.875 0.00999048222 -0.000436193874)
(2.8875 0.00999048222 -0.000436193874)
(2.9 0.00999048222 -0.000436193874)
(2.9125 0.00999048222 -0.000436193874)
(2.925 0.00999048222 -0.000436193874)
(2.9375 0.00999048222 -0.000436193874)
(2.95 0.00999048222 -0.000436193874)
(2.9625 0.00999048222 -0.000436193874)
(2.975 0.00999048222 -0.000436193874)
(2.9875 0.00999048222 -0.000436193874)
(3 0.00999048222 -0.000436193874)
(2.25 0.01248810278 -0.0005452423425)
(2.2625 0.01248810278 -0.0005452423425)
(2.275 0.01248810278 -0.0005452423425)
(2.2875 0.01248810278 -0.0005452423425)
(2.3 0.01248810278 -0.0005452423425)
(2.3125 0.01248810278 -0.0005452423425)
(2.325 0.01248810278 -0.0005452423425)
(2.3375 0.01248810278 -0.0005452423425)
(2.35 0.01248810278 -0.0005452423425)
(2.3625 0.01248810278 -0.0005452423425)
(2.375 0.01248810278 -0.0005452423425)
(2.3875 0.01248810278 -0.0005452423425)
(2.4 0.01248810278 -0.0005452423425)
(2.4125 0.01248810278 -0.0005452423425)
(2.425 0.01248810278 -0.0005452423425)
(2.4375 0.01248810278 -0.0005452423425)
(2.45 0.01248810278 -0.0005452423425)
(2.4625 0.01248810278 -0.0005452423425)
(2.475 0.01248810278 -0.0005452423425)
(2.4875 0.01248810278 -0.0005452423425)
(2.5 0.01248810278 -0.0005452423425)
(2.5125 0.01248810278 -0.0005452423425)
(2.525 0.01248810278 -0.0005452423425)
(2.5375 0.01248810278 -0.0005452423425)
(2.55 0.01248810278 -0.0005452423425)
(2.5625 0.01248810278 -0.0005452423425)
(2.575 0.01248810278 -0.0005452423425)
(2.5875 0.01248810278 -0.0005452423425)
(2.6 0.01248810278 -0.0005452423425)
(2.6125 0.01248810278 -0.0005452423425)
(2.625 0.01248810278 -0.0005452423425)
(2.6375 0.01248810278 -0.0005452423425)
(2.65 0.01248810278 -0.0005452423425)
(2.6625 0.01248810278 -0.0005452423425)
(2.675 0.01248810278 -0.0005452423425)
(2.6875 0.01248810278 -0.0005452423425)
(2.7 0.01248810278 -0.0005452423425)
(2.7125 0.01248810278 -0.0005452423425)
(2.725 0.01248810278 -0.0005452423425)
(2.7375 0.01248810278 -0.0005452423425)
(2.75 0.01248810278 -0.0005452423425)
(2.7625 0.01248810278 -0.0005452423425)
(2.775 0.01248810278 -0.0005452423425)
(2.7875 0.01248810278 -0.0005452423425)
(2.8 0.01248810278 -0.0005452423425)
(2.8125 0.01248810278 -0.0005452423425)
(2.825 0.01248810278 -0.0005452423425)
(2.8375 0.01248810278 -0.0005452423425)
(2.85 0.01248810278 -0.0005452423425)
(2.8625 0.01248810278 -0.0005452423425)
(2.875 0.01248810278 -0.0005452423425)
(2.8875 0.01248810278 -0.0005452423425)
(2.9 0.01248810278 -0.0005452423425)
(2.9125 0.01248810278 -0.0005452423425)
(2.925 0.01248810278 -0.0005452423425)
(2.9375 0.01248810278 -0.0005452423425)
(2.95 0.01248810278 -0.0005452423425)
(2.9625 0.01248810278 -0.0005452423425)
(2.975 0.01248810278 -0.0005452423425)
(2.9875 0.01248810278 -0.0005452423425)
(3 0.01248810278 -0.0005452423425)
(2.25 0.01498572333 -0.000654290811)
(2.2625 0.01498572333 -0.000654290811)
(2.275 0.01498572333 -0.000654290811)
(2.2875 0.01498572333 -0.000654290811)
(2.3 0.01498572333 -0.000654290811)
(2.3125 0.01498572333 -0.000654290811)
(2.325 0.01498572333 -0.000654290811)
(2.3375 0.01498572333 -0.000654290811)
(2.35 0.01498572333 -0.000654290811)
(2.3625 0.01498572333 -0.000654290811)
(2.375 0.01498572333 -0.000654290811)
(2.3875 0.01498572333 -0.000654290811)
(2.4 0.01498572333 -0.000654290811)
(2.4125 0.01498572333 -0.000654290811)
(2.425 0.01498572333 -0.000654290811)
(2.4375 0.01498572333 -0.000654290811)
(2.45 0.01498572333 -0.000654290811)
(2.4625 0.01498572333 -0.000654290811)
(2.475 0.01498572333 -0.000654290811)
(2.4875 0.01498572333 -0.000654290811)
(2.5 0.01498572333 -0.000654290811)
(2.5125 0.01498572333 -0.000654290811)
(2.525 0.01498572333 -0.000654290811)
(2.5375 0.01498572333 -0.000654290811)
(2.55 0.01498572333 -0.000654290811)
(2.5625 0.01498572333 -0.000654290811)
(2.575 0.01498572333 -0.000654290811)
(2.5875 0.01498572333 -0.000654290811)
(2.6 0.01498572333 -0.000654290811)
(2.6125 0.01498572333 -0.000654290811)
(2.625 0.01498572333 -0.000654290811)
(2.6375 0.01498572333 -0.000654290811)
(2.65 0.01498572333 -0.000654290811)
(2.6625 0.01498572333 -0.000654290811)
(2.675 0.01498572333 -0.000654290811)
(2.6875 0.01498572333 -0.000654290811)
(2.7 0.01498572333 -0.000654290811)
(2.7125 0.01498572333 -0.000654290811)
(2.725 0.01498572333 -0.000654290811)
(2.7375 0.01498572333 -0.000654290811)
(2.75 0.01498572333 -0.000654290811)
(2.7625 0.01498572333 -0.000654290811)
(2.775 0.01498572333 -0.000654290811)
(2.7875 0.01498572333 -0.000654290811)
(2.8 0.01498572333 -0.000654290811)
(2.8125 0.01498572333 -0.000654290811)
(2.825 0.01498572333 -0.000654290811)
(2.8375 0.01498572333 -0.000654290811)
(2.85 0.01498572333 -0.000654290811)
(2.8625 0.01498572333 -0.000654290811)
(2.875 0.01498572333 -0.000654290811)
(2.8875 0.01498572333 -0.000654290811)
(2.9 0.01498572333 -0.000654290811)
(2.9125 0.01498572333 -0.000654290811)
(2.925 0.01498572333 -0.000654290811)
(2.9375 0.01498572333 -0.000654290811)
(2.95 0.01498572333 -0.000654290811)
(2.9625 0.01498572333 -0.000654290811)
(2.975 0.01498572333 -0.000654290811)
(2.9875 0.01498572333 -0.000654290811)
(3 0.01498572333 -0.000654290811)
(2.25 0.01748334388 -0.0007633392795)
(2.2625 0.01748334388 -0.0007633392795)
(2.275 0.01748334388 -0.0007633392795)
(2.2875 0.01748334388 -0.0007633392795)
(2.3 0.01748334388 -0.0007633392795)
(2.3125 0.01748334388 -0.0007633392795)
(2.325 0.01748334388 -0.0007633392795)
(2.3375 0.01748334388 -0.0007633392795)
(2.35 0.01748334388 -0.0007633392795)
(2.3625 0.01748334388 -0.0007633392795)
(2.375 0.01748334389 -0.0007633392795)
(2.3875 0.01748334388 -0.0007633392795)
(2.4 0.01748334388 -0.0007633392795)
(2.4125 0.01748334388 -0.0007633392795)
(2.425 0.01748334389 -0.0007633392795)
(2.4375 0.01748334388 -0.0007633392795)
(2.45 0.01748334388 -0.0007633392795)
(2.4625 0.01748334388 -0.0007633392795)
(2.475 0.01748334388 -0.0007633392795)
(2.4875 0.01748334388 -0.0007633392795)
(2.5 0.01748334389 -0.0007633392795)
(2.5125 0.01748334388 -0.0007633392795)
(2.525 0.01748334388 -0.0007633392795)
(2.5375 0.01748334388 -0.0007633392795)
(2.55 0.01748334388 -0.0007633392795)
(2.5625 0.01748334388 -0.0007633392795)
(2.575 0.01748334388 -0.0007633392795)
(2.5875 0.01748334388 -0.0007633392795)
(2.6 0.01748334388 -0.0007633392795)
(2.6125 0.01748334388 -0.0007633392795)
(2.625 0.01748334388 -0.0007633392795)
(2.6375 0.01748334389 -0.0007633392795)
(2.65 0.01748334388 -0.0007633392795)
(2.6625 0.01748334388 -0.0007633392795)
(2.675 0.01748334388 -0.0007633392795)
(2.6875 0.01748334388 -0.0007633392795)
(2.7 0.01748334389 -0.0007633392795)
(2.7125 0.01748334389 -0.0007633392795)
(2.725 0.01748334388 -0.0007633392795)
(2.7375 0.01748334388 -0.0007633392795)
(2.75 0.01748334388 -0.0007633392795)
(2.7625 0.01748334388 -0.0007633392795)
(2.775 0.01748334388 -0.0007633392795)
(2.7875 0.01748334388 -0.0007633392795)
(2.8 0.01748334388 -0.0007633392795)
(2.8125 0.01748334388 -0.0007633392795)
(2.825 0.01748334388 -0.0007633392795)
(2.8375 0.01748334389 -0.0007633392795)
(2.85 0.01748334389 -0.0007633392795)
(2.8625 0.01748334388 -0.0007633392795)
(2.875 0.01748334388 -0.0007633392795)
(2.8875 0.01748334388 -0.0007633392795)
(2.9 0.01748334389 -0.0007633392795)
(2.9125 0.01748334389 -0.0007633392795)
(2.925 0.01748334388 -0.0007633392795)
(2.9375 0.01748334388 -0.0007633392795)
(2.95 0.01748334388 -0.0007633392795)
(2.9625 0.01748334388 -0.0007633392795)
(2.975 0.01748334388 -0.0007633392795)
(2.9875 0.01748334388 -0.0007633392795)
(3 0.01748334388 -0.0007633392795)
(2.25 0.01998096444 -0.000872387748)
(2.2625 0.01998096444 -0.000872387748)
(2.275 0.01998096444 -0.000872387748)
(2.2875 0.01998096444 -0.000872387748)
(2.3 0.01998096444 -0.000872387748)
(2.3125 0.01998096444 -0.000872387748)
(2.325 0.01998096444 -0.000872387748)
(2.3375 0.01998096444 -0.000872387748)
(2.35 0.01998096444 -0.000872387748)
(2.3625 0.01998096444 -0.000872387748)
(2.375 0.01998096444 -0.000872387748)
(2.3875 0.01998096444 -0.000872387748)
(2.4 0.01998096444 -0.000872387748)
(2.4125 0.01998096444 -0.000872387748)
(2.425 0.01998096444 -0.000872387748)
(2.4375 0.01998096444 -0.000872387748)
(2.45 0.01998096444 -0.000872387748)
(2.4625 0.01998096444 -0.000872387748)
(2.475 0.01998096444 -0.000872387748)
(2.4875 0.01998096444 -0.000872387748)
(2.5 0.01998096444 -0.000872387748)
(2.5125 0.01998096444 -0.000872387748)
(2.525 0.01998096444 -0.000872387748)
(2.5375 0.01998096444 -0.000872387748)
(2.55 0.01998096444 -0.000872387748)
(2.5625 0.01998096444 -0.000872387748)
(2.575 0.01998096444 -0.000872387748)
(2.5875 0.01998096444 -0.000872387748)
(2.6 0.01998096444 -0.000872387748)
(2.6125 0.01998096444 -0.000872387748)
(2.625 0.01998096444 -0.000872387748)
(2.6375 0.01998096444 -0.000872387748)
(2.65 0.01998096444 -0.000872387748)
(2.6625 0.01998096444 -0.000872387748)
(2.675 0.01998096444 -0.000872387748)
(2.6875 0.01998096444 -0.000872387748)
(2.7 0.01998096444 -0.000872387748)
(2.7125 0.01998096444 -0.000872387748)
(2.725 0.01998096444 -0.000872387748)
(2.7375 0.01998096444 -0.000872387748)
(2.75 0.01998096444 -0.000872387748)
(2.7625 0.01998096444 -0.000872387748)
(2.775 0.01998096444 -0.000872387748)
(2.7875 0.01998096444 -0.000872387748)
(2.8 0.01998096444 -0.000872387748)
(2.8125 0.01998096444 -0.000872387748)
(2.825 0.01998096444 -0.000872387748)
(2.8375 0.01998096444 -0.000872387748)
(2.85 0.01998096444 -0.000872387748)
(2.8625 0.01998096444 -0.000872387748)
(2.875 0.01998096444 -0.000872387748)
(2.8875 0.01998096444 -0.000872387748)
(2.9 0.01998096444 -0.000872387748)
(2.9125 0.01998096444 -0.000872387748)
(2.925 0.01998096444 -0.000872387748)
(2.9375 0.01998096444 -0.000872387748)
(2.95 0.01998096444 -0.000872387748)
(2.9625 0.01998096444 -0.000872387748)
(2.975 0.01998096444 -0.000872387748)
(2.9875 0.01998096444 -0.000872387748)
(3 0.01998096444 -0.000872387748)
(2.25 0.022478585 -0.0009814362165)
(2.2625 0.022478585 -0.0009814362165)
(2.275 0.022478585 -0.0009814362165)
(2.2875 0.022478585 -0.0009814362165)
(2.3 0.02247858499 -0.0009814362165)
(2.3125 0.02247858499 -0.0009814362165)
(2.325 0.02247858499 -0.0009814362165)
(2.3375 0.02247858499 -0.0009814362165)
(2.35 0.022478585 -0.0009814362165)
(2.3625 0.02247858499 -0.0009814362165)
(2.375 0.022478585 -0.0009814362165)
(2.3875 0.02247858499 -0.0009814362165)
(2.4 0.022478585 -0.0009814362165)
(2.4125 0.02247858499 -0.0009814362165)
(2.425 0.022478585 -0.0009814362165)
(2.4375 0.022478585 -0.0009814362165)
(2.45 0.022478585 -0.0009814362165)
(2.4625 0.02247858499 -0.0009814362165)
(2.475 0.022478585 -0.0009814362165)
(2.4875 0.022478585 -0.0009814362165)
(2.5 0.02247858499 -0.0009814362165)
(2.5125 0.022478585 -0.0009814362165)
(2.525 0.02247858499 -0.0009814362165)
(2.5375 0.022478585 -0.0009814362165)
(2.55 0.02247858499 -0.0009814362165)
(2.5625 0.02247858499 -0.0009814362165)
(2.575 0.02247858499 -0.0009814362165)
(2.5875 0.022478585 -0.0009814362165)
(2.6 0.02247858499 -0.0009814362165)
(2.6125 0.022478585 -0.0009814362165)
(2.625 0.022478585 -0.0009814362165)
(2.6375 0.022478585 -0.0009814362165)
(2.65 0.02247858499 -0.0009814362165)
(2.6625 0.022478585 -0.0009814362165)
(2.675 0.02247858499 -0.0009814362165)
(2.6875 0.02247858499 -0.0009814362165)
(2.7 0.022478585 -0.0009814362165)
(2.7125 0.02247858499 -0.0009814362165)
(2.725 0.022478585 -0.0009814362165)
(2.7375 0.02247858499 -0.0009814362165)
(2.75 0.022478585 -0.0009814362165)
(2.7625 0.02247858499 -0.0009814362165)
(2.775 0.022478585 -0.0009814362165)
(2.7875 0.02247858499 -0.0009814362165)
(2.8 0.022478585 -0.0009814362165)
(2.8125 0.022478585 -0.0009814362165)
(2.825 0.02247858499 -0.0009814362165)
(2.8375 0.02247858499 -0.0009814362165)
(2.85 0.022478585 -0.0009814362165)
(2.8625 0.022478585 -0.0009814362165)
(2.875 0.02247858499 -0.0009814362165)
(2.8875 0.022478585 -0.0009814362165)
(2.9 0.02247858499 -0.0009814362165)
(2.9125 0.022478585 -0.0009814362165)
(2.925 0.02247858499 -0.0009814362165)
(2.9375 0.022478585 -0.0009814362165)
(2.95 0.02247858499 -0.0009814362165)
(2.9625 0.022478585 -0.0009814362165)
(2.975 0.02247858499 -0.0009814362165)
(2.9875 0.022478585 -0.0009814362165)
(3 0.022478585 -0.0009814362165)
(2.25 0.02497620555 -0.001090484685)
(2.2625 0.02497620555 -0.001090484685)
(2.275 0.02497620555 -0.001090484685)
(2.2875 0.02497620555 -0.001090484685)
(2.3 0.02497620555 -0.001090484685)
(2.3125 0.02497620555 -0.001090484685)
(2.325 0.02497620555 -0.001090484685)
(2.3375 0.02497620555 -0.001090484685)
(2.35 0.02497620555 -0.001090484685)
(2.3625 0.02497620555 -0.001090484685)
(2.375 0.02497620555 -0.001090484685)
(2.3875 0.02497620555 -0.001090484685)
(2.4 0.02497620555 -0.001090484685)
(2.4125 0.02497620555 -0.001090484685)
(2.425 0.02497620555 -0.001090484685)
(2.4375 0.02497620555 -0.001090484685)
(2.45 0.02497620555 -0.001090484685)
(2.4625 0.02497620555 -0.001090484685)
(2.475 0.02497620555 -0.001090484685)
(2.4875 0.02497620555 -0.001090484685)
(2.5 0.02497620555 -0.001090484685)
(2.5125 0.02497620555 -0.001090484685)
(2.525 0.02497620555 -0.001090484685)
(2.5375 0.02497620555 -0.001090484685)
(2.55 0.02497620555 -0.001090484685)
(2.5625 0.02497620555 -0.001090484685)
(2.575 0.02497620555 -0.001090484685)
(2.5875 0.02497620555 -0.001090484685)
(2.6 0.02497620555 -0.001090484685)
(2.6125 0.02497620555 -0.001090484685)
(2.625 0.02497620555 -0.001090484685)
(2.6375 0.02497620555 -0.001090484685)
(2.65 0.02497620555 -0.001090484685)
(2.6625 0.02497620555 -0.001090484685)
(2.675 0.02497620555 -0.001090484685)
(2.6875 0.02497620555 -0.001090484685)
(2.7 0.02497620555 -0.001090484685)
(2.7125 0.02497620555 -0.001090484685)
(2.725 0.02497620555 -0.001090484685)
(2.7375 0.02497620555 -0.001090484685)
(2.75 0.02497620555 -0.001090484685)
(2.7625 0.02497620555 -0.001090484685)
(2.775 0.02497620555 -0.001090484685)
(2.7875 0.02497620555 -0.001090484685)
(2.8 0.02497620555 -0.001090484685)
(2.8125 0.02497620555 -0.001090484685)
(2.825 0.02497620555 -0.001090484685)
(2.8375 0.02497620555 -0.001090484685)
(2.85 0.02497620555 -0.001090484685)
(2.8625 0.02497620555 -0.001090484685)
(2.875 0.02497620555 -0.001090484685)
(2.8875 0.02497620555 -0.001090484685)
(2.9 0.02497620555 -0.001090484685)
(2.9125 0.02497620555 -0.001090484685)
(2.925 0.02497620555 -0.001090484685)
(2.9375 0.02497620555 -0.001090484685)
(2.95 0.02497620555 -0.001090484685)
(2.9625 0.02497620555 -0.001090484685)
(2.975 0.02497620555 -0.001090484685)
(2.9875 0.02497620555 -0.001090484685)
(3 0.02497620555 -0.001090484685)
(2.25 0.02747382611 -0.001199533154)
(2.2625 0.02747382611 -0.001199533154)
(2.275 0.02747382611 -0.001199533154)
(2.2875 0.02747382611 -0.001199533154)
(2.3 0.02747382611 -0.001199533154)
(2.3125 0.02747382611 -0.001199533154)
(2.325 0.02747382611 -0.001199533154)
(2.3375 0.02747382611 -0.001199533154)
(2.35 0.02747382611 -0.001199533154)
(2.3625 0.02747382611 -0.001199533154)
(2.375 0.02747382611 -0.001199533153)
(2.3875 0.02747382611 -0.001199533154)
(2.4 0.02747382611 -0.001199533154)
(2.4125 0.02747382611 -0.001199533154)
(2.425 0.02747382611 -0.001199533153)
(2.4375 0.02747382611 -0.001199533154)
(2.45 0.02747382611 -0.001199533154)
(2.4625 0.02747382611 -0.001199533154)
(2.475 0.02747382611 -0.001199533154)
(2.4875 0.02747382611 -0.001199533154)
(2.5 0.02747382611 -0.001199533154)
(2.5125 0.02747382611 -0.001199533154)
(2.525 0.02747382611 -0.001199533154)
(2.5375 0.02747382611 -0.001199533154)
(2.55 0.02747382611 -0.001199533154)
(2.5625 0.02747382611 -0.001199533154)
(2.575 0.02747382611 -0.001199533154)
(2.5875 0.02747382611 -0.001199533154)
(2.6 0.02747382611 -0.001199533154)
(2.6125 0.02747382611 -0.001199533154)
(2.625 0.02747382611 -0.001199533154)
(2.6375 0.02747382611 -0.001199533154)
(2.65 0.02747382611 -0.001199533153)
(2.6625 0.02747382611 -0.001199533154)
(2.675 0.02747382611 -0.001199533154)
(2.6875 0.02747382611 -0.001199533154)
(2.7 0.02747382611 -0.001199533154)
(2.7125 0.02747382611 -0.001199533154)
(2.725 0.02747382611 -0.001199533154)
(2.7375 0.02747382611 -0.001199533154)
(2.75 0.02747382611 -0.001199533153)
(2.7625 0.02747382611 -0.001199533154)
(2.775 0.02747382611 -0.001199533154)
(2.7875 0.02747382611 -0.001199533154)
(2.8 0.02747382611 -0.001199533153)
(2.8125 0.02747382611 -0.001199533153)
(2.825 0.02747382611 -0.001199533154)
(2.8375 0.02747382611 -0.001199533154)
(2.85 0.02747382611 -0.001199533154)
(2.8625 0.02747382611 -0.001199533154)
(2.875 0.02747382611 -0.001199533154)
(2.8875 0.02747382611 -0.001199533154)
(2.9 0.02747382611 -0.001199533154)
(2.9125 0.02747382611 -0.001199533154)
(2.925 0.02747382611 -0.001199533154)
(2.9375 0.02747382611 -0.001199533154)
(2.95 0.02747382611 -0.001199533154)
(2.9625 0.02747382611 -0.001199533153)
(2.975 0.02747382611 -0.001199533154)
(2.9875 0.02747382611 -0.001199533154)
(3 0.02747382611 -0.001199533154)
(2.25 0.02997144666 -0.001308581622)
(2.2625 0.02997144666 -0.001308581622)
(2.275 0.02997144666 -0.001308581622)
(2.2875 0.02997144666 -0.001308581622)
(2.3 0.02997144666 -0.001308581622)
(2.3125 0.02997144666 -0.001308581622)
(2.325 0.02997144666 -0.001308581622)
(2.3375 0.02997144666 -0.001308581622)
(2.35 0.02997144666 -0.001308581622)
(2.3625 0.02997144666 -0.001308581622)
(2.375 0.02997144666 -0.001308581622)
(2.3875 0.02997144666 -0.001308581622)
(2.4 0.02997144666 -0.001308581622)
(2.4125 0.02997144666 -0.001308581622)
(2.425 0.02997144666 -0.001308581622)
(2.4375 0.02997144666 -0.001308581622)
(2.45 0.02997144666 -0.001308581622)
(2.4625 0.02997144666 -0.001308581622)
(2.475 0.02997144666 -0.001308581622)
(2.4875 0.02997144666 -0.001308581622)
(2.5 0.02997144666 -0.001308581622)
(2.5125 0.02997144666 -0.001308581622)
(2.525 0.02997144666 -0.001308581622)
(2.5375 0.02997144666 -0.001308581622)
(2.55 0.02997144666 -0.001308581622)
(2.5625 0.02997144666 -0.001308581622)
(2.575 0.02997144666 -0.001308581622)
(2.5875 0.02997144666 -0.001308581622)
(2.6 0.02997144666 -0.001308581622)
(2.6125 0.02997144666 -0.001308581622)
(2.625 0.02997144666 -0.001308581622)
(2.6375 0.02997144666 -0.001308581622)
(2.65 0.02997144666 -0.001308581622)
(2.6625 0.02997144666 -0.001308581622)
(2.675 0.02997144666 -0.001308581622)
(2.6875 0.02997144666 -0.001308581622)
(2.7 0.02997144666 -0.001308581622)
(2.7125 0.02997144666 -0.001308581622)
(2.725 0.02997144666 -0.001308581622)
(2.7375 0.02997144666 -0.001308581622)
(2.75 0.02997144666 -0.001308581622)
(2.7625 0.02997144666 -0.001308581622)
(2.775 0.02997144666 -0.001308581622)
(2.7875 0.02997144666 -0.001308581622)
(2.8 0.02997144666 -0.001308581622)
(2.8125 0.02997144666 -0.001308581622)
(2.825 0.02997144666 -0.001308581622)
(2.8375 0.02997144666 -0.001308581622)
(2.85 0.02997144666 -0.001308581622)
(2.8625 0.02997144666 -0.001308581622)
(2.875 0.02997144666 -0.001308581622)
(2.8875 0.02997144666 -0.001308581622)
(2.9 0.02997144666 -0.001308581622)
(2.9125 0.02997144666 -0.001308581622)
(2.925 0.02997144666 -0.001308581622)
(2.9375 0.02997144666 -0.001308581622)
(2.95 0.02997144666 -0.001308581622)
(2.9625 0.02997144666 -0.001308581622)
(2.975 0.02997144666 -0.001308581622)
(2.9875 0.02997144666 -0.001308581622)
(3 0.02997144666 -0.001308581622)
(2.25 0.03246906722 -0.001417630091)
(2.2625 0.03246906722 -0.001417630091)
(2.275 0.03246906722 -0.001417630091)
(2.2875 0.03246906722 -0.00141763009)
(2.3 0.03246906722 -0.001417630091)
(2.3125 0.03246906722 -0.001417630091)
(2.325 0.03246906722 -0.001417630091)
(2.3375 0.03246906722 -0.001417630091)
(2.35 0.03246906722 -0.001417630091)
(2.3625 0.03246906722 -0.00141763009)
(2.375 0.03246906722 -0.00141763009)
(2.3875 0.03246906722 -0.001417630091)
(2.4 0.03246906722 -0.001417630091)
(2.4125 0.03246906722 -0.001417630091)
(2.425 0.03246906722 -0.001417630091)
(2.4375 0.03246906722 -0.001417630091)
(2.45 0.03246906722 -0.001417630091)
(2.4625 0.03246906722 -0.001417630091)
(2.475 0.03246906722 -0.001417630091)
(2.4875 0.03246906722 -0.001417630091)
(2.5 0.03246906722 -0.001417630091)
(2.5125 0.03246906722 -0.001417630091)
(2.525 0.03246906722 -0.001417630091)
(2.5375 0.03246906722 -0.001417630091)
(2.55 0.03246906722 -0.001417630091)
(2.5625 0.03246906722 -0.001417630091)
(2.575 0.03246906722 -0.00141763009)
(2.5875 0.03246906722 -0.001417630091)
(2.6 0.03246906722 -0.001417630091)
(2.6125 0.03246906722 -0.001417630091)
(2.625 0.03246906722 -0.001417630091)
(2.6375 0.03246906722 -0.001417630091)
(2.65 0.03246906722 -0.001417630091)
(2.6625 0.03246906722 -0.001417630091)
(2.675 0.03246906722 -0.001417630091)
(2.6875 0.03246906722 -0.001417630091)
(2.7 0.03246906722 -0.001417630091)
(2.7125 0.03246906722 -0.001417630091)
(2.725 0.03246906722 -0.001417630091)
(2.7375 0.03246906722 -0.001417630091)
(2.75 0.03246906722 -0.001417630091)
(2.7625 0.03246906722 -0.001417630091)
(2.775 0.03246906722 -0.001417630091)
(2.7875 0.03246906722 -0.001417630091)
(2.8 0.03246906722 -0.001417630091)
(2.8125 0.03246906722 -0.001417630091)
(2.825 0.03246906722 -0.001417630091)
(2.8375 0.03246906722 -0.001417630091)
(2.85 0.03246906722 -0.00141763009)
(2.8625 0.03246906722 -0.001417630091)
(2.875 0.03246906722 -0.001417630091)
(2.8875 0.03246906722 -0.001417630091)
(2.9 0.03246906722 -0.001417630091)
(2.9125 0.03246906722 -0.001417630091)
(2.925 0.03246906722 -0.001417630091)
(2.9375 0.03246906722 -0.001417630091)
(2.95 0.03246906722 -0.001417630091)
(2.9625 0.03246906722 -0.001417630091)
(2.975 0.03246906722 -0.001417630091)
(2.9875 0.03246906722 -0.001417630091)
(3 0.03246906722 -0.001417630091)
(2.25 0.03496668777 -0.001526678559)
(2.2625 0.03496668777 -0.001526678559)
(2.275 0.03496668777 -0.001526678559)
(2.2875 0.03496668777 -0.001526678559)
(2.3 0.03496668777 -0.001526678559)
(2.3125 0.03496668777 -0.001526678559)
(2.325 0.03496668777 -0.001526678559)
(2.3375 0.03496668777 -0.001526678559)
(2.35 0.03496668777 -0.001526678559)
(2.3625 0.03496668777 -0.001526678559)
(2.375 0.03496668777 -0.001526678559)
(2.3875 0.03496668777 -0.001526678559)
(2.4 0.03496668777 -0.001526678559)
(2.4125 0.03496668777 -0.001526678559)
(2.425 0.03496668777 -0.001526678559)
(2.4375 0.03496668777 -0.001526678559)
(2.45 0.03496668777 -0.001526678559)
(2.4625 0.03496668777 -0.001526678559)
(2.475 0.03496668777 -0.001526678559)
(2.4875 0.03496668777 -0.001526678559)
(2.5 0.03496668777 -0.001526678559)
(2.5125 0.03496668777 -0.001526678559)
(2.525 0.03496668777 -0.001526678559)
(2.5375 0.03496668777 -0.001526678559)
(2.55 0.03496668777 -0.001526678559)
(2.5625 0.03496668777 -0.001526678559)
(2.575 0.03496668777 -0.001526678559)
(2.5875 0.03496668777 -0.001526678559)
(2.6 0.03496668777 -0.001526678559)
(2.6125 0.03496668777 -0.001526678559)
(2.625 0.03496668777 -0.001526678559)
(2.6375 0.03496668777 -0.001526678559)
(2.65 0.03496668777 -0.001526678559)
(2.6625 0.03496668777 -0.001526678559)
(2.675 0.03496668777 -0.001526678559)
(2.6875 0.03496668777 -0.001526678559)
(2.7 0.03496668777 -0.001526678559)
(2.7125 0.03496668777 -0.001526678559)
(2.725 0.03496668777 -0.001526678559)
(2.7375 0.03496668777 -0.001526678559)
(2.75 0.03496668777 -0.001526678559)
(2.7625 0.03496668777 -0.001526678559)
(2.775 0.03496668777 -0.001526678559)
(2.7875 0.03496668777 -0.001526678559)
(2.8 0.03496668777 -0.001526678559)
(2.8125 0.03496668777 -0.001526678559)
(2.825 0.03496668777 -0.001526678559)
(2.8375 0.03496668777 -0.001526678559)
(2.85 0.03496668777 -0.001526678559)
(2.8625 0.03496668777 -0.001526678559)
(2.875 0.03496668777 -0.001526678559)
(2.8875 0.03496668777 -0.001526678559)
(2.9 0.03496668777 -0.001526678559)
(2.9125 0.03496668777 -0.001526678559)
(2.925 0.03496668777 -0.001526678559)
(2.9375 0.03496668777 -0.001526678559)
(2.95 0.03496668777 -0.001526678559)
(2.9625 0.03496668777 -0.001526678559)
(2.975 0.03496668777 -0.001526678559)
(2.9875 0.03496668777 -0.001526678559)
(3 0.03496668777 -0.001526678559)
(2.25 0.03746430833 -0.001635727027)
(2.2625 0.03746430833 -0.001635727028)
(2.275 0.03746430833 -0.001635727027)
(2.2875 0.03746430833 -0.001635727027)
(2.3 0.03746430833 -0.001635727027)
(2.3125 0.03746430833 -0.001635727027)
(2.325 0.03746430833 -0.001635727027)
(2.3375 0.03746430833 -0.001635727027)
(2.35 0.03746430833 -0.001635727027)
(2.3625 0.03746430833 -0.001635727027)
(2.375 0.03746430833 -0.001635727027)
(2.3875 0.03746430833 -0.001635727027)
(2.4 0.03746430833 -0.001635727027)
(2.4125 0.03746430833 -0.001635727027)
(2.425 0.03746430833 -0.001635727027)
(2.4375 0.03746430833 -0.001635727027)
(2.45 0.03746430833 -0.001635727027)
(2.4625 0.03746430833 -0.001635727027)
(2.475 0.03746430833 -0.001635727027)
(2.4875 0.03746430833 -0.001635727027)
(2.5 0.03746430833 -0.001635727027)
(2.5125 0.03746430833 -0.001635727027)
(2.525 0.03746430833 -0.001635727027)
(2.5375 0.03746430833 -0.001635727027)
(2.55 0.03746430833 -0.001635727027)
(2.5625 0.03746430833 -0.001635727027)
(2.575 0.03746430833 -0.001635727027)
(2.5875 0.03746430833 -0.001635727027)
(2.6 0.03746430833 -0.001635727027)
(2.6125 0.03746430833 -0.001635727027)
(2.625 0.03746430833 -0.001635727027)
(2.6375 0.03746430833 -0.001635727027)
(2.65 0.03746430833 -0.001635727027)
(2.6625 0.03746430833 -0.001635727027)
(2.675 0.03746430833 -0.001635727027)
(2.6875 0.03746430833 -0.001635727027)
(2.7 0.03746430833 -0.001635727027)
(2.7125 0.03746430833 -0.001635727027)
(2.725 0.03746430833 -0.001635727027)
(2.7375 0.03746430833 -0.001635727027)
(2.75 0.03746430833 -0.001635727027)
(2.7625 0.03746430833 -0.001635727027)
(2.775 0.03746430833 -0.001635727027)
(2.7875 0.03746430833 -0.001635727027)
(2.8 0.03746430833 -0.001635727027)
(2.8125 0.03746430832 -0.001635727027)
(2.825 0.03746430833 -0.001635727027)
(2.8375 0.03746430833 -0.001635727027)
(2.85 0.03746430833 -0.001635727027)
(2.8625 0.03746430833 -0.001635727027)
(2.875 0.03746430833 -0.001635727027)
(2.8875 0.03746430833 -0.001635727027)
(2.9 0.03746430833 -0.001635727027)
(2.9125 0.03746430833 -0.001635727027)
(2.925 0.03746430832 -0.001635727027)
(2.9375 0.03746430833 -0.001635727027)
(2.95 0.03746430833 -0.001635727027)
(2.9625 0.03746430833 -0.001635727027)
(2.975 0.03746430833 -0.001635727027)
(2.9875 0.03746430833 -0.001635727027)
(3 0.03746430833 -0.001635727027)
(2.25 0.03996192888 -0.001744775496)
(2.2625 0.03996192888 -0.001744775496)
(2.275 0.03996192888 -0.001744775496)
(2.2875 0.03996192888 -0.001744775496)
(2.3 0.03996192888 -0.001744775496)
(2.3125 0.03996192888 -0.001744775496)
(2.325 0.03996192888 -0.001744775496)
(2.3375 0.03996192888 -0.001744775496)
(2.35 0.03996192888 -0.001744775496)
(2.3625 0.03996192888 -0.001744775496)
(2.375 0.03996192888 -0.001744775496)
(2.3875 0.03996192888 -0.001744775496)
(2.4 0.03996192888 -0.001744775496)
(2.4125 0.03996192888 -0.001744775496)
(2.425 0.03996192888 -0.001744775496)
(2.4375 0.03996192888 -0.001744775496)
(2.45 0.03996192888 -0.001744775496)
(2.4625 0.03996192888 -0.001744775496)
(2.475 0.03996192888 -0.001744775496)
(2.4875 0.03996192888 -0.001744775496)
(2.5 0.03996192888 -0.001744775496)
(2.5125 0.03996192888 -0.001744775496)
(2.525 0.03996192888 -0.001744775496)
(2.5375 0.03996192888 -0.001744775496)
(2.55 0.03996192888 -0.001744775496)
(2.5625 0.03996192888 -0.001744775496)
(2.575 0.03996192888 -0.001744775496)
(2.5875 0.03996192888 -0.001744775496)
(2.6 0.03996192888 -0.001744775496)
(2.6125 0.03996192888 -0.001744775496)
(2.625 0.03996192888 -0.001744775496)
(2.6375 0.03996192888 -0.001744775496)
(2.65 0.03996192888 -0.001744775496)
(2.6625 0.03996192888 -0.001744775496)
(2.675 0.03996192888 -0.001744775496)
(2.6875 0.03996192888 -0.001744775496)
(2.7 0.03996192888 -0.001744775496)
(2.7125 0.03996192888 -0.001744775496)
(2.725 0.03996192888 -0.001744775496)
(2.7375 0.03996192888 -0.001744775496)
(2.75 0.03996192888 -0.001744775496)
(2.7625 0.03996192888 -0.001744775496)
(2.775 0.03996192888 -0.001744775496)
(2.7875 0.03996192888 -0.001744775496)
(2.8 0.03996192888 -0.001744775496)
(2.8125 0.03996192888 -0.001744775496)
(2.825 0.03996192888 -0.001744775496)
(2.8375 0.03996192888 -0.001744775496)
(2.85 0.03996192888 -0.001744775496)
(2.8625 0.03996192888 -0.001744775496)
(2.875 0.03996192888 -0.001744775496)
(2.8875 0.03996192888 -0.001744775496)
(2.9 0.03996192888 -0.001744775496)
(2.9125 0.03996192888 -0.001744775496)
(2.925 0.03996192888 -0.001744775496)
(2.9375 0.03996192888 -0.001744775496)
(2.95 0.03996192888 -0.001744775496)
(2.9625 0.03996192888 -0.001744775496)
(2.975 0.03996192888 -0.001744775496)
(2.9875 0.03996192888 -0.001744775496)
(3 0.03996192888 -0.001744775496)
(2.25 0.04245954944 -0.001853823964)
(2.2625 0.04245954944 -0.001853823964)
(2.275 0.04245954944 -0.001853823964)
(2.2875 0.04245954944 -0.001853823964)
(2.3 0.04245954943 -0.001853823964)
(2.3125 0.04245954944 -0.001853823964)
(2.325 0.04245954944 -0.001853823964)
(2.3375 0.04245954943 -0.001853823964)
(2.35 0.04245954944 -0.001853823964)
(2.3625 0.04245954944 -0.001853823964)
(2.375 0.04245954944 -0.001853823964)
(2.3875 0.04245954944 -0.001853823964)
(2.4 0.04245954944 -0.001853823964)
(2.4125 0.04245954944 -0.001853823964)
(2.425 0.04245954944 -0.001853823964)
(2.4375 0.04245954944 -0.001853823964)
(2.45 0.04245954944 -0.001853823964)
(2.4625 0.04245954944 -0.001853823964)
(2.475 0.04245954944 -0.001853823964)
(2.4875 0.04245954944 -0.001853823964)
(2.5 0.04245954944 -0.001853823964)
(2.5125 0.04245954944 -0.001853823964)
(2.525 0.04245954944 -0.001853823965)
(2.5375 0.04245954944 -0.001853823964)
(2.55 0.04245954944 -0.001853823964)
(2.5625 0.04245954943 -0.001853823964)
(2.575 0.04245954944 -0.001853823964)
(2.5875 0.04245954944 -0.001853823964)
(2.6 0.04245954944 -0.001853823964)
(2.6125 0.04245954944 -0.001853823964)
(2.625 0.04245954944 -0.001853823964)
(2.6375 0.04245954944 -0.001853823964)
(2.65 0.04245954944 -0.001853823964)
(2.6625 0.04245954944 -0.001853823964)
(2.675 0.04245954944 -0.001853823964)
(2.6875 0.04245954944 -0.001853823964)
(2.7 0.04245954944 -0.001853823964)
(2.7125 0.04245954944 -0.001853823964)
(2.725 0.04245954944 -0.001853823964)
(2.7375 0.04245954944 -0.001853823964)
(2.75 0.04245954944 -0.001853823964)
(2.7625 0.04245954944 -0.001853823964)
(2.775 0.04245954944 -0.001853823964)
(2.7875 0.04245954944 -0.001853823964)
(2.8 0.04245954944 -0.001853823964)
(2.8125 0.04245954944 -0.001853823964)
(2.825 0.04245954944 -0.001853823964)
(2.8375 0.04245954944 -0.001853823964)
(2.85 0.04245954944 -0.001853823965)
(2.8625 0.04245954943 -0.001853823964)
(2.875 0.04245954944 -0.001853823964)
(2.8875 0.04245954944 -0.001853823964)
(2.9 0.04245954944 -0.001853823964)
(2.9125 0.04245954944 -0.001853823964)
(2.925 0.04245954944 -0.001853823964)
(2.9375 0.04245954944 -0.001853823964)
(2.95 0.04245954944 -0.001853823964)
(2.9625 0.04245954943 -0.001853823964)
(2.975 0.04245954944 -0.001853823964)
(2.9875 0.04245954944 -0.001853823964)
(3 0.04245954944 -0.001853823964)
(2.25 0.04495716999 -0.001962872433)
(2.2625 0.04495716999 -0.001962872433)
(2.275 0.04495716999 -0.001962872433)
(2.2875 0.04495716999 -0.001962872433)
(2.3 0.04495716999 -0.001962872433)
(2.3125 0.04495716999 -0.001962872433)
(2.325 0.04495716999 -0.001962872433)
(2.3375 0.04495716999 -0.001962872433)
(2.35 0.04495716999 -0.001962872433)
(2.3625 0.04495716999 -0.001962872433)
(2.375 0.04495716999 -0.001962872433)
(2.3875 0.04495716999 -0.001962872433)
(2.4 0.04495716999 -0.001962872433)
(2.4125 0.04495716999 -0.001962872433)
(2.425 0.04495716999 -0.001962872433)
(2.4375 0.04495716999 -0.001962872433)
(2.45 0.04495716999 -0.001962872433)
(2.4625 0.04495716999 -0.001962872433)
(2.475 0.04495716999 -0.001962872433)
(2.4875 0.04495716999 -0.001962872433)
(2.5 0.04495716999 -0.001962872433)
(2.5125 0.04495716999 -0.001962872433)
(2.525 0.04495716999 -0.001962872433)
(2.5375 0.04495716999 -0.001962872433)
(2.55 0.04495716999 -0.001962872433)
(2.5625 0.04495716999 -0.001962872433)
(2.575 0.04495716999 -0.001962872433)
(2.5875 0.04495716999 -0.001962872433)
(2.6 0.04495716999 -0.001962872433)
(2.6125 0.04495716999 -0.001962872433)
(2.625 0.04495716999 -0.001962872433)
(2.6375 0.04495716999 -0.001962872433)
(2.65 0.04495716999 -0.001962872433)
(2.6625 0.04495716999 -0.001962872433)
(2.675 0.04495716999 -0.001962872433)
(2.6875 0.04495716999 -0.001962872433)
(2.7 0.04495716999 -0.001962872433)
(2.7125 0.04495716999 -0.001962872433)
(2.725 0.04495716999 -0.001962872433)
(2.7375 0.04495716999 -0.001962872433)
(2.75 0.04495716999 -0.001962872433)
(2.7625 0.04495716999 -0.001962872433)
(2.775 0.04495716999 -0.001962872433)
(2.7875 0.04495716999 -0.001962872433)
(2.8 0.04495716999 -0.001962872433)
(2.8125 0.04495716999 -0.001962872433)
(2.825 0.04495716999 -0.001962872433)
(2.8375 0.04495716999 -0.001962872433)
(2.85 0.04495716999 -0.001962872433)
(2.8625 0.04495716999 -0.001962872433)
(2.875 0.04495716999 -0.001962872433)
(2.8875 0.04495716999 -0.001962872433)
(2.9 0.04495716999 -0.001962872433)
(2.9125 0.04495716999 -0.001962872433)
(2.925 0.04495716999 -0.001962872433)
(2.9375 0.04495716999 -0.001962872433)
(2.95 0.04495716999 -0.001962872433)
(2.9625 0.04495716999 -0.001962872433)
(2.975 0.04495716999 -0.001962872433)
(2.9875 0.04495716999 -0.001962872433)
(3 0.04495716999 -0.001962872433)
(2.25 0.04745479054 -0.002071920901)
(2.2625 0.04745479055 -0.002071920901)
(2.275 0.04745479054 -0.002071920901)
(2.2875 0.04745479054 -0.002071920901)
(2.3 0.04745479055 -0.002071920901)
(2.3125 0.04745479055 -0.002071920901)
(2.325 0.04745479054 -0.002071920901)
(2.3375 0.04745479054 -0.002071920901)
(2.35 0.04745479054 -0.002071920901)
(2.3625 0.04745479055 -0.002071920901)
(2.375 0.04745479055 -0.002071920901)
(2.3875 0.04745479054 -0.002071920901)
(2.4 0.04745479055 -0.002071920901)
(2.4125 0.04745479055 -0.002071920901)
(2.425 0.04745479055 -0.002071920901)
(2.4375 0.04745479054 -0.002071920901)
(2.45 0.04745479054 -0.002071920901)
(2.4625 0.04745479054 -0.002071920901)
(2.475 0.04745479055 -0.002071920901)
(2.4875 0.04745479054 -0.002071920901)
(2.5 0.04745479054 -0.002071920901)
(2.5125 0.04745479055 -0.002071920901)
(2.525 0.04745479055 -0.002071920901)
(2.5375 0.04745479055 -0.002071920901)
(2.55 0.04745479054 -0.002071920902)
(2.5625 0.04745479054 -0.002071920901)
(2.575 0.04745479054 -0.002071920901)
(2.5875 0.04745479055 -0.002071920901)
(2.6 0.04745479054 -0.002071920901)
(2.6125 0.04745479055 -0.002071920901)
(2.625 0.04745479055 -0.002071920901)
(2.6375 0.04745479055 -0.002071920901)
(2.65 0.04745479055 -0.002071920901)
(2.6625 0.04745479054 -0.002071920901)
(2.675 0.04745479054 -0.002071920901)
(2.6875 0.04745479055 -0.002071920901)
(2.7 0.04745479054 -0.002071920901)
(2.7125 0.04745479054 -0.002071920901)
(2.725 0.04745479055 -0.002071920901)
(2.7375 0.04745479055 -0.002071920901)
(2.75 0.04745479055 -0.002071920901)
(2.7625 0.04745479054 -0.002071920901)
(2.775 0.04745479054 -0.002071920901)
(2.7875 0.04745479055 -0.002071920901)
(2.8 0.04745479055 -0.002071920901)
(2.8125 0.04745479054 -0.002071920901)
(2.825 0.04745479054 -0.002071920901)
(2.8375 0.04745479055 -0.002071920901)
(2.85 0.04745479055 -0.002071920901)
(2.8625 0.04745479054 -0.002071920901)
(2.875 0.04745479054 -0.002071920901)
(2.8875 0.04745479054 -0.002071920901)
(2.9 0.04745479055 -0.002071920901)
(2.9125 0.04745479055 -0.002071920901)
(2.925 0.04745479054 -0.002071920901)
(2.9375 0.04745479055 -0.002071920901)
(2.95 0.04745479055 -0.002071920901)
(2.9625 0.04745479055 -0.002071920901)
(2.975 0.04745479054 -0.002071920901)
(2.9875 0.04745479054 -0.002071920901)
(3 0.04745479054 -0.002071920901)
(2.25 0.0499524111 -0.00218096937)
(2.2625 0.0499524111 -0.00218096937)
(2.275 0.0499524111 -0.00218096937)
(2.2875 0.0499524111 -0.00218096937)
(2.3 0.0499524111 -0.00218096937)
(2.3125 0.0499524111 -0.00218096937)
(2.325 0.0499524111 -0.00218096937)
(2.3375 0.0499524111 -0.00218096937)
(2.35 0.0499524111 -0.00218096937)
(2.3625 0.0499524111 -0.00218096937)
(2.375 0.0499524111 -0.00218096937)
(2.3875 0.0499524111 -0.00218096937)
(2.4 0.0499524111 -0.00218096937)
(2.4125 0.0499524111 -0.00218096937)
(2.425 0.0499524111 -0.00218096937)
(2.4375 0.0499524111 -0.00218096937)
(2.45 0.0499524111 -0.00218096937)
(2.4625 0.0499524111 -0.00218096937)
(2.475 0.0499524111 -0.00218096937)
(2.4875 0.0499524111 -0.00218096937)
(2.5 0.0499524111 -0.00218096937)
(2.5125 0.0499524111 -0.00218096937)
(2.525 0.0499524111 -0.00218096937)
(2.5375 0.0499524111 -0.00218096937)
(2.55 0.0499524111 -0.00218096937)
(2.5625 0.0499524111 -0.00218096937)
(2.575 0.0499524111 -0.00218096937)
(2.5875 0.0499524111 -0.00218096937)
(2.6 0.0499524111 -0.00218096937)
(2.6125 0.0499524111 -0.00218096937)
(2.625 0.0499524111 -0.00218096937)
(2.6375 0.0499524111 -0.00218096937)
(2.65 0.0499524111 -0.00218096937)
(2.6625 0.0499524111 -0.00218096937)
(2.675 0.0499524111 -0.00218096937)
(2.6875 0.0499524111 -0.00218096937)
(2.7 0.0499524111 -0.00218096937)
(2.7125 0.0499524111 -0.00218096937)
(2.725 0.0499524111 -0.00218096937)
(2.7375 0.0499524111 -0.00218096937)
(2.75 0.0499524111 -0.00218096937)
(2.7625 0.0499524111 -0.00218096937)
(2.775 0.0499524111 -0.00218096937)
(2.7875 0.0499524111 -0.00218096937)
(2.8 0.0499524111 -0.00218096937)
(2.8125 0.0499524111 -0.00218096937)
(2.825 0.0499524111 -0.00218096937)
(2.8375 0.0499524111 -0.00218096937)
(2.85 0.0499524111 -0.00218096937)
(2.8625 0.0499524111 -0.00218096937)
(2.875 0.0499524111 -0.00218096937)
(2.8875 0.0499524111 -0.00218096937)
(2.9 0.0499524111 -0.00218096937)
(2.9125 0.0499524111 -0.00218096937)
(2.925 0.0499524111 -0.00218096937)
(2.9375 0.0499524111 -0.00218096937)
(2.95 0.0499524111 -0.00218096937)
(2.9625 0.0499524111 -0.00218096937)
(2.975 0.0499524111 -0.00218096937)
(2.9875 0.0499524111 -0.00218096937)
(3 0.0499524111 -0.00218096937)
(2.25 0.002497620555 0.0001090484685)
(2.2625 0.002497620555 0.0001090484685)
(2.275 0.002497620555 0.0001090484685)
(2.2875 0.002497620555 0.0001090484685)
(2.3 0.002497620555 0.0001090484685)
(2.3125 0.002497620555 0.0001090484685)
(2.325 0.002497620555 0.0001090484685)
(2.3375 0.002497620555 0.0001090484685)
(2.35 0.002497620555 0.0001090484685)
(2.3625 0.002497620555 0.0001090484685)
(2.375 0.002497620555 0.0001090484685)
(2.3875 0.002497620555 0.0001090484685)
(2.4 0.002497620555 0.0001090484685)
(2.4125 0.002497620555 0.0001090484685)
(2.425 0.002497620555 0.0001090484685)
(2.4375 0.002497620555 0.0001090484685)
(2.45 0.002497620555 0.0001090484685)
(2.4625 0.002497620555 0.0001090484685)
(2.475 0.002497620555 0.0001090484685)
(2.4875 0.002497620555 0.0001090484685)
(2.5 0.002497620555 0.0001090484685)
(2.5125 0.002497620555 0.0001090484685)
(2.525 0.002497620555 0.0001090484685)
(2.5375 0.002497620555 0.0001090484685)
(2.55 0.002497620555 0.0001090484685)
(2.5625 0.002497620555 0.0001090484685)
(2.575 0.002497620555 0.0001090484685)
(2.5875 0.002497620555 0.0001090484685)
(2.6 0.002497620555 0.0001090484685)
(2.6125 0.002497620555 0.0001090484685)
(2.625 0.002497620555 0.0001090484685)
(2.6375 0.002497620555 0.0001090484685)
(2.65 0.002497620555 0.0001090484685)
(2.6625 0.002497620555 0.0001090484685)
(2.675 0.002497620555 0.0001090484685)
(2.6875 0.002497620555 0.0001090484685)
(2.7 0.002497620555 0.0001090484685)
(2.7125 0.002497620555 0.0001090484685)
(2.725 0.002497620555 0.0001090484685)
(2.7375 0.002497620555 0.0001090484685)
(2.75 0.002497620555 0.0001090484685)
(2.7625 0.002497620555 0.0001090484685)
(2.775 0.002497620555 0.0001090484685)
(2.7875 0.002497620555 0.0001090484685)
(2.8 0.002497620555 0.0001090484685)
(2.8125 0.002497620555 0.0001090484685)
(2.825 0.002497620555 0.0001090484685)
(2.8375 0.002497620555 0.0001090484685)
(2.85 0.002497620555 0.0001090484685)
(2.8625 0.002497620555 0.0001090484685)
(2.875 0.002497620555 0.0001090484685)
(2.8875 0.002497620555 0.0001090484685)
(2.9 0.002497620555 0.0001090484685)
(2.9125 0.002497620555 0.0001090484685)
(2.925 0.002497620555 0.0001090484685)
(2.9375 0.002497620555 0.0001090484685)
(2.95 0.002497620555 0.0001090484685)
(2.9625 0.002497620555 0.0001090484685)
(2.975 0.002497620555 0.0001090484685)
(2.9875 0.002497620555 0.0001090484685)
(3 0.002497620555 0.0001090484685)
(2.25 0.00499524111 0.000218096937)
(2.2625 0.00499524111 0.000218096937)
(2.275 0.00499524111 0.000218096937)
(2.2875 0.00499524111 0.000218096937)
(2.3 0.00499524111 0.000218096937)
(2.3125 0.00499524111 0.000218096937)
(2.325 0.00499524111 0.000218096937)
(2.3375 0.00499524111 0.000218096937)
(2.35 0.00499524111 0.000218096937)
(2.3625 0.00499524111 0.000218096937)
(2.375 0.00499524111 0.000218096937)
(2.3875 0.00499524111 0.000218096937)
(2.4 0.00499524111 0.000218096937)
(2.4125 0.00499524111 0.000218096937)
(2.425 0.00499524111 0.000218096937)
(2.4375 0.00499524111 0.000218096937)
(2.45 0.00499524111 0.000218096937)
(2.4625 0.00499524111 0.000218096937)
(2.475 0.00499524111 0.000218096937)
(2.4875 0.00499524111 0.000218096937)
(2.5 0.00499524111 0.000218096937)
(2.5125 0.00499524111 0.000218096937)
(2.525 0.00499524111 0.000218096937)
(2.5375 0.00499524111 0.000218096937)
(2.55 0.00499524111 0.000218096937)
(2.5625 0.00499524111 0.000218096937)
(2.575 0.00499524111 0.000218096937)
(2.5875 0.00499524111 0.000218096937)
(2.6 0.00499524111 0.000218096937)
(2.6125 0.00499524111 0.000218096937)
(2.625 0.00499524111 0.000218096937)
(2.6375 0.00499524111 0.000218096937)
(2.65 0.00499524111 0.000218096937)
(2.6625 0.00499524111 0.000218096937)
(2.675 0.00499524111 0.000218096937)
(2.6875 0.00499524111 0.000218096937)
(2.7 0.00499524111 0.000218096937)
(2.7125 0.00499524111 0.000218096937)
(2.725 0.00499524111 0.000218096937)
(2.7375 0.00499524111 0.000218096937)
(2.75 0.00499524111 0.000218096937)
(2.7625 0.00499524111 0.000218096937)
(2.775 0.00499524111 0.000218096937)
(2.7875 0.00499524111 0.000218096937)
(2.8 0.00499524111 0.000218096937)
(2.8125 0.00499524111 0.000218096937)
(2.825 0.00499524111 0.000218096937)
(2.8375 0.00499524111 0.000218096937)
(2.85 0.00499524111 0.000218096937)
(2.8625 0.00499524111 0.000218096937)
(2.875 0.00499524111 0.000218096937)
(2.8875 0.00499524111 0.000218096937)
(2.9 0.00499524111 0.000218096937)
(2.9125 0.00499524111 0.000218096937)
(2.925 0.00499524111 0.000218096937)
(2.9375 0.00499524111 0.000218096937)
(2.95 0.00499524111 0.000218096937)
(2.9625 0.00499524111 0.000218096937)
(2.975 0.00499524111 0.000218096937)
(2.9875 0.00499524111 0.000218096937)
(3 0.00499524111 0.000218096937)
(2.25 0.007492861665 0.0003271454055)
(2.2625 0.007492861665 0.0003271454055)
(2.275 0.007492861665 0.0003271454055)
(2.2875 0.007492861665 0.0003271454055)
(2.3 0.007492861665 0.0003271454055)
(2.3125 0.007492861665 0.0003271454055)
(2.325 0.007492861665 0.0003271454055)
(2.3375 0.007492861665 0.0003271454055)
(2.35 0.007492861665 0.0003271454055)
(2.3625 0.007492861665 0.0003271454055)
(2.375 0.007492861665 0.0003271454055)
(2.3875 0.007492861665 0.0003271454055)
(2.4 0.007492861665 0.0003271454055)
(2.4125 0.007492861665 0.0003271454055)
(2.425 0.007492861665 0.0003271454055)
(2.4375 0.007492861665 0.0003271454055)
(2.45 0.007492861665 0.0003271454055)
(2.4625 0.007492861665 0.0003271454055)
(2.475 0.007492861665 0.0003271454055)
(2.4875 0.007492861665 0.0003271454055)
(2.5 0.007492861665 0.0003271454055)
(2.5125 0.007492861665 0.0003271454055)
(2.525 0.007492861665 0.0003271454055)
(2.5375 0.007492861665 0.0003271454055)
(2.55 0.007492861665 0.0003271454055)
(2.5625 0.007492861665 0.0003271454055)
(2.575 0.007492861665 0.0003271454055)
(2.5875 0.007492861665 0.0003271454055)
(2.6 0.007492861665 0.0003271454055)
(2.6125 0.007492861665 0.0003271454055)
(2.625 0.007492861665 0.0003271454055)
(2.6375 0.007492861665 0.0003271454055)
(2.65 0.007492861665 0.0003271454055)
(2.6625 0.007492861665 0.0003271454055)
(2.675 0.007492861665 0.0003271454055)
(2.6875 0.007492861665 0.0003271454055)
(2.7 0.007492861665 0.0003271454055)
(2.7125 0.007492861665 0.0003271454055)
(2.725 0.007492861665 0.0003271454055)
(2.7375 0.007492861665 0.0003271454055)
(2.75 0.007492861665 0.0003271454055)
(2.7625 0.007492861665 0.0003271454055)
(2.775 0.007492861665 0.0003271454055)
(2.7875 0.007492861665 0.0003271454055)
(2.8 0.007492861665 0.0003271454055)
(2.8125 0.007492861665 0.0003271454055)
(2.825 0.007492861665 0.0003271454055)
(2.8375 0.007492861665 0.0003271454055)
(2.85 0.007492861665 0.0003271454055)
(2.8625 0.007492861665 0.0003271454055)
(2.875 0.007492861665 0.0003271454055)
(2.8875 0.007492861665 0.0003271454055)
(2.9 0.007492861665 0.0003271454055)
(2.9125 0.007492861665 0.0003271454055)
(2.925 0.007492861665 0.0003271454055)
(2.9375 0.007492861665 0.0003271454055)
(2.95 0.007492861665 0.0003271454055)
(2.9625 0.007492861665 0.0003271454055)
(2.975 0.007492861665 0.0003271454055)
(2.9875 0.007492861665 0.0003271454055)
(3 0.007492861665 0.0003271454055)
(2.25 0.00999048222 0.000436193874)
(2.2625 0.00999048222 0.000436193874)
(2.275 0.00999048222 0.000436193874)
(2.2875 0.00999048222 0.000436193874)
(2.3 0.00999048222 0.000436193874)
(2.3125 0.00999048222 0.000436193874)
(2.325 0.00999048222 0.000436193874)
(2.3375 0.00999048222 0.000436193874)
(2.35 0.00999048222 0.000436193874)
(2.3625 0.00999048222 0.000436193874)
(2.375 0.00999048222 0.000436193874)
(2.3875 0.00999048222 0.000436193874)
(2.4 0.00999048222 0.000436193874)
(2.4125 0.00999048222 0.000436193874)
(2.425 0.00999048222 0.000436193874)
(2.4375 0.00999048222 0.000436193874)
(2.45 0.00999048222 0.000436193874)
(2.4625 0.00999048222 0.000436193874)
(2.475 0.00999048222 0.000436193874)
(2.4875 0.00999048222 0.000436193874)
(2.5 0.00999048222 0.000436193874)
(2.5125 0.00999048222 0.000436193874)
(2.525 0.00999048222 0.000436193874)
(2.5375 0.00999048222 0.000436193874)
(2.55 0.00999048222 0.000436193874)
(2.5625 0.00999048222 0.000436193874)
(2.575 0.00999048222 0.000436193874)
(2.5875 0.00999048222 0.000436193874)
(2.6 0.00999048222 0.000436193874)
(2.6125 0.00999048222 0.000436193874)
(2.625 0.00999048222 0.000436193874)
(2.6375 0.00999048222 0.000436193874)
(2.65 0.00999048222 0.000436193874)
(2.6625 0.00999048222 0.000436193874)
(2.675 0.00999048222 0.000436193874)
(2.6875 0.00999048222 0.000436193874)
(2.7 0.00999048222 0.000436193874)
(2.7125 0.00999048222 0.000436193874)
(2.725 0.00999048222 0.000436193874)
(2.7375 0.00999048222 0.000436193874)
(2.75 0.00999048222 0.000436193874)
(2.7625 0.00999048222 0.000436193874)
(2.775 0.00999048222 0.000436193874)
(2.7875 0.00999048222 0.000436193874)
(2.8 0.00999048222 0.000436193874)
(2.8125 0.00999048222 0.000436193874)
(2.825 0.00999048222 0.000436193874)
(2.8375 0.00999048222 0.000436193874)
(2.85 0.00999048222 0.000436193874)
(2.8625 0.00999048222 0.000436193874)
(2.875 0.00999048222 0.000436193874)
(2.8875 0.00999048222 0.000436193874)
(2.9 0.00999048222 0.000436193874)
(2.9125 0.00999048222 0.000436193874)
(2.925 0.00999048222 0.000436193874)
(2.9375 0.00999048222 0.000436193874)
(2.95 0.00999048222 0.000436193874)
(2.9625 0.00999048222 0.000436193874)
(2.975 0.00999048222 0.000436193874)
(2.9875 0.00999048222 0.000436193874)
(3 0.00999048222 0.000436193874)
(2.25 0.01248810278 0.0005452423425)
(2.2625 0.01248810278 0.0005452423425)
(2.275 0.01248810278 0.0005452423425)
(2.2875 0.01248810278 0.0005452423425)
(2.3 0.01248810278 0.0005452423425)
(2.3125 0.01248810278 0.0005452423425)
(2.325 0.01248810278 0.0005452423425)
(2.3375 0.01248810278 0.0005452423425)
(2.35 0.01248810278 0.0005452423425)
(2.3625 0.01248810278 0.0005452423425)
(2.375 0.01248810278 0.0005452423425)
(2.3875 0.01248810278 0.0005452423425)
(2.4 0.01248810278 0.0005452423425)
(2.4125 0.01248810278 0.0005452423425)
(2.425 0.01248810278 0.0005452423425)
(2.4375 0.01248810278 0.0005452423425)
(2.45 0.01248810278 0.0005452423425)
(2.4625 0.01248810278 0.0005452423425)
(2.475 0.01248810278 0.0005452423425)
(2.4875 0.01248810278 0.0005452423425)
(2.5 0.01248810278 0.0005452423425)
(2.5125 0.01248810277 0.0005452423425)
(2.525 0.01248810277 0.0005452423425)
(2.5375 0.01248810278 0.0005452423425)
(2.55 0.01248810278 0.0005452423425)
(2.5625 0.01248810278 0.0005452423425)
(2.575 0.01248810278 0.0005452423425)
(2.5875 0.01248810278 0.0005452423425)
(2.6 0.01248810278 0.0005452423425)
(2.6125 0.01248810278 0.0005452423425)
(2.625 0.01248810278 0.0005452423425)
(2.6375 0.01248810278 0.0005452423425)
(2.65 0.01248810278 0.0005452423425)
(2.6625 0.01248810278 0.0005452423425)
(2.675 0.01248810278 0.0005452423425)
(2.6875 0.01248810278 0.0005452423425)
(2.7 0.01248810278 0.0005452423425)
(2.7125 0.01248810278 0.0005452423425)
(2.725 0.01248810278 0.0005452423425)
(2.7375 0.01248810278 0.0005452423425)
(2.75 0.01248810278 0.0005452423425)
(2.7625 0.01248810278 0.0005452423425)
(2.775 0.01248810278 0.0005452423425)
(2.7875 0.01248810278 0.0005452423425)
(2.8 0.01248810278 0.0005452423425)
(2.8125 0.01248810278 0.0005452423425)
(2.825 0.01248810278 0.0005452423425)
(2.8375 0.01248810278 0.0005452423425)
(2.85 0.01248810277 0.0005452423425)
(2.8625 0.01248810278 0.0005452423425)
(2.875 0.01248810277 0.0005452423425)
(2.8875 0.01248810278 0.0005452423425)
(2.9 0.01248810278 0.0005452423425)
(2.9125 0.01248810278 0.0005452423425)
(2.925 0.01248810278 0.0005452423425)
(2.9375 0.01248810278 0.0005452423425)
(2.95 0.01248810278 0.0005452423425)
(2.9625 0.01248810278 0.0005452423425)
(2.975 0.01248810278 0.0005452423425)
(2.9875 0.01248810278 0.0005452423425)
(3 0.01248810278 0.0005452423425)
(2.25 0.01498572333 0.000654290811)
(2.2625 0.01498572333 0.000654290811)
(2.275 0.01498572333 0.000654290811)
(2.2875 0.01498572333 0.000654290811)
(2.3 0.01498572333 0.000654290811)
(2.3125 0.01498572333 0.000654290811)
(2.325 0.01498572333 0.000654290811)
(2.3375 0.01498572333 0.000654290811)
(2.35 0.01498572333 0.000654290811)
(2.3625 0.01498572333 0.000654290811)
(2.375 0.01498572333 0.000654290811)
(2.3875 0.01498572333 0.000654290811)
(2.4 0.01498572333 0.000654290811)
(2.4125 0.01498572333 0.000654290811)
(2.425 0.01498572333 0.000654290811)
(2.4375 0.01498572333 0.000654290811)
(2.45 0.01498572333 0.000654290811)
(2.4625 0.01498572333 0.000654290811)
(2.475 0.01498572333 0.000654290811)
(2.4875 0.01498572333 0.000654290811)
(2.5 0.01498572333 0.000654290811)
(2.5125 0.01498572333 0.000654290811)
(2.525 0.01498572333 0.000654290811)
(2.5375 0.01498572333 0.000654290811)
(2.55 0.01498572333 0.000654290811)
(2.5625 0.01498572333 0.000654290811)
(2.575 0.01498572333 0.000654290811)
(2.5875 0.01498572333 0.000654290811)
(2.6 0.01498572333 0.000654290811)
(2.6125 0.01498572333 0.000654290811)
(2.625 0.01498572333 0.000654290811)
(2.6375 0.01498572333 0.000654290811)
(2.65 0.01498572333 0.000654290811)
(2.6625 0.01498572333 0.000654290811)
(2.675 0.01498572333 0.000654290811)
(2.6875 0.01498572333 0.000654290811)
(2.7 0.01498572333 0.000654290811)
(2.7125 0.01498572333 0.000654290811)
(2.725 0.01498572333 0.000654290811)
(2.7375 0.01498572333 0.000654290811)
(2.75 0.01498572333 0.000654290811)
(2.7625 0.01498572333 0.000654290811)
(2.775 0.01498572333 0.000654290811)
(2.7875 0.01498572333 0.000654290811)
(2.8 0.01498572333 0.000654290811)
(2.8125 0.01498572333 0.000654290811)
(2.825 0.01498572333 0.000654290811)
(2.8375 0.01498572333 0.000654290811)
(2.85 0.01498572333 0.000654290811)
(2.8625 0.01498572333 0.000654290811)
(2.875 0.01498572333 0.000654290811)
(2.8875 0.01498572333 0.000654290811)
(2.9 0.01498572333 0.000654290811)
(2.9125 0.01498572333 0.000654290811)
(2.925 0.01498572333 0.000654290811)
(2.9375 0.01498572333 0.000654290811)
(2.95 0.01498572333 0.000654290811)
(2.9625 0.01498572333 0.000654290811)
(2.975 0.01498572333 0.000654290811)
(2.9875 0.01498572333 0.000654290811)
(3 0.01498572333 0.000654290811)
(2.25 0.01748334388 0.0007633392795)
(2.2625 0.01748334388 0.0007633392795)
(2.275 0.01748334388 0.0007633392795)
(2.2875 0.01748334388 0.0007633392795)
(2.3 0.01748334388 0.0007633392795)
(2.3125 0.01748334388 0.0007633392795)
(2.325 0.01748334388 0.0007633392795)
(2.3375 0.01748334388 0.0007633392795)
(2.35 0.01748334388 0.0007633392795)
(2.3625 0.01748334388 0.0007633392795)
(2.375 0.01748334388 0.0007633392795)
(2.3875 0.01748334388 0.0007633392795)
(2.4 0.01748334388 0.0007633392795)
(2.4125 0.01748334388 0.0007633392795)
(2.425 0.01748334389 0.0007633392795)
(2.4375 0.01748334388 0.0007633392795)
(2.45 0.01748334388 0.0007633392795)
(2.4625 0.01748334388 0.0007633392795)
(2.475 0.01748334388 0.0007633392795)
(2.4875 0.01748334388 0.0007633392795)
(2.5 0.01748334389 0.0007633392795)
(2.5125 0.01748334388 0.0007633392795)
(2.525 0.01748334388 0.0007633392795)
(2.5375 0.01748334388 0.0007633392795)
(2.55 0.01748334388 0.0007633392795)
(2.5625 0.01748334388 0.0007633392795)
(2.575 0.01748334388 0.0007633392795)
(2.5875 0.01748334388 0.0007633392795)
(2.6 0.01748334388 0.0007633392795)
(2.6125 0.01748334388 0.0007633392795)
(2.625 0.01748334388 0.0007633392795)
(2.6375 0.01748334389 0.0007633392795)
(2.65 0.01748334388 0.0007633392795)
(2.6625 0.01748334388 0.0007633392795)
(2.675 0.01748334388 0.0007633392795)
(2.6875 0.01748334388 0.0007633392795)
(2.7 0.01748334389 0.0007633392795)
(2.7125 0.01748334388 0.0007633392795)
(2.725 0.01748334388 0.0007633392795)
(2.7375 0.01748334389 0.0007633392795)
(2.75 0.01748334388 0.0007633392795)
(2.7625 0.01748334388 0.0007633392795)
(2.775 0.01748334388 0.0007633392795)
(2.7875 0.01748334388 0.0007633392795)
(2.8 0.01748334388 0.0007633392795)
(2.8125 0.01748334388 0.0007633392795)
(2.825 0.01748334388 0.0007633392795)
(2.8375 0.01748334389 0.0007633392795)
(2.85 0.01748334389 0.0007633392795)
(2.8625 0.01748334388 0.0007633392795)
(2.875 0.01748334388 0.0007633392795)
(2.8875 0.01748334388 0.0007633392795)
(2.9 0.01748334389 0.0007633392795)
(2.9125 0.01748334389 0.0007633392795)
(2.925 0.01748334388 0.0007633392795)
(2.9375 0.01748334389 0.0007633392795)
(2.95 0.01748334388 0.0007633392795)
(2.9625 0.01748334388 0.0007633392795)
(2.975 0.01748334388 0.0007633392795)
(2.9875 0.01748334388 0.0007633392795)
(3 0.01748334388 0.0007633392795)
(2.25 0.01998096444 0.000872387748)
(2.2625 0.01998096444 0.000872387748)
(2.275 0.01998096444 0.000872387748)
(2.2875 0.01998096444 0.000872387748)
(2.3 0.01998096444 0.000872387748)
(2.3125 0.01998096444 0.000872387748)
(2.325 0.01998096444 0.000872387748)
(2.3375 0.01998096444 0.000872387748)
(2.35 0.01998096444 0.000872387748)
(2.3625 0.01998096444 0.000872387748)
(2.375 0.01998096444 0.000872387748)
(2.3875 0.01998096444 0.000872387748)
(2.4 0.01998096444 0.000872387748)
(2.4125 0.01998096444 0.000872387748)
(2.425 0.01998096444 0.000872387748)
(2.4375 0.01998096444 0.000872387748)
(2.45 0.01998096444 0.000872387748)
(2.4625 0.01998096444 0.000872387748)
(2.475 0.01998096444 0.000872387748)
(2.4875 0.01998096444 0.000872387748)
(2.5 0.01998096444 0.000872387748)
(2.5125 0.01998096444 0.000872387748)
(2.525 0.01998096444 0.000872387748)
(2.5375 0.01998096444 0.000872387748)
(2.55 0.01998096444 0.000872387748)
(2.5625 0.01998096444 0.000872387748)
(2.575 0.01998096444 0.000872387748)
(2.5875 0.01998096444 0.000872387748)
(2.6 0.01998096444 0.000872387748)
(2.6125 0.01998096444 0.000872387748)
(2.625 0.01998096444 0.000872387748)
(2.6375 0.01998096444 0.000872387748)
(2.65 0.01998096444 0.000872387748)
(2.6625 0.01998096444 0.000872387748)
(2.675 0.01998096444 0.000872387748)
(2.6875 0.01998096444 0.000872387748)
(2.7 0.01998096444 0.000872387748)
(2.7125 0.01998096444 0.000872387748)
(2.725 0.01998096444 0.000872387748)
(2.7375 0.01998096444 0.000872387748)
(2.75 0.01998096444 0.000872387748)
(2.7625 0.01998096444 0.000872387748)
(2.775 0.01998096444 0.000872387748)
(2.7875 0.01998096444 0.000872387748)
(2.8 0.01998096444 0.000872387748)
(2.8125 0.01998096444 0.000872387748)
(2.825 0.01998096444 0.000872387748)
(2.8375 0.01998096444 0.000872387748)
(2.85 0.01998096444 0.000872387748)
(2.8625 0.01998096444 0.000872387748)
(2.875 0.01998096444 0.000872387748)
(2.8875 0.01998096444 0.000872387748)
(2.9 0.01998096444 0.000872387748)
(2.9125 0.01998096444 0.000872387748)
(2.925 0.01998096444 0.000872387748)
(2.9375 0.01998096444 0.000872387748)
(2.95 0.01998096444 0.000872387748)
(2.9625 0.01998096444 0.000872387748)
(2.975 0.01998096444 0.000872387748)
(2.9875 0.01998096444 0.000872387748)
(3 0.01998096444 0.000872387748)
(2.25 0.022478585 0.0009814362165)
(2.2625 0.022478585 0.0009814362165)
(2.275 0.022478585 0.0009814362165)
(2.2875 0.022478585 0.0009814362165)
(2.3 0.02247858499 0.0009814362165)
(2.3125 0.022478585 0.0009814362165)
(2.325 0.02247858499 0.0009814362165)
(2.3375 0.022478585 0.0009814362165)
(2.35 0.022478585 0.0009814362165)
(2.3625 0.022478585 0.0009814362165)
(2.375 0.022478585 0.0009814362165)
(2.3875 0.022478585 0.0009814362165)
(2.4 0.02247858499 0.0009814362165)
(2.4125 0.02247858499 0.0009814362165)
(2.425 0.022478585 0.0009814362165)
(2.4375 0.02247858499 0.0009814362165)
(2.45 0.022478585 0.0009814362165)
(2.4625 0.02247858499 0.0009814362165)
(2.475 0.022478585 0.0009814362165)
(2.4875 0.022478585 0.0009814362165)
(2.5 0.02247858499 0.0009814362165)
(2.5125 0.022478585 0.0009814362165)
(2.525 0.022478585 0.0009814362165)
(2.5375 0.022478585 0.0009814362165)
(2.55 0.02247858499 0.0009814362165)
(2.5625 0.02247858499 0.0009814362165)
(2.575 0.022478585 0.0009814362165)
(2.5875 0.022478585 0.0009814362165)
(2.6 0.02247858499 0.0009814362165)
(2.6125 0.022478585 0.0009814362165)
(2.625 0.022478585 0.0009814362165)
(2.6375 0.022478585 0.0009814362165)
(2.65 0.02247858499 0.0009814362165)
(2.6625 0.022478585 0.0009814362165)
(2.675 0.02247858499 0.0009814362165)
(2.6875 0.022478585 0.0009814362165)
(2.7 0.022478585 0.0009814362165)
(2.7125 0.02247858499 0.0009814362165)
(2.725 0.022478585 0.0009814362165)
(2.7375 0.022478585 0.0009814362165)
(2.75 0.022478585 0.0009814362165)
(2.7625 0.02247858499 0.0009814362165)
(2.775 0.022478585 0.0009814362165)
(2.7875 0.02247858499 0.0009814362165)
(2.8 0.022478585 0.0009814362165)
(2.8125 0.022478585 0.0009814362165)
(2.825 0.02247858499 0.0009814362165)
(2.8375 0.02247858499 0.0009814362165)
(2.85 0.022478585 0.0009814362165)
(2.8625 0.022478585 0.0009814362165)
(2.875 0.022478585 0.0009814362165)
(2.8875 0.022478585 0.0009814362165)
(2.9 0.022478585 0.0009814362165)
(2.9125 0.022478585 0.0009814362165)
(2.925 0.02247858499 0.0009814362165)
(2.9375 0.022478585 0.0009814362165)
(2.95 0.02247858499 0.0009814362165)
(2.9625 0.022478585 0.0009814362165)
(2.975 0.02247858499 0.0009814362165)
(2.9875 0.022478585 0.0009814362165)
(3 0.022478585 0.0009814362165)
(2.25 0.02497620555 0.001090484685)
(2.2625 0.02497620555 0.001090484685)
(2.275 0.02497620555 0.001090484685)
(2.2875 0.02497620555 0.001090484685)
(2.3 0.02497620555 0.001090484685)
(2.3125 0.02497620555 0.001090484685)
(2.325 0.02497620555 0.001090484685)
(2.3375 0.02497620555 0.001090484685)
(2.35 0.02497620555 0.001090484685)
(2.3625 0.02497620555 0.001090484685)
(2.375 0.02497620555 0.001090484685)
(2.3875 0.02497620555 0.001090484685)
(2.4 0.02497620555 0.001090484685)
(2.4125 0.02497620555 0.001090484685)
(2.425 0.02497620555 0.001090484685)
(2.4375 0.02497620555 0.001090484685)
(2.45 0.02497620555 0.001090484685)
(2.4625 0.02497620555 0.001090484685)
(2.475 0.02497620555 0.001090484685)
(2.4875 0.02497620555 0.001090484685)
(2.5 0.02497620555 0.001090484685)
(2.5125 0.02497620555 0.001090484685)
(2.525 0.02497620555 0.001090484685)
(2.5375 0.02497620555 0.001090484685)
(2.55 0.02497620555 0.001090484685)
(2.5625 0.02497620555 0.001090484685)
(2.575 0.02497620555 0.001090484685)
(2.5875 0.02497620555 0.001090484685)
(2.6 0.02497620555 0.001090484685)
(2.6125 0.02497620555 0.001090484685)
(2.625 0.02497620555 0.001090484685)
(2.6375 0.02497620555 0.001090484685)
(2.65 0.02497620555 0.001090484685)
(2.6625 0.02497620555 0.001090484685)
(2.675 0.02497620555 0.001090484685)
(2.6875 0.02497620555 0.001090484685)
(2.7 0.02497620555 0.001090484685)
(2.7125 0.02497620555 0.001090484685)
(2.725 0.02497620555 0.001090484685)
(2.7375 0.02497620555 0.001090484685)
(2.75 0.02497620555 0.001090484685)
(2.7625 0.02497620555 0.001090484685)
(2.775 0.02497620555 0.001090484685)
(2.7875 0.02497620555 0.001090484685)
(2.8 0.02497620555 0.001090484685)
(2.8125 0.02497620555 0.001090484685)
(2.825 0.02497620555 0.001090484685)
(2.8375 0.02497620555 0.001090484685)
(2.85 0.02497620555 0.001090484685)
(2.8625 0.02497620555 0.001090484685)
(2.875 0.02497620555 0.001090484685)
(2.8875 0.02497620555 0.001090484685)
(2.9 0.02497620555 0.001090484685)
(2.9125 0.02497620555 0.001090484685)
(2.925 0.02497620555 0.001090484685)
(2.9375 0.02497620555 0.001090484685)
(2.95 0.02497620555 0.001090484685)
(2.9625 0.02497620555 0.001090484685)
(2.975 0.02497620555 0.001090484685)
(2.9875 0.02497620555 0.001090484685)
(3 0.02497620555 0.001090484685)
(2.25 0.02747382611 0.001199533154)
(2.2625 0.02747382611 0.001199533154)
(2.275 0.02747382611 0.001199533154)
(2.2875 0.02747382611 0.001199533154)
(2.3 0.02747382611 0.001199533154)
(2.3125 0.02747382611 0.001199533154)
(2.325 0.02747382611 0.001199533154)
(2.3375 0.02747382611 0.001199533154)
(2.35 0.02747382611 0.001199533154)
(2.3625 0.02747382611 0.001199533154)
(2.375 0.02747382611 0.001199533153)
(2.3875 0.02747382611 0.001199533154)
(2.4 0.02747382611 0.001199533154)
(2.4125 0.02747382611 0.001199533154)
(2.425 0.02747382611 0.001199533153)
(2.4375 0.02747382611 0.001199533154)
(2.45 0.02747382611 0.001199533154)
(2.4625 0.02747382611 0.001199533154)
(2.475 0.02747382611 0.001199533154)
(2.4875 0.02747382611 0.001199533154)
(2.5 0.02747382611 0.001199533154)
(2.5125 0.02747382611 0.001199533154)
(2.525 0.02747382611 0.001199533154)
(2.5375 0.02747382611 0.001199533153)
(2.55 0.02747382611 0.001199533154)
(2.5625 0.02747382611 0.001199533154)
(2.575 0.02747382611 0.001199533154)
(2.5875 0.02747382611 0.001199533153)
(2.6 0.02747382611 0.001199533154)
(2.6125 0.02747382611 0.001199533154)
(2.625 0.02747382611 0.001199533154)
(2.6375 0.02747382611 0.001199533154)
(2.65 0.02747382611 0.001199533153)
(2.6625 0.02747382611 0.001199533154)
(2.675 0.02747382611 0.001199533154)
(2.6875 0.02747382611 0.001199533154)
(2.7 0.02747382611 0.001199533154)
(2.7125 0.02747382611 0.001199533154)
(2.725 0.02747382611 0.001199533154)
(2.7375 0.02747382611 0.001199533154)
(2.75 0.02747382611 0.001199533153)
(2.7625 0.02747382611 0.001199533154)
(2.775 0.02747382611 0.001199533154)
(2.7875 0.02747382611 0.001199533154)
(2.8 0.02747382611 0.001199533153)
(2.8125 0.02747382611 0.001199533153)
(2.825 0.02747382611 0.001199533154)
(2.8375 0.02747382611 0.001199533154)
(2.85 0.02747382611 0.001199533154)
(2.8625 0.02747382611 0.001199533154)
(2.875 0.02747382611 0.001199533154)
(2.8875 0.02747382611 0.001199533154)
(2.9 0.02747382611 0.001199533154)
(2.9125 0.02747382611 0.001199533154)
(2.925 0.02747382611 0.001199533154)
(2.9375 0.02747382611 0.001199533154)
(2.95 0.02747382611 0.001199533154)
(2.9625 0.02747382611 0.001199533153)
(2.975 0.02747382611 0.001199533154)
(2.9875 0.02747382611 0.001199533154)
(3 0.02747382611 0.001199533154)
(2.25 0.02997144666 0.001308581622)
(2.2625 0.02997144666 0.001308581622)
(2.275 0.02997144666 0.001308581622)
(2.2875 0.02997144666 0.001308581622)
(2.3 0.02997144666 0.001308581622)
(2.3125 0.02997144666 0.001308581622)
(2.325 0.02997144666 0.001308581622)
(2.3375 0.02997144666 0.001308581622)
(2.35 0.02997144666 0.001308581622)
(2.3625 0.02997144666 0.001308581622)
(2.375 0.02997144666 0.001308581622)
(2.3875 0.02997144666 0.001308581622)
(2.4 0.02997144666 0.001308581622)
(2.4125 0.02997144666 0.001308581622)
(2.425 0.02997144666 0.001308581622)
(2.4375 0.02997144666 0.001308581622)
(2.45 0.02997144666 0.001308581622)
(2.4625 0.02997144666 0.001308581622)
(2.475 0.02997144666 0.001308581622)
(2.4875 0.02997144666 0.001308581622)
(2.5 0.02997144666 0.001308581622)
(2.5125 0.02997144666 0.001308581622)
(2.525 0.02997144666 0.001308581622)
(2.5375 0.02997144666 0.001308581622)
(2.55 0.02997144666 0.001308581622)
(2.5625 0.02997144666 0.001308581622)
(2.575 0.02997144666 0.001308581622)
(2.5875 0.02997144666 0.001308581622)
(2.6 0.02997144666 0.001308581622)
(2.6125 0.02997144666 0.001308581622)
(2.625 0.02997144666 0.001308581622)
(2.6375 0.02997144666 0.001308581622)
(2.65 0.02997144666 0.001308581622)
(2.6625 0.02997144666 0.001308581622)
(2.675 0.02997144666 0.001308581622)
(2.6875 0.02997144666 0.001308581622)
(2.7 0.02997144666 0.001308581622)
(2.7125 0.02997144666 0.001308581622)
(2.725 0.02997144666 0.001308581622)
(2.7375 0.02997144666 0.001308581622)
(2.75 0.02997144666 0.001308581622)
(2.7625 0.02997144666 0.001308581622)
(2.775 0.02997144666 0.001308581622)
(2.7875 0.02997144666 0.001308581622)
(2.8 0.02997144666 0.001308581622)
(2.8125 0.02997144666 0.001308581622)
(2.825 0.02997144666 0.001308581622)
(2.8375 0.02997144666 0.001308581622)
(2.85 0.02997144666 0.001308581622)
(2.8625 0.02997144666 0.001308581622)
(2.875 0.02997144666 0.001308581622)
(2.8875 0.02997144666 0.001308581622)
(2.9 0.02997144666 0.001308581622)
(2.9125 0.02997144666 0.001308581622)
(2.925 0.02997144666 0.001308581622)
(2.9375 0.02997144666 0.001308581622)
(2.95 0.02997144666 0.001308581622)
(2.9625 0.02997144666 0.001308581622)
(2.975 0.02997144666 0.001308581622)
(2.9875 0.02997144666 0.001308581622)
(3 0.02997144666 0.001308581622)
(2.25 0.03246906722 0.001417630091)
(2.2625 0.03246906722 0.001417630091)
(2.275 0.03246906722 0.001417630091)
(2.2875 0.03246906722 0.00141763009)
(2.3 0.03246906722 0.001417630091)
(2.3125 0.03246906722 0.001417630091)
(2.325 0.03246906722 0.001417630091)
(2.3375 0.03246906722 0.001417630091)
(2.35 0.03246906722 0.001417630091)
(2.3625 0.03246906722 0.00141763009)
(2.375 0.03246906722 0.00141763009)
(2.3875 0.03246906722 0.001417630091)
(2.4 0.03246906722 0.001417630091)
(2.4125 0.03246906722 0.001417630091)
(2.425 0.03246906722 0.001417630091)
(2.4375 0.03246906722 0.001417630091)
(2.45 0.03246906722 0.001417630091)
(2.4625 0.03246906722 0.001417630091)
(2.475 0.03246906722 0.001417630091)
(2.4875 0.03246906722 0.001417630091)
(2.5 0.03246906722 0.001417630091)
(2.5125 0.03246906722 0.001417630091)
(2.525 0.03246906722 0.001417630091)
(2.5375 0.03246906722 0.001417630091)
(2.55 0.03246906722 0.001417630091)
(2.5625 0.03246906722 0.001417630091)
(2.575 0.03246906722 0.00141763009)
(2.5875 0.03246906722 0.001417630091)
(2.6 0.03246906722 0.001417630091)
(2.6125 0.03246906722 0.001417630091)
(2.625 0.03246906722 0.001417630091)
(2.6375 0.03246906722 0.001417630091)
(2.65 0.03246906722 0.001417630091)
(2.6625 0.03246906722 0.001417630091)
(2.675 0.03246906722 0.001417630091)
(2.6875 0.03246906722 0.001417630091)
(2.7 0.03246906722 0.001417630091)
(2.7125 0.03246906722 0.001417630091)
(2.725 0.03246906722 0.001417630091)
(2.7375 0.03246906722 0.001417630091)
(2.75 0.03246906722 0.001417630091)
(2.7625 0.03246906722 0.001417630091)
(2.775 0.03246906722 0.001417630091)
(2.7875 0.03246906722 0.001417630091)
(2.8 0.03246906722 0.001417630091)
(2.8125 0.03246906722 0.001417630091)
(2.825 0.03246906722 0.001417630091)
(2.8375 0.03246906722 0.001417630091)
(2.85 0.03246906722 0.00141763009)
(2.8625 0.03246906722 0.001417630091)
(2.875 0.03246906722 0.001417630091)
(2.8875 0.03246906722 0.001417630091)
(2.9 0.03246906722 0.001417630091)
(2.9125 0.03246906722 0.001417630091)
(2.925 0.03246906722 0.001417630091)
(2.9375 0.03246906722 0.001417630091)
(2.95 0.03246906722 0.001417630091)
(2.9625 0.03246906722 0.001417630091)
(2.975 0.03246906722 0.001417630091)
(2.9875 0.03246906722 0.001417630091)
(3 0.03246906722 0.001417630091)
(2.25 0.03496668777 0.001526678559)
(2.2625 0.03496668777 0.001526678559)
(2.275 0.03496668777 0.001526678559)
(2.2875 0.03496668777 0.001526678559)
(2.3 0.03496668777 0.001526678559)
(2.3125 0.03496668777 0.001526678559)
(2.325 0.03496668777 0.001526678559)
(2.3375 0.03496668777 0.001526678559)
(2.35 0.03496668777 0.001526678559)
(2.3625 0.03496668777 0.001526678559)
(2.375 0.03496668777 0.001526678559)
(2.3875 0.03496668777 0.001526678559)
(2.4 0.03496668777 0.001526678559)
(2.4125 0.03496668777 0.001526678559)
(2.425 0.03496668777 0.001526678559)
(2.4375 0.03496668777 0.001526678559)
(2.45 0.03496668777 0.001526678559)
(2.4625 0.03496668777 0.001526678559)
(2.475 0.03496668777 0.001526678559)
(2.4875 0.03496668777 0.001526678559)
(2.5 0.03496668777 0.001526678559)
(2.5125 0.03496668777 0.001526678559)
(2.525 0.03496668777 0.001526678559)
(2.5375 0.03496668777 0.001526678559)
(2.55 0.03496668777 0.001526678559)
(2.5625 0.03496668777 0.001526678559)
(2.575 0.03496668777 0.001526678559)
(2.5875 0.03496668777 0.001526678559)
(2.6 0.03496668777 0.001526678559)
(2.6125 0.03496668777 0.001526678559)
(2.625 0.03496668777 0.001526678559)
(2.6375 0.03496668777 0.001526678559)
(2.65 0.03496668777 0.001526678559)
(2.6625 0.03496668777 0.001526678559)
(2.675 0.03496668777 0.001526678559)
(2.6875 0.03496668777 0.001526678559)
(2.7 0.03496668777 0.001526678559)
(2.7125 0.03496668777 0.001526678559)
(2.725 0.03496668777 0.001526678559)
(2.7375 0.03496668777 0.001526678559)
(2.75 0.03496668777 0.001526678559)
(2.7625 0.03496668777 0.001526678559)
(2.775 0.03496668777 0.001526678559)
(2.7875 0.03496668777 0.001526678559)
(2.8 0.03496668777 0.001526678559)
(2.8125 0.03496668777 0.001526678559)
(2.825 0.03496668777 0.001526678559)
(2.8375 0.03496668777 0.001526678559)
(2.85 0.03496668777 0.001526678559)
(2.8625 0.03496668777 0.001526678559)
(2.875 0.03496668777 0.001526678559)
(2.8875 0.03496668777 0.001526678559)
(2.9 0.03496668777 0.001526678559)
(2.9125 0.03496668777 0.001526678559)
(2.925 0.03496668777 0.001526678559)
(2.9375 0.03496668777 0.001526678559)
(2.95 0.03496668777 0.001526678559)
(2.9625 0.03496668777 0.001526678559)
(2.975 0.03496668777 0.001526678559)
(2.9875 0.03496668777 0.001526678559)
(3 0.03496668777 0.001526678559)
(2.25 0.03746430833 0.001635727027)
(2.2625 0.03746430833 0.001635727027)
(2.275 0.03746430833 0.001635727028)
(2.2875 0.03746430833 0.001635727027)
(2.3 0.03746430833 0.001635727027)
(2.3125 0.03746430833 0.001635727027)
(2.325 0.03746430833 0.001635727027)
(2.3375 0.03746430833 0.001635727027)
(2.35 0.03746430833 0.001635727027)
(2.3625 0.03746430833 0.001635727027)
(2.375 0.03746430833 0.001635727027)
(2.3875 0.03746430833 0.001635727027)
(2.4 0.03746430833 0.001635727027)
(2.4125 0.03746430833 0.001635727027)
(2.425 0.03746430833 0.001635727027)
(2.4375 0.03746430833 0.001635727028)
(2.45 0.03746430833 0.001635727027)
(2.4625 0.03746430833 0.001635727027)
(2.475 0.03746430833 0.001635727027)
(2.4875 0.03746430833 0.001635727027)
(2.5 0.03746430833 0.001635727028)
(2.5125 0.03746430833 0.001635727027)
(2.525 0.03746430833 0.001635727027)
(2.5375 0.03746430833 0.001635727027)
(2.55 0.03746430833 0.001635727027)
(2.5625 0.03746430832 0.001635727027)
(2.575 0.03746430833 0.001635727027)
(2.5875 0.03746430832 0.001635727027)
(2.6 0.03746430833 0.001635727027)
(2.6125 0.03746430833 0.001635727027)
(2.625 0.03746430833 0.001635727027)
(2.6375 0.03746430833 0.001635727027)
(2.65 0.03746430833 0.001635727027)
(2.6625 0.03746430833 0.001635727027)
(2.675 0.03746430833 0.001635727027)
(2.6875 0.03746430833 0.001635727027)
(2.7 0.03746430832 0.001635727027)
(2.7125 0.03746430833 0.001635727027)
(2.725 0.03746430833 0.001635727027)
(2.7375 0.03746430833 0.001635727027)
(2.75 0.03746430833 0.001635727027)
(2.7625 0.03746430833 0.001635727028)
(2.775 0.03746430833 0.001635727027)
(2.7875 0.03746430833 0.001635727027)
(2.8 0.03746430833 0.001635727027)
(2.8125 0.03746430832 0.001635727027)
(2.825 0.03746430833 0.001635727028)
(2.8375 0.03746430833 0.001635727027)
(2.85 0.03746430833 0.001635727027)
(2.8625 0.03746430833 0.001635727027)
(2.875 0.03746430833 0.001635727027)
(2.8875 0.03746430833 0.001635727027)
(2.9 0.03746430833 0.001635727027)
(2.9125 0.03746430833 0.001635727027)
(2.925 0.03746430832 0.001635727027)
(2.9375 0.03746430833 0.001635727027)
(2.95 0.03746430833 0.001635727027)
(2.9625 0.03746430833 0.001635727027)
(2.975 0.03746430833 0.001635727027)
(2.9875 0.03746430833 0.001635727027)
(3 0.03746430833 0.001635727027)
(2.25 0.03996192888 0.001744775496)
(2.2625 0.03996192888 0.001744775496)
(2.275 0.03996192888 0.001744775496)
(2.2875 0.03996192888 0.001744775496)
(2.3 0.03996192888 0.001744775496)
(2.3125 0.03996192888 0.001744775496)
(2.325 0.03996192888 0.001744775496)
(2.3375 0.03996192888 0.001744775496)
(2.35 0.03996192888 0.001744775496)
(2.3625 0.03996192888 0.001744775496)
(2.375 0.03996192888 0.001744775496)
(2.3875 0.03996192888 0.001744775496)
(2.4 0.03996192888 0.001744775496)
(2.4125 0.03996192888 0.001744775496)
(2.425 0.03996192888 0.001744775496)
(2.4375 0.03996192888 0.001744775496)
(2.45 0.03996192888 0.001744775496)
(2.4625 0.03996192888 0.001744775496)
(2.475 0.03996192888 0.001744775496)
(2.4875 0.03996192888 0.001744775496)
(2.5 0.03996192888 0.001744775496)
(2.5125 0.03996192888 0.001744775496)
(2.525 0.03996192888 0.001744775496)
(2.5375 0.03996192888 0.001744775496)
(2.55 0.03996192888 0.001744775496)
(2.5625 0.03996192888 0.001744775496)
(2.575 0.03996192888 0.001744775496)
(2.5875 0.03996192888 0.001744775496)
(2.6 0.03996192888 0.001744775496)
(2.6125 0.03996192888 0.001744775496)
(2.625 0.03996192888 0.001744775496)
(2.6375 0.03996192888 0.001744775496)
(2.65 0.03996192888 0.001744775496)
(2.6625 0.03996192888 0.001744775496)
(2.675 0.03996192888 0.001744775496)
(2.6875 0.03996192888 0.001744775496)
(2.7 0.03996192888 0.001744775496)
(2.7125 0.03996192888 0.001744775496)
(2.725 0.03996192888 0.001744775496)
(2.7375 0.03996192888 0.001744775496)
(2.75 0.03996192888 0.001744775496)
(2.7625 0.03996192888 0.001744775496)
(2.775 0.03996192888 0.001744775496)
(2.7875 0.03996192888 0.001744775496)
(2.8 0.03996192888 0.001744775496)
(2.8125 0.03996192888 0.001744775496)
(2.825 0.03996192888 0.001744775496)
(2.8375 0.03996192888 0.001744775496)
(2.85 0.03996192888 0.001744775496)
(2.8625 0.03996192888 0.001744775496)
(2.875 0.03996192888 0.001744775496)
(2.8875 0.03996192888 0.001744775496)
(2.9 0.03996192888 0.001744775496)
(2.9125 0.03996192888 0.001744775496)
(2.925 0.03996192888 0.001744775496)
(2.9375 0.03996192888 0.001744775496)
(2.95 0.03996192888 0.001744775496)
(2.9625 0.03996192888 0.001744775496)
(2.975 0.03996192888 0.001744775496)
(2.9875 0.03996192888 0.001744775496)
(3 0.03996192888 0.001744775496)
(2.25 0.04245954944 0.001853823964)
(2.2625 0.04245954944 0.001853823964)
(2.275 0.04245954944 0.001853823964)
(2.2875 0.04245954944 0.001853823964)
(2.3 0.04245954944 0.001853823964)
(2.3125 0.04245954944 0.001853823964)
(2.325 0.04245954944 0.001853823964)
(2.3375 0.04245954943 0.001853823964)
(2.35 0.04245954944 0.001853823964)
(2.3625 0.04245954944 0.001853823964)
(2.375 0.04245954944 0.001853823964)
(2.3875 0.04245954943 0.001853823964)
(2.4 0.04245954943 0.001853823964)
(2.4125 0.04245954944 0.001853823964)
(2.425 0.04245954944 0.001853823964)
(2.4375 0.04245954944 0.001853823964)
(2.45 0.04245954944 0.001853823964)
(2.4625 0.04245954944 0.001853823964)
(2.475 0.04245954944 0.001853823964)
(2.4875 0.04245954944 0.001853823964)
(2.5 0.04245954944 0.001853823964)
(2.5125 0.04245954944 0.001853823964)
(2.525 0.04245954944 0.001853823965)
(2.5375 0.04245954944 0.001853823964)
(2.55 0.04245954943 0.001853823964)
(2.5625 0.04245954943 0.001853823964)
(2.575 0.04245954944 0.001853823964)
(2.5875 0.04245954944 0.001853823964)
(2.6 0.04245954944 0.001853823964)
(2.6125 0.04245954944 0.001853823964)
(2.625 0.04245954943 0.001853823964)
(2.6375 0.04245954944 0.001853823964)
(2.65 0.04245954944 0.001853823964)
(2.6625 0.04245954944 0.001853823964)
(2.675 0.04245954944 0.001853823964)
(2.6875 0.04245954944 0.001853823964)
(2.7 0.04245954944 0.001853823964)
(2.7125 0.04245954944 0.001853823964)
(2.725 0.04245954944 0.001853823964)
(2.7375 0.04245954944 0.001853823964)
(2.75 0.04245954944 0.001853823964)
(2.7625 0.04245954944 0.001853823964)
(2.775 0.04245954944 0.001853823964)
(2.7875 0.04245954943 0.001853823964)
(2.8 0.04245954944 0.001853823964)
(2.8125 0.04245954944 0.001853823964)
(2.825 0.04245954944 0.001853823964)
(2.8375 0.04245954944 0.001853823964)
(2.85 0.04245954944 0.001853823965)
(2.8625 0.04245954943 0.001853823964)
(2.875 0.04245954944 0.001853823964)
(2.8875 0.04245954944 0.001853823964)
(2.9 0.04245954944 0.001853823964)
(2.9125 0.04245954944 0.001853823964)
(2.925 0.04245954944 0.001853823964)
(2.9375 0.04245954943 0.001853823964)
(2.95 0.04245954943 0.001853823964)
(2.9625 0.04245954943 0.001853823964)
(2.975 0.04245954944 0.001853823964)
(2.9875 0.04245954944 0.001853823964)
(3 0.04245954944 0.001853823964)
(2.25 0.04495716999 0.001962872433)
(2.2625 0.04495716999 0.001962872433)
(2.275 0.04495716999 0.001962872433)
(2.2875 0.04495716999 0.001962872433)
(2.3 0.04495716999 0.001962872433)
(2.3125 0.04495716999 0.001962872433)
(2.325 0.04495716999 0.001962872433)
(2.3375 0.04495716999 0.001962872433)
(2.35 0.04495716999 0.001962872433)
(2.3625 0.04495716999 0.001962872433)
(2.375 0.04495716999 0.001962872433)
(2.3875 0.04495716999 0.001962872433)
(2.4 0.04495716999 0.001962872433)
(2.4125 0.04495716999 0.001962872433)
(2.425 0.04495716999 0.001962872433)
(2.4375 0.04495716999 0.001962872433)
(2.45 0.04495716999 0.001962872433)
(2.4625 0.04495716999 0.001962872433)
(2.475 0.04495716999 0.001962872433)
(2.4875 0.04495716999 0.001962872433)
(2.5 0.04495716999 0.001962872433)
(2.5125 0.04495716999 0.001962872433)
(2.525 0.04495716999 0.001962872433)
(2.5375 0.04495716999 0.001962872433)
(2.55 0.04495716999 0.001962872433)
(2.5625 0.04495716999 0.001962872433)
(2.575 0.04495716999 0.001962872433)
(2.5875 0.04495716999 0.001962872433)
(2.6 0.04495716999 0.001962872433)
(2.6125 0.04495716999 0.001962872433)
(2.625 0.04495716999 0.001962872433)
(2.6375 0.04495716999 0.001962872433)
(2.65 0.04495716999 0.001962872433)
(2.6625 0.04495716999 0.001962872433)
(2.675 0.04495716999 0.001962872433)
(2.6875 0.04495716999 0.001962872433)
(2.7 0.04495716999 0.001962872433)
(2.7125 0.04495716999 0.001962872433)
(2.725 0.04495716999 0.001962872433)
(2.7375 0.04495716999 0.001962872433)
(2.75 0.04495716999 0.001962872433)
(2.7625 0.04495716999 0.001962872433)
(2.775 0.04495716999 0.001962872433)
(2.7875 0.04495716999 0.001962872433)
(2.8 0.04495716999 0.001962872433)
(2.8125 0.04495716999 0.001962872433)
(2.825 0.04495716999 0.001962872433)
(2.8375 0.04495716999 0.001962872433)
(2.85 0.04495716999 0.001962872433)
(2.8625 0.04495716999 0.001962872433)
(2.875 0.04495716999 0.001962872433)
(2.8875 0.04495716999 0.001962872433)
(2.9 0.04495716999 0.001962872433)
(2.9125 0.04495716999 0.001962872433)
(2.925 0.04495716999 0.001962872433)
(2.9375 0.04495716999 0.001962872433)
(2.95 0.04495716999 0.001962872433)
(2.9625 0.04495716999 0.001962872433)
(2.975 0.04495716999 0.001962872433)
(2.9875 0.04495716999 0.001962872433)
(3 0.04495716999 0.001962872433)
(2.25 0.04745479054 0.002071920901)
(2.2625 0.04745479054 0.002071920901)
(2.275 0.04745479054 0.002071920901)
(2.2875 0.04745479054 0.002071920901)
(2.3 0.04745479055 0.002071920901)
(2.3125 0.04745479055 0.002071920901)
(2.325 0.04745479054 0.002071920901)
(2.3375 0.04745479054 0.002071920901)
(2.35 0.04745479054 0.002071920901)
(2.3625 0.04745479055 0.002071920901)
(2.375 0.04745479054 0.002071920901)
(2.3875 0.04745479054 0.002071920901)
(2.4 0.04745479055 0.002071920901)
(2.4125 0.04745479055 0.002071920901)
(2.425 0.04745479055 0.002071920901)
(2.4375 0.04745479054 0.002071920901)
(2.45 0.04745479054 0.002071920901)
(2.4625 0.04745479054 0.002071920901)
(2.475 0.04745479055 0.002071920901)
(2.4875 0.04745479054 0.002071920901)
(2.5 0.04745479054 0.002071920901)
(2.5125 0.04745479055 0.002071920901)
(2.525 0.04745479055 0.002071920901)
(2.5375 0.04745479055 0.002071920901)
(2.55 0.04745479055 0.002071920901)
(2.5625 0.04745479054 0.002071920901)
(2.575 0.04745479054 0.002071920901)
(2.5875 0.04745479055 0.002071920901)
(2.6 0.04745479055 0.002071920901)
(2.6125 0.04745479055 0.002071920901)
(2.625 0.04745479055 0.002071920901)
(2.6375 0.04745479055 0.002071920901)
(2.65 0.04745479055 0.002071920901)
(2.6625 0.04745479055 0.002071920901)
(2.675 0.04745479054 0.002071920901)
(2.6875 0.04745479054 0.002071920901)
(2.7 0.04745479054 0.002071920901)
(2.7125 0.04745479055 0.002071920901)
(2.725 0.04745479055 0.002071920901)
(2.7375 0.04745479055 0.002071920901)
(2.75 0.04745479054 0.002071920901)
(2.7625 0.04745479054 0.002071920901)
(2.775 0.04745479054 0.002071920901)
(2.7875 0.04745479055 0.002071920901)
(2.8 0.04745479054 0.002071920901)
(2.8125 0.04745479054 0.002071920901)
(2.825 0.04745479055 0.002071920901)
(2.8375 0.04745479055 0.002071920901)
(2.85 0.04745479055 0.002071920901)
(2.8625 0.04745479054 0.002071920901)
(2.875 0.04745479054 0.002071920901)
(2.8875 0.04745479054 0.002071920901)
(2.9 0.04745479055 0.002071920901)
(2.9125 0.04745479054 0.002071920901)
(2.925 0.04745479054 0.002071920901)
(2.9375 0.04745479055 0.002071920902)
(2.95 0.04745479055 0.002071920901)
(2.9625 0.04745479055 0.002071920901)
(2.975 0.04745479054 0.002071920901)
(2.9875 0.04745479054 0.002071920901)
(3 0.04745479054 0.002071920901)
(2.25 0.0499524111 0.00218096937)
(2.2625 0.0499524111 0.00218096937)
(2.275 0.0499524111 0.00218096937)
(2.2875 0.0499524111 0.00218096937)
(2.3 0.0499524111 0.00218096937)
(2.3125 0.0499524111 0.00218096937)
(2.325 0.0499524111 0.00218096937)
(2.3375 0.0499524111 0.00218096937)
(2.35 0.0499524111 0.00218096937)
(2.3625 0.0499524111 0.00218096937)
(2.375 0.0499524111 0.00218096937)
(2.3875 0.0499524111 0.00218096937)
(2.4 0.0499524111 0.00218096937)
(2.4125 0.0499524111 0.00218096937)
(2.425 0.0499524111 0.00218096937)
(2.4375 0.0499524111 0.00218096937)
(2.45 0.0499524111 0.00218096937)
(2.4625 0.0499524111 0.00218096937)
(2.475 0.0499524111 0.00218096937)
(2.4875 0.0499524111 0.00218096937)
(2.5 0.0499524111 0.00218096937)
(2.5125 0.0499524111 0.00218096937)
(2.525 0.0499524111 0.00218096937)
(2.5375 0.0499524111 0.00218096937)
(2.55 0.0499524111 0.00218096937)
(2.5625 0.0499524111 0.00218096937)
(2.575 0.0499524111 0.00218096937)
(2.5875 0.0499524111 0.00218096937)
(2.6 0.0499524111 0.00218096937)
(2.6125 0.0499524111 0.00218096937)
(2.625 0.0499524111 0.00218096937)
(2.6375 0.0499524111 0.00218096937)
(2.65 0.0499524111 0.00218096937)
(2.6625 0.0499524111 0.00218096937)
(2.675 0.0499524111 0.00218096937)
(2.6875 0.0499524111 0.00218096937)
(2.7 0.0499524111 0.00218096937)
(2.7125 0.0499524111 0.00218096937)
(2.725 0.0499524111 0.00218096937)
(2.7375 0.0499524111 0.00218096937)
(2.75 0.0499524111 0.00218096937)
(2.7625 0.0499524111 0.00218096937)
(2.775 0.0499524111 0.00218096937)
(2.7875 0.0499524111 0.00218096937)
(2.8 0.0499524111 0.00218096937)
(2.8125 0.0499524111 0.00218096937)
(2.825 0.0499524111 0.00218096937)
(2.8375 0.0499524111 0.00218096937)
(2.85 0.0499524111 0.00218096937)
(2.8625 0.0499524111 0.00218096937)
(2.875 0.0499524111 0.00218096937)
(2.8875 0.0499524111 0.00218096937)
(2.9 0.0499524111 0.00218096937)
(2.9125 0.0499524111 0.00218096937)
(2.925 0.0499524111 0.00218096937)
(2.9375 0.0499524111 0.00218096937)
(2.95 0.0499524111 0.00218096937)
(2.9625 0.0499524111 0.00218096937)
(2.975 0.0499524111 0.00218096937)
(2.9875 0.0499524111 0.00218096937)
(3 0.0499524111 0.00218096937)
)


// ************************************************************************* //
