/*--------------------------------*- C++ -*----------------------------------*\
  =========                 |
  \\      /  F ield         | OpenFOAM: The Open Source CFD Toolbox
   \\    /   O peration     | Website:  https://openfoam.org
    \\  /    A nd           | Version:  11
     \\/     M anipulation  |
\*---------------------------------------------------------------------------*/
FoamFile
{
    format      ascii;
    class       volScalarField;
    location    "500";
    object      yPlus;
}
// * * * * * * * * * * * * * * * * * * * * * * * * * * * * * * * * * * * * * //

dimensions      [0 0 0 0 0 0 0];

internalField   uniform 0;

boundaryField
{
    inlet
    {
        type            calculated;
        value           uniform 0;
    }
    outlet
    {
        type            calculated;
        value           uniform 0;
    }
    topBottom
    {
        type            symmetry;
    }
    frontAndBack
    {
        type            symmetry;
    }
    cylinder
    {
        type            calculated;
        value           nonuniform List<scalar> 
1472
(
42.99048179
20.75766698
28.89212746
25.52641056
28.9291033
37.50823375
39.65486081
39.65692873
38.76807646
42.74526284
42.746241
42.99063429
24.27976575
24.28473061
20.77763708
28.89052803
28.88923248
24.16682231
24.17151295
25.73261925
25.73582798
28.88906351
24.84198056
24.84516423
25.76293055
28.71663152
28.72035393
22.81084495
22.81293286
28.9329533
22.4285822
22.43100471
42.39834749
42.39881717
42.59474738
42.59530799
21.13366301
21.11155304
22.24269186
22.21828313
41.24017444
41.41077055
43.45767009
19.88223725
16.0775226
16.00677523
32.20407781
32.19246747
28.67244018
25.73055591
26.11098294
25.9431637
24.47639331
24.78238971
28.95288509
19.07832018
19.13902596
38.0763772
38.22987844
12.73451104
12.76773693
41.5383092
42.19785564
37.78331289
26.67922793
26.19456592
40.02683652
42.04007705
42.58183514
42.10657272
42.79318144
40.02815892
42.03967953
42.58256668
26.61166879
25.94183396
39.02874917
29.89919855
29.42365615
26.61264249
25.94275843
38.28965965
40.59587767
40.82028805
38.17099391
38.28960277
40.59558813
40.82052913
43.32668094
41.24006302
41.41112225
43.32832429
43.45881596
22.23886502
22.22116783
11.08341011
11.18654789
19.8337202
11.36602625
11.17851558
11.50965422
11.23910787
11.23674491
12.84989591
32.81120671
32.88669399
35.32333553
35.42379551
32.81112825
32.88692063
19.69617927
16.08242998
16.00204431
19.70908558
19.75019511
28.85915703
32.20519647
32.19301014
28.85949335
24.56396439
24.5656013
25.73905747
27.08202728
26.93720709
27.03355592
27.06695671
25.73917971
27.07896086
26.93663127
28.672219
25.00226918
25.00253759
27.1161702
27.14231245
25.76583991
27.01497038
27.01824163
27.12084824
27.14347603
28.74455054
28.7443881
23.37058068
23.37354108
32.19484927
32.20217525
28.95273073
32.19429914
32.2024597
23.18484752
23.18779871
32.83019432
35.28784081
19.08357978
38.07689389
38.23022541
40.42397692
40.70492668
43.00829213
43.00817746
43.08150176
43.08146332
21.68097384
21.67959033
23.55586431
23.5443173
12.74818002
43.40756222
42.73683916
24.17930127
20.4062
37.36609492
36.47984908
37.40447301
36.52221593
28.6627459
27.93689944
29.2766616
28.93441629
29.29887175
42.90168655
43.28435465
42.90181261
43.28440209
42.72128245
43.40752612
42.7367619
23.28714398
24.25491457
23.29749293
24.27539387
24.17703667
20.42554972
37.36536455
36.47912701
37.40375895
36.52114831
13.79071666
14.81414906
13.7956922
14.82172765
13.6815947
29.28264339
28.91061394
29.28351336
28.90968526
23.75256708
24.21104295
23.60482086
23.75607859
24.21648544
28.66039217
27.93311595
24.71808695
25.01886616
24.72095619
25.01225523
28.71573856
27.99009533
28.71878368
27.9935796
22.84585725
23.01677484
22.84764554
23.01919248
29.27980164
28.93744284
22.23188201
22.5015373
22.23408307
22.50296347
36.4102021
37.29668213
36.40870341
37.29605565
36.44105457
37.33273797
16.22945599
15.54976142
16.21412194
15.55481012
42.5758127
42.93656667
42.37423319
42.57523687
42.93616868
43.01462088
42.27048571
43.01430746
42.27133943
21.36709688
21.78338135
21.36258771
21.76046072
24.80483827
22.86656275
23.98759104
24.78556456
22.8408777
41.86086337
31.01625229
30.83647686
19.06663513
18.33108086
12.71565306
12.96653587
40.77869617
40.06400456
39.22624372
40.77981852
40.06307147
41.86184566
42.43433738
42.58296479
42.203434
22.82194346
13.94340023
13.96584031
11.86217071
11.6395828
12.24997601
11.83512242
11.64473995
12.25074934
32.82423484
33.10075718
34.66059466
32.82419338
33.10151683
18.86410286
17.18955024
19.69016813
18.87930081
31.01759394
21.78434014
22.30728587
22.41251338
21.79480337
22.42047792
25.4791731
27.63699255
27.64055305
23.78400485
23.78440568
31.03831152
31.03979869
20.32120635
20.33324068
32.82606417
33.10834776
34.63492624
33.10790004
18.33905947
17.71897425
39.92236822
40.63454745
39.92410025
41.6956089
42.18581403
41.69602022
41.64174269
21.27758092
12.61505396
12.64639259
12.98456559
41.88376123
43.43721744
43.21053245
23.87223314
20.09641978
23.70363825
37.48297742
36.59460562
30.95859685
30.71907546
30.75056704
28.67432912
27.98741491
27.63812918
29.22456704
28.94241799
29.21673679
18.32992062
19.1139715
13.16175521
12.7516903
40.18121327
40.81300441
39.33330647
40.18134825
40.81388788
42.92866224
43.31337129
42.94664934
41.88473331
42.60827193
42.92905328
43.31382827
43.43774394
43.21184493
22.58698007
24.16120939
22.42061336
22.60898098
24.15171784
15.0912986
23.86689107
20.09277458
15.120747
11.29647979
11.2903731
34.77956716
33.18896775
32.87362957
33.19064353
32.87429106
37.48385389
36.59613901
13.45923968
14.65177954
13.45377333
14.64495742
13.50661491
14.65948937
18.86069631
18.86176243
19.73332397
29.19262697
28.87645972
30.95959613
30.7193763
30.75153424
29.19376212
28.87621988
29.1529836
21.98827093
22.64101787
24.13380599
24.464144
24.3670492
21.99410272
24.13747791
24.46741562
28.67309831
27.98721258
24.91787497
25.36506181
25.89360336
24.92060485
25.36136481
25.88772819
28.73453364
28.01315903
28.73624487
28.01314173
27.65766595
23.22121246
23.54459319
23.22067888
23.54373745
30.98920482
29.22686289
28.94403239
30.99173293
22.52687973
22.98867639
22.69627683
20.39029377
22.52854415
22.98776903
20.39742501
33.16461067
32.86207986
34.71854011
33.16421749
32.86209686
36.51219178
37.42047226
37.39316024
36.48600564
36.51082329
37.42016891
36.48564801
37.39319954
16.53154952
15.84722962
15.75103046
16.5334069
15.85178792
16.45207412
15.75960766
18.33246846
19.11682695
40.08558172
40.68906644
40.0858747
40.68892169
41.73367417
42.42996241
42.61794853
42.9815251
41.73332681
42.41550396
42.61776965
42.98154062
43.05085665
42.75251484
42.12531816
43.05097405
42.7523355
21.54099101
22.58103456
21.53068464
22.56849951
25.36536052
23.34331695
12.52514663
25.34736533
23.32073272
12.54821673
14.47686785
13.16423502
38.76491217
25.75922454
25.61617127
25.62031713
25.52699072
38.63222516
38.62965871
37.50519948
42.613538
42.43405619
42.10662326
42.20339914
42.79184363
42.66101708
39.0254235
29.88879071
29.41693199
38.17162927
35.32385806
35.42300809
20.7030815
19.75132484
20.73663664
27.0370155
27.64772717
27.06729599
25.76618749
27.0099427
27.01807306
17.10567366
17.71706765
16.82728038
17.51587361
40.42234782
41.06772048
40.70525764
41.29180371
14.47836008
13.80332945
14.47351645
39.22521794
39.33332785
42.61363408
42.66226398
22.80878902
22.42258637
23.27710175
11.22402383
12.83900271
12.40375435
11.75262951
12.39873537
11.74297121
34.66100358
34.78033325
17.18929245
17.14657631
17.14099486
30.83723893
22.76594229
20.73961964
20.74369134
22.76759689
22.30352202
27.64475511
27.63789837
25.50406222
25.97321157
25.8847944
26.19438363
25.71124439
26.10806601
25.97932787
25.89847811
26.19476497
27.65719135
24.1362578
24.48693299
24.21849963
25.9451682
24.47832932
24.78114372
24.13739066
24.48731276
24.2167714
30.87978986
32.83148029
32.87344463
32.87324555
19.74397337
19.71370928
19.74851536
19.71086071
19.14230261
21.24007437
35.2881905
35.35695474
34.63498573
35.356347
34.71810241
15.16913566
17.10588731
14.48635619
16.83340104
15.17474007
17.52075894
39.13592677
39.28118288
39.13690075
39.28159055
41.06854095
41.29104188
42.42923761
42.18675388
41.64190195
39.01131175
41.36768031
41.89044941
41.5371034
42.19748654
42.12508818
39.01135095
41.36629425
41.88992504
22.44454845
21.31790246
21.53903252
22.60355235
37.78478518
26.67507659
26.20224164
22.45146221
21.5502591
22.58970114
12.34279956
12.34579756
17.73544308
12.36109093
12.34600114
12.76894735
17.75119491
19.52446417
13.81075878
43.13584226
38.9238593
36.51986416
36.49111319
24.1391996
27.97709917
25.76293824
25.80443739
25.79996518
42.72018385
39.91404969
40.34755088
40.62312548
43.13878202
39.9238558
40.34887217
40.63171653
24.22416935
38.93300853
36.52575074
36.50161406
24.23311231
24.14471674
14.70198403
13.6740478
14.7159247
29.32061098
29.32159738
23.60638834
25.74234952
25.76616968
25.77629968
27.97438535
25.74420189
25.76683356
25.77669396
25.08746264
25.66076531
25.52188054
25.59970154
25.08190012
25.66915201
25.54286741
25.61838187
27.98986736
25.76551669
25.80868401
25.80289765
27.99285584
25.62521858
24.88597059
24.97787383
23.12801835
25.62381192
24.88643237
24.97893596
23.12829564
29.30332792
22.27083141
22.27205774
37.33279118
36.44151439
16.23599895
15.62971808
16.22591215
15.64857405
42.3746056
42.67076052
38.86838077
39.34182267
39.60269036
42.67035402
38.86798705
39.33976174
39.60242007
37.63219513
34.76256147
34.67624216
22.20584302
37.63144983
34.75814157
34.6755981
22.19223102
23.96440344
42.58258608
41.7229356
41.61231204
41.72508087
42.59301878
42.71362135
33.1781319
29.31346888
32.8462364
25.76155563
22.93807972
25.33709409
25.01233219
25.98778614
37.63420573
38.21001013
37.67414234
35.6230341
35.65403474
30.81821089
31.02996362
31.54807082
31.57266432
19.67916309
20.59723642
21.09491057
21.10867288
27.63979672
27.06922473
26.21002701
27.00370004
26.20610632
29.59715115
30.18720252
30.15609156
29.63488204
18.30363772
17.97030136
17.6275123
16.99903671
18.04444915
40.6334372
41.24120611
13.92020011
14.56652736
13.22333822
12.97627235
13.26425867
40.09974983
39.89849374
39.25556141
39.93175129
40.10085713
39.89737125
39.25608849
39.93272307
42.90734707
42.7711
42.92497342
42.76928074
41.39248988
41.72310488
41.72625981
42.90731145
42.77185247
42.9252557
42.77024489
41.39327725
41.61198211
41.29943447
42.50331358
41.64783571
42.59648097
42.71798186
41.30005678
42.50886824
41.65504655
22.49186024
25.86849498
33.1874526
29.32430315
32.85873587
22.49401076
25.87455435
22.90787798
12.88389231
11.74843667
11.53106195
11.88240779
25.75782574
22.94234512
25.33082073
25.01343211
25.97729633
22.91743153
12.91861464
11.23045745
11.86935766
11.7398716
10.8916319
11.42817303
11.429916
12.07612784
12.66070133
10.88741046
11.42320107
11.43186749
12.07744805
34.70165549
33.8138105
35.35520982
33.77229222
33.11916844
34.70085385
33.8128115
35.35457965
33.77202867
33.11855606
37.63346964
38.20955612
37.673409
35.62240129
35.6526561
13.16796474
13.00508045
15.27354952
16.04954863
15.22472351
13.17806096
12.67011055
13.01500602
15.28629081
16.05295503
15.23300813
17.1558216
18.82873185
18.0338999
18.06166706
17.1568958
18.83860656
18.04074922
18.06971569
32.15966752
29.59156013
30.13946768
30.12465849
29.61432432
30.81926917
31.0309949
31.54952032
31.57422555
32.16090161
29.59287795
30.13988582
30.12589044
29.61476671
21.6927254
23.27456653
22.81689467
22.93178525
23.12418982
20.63301347
21.68626382
21.13527301
21.15788051
23.28345676
22.82746846
22.94388756
23.13040686
26.12766491
26.9218198
26.14718237
27.63713814
27.06611451
26.12607844
26.91903459
26.14584841
25.57851434
25.7855457
25.49948408
25.84066473
25.59707404
25.5590418
25.77483303
25.53012761
25.85370869
25.62147859
27.64047242
27.12364557
26.2154883
27.0073622
26.21003359
27.64295976
27.12664348
24.57888952
24.48632681
24.6572517
23.91789796
24.18384247
24.58068033
24.48615353
24.65804649
23.91816584
24.18472375
30.84611402
31.0667974
31.62187904
32.18906997
31.59383143
29.59984081
30.8817454
30.18971921
30.84742922
30.15801846
29.63801963
31.06806269
31.62191755
31.5944372
32.82587911
32.19029432
21.6811133
21.23707532
21.51396253
21.37200573
21.76869315
19.6555254
21.1445919
20.4333056
19.97619525
19.87450017
21.68162422
21.51210344
21.37055851
21.76955714
19.07450289
19.66031852
21.14648889
20.44545145
19.98253141
19.88189766
33.10833763
33.77651147
34.64773347
35.29631279
33.76470063
33.10793237
33.77567441
34.64695288
35.29584254
33.76521317
35.57693583
35.58901284
37.55796686
37.60045209
35.57525975
35.58872972
37.55778794
38.12747829
37.60132138
16.50192398
16.4138765
15.01197367
15.05822261
16.49774957
16.40626746
15.02681219
14.57657912
15.07513224
18.31322534
17.97780919
17.63077316
16.99989934
18.04911047
39.17864927
38.12739563
39.98041844
39.82504003
39.77151996
39.17930583
39.98154867
39.82597039
39.7729367
42.36879082
41.51402067
41.41879216
41.59399781
42.64600943
42.51013472
42.6764461
42.49690154
41.24144532
41.4184497
42.36918073
41.51469022
41.59381473
42.6460848
42.51152992
42.67686898
42.49769047
42.05081714
42.11441516
40.45758348
41.80365549
40.79036448
42.04990904
42.11366941
40.45602975
41.80326722
40.79010606
30.72590069
25.87056784
30.29685388
22.44891407
21.30956805
30.71985038
25.87679705
30.29818257
22.4012544
21.32704132
12.32918493
25.59176963
19.4706489
23.88159981
18.54458586
23.73142885
24.93717799
12.7503793
12.07225641
12.00002867
12.72436224
12.34117753
12.12278607
12.0341611
25.59198679
23.91313176
18.60460028
23.76990606
24.93959785
12.79096435
13.93317387
13.28693433
13.2413549
12.99462335
41.89101081
41.76532674
42.60761223
43.17944481
42.62884226
42.75457482
38.95009376
36.59765917
36.49465205
32.96693585
29.25183507
32.81957034
25.59375573
24.93393213
23.12314082
24.93538173
25.54130698
37.45885141
36.56926812
37.75037656
37.72865786
35.72024103
35.40725501
35.7040718
30.93228145
31.56969629
19.73008942
20.68918506
27.99183715
27.64610775
27.07789454
25.76786931
25.80628289
25.80465198
26.21715229
27.01318263
26.21317916
29.53168784
30.7757593
30.07361999
30.79306661
30.09253773
29.51728909
18.3186415
17.93605965
17.55545453
17.94663194
41.65478022
41.27395788
14.27489938
13.08772798
13.47217518
13.60373634
40.16467093
39.99339424
39.31592109
38.27251401
40.0118649
40.16553985
39.99424447
39.31689191
38.27350242
40.01194612
42.93778491
42.96296005
42.93699781
42.95200805
41.40103292
41.75711784
41.89072232
42.93802129
42.96410514
42.95364822
42.93705051
42.94828527
41.76474312
41.40188886
41.75814595
39.95747261
40.73423918
40.66786023
41.75031213
42.53763222
41.69526431
43.18272438
42.63299381
42.75961663
39.9667373
40.73602762
40.67682179
41.7517636
42.54382666
41.70302653
24.20243747
22.44137973
25.79932934
38.95883259
36.60155035
36.5069171
32.97202534
29.27033142
32.83735196
24.23827911
22.44220497
25.81380291
15.54498885
12.84539295
11.82969726
11.79683365
12.53112486
25.58803749
23.27959688
24.93193781
25.53817316
23.13525683
24.93501337
23.69664262
15.56219237
12.85181424
11.83887299
11.7944329
12.53617381
11.69233977
11.23759819
11.86878701
12.46577695
11.08666344
11.68022403
11.22536018
11.86678128
12.47169822
11.06957273
34.760975
33.17354574
33.8754034
33.89519689
34.76093805
33.17397547
33.87537315
33.89613303
37.45848468
36.56822748
37.75061696
37.72858892
35.72244238
35.4071944
35.70254319
14.6579007
13.50394504
12.79549364
12.8386523
15.16229865
16.01303526
15.17312477
12.78642398
12.84191819
15.1525383
16.01105522
15.16788618
17.14198588
18.85016457
18.04516293
18.05346293
17.13951829
18.84990296
18.03952264
18.04510523
31.5587997
32.1885263
29.49441218
29.99659066
30.03605906
29.45084807
29.15131373
30.93249324
31.55928584
32.19061268
31.57089105
29.4958594
29.99661511
29.45056287
30.03729064
22.08587857
21.30258306
21.23686858
23.63445408
23.40366342
23.23953812
23.84253971
21.31401354
20.70889531
21.26747908
22.0848093
22.64637684
23.64013087
23.40775136
23.84471277
23.2469102
24.37269509
25.74096099
25.77366831
25.77592896
26.14888935
26.93958473
26.15318921
27.99041494
27.64456924
27.07603247
25.74182709
25.77385238
25.77623893
26.14924742
26.93794122
26.15256409
25.28338478
25.80229079
26.02212635
25.8969438
25.9368722
25.84091164
25.94750218
26.10247266
25.85249178
25.28103548
25.79303272
26.01789828
25.90212979
25.93930791
25.85002955
25.95055495
26.10964454
25.86476592
28.00388703
27.649117
27.13654159
25.76910568
25.80646301
25.80648806
26.21800827
27.01515473
26.21541987
28.00568328
27.65065698
27.13819131
25.85740124
25.29722559
25.22382013
24.97431371
24.69830508
24.88827521
23.42035865
24.13169834
24.40533218
25.85778125
25.30208413
25.22658697
24.97373286
24.69669847
24.88778479
23.41836651
24.13285097
24.406244
30.97200082
31.5731519
32.20254223
31.58015292
29.53346086
30.77620927
30.07346937
29.51731919
30.09395509
29.21877567
30.97255112
31.57366879
30.79588811
32.20386122
31.58217547
21.86537054
21.35217254
21.58989296
21.27087325
21.52007891
21.95392254
19.90513776
19.68967492
19.89472537
20.43173801
21.8665587
21.35294708
21.58531339
21.94933319
21.27139469
21.5170521
22.68713236
19.69300932
19.89913796
20.43047574
19.90548974
33.14990895
33.84747192
34.69990069
33.83028612
33.14940813
33.84711172
34.69934917
33.82963929
35.64745219
35.34012125
35.62963554
37.68949917
37.66194919
35.64536192
35.33967664
35.62922485
37.68949372
37.66287348
16.46625719
16.30602855
16.88811838
16.34978055
15.41849877
14.96304962
15.28868527
16.31398989
16.89043652
16.34903163
15.42573886
15.29723536
18.32536328
17.94151845
17.55962459
17.95243698
39.25771349
38.20711287
39.92377779
40.0623468
39.89982999
39.25798811
38.2075003
39.92414863
40.06223729
39.89979892
41.75124669
42.41570361
41.63532627
42.70387826
42.75473107
42.71800602
42.72246577
42.64489552
41.27354448
41.63467462
41.75029773
41.65376128
42.70382905
42.75421991
42.72200391
42.71780265
42.64469313
42.7157798
42.08935731
42.15704119
38.9228834
39.7382353
39.65690869
40.90825366
41.84119048
40.84366707
42.71586267
42.0891145
42.15688275
38.92294901
39.73771615
39.65696688
40.9076884
41.84112187
40.84365306
37.67680103
34.87358362
34.715623
30.57933804
25.86450928
30.32651596
22.39765128
22.77747953
21.23548928
37.67693439
34.87807301
34.71697976
30.58538166
25.87549397
30.3311449
22.38749416
22.73809127
21.2515322
11.86212785
12.33650962
26.11736647
23.64500488
17.9820749
23.67214542
26.31898551
25.60361718
12.45070609
11.92588583
11.86615329
12.7538096
12.3402007
11.94143547
26.11702035
23.65236362
26.31504202
18.02507072
23.7009952
25.59232071
12.45432858
14.28517403
13.48661081
14.97153551
13.61020513
13.10044467
)
;
    }
}


// ************************************************************************* //
