/*--------------------------------*- C++ -*----------------------------------*\
  =========                 |
  \\      /  F ield         | OpenFOAM: The Open Source CFD Toolbox
   \\    /   O peration     | Website:  https://openfoam.org
    \\  /    A nd           | Version:  11
     \\/     M anipulation  |
\*---------------------------------------------------------------------------*/
FoamFile
{
    format      ascii;
    class       volScalarField;
    location    "20";
    object      p;
}
// * * * * * * * * * * * * * * * * * * * * * * * * * * * * * * * * * * * * * //

dimensions      [0 2 -2 0 0 0 0];

internalField   nonuniform List<scalar> 
3840
(
-0.3495140236
-0.3518025864
-0.3536442901
-0.3551743679
-0.3566126668
-0.3575386675
-0.3574857787
-0.3560468287
-0.3531833319
-0.349526492
-0.346625253
-0.3468554288
-0.3527004049
-0.3650376123
-0.3818453668
-0.3968984259
-0.4012651061
-0.3861269911
-0.3456677721
-0.2844123419
-0.2167193994
-0.1587503824
-0.1199489387
-0.1027600594
-0.1060108857
-0.1213215586
-0.1296261415
-0.1257377014
-0.09875095734
-0.07324371039
-0.0631532602
-0.07217873795
-0.09597821993
-0.1142721273
-0.1025260628
-0.06463018594
-0.03236750971
-0.02100589844
-0.01959191576
-0.01028138883
-0.3384316348
-0.3401257171
-0.3407822576
-0.3404713002
-0.3395145039
-0.337730248
-0.3350382846
-0.3316818981
-0.3284808282
-0.3270118625
-0.3295876563
-0.3386803571
-0.3559836322
-0.3808508728
-0.408982494
-0.4324321847
-0.4408524193
-0.4240619881
-0.3765889142
-0.3045210976
-0.2248725266
-0.155419917
-0.1052778947
-0.07522789742
-0.06322647712
-0.06467129564
-0.06989801794
-0.07295780289
-0.05826470775
-0.04821161542
-0.0511029565
-0.07184476983
-0.1052932479
-0.1248810405
-0.1037058394
-0.05517713921
-0.01538806298
0.004084992794
0.008304699057
0.01440641698
-0.3287815153
-0.3298482724
-0.3294026189
-0.3274557613
-0.3244189638
-0.3203447178
-0.3155256454
-0.3107561971
-0.307513513
-0.3079696503
-0.3147071595
-0.3299436331
-0.3543884243
-0.3860782183
-0.4193604716
-0.4453274308
-0.4532905142
-0.432581723
-0.3788144586
-0.3004711843
-0.2163237033
-0.1434784552
-0.08915294462
-0.05226730655
-0.02940453342
-0.01753109206
-0.01205927874
-0.005822400441
-0.00887299276
-0.01039543564
-0.02185040046
-0.04939322375
-0.08585530017
-0.1022169557
-0.07796985861
-0.03376287176
0.0001422395242
0.01897382225
0.02183275559
0.03010537521
-0.3205435753
-0.3210004875
-0.3195667856
-0.3161952819
-0.3113841769
-0.3054222317
-0.2989380722
-0.293147925
-0.2899300358
-0.2917138134
-0.3009957272
-0.3195460345
-0.3471745721
-0.3808540703
-0.4143190439
-0.4386189985
-0.4427197063
-0.4165091126
-0.3581878366
-0.2792154209
-0.1982270194
-0.1292875341
-0.07691157068
-0.03902325407
-0.01175837089
0.007948580078
0.02219671336
0.03163161919
0.03331919985
0.02687249054
0.01052223408
-0.01889871132
-0.05036146098
-0.06129064143
-0.04266927567
-0.01380894288
0.007273334745
0.0197746689
0.01993057322
0.02845878198
-0.3136212123
-0.3135220421
-0.3112121775
-0.3065879162
-0.300244379
-0.292709504
-0.284895471
-0.2782967416
-0.2750042761
-0.2774607073
-0.2879115131
-0.3075354446
-0.3354032911
-0.3678792288
-0.3986400454
-0.4182592039
-0.415611109
-0.3830873323
-0.32322313
-0.2493814373
-0.1773470086
-0.1167481599
-0.06968751965
-0.03410590547
-0.007050584689
0.01379822322
0.02988489223
0.04145208711
0.04665282469
0.04276930498
0.02762475605
0.004109043142
-0.01742172963
-0.02437355119
-0.01595904936
-0.002316486781
0.008195638785
0.01490363946
0.01368595151
0.01926571053
-0.3079084285
-0.3073246582
-0.304224202
-0.2984668453
-0.2907576882
-0.2818556752
-0.2729421326
-0.265667699
-0.2622055471
-0.2648833538
-0.2755914165
-0.2949065188
-0.321451025
-0.3512712107
-0.3769839248
-0.3886954255
-0.377308452
-0.3398765661
-0.282837788
-0.2185972436
-0.1582317888
-0.1072816172
-0.06650029905
-0.03443858462
-0.009293490641
0.01032345159
0.02516139275
0.03519347952
0.03955319627
0.03726916713
0.0281224532
0.01418487073
0.001334463265
-0.004737408298
-0.003271497292
0.00201375358
0.006922631785
0.0102934584
0.009083029853
0.01178305603
-0.3033460478
-0.3023448608
-0.2985108601
-0.291702436
-0.2827389752
-0.2726628758
-0.262818815
-0.2550187752
-0.2514365899
-0.2541985341
-0.2648153646
-0.2835242454
-0.308043905
-0.3330532154
-0.3505663285
-0.3522119972
-0.3330462633
-0.2946524913
-0.2444980528
-0.1916575645
-0.1427161542
-0.1006186964
-0.06576779057
-0.0374651424
-0.01479258111
0.003008466251
0.01639225658
0.02544353245
0.02989942229
0.02945076013
0.02427610336
0.01589574847
0.007578677518
0.002569243023
0.001750317621
0.003507995515
0.005559157813
0.006978923689
0.00589961511
0.006716158274
-0.2999604883
-0.2985849069
-0.2940567065
-0.2862687384
-0.2762307134
-0.2651663694
-0.2546442248
-0.2465934211
-0.2431562409
-0.2463292722
-0.2570446164
-0.2743521154
-0.2946968058
-0.3120533243
-0.3195613583
-0.3122026622
-0.2891291925
-0.253894752
-0.2123699343
-0.1700621817
-0.1306230909
-0.09580783013
-0.06610889772
-0.04137940678
-0.02123517296
-0.005281097216
0.006767319804
0.01503656774
0.01953187581
0.02031217277
0.01779375316
0.01312228347
0.008196310857
0.004791229032
0.003511200268
0.003729481845
0.004340774273
0.004733245295
0.003834015222
0.003738158685
-0.297875231
-0.2961292657
-0.290953379
-0.2823178487
-0.2714456391
-0.2597309598
-0.2489358043
-0.2411390124
-0.2383249346
-0.2418742656
-0.2517179825
-0.2656438366
-0.2793974979
-0.2877649063
-0.2864559259
-0.2737269273
-0.2507505911
-0.2206523631
-0.1870717859
-0.1531220043
-0.120988776
-0.09195699704
-0.06661578321
-0.04510001065
-0.0273019436
-0.01302636515
-0.002084625328
0.005669545988
0.01036351625
0.01220065564
0.01161476802
0.009414894314
0.006732488341
0.004608209439
0.003506721165
0.00323264388
0.003259672228
0.003196178701
0.002503436507
0.002002999724
-0.2972800159
-0.2951198304
-0.2893612225
-0.2800886099
-0.2687368412
-0.2568279445
-0.2462716757
-0.2390320493
-0.2366704446
-0.2396542753
-0.246829559
-0.2553774262
-0.2615897564
-0.2621387359
-0.2551705646
-0.2406234569
-0.2197943954
-0.1946457507
-0.167261622
-0.1395244576
-0.1129277634
-0.08849304584
-0.06679632864
-0.04807406944
-0.03235040637
-0.01954211881
-0.009524976714
-0.002160508893
0.002715380433
0.005340189085
0.006095347702
0.005555370733
0.004433218699
0.003370293641
0.002705540001
0.002417833087
0.002292290901
0.002091345675
0.001620864636
0.0009875173426
-0.2983658595
-0.2956897813
-0.2893917263
-0.2797863891
-0.2683011905
-0.2565689028
-0.246451559
-0.2395632367
-0.2367511923
-0.2376293694
-0.2405377845
-0.2430316072
-0.2427265867
-0.2380141832
-0.2283023507
-0.2138396806
-0.1954192147
-0.1741566438
-0.1513285734
-0.1282011906
-0.1058598277
-0.085102333
-0.06642615939
-0.05008297294
-0.03615473465
-0.02461992416
-0.01539789308
-0.008369407366
-0.003374826327
-0.0001934438028
0.001484807213
0.002069864465
0.002029439375
0.00178008703
0.001577696524
0.001473775411
0.001414458352
0.001250217844
0.001007403228
0.0003749226809
-0.3012493186
-0.2978905492
-0.2910703534
-0.281290794
-0.2698880754
-0.2584472895
-0.2485365815
-0.2412220984
-0.2366969503
-0.2342067911
-0.2323518476
-0.2296004559
-0.2247342678
-0.2170279901
-0.206208822
-0.1923679622
-0.1759139428
-0.1575297361
-0.138075581
-0.1184440478
-0.09942353772
-0.08161809321
-0.06543177865
-0.05109569152
-0.03871046368
-0.02828625346
-0.01977207118
-0.0130717363
-0.008047181534
-0.004512100204
-0.002223661985
-0.0008857621796
-0.0001781119148
0.0001844871684
0.0003993174392
0.0005415127349
0.0006387531967
0.0005902082758
0.0005631498804
-6.792422174e-06
-0.3059323814
-0.3016335005
-0.2942125971
-0.2842516666
-0.2729327416
-0.2615588029
-0.2512158661
-0.2424485305
-0.2351949381
-0.2289291249
-0.2228984771
-0.2163437192
-0.2086253498
-0.1992685607
-0.1879943614
-0.1747653966
-0.159810717
-0.1435903939
-0.126703733
-0.1097783709
-0.09337871092
-0.07795317094
-0.06381917744
-0.05117359968
-0.04011502666
-0.03066754026
-0.02279990602
-0.01643780457
-0.01146900734
-0.007743855433
-0.00507546999
-0.003246971377
-0.002031066434
-0.00122375529
-0.0006695659237
-0.0002894597055
-1.683679395e-05
7.407247196e-05
0.0002350088733
-0.0002466058259
-0.3123216218
-0.3067794387
-0.2985268677
-0.2882524209
-0.2767912521
-0.2649518164
-0.2533077416
-0.2422045516
-0.2318288777
-0.2221765147
-0.2130143962
-0.2039276804
-0.1944276662
-0.1840734266
-0.1725771452
-0.1598658652
-0.146084008
-0.13154568
-0.1166617174
-0.1018661033
-0.08755786677
-0.07406517216
-0.06163083591
-0.05041412422
-0.04050168908
-0.03192140235
-0.02465471151
-0.01864559603
-0.01380592387
-0.01001856308
-0.00714075355
-0.005011460156
-0.003464442417
-0.002348358656
-0.001538606539
-0.000960429203
-0.0005319784779
-0.000310920277
-2.87496112e-06
-0.0003909363419
-0.3202774058
-0.3132122002
-0.3038252444
-0.2929782568
-0.2809251727
-0.2678343471
-0.2540236877
-0.2401211291
-0.2268297507
-0.2145403969
-0.2031929691
-0.1924111829
-0.1817176001
-0.1707006239
-0.1591043778
-0.1468527844
-0.1340299984
-0.120838523
-0.1075500695
-0.09445859791
-0.08184195616
-0.06993588531
-0.05892106503
-0.04892093066
-0.04000641883
-0.03220363687
-0.02550155078
-0.01985829307
-0.01520583589
-0.01145367554
-0.008492882504
-0.006202355733
-0.004457580065
-0.003143239624
-0.002158232805
-0.001435214059
-0.000889612083
-0.0005673789269
-0.0001602733002
-0.0004675896533
-0.3297409183
-0.3208720692
-0.3100374997
-0.2982468331
-0.2848972541
-0.2696287876
-0.2530239478
-0.2363266301
-0.2206414566
-0.2064262725
-0.1935423531
-0.1815610594
-0.1700224063
-0.1585659226
-0.146971182
-0.1351541397
-0.1231454495
-0.111061505
-0.09907244969
-0.08737082334
-0.07614483345
-0.06555908922
-0.05574362002
-0.04679009376
-0.03875316807
-0.03165431703
-0.02548637323
-0.02021779628
-0.0157963102
-0.01215228797
-0.009202438447
-0.006854721621
-0.005014271536
-0.003591637313
-0.002504149078
-0.001693175492
-0.001077079936
-0.0006940735096
-0.0002374666637
-0.0004956775954
-0.34068462
-0.3297809917
-0.3171739635
-0.3038928042
-0.2882946713
-0.2699818726
-0.2503248079
-0.2311484083
-0.2136106085
-0.1979772177
-0.1839587504
-0.1710942526
-0.1589618813
-0.1472460421
-0.1357434888
-0.1243526784
-0.1130581327
-0.101910992
-0.09100689119
-0.08046381935
-0.07040292559
-0.06093405122
-0.0521465381
-0.0441050129
-0.03684884068
-0.03039360499
-0.0247335611
-0.01984433851
-0.0156855529
-0.01220354838
-0.009334413028
-0.007007646507
-0.005150286782
-0.003692293071
-0.002566312206
-0.001722866317
-0.001085610161
-0.0006884449491
-0.0002332152858
-0.0004863984859
-0.353070786
-0.3399363843
-0.3251984195
-0.3096281036
-0.2907057642
-0.2687442698
-0.2461139176
-0.2248672855
-0.2058894311
-0.1891634017
-0.1742783863
-0.1607705661
-0.1482515286
-0.1364282597
-0.1250971119
-0.114135037
-0.1034884407
-0.09315873237
-0.08318592189
-0.07363238487
-0.06456870833
-0.05606252295
-0.04817082878
-0.04093576637
-0.03438310661
-0.02852224224
-0.0233473105
-0.01883871762
-0.01496484022
-0.0116841188
-0.008947327853
-0.006700257702
-0.004886667973
-0.003451645027
-0.002341528321
-0.001515519997
-0.0009057189241
-0.0005435692193
-0.0001486520488
-0.0004408294646
-0.366758799
-0.3512249869
-0.3338987855
-0.3149846961
-0.291752168
-0.2658961314
-0.2405698005
-0.2176139148
-0.1974770844
-0.1798840907
-0.1643459312
-0.150400662
-0.1376730281
-0.12587207
-0.1147836344
-0.1042629134
-0.09422481693
-0.08463211363
-0.07548260559
-0.06679673335
-0.0586067231
-0.05094767423
-0.04385103755
-0.03734058401
-0.03143042471
-0.02612400206
-0.02141448672
-0.01728533077
-0.01371128943
-0.01065997576
-0.008093407806
-0.005969973915
-0.004246544303
-0.00288046864
-0.001830468517
-0.001062838861
-0.0005233438825
-0.0002406940688
2.763716996e-05
-0.0003406847655
-0.3814333208
-0.3633679502
-0.3428029122
-0.3193522771
-0.2911161705
-0.2614446551
-0.2337634595
-0.2093804062
-0.188293106
-0.1700244032
-0.1540281655
-0.1398313701
-0.1270519395
-0.1153882592
-0.1046109363
-0.09455422627
-0.08510660333
-0.07620036242
-0.06780091749
-0.05989685353
-0.05249120501
-0.04559400921
-0.03921665569
-0.03336815356
-0.02805284837
-0.02326879242
-0.01900783224
-0.01525527794
-0.01199050574
-0.009188144362
-0.006818978825
-0.004851421904
-0.003253057799
-0.001991917898
-0.001037648686
-0.0003623774278
7.109104063e-05
0.000242109504
0.0003326544772
-0.0001426684872
-0.3965361141
-0.3758734725
-0.3511693187
-0.3220622372
-0.2885317402
-0.2553467099
-0.225648621
-0.2000750101
-0.1782288891
-0.1594744808
-0.1432095957
-0.1289342152
-0.1162464431
-0.1048274264
-0.09443046383
-0.0848699698
-0.07601211106
-0.06776501577
-0.06006911237
-0.05288870979
-0.0462046436
-0.04000772215
-0.03429373405
-0.02906000414
-0.02430284661
-0.02001569962
-0.01618901198
-0.01280920036
-0.009858985728
-0.007318361213
-0.005165029181
-0.00337554899
-0.001926685273
-0.0007965663109
3.454932103e-05
0.0005856905291
0.0008756473643
0.0008987449509
0.0007777727805
0.0001630577875
-0.4112636505
-0.3880074989
-0.3580560688
-0.3224671387
-0.2837535096
-0.2474836167
-0.2160995065
-0.1895707466
-0.1671722789
-0.1481329478
-0.1317883109
-0.1176007256
-0.1051421489
-0.0940728722
-0.08412847162
-0.07510512632
-0.06685040829
-0.0592533156
-0.05223506634
-0.04574154722
-0.03973682334
-0.03419711521
-0.02910627024
-0.02445251502
-0.02022571789
-0.01641559671
-0.01301122799
-0.009999734416
-0.00736627919
-0.00509484275
-0.00316847698
-0.001570198314
-0.0002843816941
0.0007018302598
0.0013973146
0.001805669203
0.001920781494
0.001734332172
0.001317328188
0.0004559806571
-0.4246055429
-0.3987875437
-0.3624352054
-0.3199906126
-0.2765323216
-0.2376783879
-0.2049554807
-0.1777350271
-0.1550176326
-0.1359084839
-0.1196765091
-0.1057421927
-0.09364907978
-0.08303546768
-0.07361979291
-0.06518226835
-0.05755546928
-0.05061339806
-0.04426280877
-0.03843583985
-0.03308407784
-0.02817292504
-0.02367731992
-0.01957857105
-0.01586162355
-0.01251333032
-0.009521473679
-0.006873740787
-0.00455709647
-0.002558343769
-0.0008644421136
0.0005368980491
0.001655936322
0.002499428766
0.003068288595
0.003352032858
0.003320619351
0.002928470752
0.002130924248
0.0007169274817
-0.435414827
-0.4070260653
-0.3633106533
-0.3141464226
-0.2666127717
-0.2257305409
-0.192054333
-0.1644456869
-0.1416716539
-0.1227232644
-0.1068038187
-0.09329127585
-0.08169892925
-0.07164906984
-0.0628430166
-0.05504679596
-0.04808178931
-0.04181073288
-0.03613001985
-0.03096190026
-0.02624897106
-0.0219489219
-0.01803030197
-0.01446939645
-0.01124765171
-0.008349834426
-0.005762921032
-0.00347464436
-0.001473528136
0.0002516479349
0.001711267744
0.002914601258
0.003868942967
0.004578456616
0.005041612644
0.005246413828
0.005167486853
0.004759477243
0.00386835983
0.001839742145
-0.4424925727
-0.4114319416
-0.3598110132
-0.3045395984
-0.2537500695
-0.2114493092
-0.1772532769
-0.1496007909
-0.1270589246
-0.1085165514
-0.09311812894
-0.08020002824
-0.06924442559
-0.05986864745
-0.0517574994
-0.04466373783
-0.03840151962
-0.03282618451
-0.02782691953
-0.0233195976
-0.01924079634
-0.01554306477
-0.0121907009
-0.009156654096
-0.006420049295
-0.003964261179
-0.001777096333
0.000155746158
0.001843353967
0.003295538738
0.004521007176
0.005527301473
0.00632046852
0.0069042975
0.007278564262
0.007438570993
0.007379816006
0.007089109109
0.006485176227
0.005504954369
-0.4446713744
-0.4107478605
-0.3512459907
-0.2908628404
-0.2377349398
-0.1946777518
-0.1604414502
-0.133124984
-0.1111266023
-0.09324791834
-0.07858367058
-0.06643443012
-0.05626276226
-0.04767295578
-0.04034306194
-0.03401686372
-0.02850379296
-0.02365571114
-0.01935623184
-0.01551861633
-0.01207603245
-0.008978084758
-0.006186716732
-0.003673111294
-0.001415276681
0.0006038238954
0.002397560947
0.003977849847
0.005354012553
0.006534480342
0.007526721534
0.008337287409
0.008971808304
0.009434519601
0.009727735678
0.009854692243
0.009823003371
0.009626696741
0.009250960677
0.008893723199
-0.440888746
-0.4038854316
-0.3371280435
-0.2728962249
-0.2184163828
-0.1753072131
-0.1415470409
-0.1149734798
-0.09384758447
-0.07690312859
-0.06318881721
-0.05198354197
-0.04275431522
-0.03506353965
-0.02860119191
-0.02311000496
-0.01839553714
-0.01430785045
-0.0107307283
-0.007575827498
-0.004775579839
-0.002278744042
-4.659686493e-05
0.001950088776
0.00373342212
0.005320277908
0.006723773433
0.007954601276
0.009021385106
0.009931497133
0.01069140412
0.01130694376
0.01178347987
0.01212568164
0.01233820319
0.012429562
0.01241105078
0.01228090166
0.01206688469
0.01195968462
-0.4302461173
-0.3900230039
-0.3171768278
-0.2505175486
-0.1957149133
-0.1532850924
-0.1205445402
-0.09514085551
-0.07522873734
-0.05950236746
-0.04696193327
-0.03688714736
-0.02872874844
-0.02205477586
-0.01654820168
-0.01195819615
-0.0080916937
-0.004800402705
-0.001970186869
0.0004861095641
0.002634868562
0.004526361505
0.006198459428
0.007679572267
0.00899096854
0.0101486318
0.01116472179
0.01204871791
0.01280816583
0.01344932969
0.01397767402
0.01439827023
0.01471599271
0.01493553311
0.01506283943
0.01510830563
0.01508198064
0.01498373911
0.01485698072
0.0148495697
-0.412051573
-0.3686469098
-0.2913337859
-0.2237237376
-0.1696231172
-0.1286253959
-0.09746923852
-0.07368002059
-0.05533365958
-0.04109008538
-0.02994779851
-0.02117675623
-0.01422724108
-0.008678356138
-0.004214081715
-0.0005908329315
0.002378557269
0.004837467502
0.006895602015
0.008636500484
0.01012346109
0.01140414784
0.0125142062
0.01348010178
0.01432136321
0.01505236696
0.01568374801
0.01622349499
0.01667776397
0.01705152032
0.01734906857
0.01757448939
0.01773182046
0.01782526844
0.01786096216
0.01784886454
0.01779608599
0.01770284115
0.0176150279
0.01764267032
-0.3858566967
-0.3395638284
-0.2597613083
-0.1926289976
-0.1402149343
-0.1014290957
-0.07242346015
-0.05067875003
-0.0342391312
-0.02174841665
-0.01221528229
-0.004915156718
0.0006920087034
0.005012841988
0.00835396075
0.01094852767
0.01297435377
0.01456684336
0.01582886698
0.01683821404
0.01765333245
0.0183177904
0.01886376152
0.0193147374
0.01968767094
0.01999466009
0.02024429403
0.0204426918
0.02059430729
0.02070255483
0.02077034499
0.02080048934
0.02079584614
0.02075968214
0.02069744717
0.02061742653
0.02052344005
0.02041535735
0.02033731211
0.02037229322
-0.3515121702
-0.3029910802
-0.2226850989
-0.1573981587
-0.1077164476
-0.0718309524
-0.04555473934
-0.02627728174
-0.01206962428
-0.0015878511
0.006137108636
0.01181020983
0.01595180583
0.01894958442
0.02109399656
0.02260380609
0.02364420921
0.02433984876
0.02478447444
0.02504819273
0.02518298886
0.02522698987
0.02520776959
0.02514491834
0.02505204475
0.02493835273
0.02480988984
0.02467051907
0.02452267233
0.02436794567
0.02420760404
0.02404292488
0.02387530488
0.0237067369
0.02354145201
0.02338552959
0.02323973821
0.02310350417
0.0230180878
0.02304714221
-0.3092203226
-0.2596995278
-0.1800928518
-0.1182199692
-0.07240168121
-0.04011731806
-0.01708049122
-0.000663791218
0.0110106832
0.01924943142
0.02498491141
0.02889005735
0.03145664016
0.03304721543
0.03393073234
0.03430752061
0.03432703192
0.03410058527
0.0337107088
0.03321808557
0.03266679375
0.03208831616
0.03150462854
0.03093058895
0.0303757787
0.02984594835
0.02934415005
0.02887162308
0.02842847422
0.02801422548
0.02762826332
0.0272701076
0.02693948796
0.0266369104
0.02636509219
0.02612776593
0.02592307678
0.02575013238
0.02564721841
0.0256637745
-0.2594834655
-0.2104514831
-0.1321752731
-0.07556018928
-0.03468846909
-0.006618506272
0.01272416584
0.0259290535
0.03480211168
0.04059172847
0.04417947628
0.04619518076
0.04709384334
0.04720684245
0.04677683655
0.04598201548
0.04495320054
0.04378607547
0.04255007099
0.04129490996
0.04005549658
0.0388556205
0.03771079313
0.03663041765
0.03561945302
0.03467970626
0.03381083333
0.03301112049
0.03227808021
0.03160893451
0.03100099505
0.03045185203
0.02995943531
0.02952264666
0.02914255412
0.02882059401
0.02855273123
0.02833788231
0.02821149955
0.02821228117
-0.2030134673
-0.1540036683
-0.08137348762
-0.03031091018
0.004964007468
0.02828172178
0.04353555251
0.05322842093
0.0590726335
0.06224070905
0.06355032069
0.0635783308
0.06273564745
0.06131696705
0.05953442839
0.05754081028
0.05544575831
0.05332730574
0.05124016828
0.04922179512
0.04729684201
0.04548052417
0.043781157
0.04220208564
0.04074314944
0.0394017972
0.03817395256
0.0370546712
0.03603864752
0.03512061871
0.03429566925
0.03355933976
0.0329076871
0.03233795833
0.03184952992
0.0314416731
0.03110855417
0.03084897127
0.03069574468
0.03067925713
-0.1407776907
-0.09253069186
-0.02748906038
0.01692194151
0.04602743649
0.06414838245
0.07498803528
0.08092659893
0.08356188942
0.08397490227
0.08290803574
0.08087669482
0.07824138966
0.07525540524
0.07209676884
0.068890094
0.06572171956
0.06265035752
0.05971468092
0.05693879869
0.05433625175
0.05191297206
0.04966950058
0.04760264571
0.0457067286
0.04397451747
0.0423979358
0.04096859476
0.03967819718
0.03851885988
0.03748333268
0.03656503609
0.0357581267
0.03505819089
0.03446292283
0.03396958411
0.03357084431
0.03326540735
0.03308367263
0.03304944553
-0.07327000297
-0.02808992457
0.0285383032
0.0654474101
0.08791621692
0.1004988776
0.1066794761
0.1086866009
0.1079859234
0.105553727
0.1020476861
0.09791478887
0.09346002396
0.08889145576
0.0843501406
0.07993035972
0.07569348699
0.0716776288
0.06790440822
0.06438379176
0.06111756285
0.05810185233
0.05532899938
0.0527889297
0.05047016231
0.04836055184
0.04644783428
0.04472002716
0.04316572688
0.04177434368
0.04053623224
0.03944266556
0.03848590936
0.0376599121
0.03696072381
0.03638375023
0.03592039657
0.03556927046
0.03535855527
0.03530674617
-0.002197720095
0.03838006354
0.08570521337
0.1145041654
0.1300011123
0.1368140142
0.138178876
0.1361485982
0.1320425815
0.1267220339
0.1207526348
0.1145076998
0.1082328924
0.1020882767
0.09617589141
0.09055816531
0.08527036772
0.08032913571
0.07573837794
0.07149340299
0.06758382935
0.06399565991
0.06071277629
0.05771801011
0.05499390991
0.0525232815
0.05028956934
0.0482771169
0.04647136018
0.04485896695
0.04342788241
0.04216724314
0.04106746326
0.04012089628
0.03932200358
0.03866447858
0.03813864298
0.03774299928
0.03750370411
0.03743488071
0.07087800857
0.1056086294
0.1429645904
0.1632748396
0.1716169187
0.1725478945
0.1690348787
0.1629370361
0.1554174542
0.1472150761
0.138798713
0.1304646037
0.1223967104
0.1147054293
0.1074526079
0.1006679949
0.09436016817
0.08852387679
0.08314501435
0.0782040103
0.07367815627
0.06954320889
0.06577449852
0.06234769665
0.0592393316
0.05642712698
0.05389021282
0.05160925322
0.0495665278
0.04774597921
0.0461331709
0.0447151511
0.04348054563
0.04242017377
0.04152697458
0.0407930635
0.04020782621
0.03976965437
0.03950284802
0.03941786377
0.1442665299
0.1722081991
0.1992390426
0.2109116704
0.2120773773
0.2071396119
0.1987852274
0.1886683665
0.1777902591
0.1667638109
0.1559586493
0.1455924855
0.1357867066
0.1266015394
0.1180583804
0.1101541904
0.1028708432
0.09618124203
0.09005333655
0.08445276351
0.07934457536
0.0746943661
0.07046899898
0.06663706088
0.06316912985
0.0600379138
0.0572182937
0.05468731804
0.0524241758
0.05041015095
0.04862849568
0.04706425045
0.04570433949
0.04453812331
0.04355709567
0.04275192208
0.04211118039
0.04163315428
0.04134043662
0.04124035709
0.2162187099
0.2367719297
0.2534427859
0.2565580453
0.2506911273
0.2400257303
0.2269667688
0.212959177
0.1988415107
0.1851004149
0.1720066581
0.1596999793
0.1482398537
0.1376370283
0.1278731173
0.1189129188
0.1107121709
0.1032224395
0.09639417885
0.09017862241
0.08452892214
0.07940080416
0.07475291461
0.07054697379
0.06674780228
0.06332325744
0.06024411968
0.05748395669
0.05501899093
0.05282796262
0.05089192342
0.04919401765
0.04771957642
0.0464565919
0.04539519998
0.04452474248
0.04383310858
0.04331848667
0.04300189231
0.04288794921
0.284991171
0.2979167081
0.304507995
0.299370176
0.2867781581
0.2706531401
0.2531257135
0.2354344954
0.2182593125
0.201963885
0.1867230887
0.172601249
0.1595981251
0.1476768557
0.1367808651
0.1268441394
0.1177974257
0.1095719207
0.102101401
0.09532338979
0.08917972279
0.08361674961
0.07858532131
0.07404065083
0.06994210431
0.06625295363
0.06294010873
0.05997385769
0.05732763755
0.05497780576
0.05290336244
0.05108569664
0.04950867582
0.04815902936
0.04702563371
0.04609663534
0.04535935127
0.04481189732
0.04447382403
0.04434738444
0.3489012243
0.3543183009
0.3514103022
0.3385377088
0.3196858475
0.2984917111
0.2768277622
0.2557359915
0.2357460628
0.2171055622
0.1998990064
0.1841198103
0.1697116962
0.1565932138
0.1446720831
0.1338535311
0.1240450141
0.1151587711
0.1071130772
0.09983272399
0.0932490506
0.08729972082
0.08192836757
0.07708418523
0.0727215052
0.06879936847
0.06528111951
0.06213403458
0.05932899781
0.05684018965
0.05464474216
0.0527224584
0.05105589142
0.04963062877
0.04843439726
0.04745428113
0.04667714341
0.04610105943
0.04574421117
0.04560675509
0.4063758588
0.4047434684
0.3931925518
0.3733030074
0.3488041999
0.3230463787
0.2976677952
0.2735298232
0.2510248635
0.230294406
0.2113405617
0.1940921664
0.1784419868
0.1642680834
0.1514457996
0.1398543171
0.1293800235
0.1199180283
0.111372614
0.1036570931
0.0966933487
0.09041122372
0.08474786363
0.07964705948
0.07505862322
0.07093780721
0.06724476807
0.06394409598
0.06100440431
0.05839794192
0.05610018926
0.05408955815
0.05234745577
0.05085846386
0.0496092809
0.04858606831
0.04777535725
0.04717522274
0.04680256222
0.04665566442
0.4559961693
0.4480785709
0.428988159
0.402979666
0.3735804445
0.3438687209
0.3152791382
0.2885141169
0.2638456076
0.2413219859
0.2208731035
0.2023712199
0.185664504
0.1705956144
0.1570116128
0.1447689515
0.1337356478
0.1237918893
0.1148297808
0.1067526512
0.0994741674
0.0929173871
0.08701382872
0.08170260316
0.07692961759
0.07264685131
0.06881171487
0.06538649205
0.06233785183
0.05963639271
0.05725618954
0.05517448041
0.05337171359
0.05183161551
0.05053998915
0.04948221796
0.04864462825
0.0480253435
0.04764005032
0.04748536603
0.4965355741
0.4833530409
0.4580418521
0.4269695724
0.3935326893
0.3605679355
0.3293424516
0.3004262069
0.2739909067
0.2500073507
0.2283452016
0.2088296083
0.1912716211
0.1754844488
0.1612916399
0.1485307603
0.1370545735
0.1267308861
0.1174417037
0.109082084
0.1015588937
0.09478957703
0.08870100885
0.08322844337
0.0783145713
0.07390868502
0.06996594538
0.06644675567
0.06331620565
0.06054355608
0.0581017476
0.05596708204
0.05411925213
0.05254129424
0.05121825896
0.05013489973
0.04927746848
0.04864419813
0.04824963354
0.04808888485
0.5269831178
0.509755053
0.4797204569
0.4447730759
0.408258877
0.3728185562
0.3395923466
0.3090482845
0.2812808955
0.2562011111
0.2336321126
0.2133626482
0.1951750801
0.1788598516
0.1642223321
0.1510854913
0.1392903104
0.1286950287
0.1191738509
0.1106154556
0.1029214702
0.09600502412
0.08978942445
0.08420696779
0.07919789367
0.07470944751
0.07069507493
0.06711376654
0.06392943095
0.06111033049
0.05862856366
0.05645974956
0.05458304241
0.05298096825
0.05163797872
0.05053834357
0.04966837165
0.0490264878
0.04862615912
0.04846111205
0.5465560746
0.526643213
0.493513078
0.4559892438
0.4174377419
0.3803616511
0.3458186112
0.314208562
0.2855742915
0.2597863859
0.236636617
0.2158890729
0.1973066404
0.1806642797
0.1657549791
0.1523917667
0.1404075916
0.12965415
0.1200003297
0.1113304696
0.103542634
0.09654702782
0.09026454083
0.08462548102
0.07956845366
0.07503935335
0.07099044421
0.06737982894
0.06417065902
0.06133055674
0.05883108616
0.05664744939
0.05475848673
0.05314640592
0.05179522921
0.050688894
0.04981388369
0.04916889874
0.04876640639
0.04859886415
0.5547566378
0.5336030395
0.4990628333
0.4603395619
0.4208454192
0.3830165799
0.3478743655
0.3157868116
0.2867720585
0.2606811442
0.2372904421
0.2163518243
0.1976184455
0.1808574734
0.1658556311
0.1524208858
0.1403820787
0.1295875731
0.1199035501
0.1112121362
0.1034095885
0.09640463852
0.09011697259
0.08447592195
0.07941931202
0.07489244385
0.07084685518
0.06724043336
0.06403597763
0.06120083328
0.05870635315
0.05652759444
0.0546433051
0.05303557482
0.05168821431
0.05058501855
0.04971264696
0.04907006717
0.04866901866
0.04850101001
0.5514242361
0.5305420982
0.4962568822
0.4577427718
0.4184157756
0.3807309259
0.3457176453
0.3137492142
0.2848467684
0.2588630618
0.2355753886
0.2147360699
0.1960984319
0.1794296646
0.1645164285
0.1511665622
0.1392087887
0.1284914172
0.1188805532
0.1102582597
0.1025207682
0.09557679991
0.08934608163
0.08375799232
0.07875037149
0.07426849888
0.0702645779
0.06669612859
0.06352609649
0.060721979
0.058255267
0.05610114404
0.05423847079
0.05264942926
0.05131791061
0.05022777226
0.04936578152
0.04873084007
0.04833467577
0.04816889497
0.536505504
0.5174156353
0.4850706694
0.4481794367
0.4101347271
0.3734944563
0.3393412178
0.3080908721
0.2797953433
0.2543304807
0.2314909117
0.2110421424
0.1927476269
0.1763824175
0.1617393414
0.1486311192
0.1368903712
0.1263685594
0.1169343693
0.1084719847
0.1008794008
0.09406682312
0.08795523681
0.08247510184
0.07756520717
0.07317169667
0.069247281
0.06575030983
0.06264427071
0.05989715966
0.05748092375
0.0553711381
0.05354698511
0.05199095555
0.05068729914
0.04962016416
0.0487762205
0.04815417383
0.04776634375
0.04760544888
0.5101199795
0.4942890435
0.4655993697
0.4317169069
0.3960582475
0.3613524345
0.3287823808
0.2988429961
0.2716443132
0.2471062494
0.2250569201
0.2052875736
0.1875816218
0.1717297301
0.1575370474
0.1448261133
0.1334374282
0.1232288053
0.1140741235
0.1058618429
0.09849349645
0.09188224741
0.0859515601
0.08063399993
0.07587016071
0.07160773811
0.06780071724
0.06440863985
0.06139601337
0.05873172956
0.05638852451
0.054342641
0.05257380863
0.05106503341
0.0498011389
0.04876673315
0.04794845845
0.04734480757
0.04696892135
0.0468149021
0.4727559125
0.4615758461
0.4381915426
0.4086283346
0.3764064004
0.3444833235
0.3141872093
0.2861261942
0.2604941309
0.237274733
0.2163448354
0.1975332922
0.1806527799
0.1655169331
0.1519490737
0.13978624
0.1288805897
0.119099369
0.1103241495
0.102449717
0.0953828397
0.08904104568
0.0833514582
0.07824973127
0.07367908793
0.0695894641
0.06593675965
0.06268218375
0.05979169113
0.05723544124
0.05498727939
0.05302438948
0.05132728039
0.04987967206
0.04866713954
0.0476749034
0.04688968969
0.04630985739
0.04594946275
0.04580406343
0.4251602447
0.419886767
0.4033309726
0.3792952364
0.3514868803
0.3231369457
0.295760238
0.2701092332
0.2464851361
0.2249535188
0.2054539092
0.1878636754
0.172033335
0.1578062844
0.1450294369
0.1335586746
0.1232613183
0.1140169055
0.1057170396
0.09826475209
0.09157363571
0.08556690136
0.08017643998
0.07534192623
0.07100998977
0.06713347147
0.06367075923
0.06058520672
0.0578446248
0.05542079198
0.05328896648
0.05142753713
0.04981801924
0.04844503673
0.04729507667
0.0463541198
0.04560910949
0.04505835712
0.04471688182
0.04458178201
0.3683097533
0.370002907
0.3616267172
0.3442000846
0.3216897511
0.2976307773
0.2737620039
0.2510075341
0.2297967581
0.2102931251
0.1925112839
0.1763868465
0.1618158436
0.1486775259
0.1368472692
0.126203719
0.1166325324
0.1080281241
0.1002942514
0.09334394114
0.08709906243
0.08148972446
0.07645360077
0.07193524166
0.06788541117
0.06426047134
0.06102182485
0.05813541905
0.05557130451
0.05330320838
0.05130808694
0.04956578364
0.04805903512
0.04677354755
0.04569687157
0.0448158951
0.0441179134
0.04360126601
0.04328197742
0.04315879576
0.3034045665
0.3128677492
0.3138143898
0.303927155
0.2874873123
0.2683493836
0.2485083009
0.2290823748
0.2106467439
0.193476288
0.1776713526
0.1632341113
0.1501126953
0.1382274615
0.1274864622
0.1177945095
0.1090583639
0.1011895792
0.09410592822
0.08773197737
0.08199915819
0.0768455546
0.07221553339
0.06805929111
0.06433237834
0.06099523801
0.05801276786
0.05535391893
0.05299133408
0.05090099169
0.04906180939
0.04745531679
0.04606567164
0.04487982691
0.04388653912
0.04307374695
0.04242922654
0.04195141163
0.04165738059
0.04154765558
0.2318413492
0.249571645
0.2607435142
0.2591508618
0.2494242073
0.2357361251
0.2203632107
0.2046350315
0.1892862347
0.1747138219
0.1611122771
0.1485570266
0.1370536409
0.1265678687
0.117043898
0.1084155174
0.1006128874
0.09356659078
0.087209981
0.08148046685
0.07632013696
0.07167597655
0.06749982865
0.06374820396
0.0603820143
0.05736627659
0.05466980882
0.05226493269
0.05012719915
0.04823511004
0.04656978195
0.04511464105
0.04385544853
0.04278055428
0.0418800523
0.04114306784
0.04055797934
0.04012337444
0.03985744306
0.03976262065
0.1551762309
0.1813278801
0.2033562647
0.2106186161
0.2081037774
0.2002822149
0.1897302595
0.1779995899
0.1659938913
0.1542398032
0.1430320225
0.1325241244
0.1227830796
0.1138232461
0.1056275743
0.09816098344
0.09137881246
0.08523215009
0.07967116537
0.07464715133
0.07011373685
0.0660275613
0.0623485929
0.05904021514
0.05606918428
0.05340551251
0.05102230504
0.0488955725
0.04700405025
0.04532900212
0.04385395327
0.04256441305
0.04144790896
0.04049432219
0.03969520367
0.03904099151
0.03852077815
0.03813335879
0.03789810702
0.03781953092
0.07508304829
0.1094446096
0.1426649124
0.1591328629
0.1641738282
0.1625153815
0.1570433116
0.1495355731
0.1410698866
0.1323066461
0.123644307
0.1153175678
0.1074572892
0.1001285149
0.09335469202
0.08713332376
0.08144615043
0.07626580222
0.07156014727
0.0672951204
0.06343654881
0.05995130016
0.05680796727
0.05397724837
0.05143213369
0.04914797598
0.04710247095
0.04527558706
0.04364947737
0.04220837212
0.04093838393
0.03982726704
0.0388644564
0.03804148188
0.03735145675
0.03678624823
0.03633576307
0.03599905096
0.03579676098
0.03573566324
-0.006692936668
0.03529406451
0.07972844864
0.1055322279
0.1183116789
0.1229879549
0.1227569749
0.1196201498
0.1148295318
0.1091798611
0.1031742718
0.09712956471
0.09124144712
0.08562653808
0.08034958651
0.07544140113
0.0709107676
0.06675243266
0.06295247859
0.05949194885
0.05634929008
0.05350198119
0.05092759317
0.04860445687
0.04651208976
0.04463145074
0.04294506801
0.0414370831
0.04009325923
0.03890096047
0.03784903593
0.0369276192
0.03612817198
0.03544397016
0.03486978039
0.03439900412
0.03402245068
0.03373946047
0.03357207764
0.03352957009
-0.08838621826
-0.0397216607
0.01562695959
0.05067125104
0.07120833422
0.08226430492
0.0873364966
0.08863992277
0.08759655549
0.08513252377
0.08185391082
0.07815857903
0.07430648441
0.07046550274
0.06674154488
0.06319870255
0.05987286022
0.05678098807
0.05392752498
0.05130878856
0.04891603009
0.04673753625
0.04476005061
0.04296973749
0.04135283719
0.03989610291
0.03858707374
0.03741422996
0.03636709498
0.03543629946
0.03461354684
0.03389145822
0.03326361743
0.0327251231
0.03227246963
0.03190068759
0.03160156199
0.03137474496
0.03124383277
0.03122089884
-0.1682678532
-0.1142129758
-0.04856533428
-0.004600701762
0.02355226784
0.04090803246
0.05124747022
0.05698255826
0.05969624745
0.06043962841
0.05991740638
0.05860546698
0.05682587885
0.05479625481
0.05266258877
0.05052149021
0.04843541104
0.04644318436
0.04456737677
0.04281945365
0.04120342022
0.0397183757
0.03836028939
0.03712323911
0.03600028821
0.03498410067
0.03406734383
0.03324295512
0.03250432819
0.03184545997
0.03126099598
0.03074612689
0.03029663009
0.02990948091
0.02958295744
0.02931380482
0.02909483952
0.02892602075
0.02883270403
0.02883018881
-0.2447017976
-0.1868843556
-0.1118061173
-0.05946033924
-0.02398640736
-0.0005305638963
0.01494570119
0.02502851595
0.03144866005
0.03537248262
0.03759649225
0.03866963695
0.03897246937
0.03876965533
0.03824527675
0.0375269751
0.03670266625
0.03583223403
0.03495578617
0.03409952263
0.03327992681
0.03250674219
0.03178507057
0.03111687313
0.0305020549
0.02993923412
0.02942627221
0.02896063655
0.02853966673
0.02816079365
0.02782166563
0.02752009897
0.02725411305
0.02702258799
0.02682562092
0.0266617489
0.02652485582
0.02641516036
0.02636004718
0.02637864139
-0.3160756092
-0.2566499013
-0.1731022374
-0.11313112
-0.07077045811
-0.04152628538
-0.02113246766
-0.006856919916
0.003162024983
0.01019325849
0.01511594185
0.01854531284
0.02091536183
0.02253401748
0.02362058145
0.02433155577
0.02477867349
0.02504162952
0.0251771457
0.02522547929
0.02521510855
0.02516608381
0.02509242307
0.02500384355
0.02490703019
0.02480654278
0.02470545406
0.02460579722
0.02450890198
0.02441567453
0.02432680076
0.02424275521
0.02416382425
0.02409079302
0.02402558647
0.02396860589
0.02391481791
0.02386457999
0.0238476461
0.02388785317
-0.3813686527
-0.3218951724
-0.2315522481
-0.1648991286
-0.1162064112
-0.08158959417
-0.05657911532
-0.03833113301
-0.02487348545
-0.01485018969
-0.00731072472
-0.001582021177
0.002816992843
0.006232682466
0.008915891212
0.01104916959
0.0127659203
0.01416401263
0.01531554816
0.01627392339
0.01707893898
0.01776047637
0.01834114228
0.01883819917
0.01926499051
0.01963195578
0.01994735854
0.02021780408
0.02044863164
0.02064424229
0.02080837143
0.02094416203
0.02105417055
0.02114105533
0.02120854184
0.02125896558
0.02128837484
0.02129702158
0.02131742826
0.02137949232
-0.439990136
-0.3805145002
-0.2866859865
-0.2141077508
-0.1597553286
-0.1202765958
-0.09102290218
-0.06908107768
-0.05239155584
-0.03952914457
-0.02948523665
-0.02153891697
-0.01516958353
-0.009998203968
-0.005746810922
-0.002210196386
0.000764113601
0.003290173128
0.005453957176
0.00732087331
0.008941218405
0.01035411263
0.01159033638
0.0126744307
0.01362622711
0.01446195237
0.01519501315
0.0158365745
0.01639598636
0.0168811491
0.017298839
0.01765485684
0.01795401093
0.01820076533
0.01840056399
0.0185577442
0.01866943631
0.01873533973
0.01879113718
0.01887488067
-0.4910291691
-0.4325107415
-0.3371063416
-0.260055084
-0.2009474809
-0.1571963285
-0.1241361735
-0.09882953899
-0.0791550103
-0.06363840674
-0.05122819352
-0.04116693786
-0.0329031238
-0.02603166274
-0.02025254121
-0.01534179202
-0.01113085788
-0.007491791029
-0.004326482034
-0.001558805271
0.000871086905
0.003010872596
0.004899045028
0.006567114785
0.00804121362
0.009343244041
0.01049170201
0.01150228859
0.01238835981
0.013161308
0.01383092744
0.01440564217
0.01489247619
0.01529759196
0.01562798576
0.01589004671
0.01608203469
0.0162023237
0.01628994069
0.01639439445
-0.5338211945
-0.4776379456
-0.3820558793
-0.3021562279
-0.239383126
-0.1920166089
-0.1556420399
-0.1273408035
-0.104960543
-0.08700016879
-0.07238225891
-0.0603252614
-0.05025628667
-0.04175154869
-0.03449463134
-0.02824714444
-0.02282773826
-0.01809711749
-0.0139469556
-0.01029182333
-0.007063346198
-0.004206002726
-0.00167407164
0.0005706158807
0.002560308714
0.004322481466
0.005880673721
0.007255105627
0.008463135692
0.009519639065
0.01043739369
0.01122738797
0.01189880549
0.01245936506
0.01291731719
0.01328107911
0.01355023067
0.01372059478
0.0138339926
0.01395655626
-0.5680451793
-0.5152024059
-0.4213902555
-0.3400569643
-0.2747300251
-0.2244675061
-0.1853220762
-0.1544256689
-0.1296429351
-0.1094673297
-0.09281487149
-0.07889284353
-0.06711732907
-0.05705386812
-0.04837572913
-0.04083482263
-0.03424046769
-0.02844479154
-0.02333129833
-0.01880672898
-0.01479522352
-0.01123412893
-0.008070956622
-0.005261151213
-0.00276649839
-0.0005540166809
0.001404858047
0.003134875965
0.004657405434
0.005990802475
0.007150789376
0.008150835381
0.009002202678
0.009714009926
0.01029528708
0.01075623326
0.01109823777
0.01131283223
0.01144195844
0.01157626703
-0.5937091872
-0.5447640368
-0.4548976865
-0.3736019974
-0.3067655567
-0.2543760506
-0.2130150099
-0.179946434
-0.1530784492
-0.1309261672
-0.112420553
-0.09677019534
-0.0833914333
-0.0718477251
-0.06180839078
-0.05302088107
-0.04528841978
-0.03845767014
-0.03240605791
-0.02703394775
-0.02225899488
-0.01801206224
-0.01423427667
-0.01087489373
-0.00788980442
-0.005240520285
-0.00289342197
-0.0008191658891
0.001007659317
0.002608899292
0.004003189093
0.005206377731
0.006231687722
0.007089500537
0.007788984038
0.008341318947
0.008750544402
0.009002197202
0.009130897231
0.009262098619
-0.6111173352
-0.5662770798
-0.4823641029
-0.4026872784
-0.3353955555
-0.281639741
-0.2386431333
-0.2038258649
-0.1751871493
-0.1513004711
-0.1311228259
-0.1138804659
-0.09900152867
-0.08605596162
-0.07471540956
-0.06472908927
-0.05589638329
-0.04806238205
-0.04110036516
-0.0349056548
-0.02939031581
-0.02447925335
-0.02010745331
-0.01621804275
-0.01276096428
-0.009692115425
-0.006972742314
-0.004568727562
-0.002450552864
-0.0005928700078
0.001025864436
0.002423790152
0.0036159229
0.004613824513
0.005426192624
0.006063458859
0.006533054633
0.006814859329
0.006918553681
0.007008211331
-0.6208322378
-0.5800405052
-0.5037266116
-0.427281221
-0.3606257927
-0.3062583335
-0.2621767141
-0.2260263469
-0.1959361946
-0.1705528427
-0.1488771357
-0.1301727908
-0.1138912157
-0.09961643652
-0.08702944367
-0.07589085947
-0.0659939446
-0.05718878916
-0.04934544376
-0.04235536274
-0.03612575491
-0.03057588725
-0.02563463587
-0.02123885879
-0.01733231439
-0.01386500789
-0.01079296038
-0.008076882203
-0.005683060963
-0.00358266551
-0.001751179444
-0.0001681997147
0.001182886892
0.002314765971
0.003235482312
0.003952110199
0.004473798127
0.004779998585
0.004828713387
0.004789210882
-0.6236399863
-0.5866701325
-0.5191122801
-0.4474547089
-0.3825372375
-0.328308725
-0.283669592
-0.2465796728
-0.2153325797
-0.1886699842
-0.1656597842
-0.1456140322
-0.1280181703
-0.1124808871
-0.09870067274
-0.08644256319
-0.07551728097
-0.06577165821
-0.05707576931
-0.04931869575
-0.0424033114
-0.03624325289
-0.03076100028
-0.02588670273
-0.02155744488
-0.0177167529
-0.01431567177
-0.01130844258
-0.008657526835
-0.006330527851
-0.004299760078
-0.002542513951
-0.001040684613
0.0002194668072
0.001245952302
0.002040971671
0.00260893696
0.002939638394
0.002924698772
0.002549286385
-0.6205122455
-0.5870755071
-0.5288344169
-0.4633712249
-0.4012852816
-0.3479338037
-0.3032390644
-0.2655749113
-0.2334381442
-0.2056903078
-0.1814848876
-0.1601959035
-0.1413548492
-0.1246045946
-0.1096681136
-0.0963259169
-0.08440012346
-0.07374180839
-0.06422238757
-0.05572880319
-0.04815959007
-0.04142234465
-0.03543249703
-0.03011272562
-0.02539272536
-0.02120905488
-0.01750511316
-0.01423125587
-0.01134502308
-0.00880990458
-0.006594986509
-0.004675242949
-0.003030920295
-0.001647141885
-0.0005148763189
0.0003654286126
0.0009854496565
0.001338470714
0.001308055825
0.0003930318109
-0.6125590995
-0.5823995206
-0.5333941459
-0.4752674228
-0.4170903871
-0.3653411715
-0.321061085
-0.2831517049
-0.250359256
-0.2216893349
-0.1963982226
-0.173937217
-0.1538965476
-0.135963025
-0.119891589
-0.1054849301
-0.09257811807
-0.08102976316
-0.07071362797
-0.06151461919
-0.05332634472
-0.04604931234
-0.03959063579
-0.03386418237
-0.02879089667
-0.0242993564
-0.02032571011
-0.01681417619
-0.01371758296
-0.01099539231
-0.008613486827
-0.00654443382
-0.004766376288
-0.003262671623
-0.002021900063
-0.001040388873
-0.0003289303704
0.0001077468299
0.0003262392189
-0.000153104329
-0.6009698984
-0.5739131981
-0.533478497
-0.4834428563
-0.4302157059
-0.3807951308
-0.3373709891
-0.2995020455
-0.2662455516
-0.2367770356
-0.2104729077
-0.1868775677
-0.1656532335
-0.1465410565
-0.1293356068
-0.1138670862
-0.09998786336
-0.08756570484
-0.07647710365
-0.06660453466
-0.05783535949
-0.05006120655
-0.04317885976
-0.03709136682
-0.03170909668
-0.02695109407
-0.02274553545
-0.01902973993
-0.01575130304
-0.0128657665
-0.01033615074
-0.008132636372
-0.00623088968
-0.004611417652
-0.003258686352
-0.002159342522
-0.001304758194
-0.0007023490943
-0.0001705321166
-0.0001644897664
-0.5869426085
-0.562884545
-0.5299366377
-0.4882601544
-0.4409374373
-0.3945980075
-0.3524602028
-0.3148730221
-0.2812930011
-0.2511006676
-0.2238105171
-0.1990762996
-0.1766465904
-0.1563282843
-0.1379639412
-0.1214169049
-0.1065605802
-0.09327322364
-0.08143389931
-0.07092132616
-0.06161431488
-0.05339284515
-0.04614035575
-0.03974615097
-0.03410751345
-0.02913185917
-0.02473794889
-0.02085586359
-0.01742764822
-0.01440528219
-0.01174949868
-0.009428523294
-0.00741588922
-0.005689030309
-0.004227817665
-0.003012090359
-0.002013103371
-0.001248200952
-0.0005472203723
-0.0002501472008
-0.5716059991
-0.550455357
-0.5237257626
-0.4901527507
-0.4495159961
-0.4070597756
-0.366665873
-0.32956852
-0.2957476103
-0.2648472945
-0.2365426065
-0.2106131351
-0.1869097067
-0.1653179692
-0.1457378399
-0.1280718349
-0.1122175868
-0.09806479974
-0.0854941233
-0.07437804207
-0.06458329092
-0.05597405992
-0.0484160819
-0.04178073477
-0.03594869837
-0.03081309
-0.02628146019
-0.02227607942
-0.01873370113
-0.01560357267
-0.01284520954
-0.01042612184
-0.008319124634
-0.006500141548
-0.00494611361
-0.003635512892
-0.002531606932
-0.001647154671
-0.0008498501714
-0.0004129484623
-0.5559459846
-0.5375609437
-0.5158276398
-0.4896333456
-0.4561796956
-0.4184560242
-0.380348261
-0.3439480988
-0.3099110975
-0.2782473368
-0.2488317585
-0.22158797
-0.1964858619
-0.1735048185
-0.1526129274
-0.1337584378
-0.1168662132
-0.1018377354
-0.08855317351
-0.07687492376
-0.06665252307
-0.05772843132
-0.04994447476
-0.04314825378
-0.03719892661
-0.03197178391
-0.02736110113
-0.02328071968
-0.01966292085
-0.01645571944
-0.01361935077
-0.01112283396
-0.008940541574
-0.007049378363
-0.005425690544
-0.004047980372
-0.002877452611
-0.001916879688
-0.001021044114
-0.0005575410916
-0.5407523843
-0.5249091579
-0.50714927
-0.4872911692
-0.4611333489
-0.428981768
-0.3938472227
-0.3584149628
-0.3241476297
-0.29158247
-0.2608746805
-0.2321205872
-0.2054263449
-0.1808813109
-0.1585343695
-0.138386978
-0.1203941501
-0.1044686618
-0.0904868731
-0.07829555346
-0.06771985349
-0.05857219137
-0.05066180177
-0.04380437986
-0.03783071689
-0.03259350872
-0.02797131832
-0.02386923971
-0.02021663061
-0.01696282443
-0.01407186778
-0.01151749061
-0.009278510061
-0.007335356663
-0.005665757573
-0.004248480827
-0.003040483028
-0.002050520253
-0.001071401576
-0.0006661737391
-0.5265993554
-0.5130062519
-0.4984381777
-0.4837678419
-0.4645947712
-0.4387203829
-0.4074138104
-0.3733775857
-0.3388822544
-0.3051974846
-0.2729103376
-0.2423523339
-0.2137884241
-0.187433658
-0.163431345
-0.1418448216
-0.1226623001
-0.1058064795
-0.0911450925
-0.07850170488
-0.06766726391
-0.05841272146
-0.05050272134
-0.04370961436
-0.03782633477
-0.03267648739
-0.02811998692
-0.02405349973
-0.02040628198
-0.01713317325
-0.01420665191
-0.01160954642
-0.009328807549
-0.007351303779
-0.005658064503
-0.004230397044
-0.003017266017
-0.002048058274
-0.001039163873
-0.000740514624
-0.5138546249
-0.5021984705
-0.4902467529
-0.4797126224
-0.466844117
-0.4476522092
-0.4211303669
-0.3891686126
-0.3545705382
-0.3195069488
-0.2852337588
-0.2524525251
-0.2216347151
-0.1931377683
-0.1672112922
-0.1439893756
-0.1234968333
-0.1056642225
-0.09034422011
-0.07732718546
-0.06635681129
-0.0571471438
-0.04940158132
-0.04283304545
-0.0371831825
-0.03223760094
-0.02783409354
-0.02386240331
-0.02025670452
-0.0169840342
-0.01403213509
-0.01139902107
-0.009084675388
-0.007086182123
-0.005390194974
-0.003983219453
-0.002805281247
-0.001904618192
-0.0009377915157
-0.0007630704888
-0.5027071179
-0.4927055784
-0.4829530553
-0.4757264163
-0.4682551177
-0.4557143544
-0.434855934
-0.4059208813
-0.371611502
-0.3349730717
-0.2982077929
-0.2626315042
-0.2290366205
-0.1979559127
-0.1697538801
-0.1446408456
-0.1226809604
-0.1038102809
-0.0878587154
-0.07457089656
-0.06362634889
-0.05466151027
-0.04729544968
-0.04115875254
-0.03592247065
-0.03132173538
-0.02716825484
-0.02334860052
-0.01981057552
-0.01654398711
-0.01356189395
-0.0108858833
-0.008535371454
-0.00652225992
-0.004841715778
-0.003486442623
-0.00238959924
-0.00160462
-0.0007587044309
-0.0007174815972
-0.4931763729
-0.4846122359
-0.4767923901
-0.4723026984
-0.4692769
-0.4628895617
-0.4482432438
-0.4234389268
-0.390188652
-0.3520176235
-0.3122481276
-0.2731547254
-0.236085121
-0.2018370304
-0.1709054479
-0.1435749376
-0.1199469522
-0.09995972378
-0.0834123624
-0.06998945516
-0.05928530781
-0.05083130936
-0.04413006168
-0.03869670972
-0.03410323231
-0.03001637465
-0.02621757364
-0.02259813018
-0.01913446147
-0.01585573019
-0.01281489797
-0.01006839406
-0.007663062084
-0.005630880439
-0.003978973917
-0.002705996877
-0.001741208105
-0.001127047809
-0.0004875734568
-0.0006071482616
-0.4850994494
-0.4778370192
-0.4718447656
-0.4697609417
-0.4703462854
-0.4692637769
-0.4608437139
-0.4411451547
-0.4100742749
-0.3708401688
-0.3277391103
-0.2843347479
-0.2429064081
-0.2047256209
-0.1704772924
-0.1405163761
-0.1149688368
-0.09376684898
-0.07667066657
-0.06329064647
-0.05311166011
-0.04552458446
-0.03987068995
-0.03550093444
-0.03184498754
-0.02847461775
-0.02513716087
-0.02174441048
-0.01832705181
-0.01497951862
-0.01181548121
-0.008940711688
-0.006438959989
-0.004368005427
-0.002750797906
-0.001591840294
-0.0008181604533
-0.0004471848387
-0.0001095717352
-0.000450742555
-0.4781181742
-0.47212137
-0.4679753329
-0.4681631492
-0.4717355461
-0.4749812225
-0.4722442501
-0.4581707138
-0.4305048717
-0.3911765133
-0.344847885
-0.2964612859
-0.2496665224
-0.2065831513
-0.1682560032
-0.1351374279
-0.1073565011
-0.08481925284
-0.06723591465
-0.05413033464
-0.04485318565
-0.03861137745
-0.03452289279
-0.03170120691
-0.02936568468
-0.02695218047
-0.02417223329
-0.02098870551
-0.01753049003
-0.01399761023
-0.01059324566
-0.007490102422
-0.004818910061
-0.002668995272
-0.001083273102
-7.327608424e-05
0.0004365052377
0.0004657220916
0.0003889909297
-0.0002745916685
-0.4717141847
-0.4670199887
-0.4648003083
-0.467238192
-0.4733842661
-0.4800743534
-0.4821168993
-0.4735617105
-0.4502506585
-0.4121303732
-0.3632778748
-0.309647112
-0.2565434337
-0.2074269702
-0.1640463535
-0.1270789476
-0.09665826921
-0.07263350772
-0.05464383367
-0.04211386625
-0.03423672804
-0.02998503093
-0.02817006235
-0.02755756845
-0.02704620595
-0.02586951508
-0.02370703414
-0.02063170137
-0.01694690079
-0.01302066701
-0.009183741673
-0.005694517438
-0.002738939465
-0.0004421892802
0.001128588604
0.00195088227
0.002103158614
0.001653527573
0.001019589269
-0.0001180509371
-0.465281176
-0.4619440574
-0.4617223421
-0.4663744179
-0.4748021448
-0.4842504047
-0.4901026018
-0.4864438364
-0.4678771638
-0.4322378044
-0.3821131264
-0.3236495941
-0.2636787487
-0.207414147
-0.1578052345
-0.116060676
-0.08242079795
-0.05667498931
-0.03836641284
-0.02680193089
-0.0209903348
-0.01961049961
-0.0210540855
-0.02356745184
-0.02554518731
-0.02591357987
-0.0243403062
-0.02112001297
-0.01686205928
-0.01219785559
-0.007632250935
-0.003523544091
-0.0001140564025
0.002434966529
0.004026752206
0.004616794981
0.004283067496
0.003155731844
0.001775299807
-5.955791915e-05
-0.4582252086
-0.4562813992
-0.4580020167
-0.464700961
-0.475132504
-0.4867942487
-0.4956102179
-0.4960008605
-0.4820108561
-0.4497683239
-0.3999110287
-0.3378114504
-0.2711855587
-0.2070422746
-0.1499956214
-0.1022659492
-0.06449947216
-0.03655388593
-0.01791361643
-0.007765769247
-0.004891544856
-0.007592727203
-0.01369531619
-0.02065828414
-0.02603505889
-0.02825325431
-0.02703548095
-0.02312902477
-0.017683775
-0.01173470123
-0.006005747632
-0.0009499782767
0.003151324877
0.006111241907
0.007797188697
0.008116221513
0.007124793483
0.005022569554
0.002630193443
-0.0002580091577
-0.4500593849
-0.4494932707
-0.4529354171
-0.4613252863
-0.4733523782
-0.4866917863
-0.497739591
-0.501330236
-0.4914171633
-0.4630495855
-0.4150106791
-0.3511978091
-0.2792596489
-0.2074883345
-0.1422679904
-0.08727828663
-0.04404708862
-0.01287007959
0.006562001805
0.01500513593
0.01389853742
0.005470656796
-0.007256067691
-0.02051523665
-0.03049484618
-0.03480748836
-0.03333162447
-0.02769345197
-0.02001095525
-0.01193427882
-0.004429066687
0.00201087961
0.007122881512
0.01072518363
0.01263644394
0.01264949094
0.01074336266
0.007200375172
0.003442417443
-0.00103986109
-0.4404752196
-0.4411875311
-0.445969469
-0.455490193
-0.4685185588
-0.4829189641
-0.4954524485
-0.5014116493
-0.4949475691
-0.4706213023
-0.4258345375
-0.3628053225
-0.2882512891
-0.2108129825
-0.1381632368
-0.07547907763
-0.02551355305
0.01054115447
0.03226420764
0.03972968937
0.03416253631
0.01807985656
-0.004364167418
-0.02695776874
-0.04310179897
-0.04920341439
-0.04583043039
-0.03639929528
-0.02470738407
-0.01325442887
-0.003163344383
0.005197340625
0.01171867161
0.01630052796
0.01870702662
0.01848003577
0.01535309305
0.009630375776
0.00395857266
-0.002994794509
-0.4293834168
-0.4311779723
-0.4368012479
-0.4467700378
-0.4600542075
-0.4747443469
-0.4878970766
-0.4953296783
-0.4916060902
-0.4712892032
-0.431034954
-0.3716405811
-0.2984365451
-0.219467579
-0.1427818429
-0.07448597789
-0.01833061927
0.02360465515
0.04992603904
0.05917743527
0.05167665929
0.02900485027
-0.005194961639
-0.04219638929
-0.0689830136
-0.07751699544
-0.06931282289
-0.05207073854
-0.03318329581
-0.01643615751
-0.002746472248
0.008098691597
0.01645163324
0.02245163173
0.02577534
0.02537139182
0.02046748933
0.01140133568
0.003251758277
-0.007317290327
-0.416916487
-0.4195155938
-0.4254547032
-0.4351713594
-0.447884648
-0.461992416
-0.4747463175
-0.4826511317
-0.4808558297
-0.4643099632
-0.4296202605
-0.3766880885
-0.3094940728
-0.2349513929
-0.1606353689
-0.09281758444
-0.03563585446
0.008727994159
0.0393601742
0.05261682985
0.04860389778
0.02690078013
-0.0130781198
-0.06303912507
-0.1055793637
-0.1218342268
-0.1082772262
-0.07856254577
-0.04776700878
-0.02285018354
-0.004316754021
0.009422981416
0.01980138168
0.02764741702
0.03271323362
0.03255719682
0.02533338229
0.01086181373
-0.0009343637106
-0.01500340908
-0.4034119851
-0.4064902067
-0.4122408656
-0.4210403159
-0.4323811657
-0.445080967
-0.4563082427
-0.4636459131
-0.4628621237
-0.4497191742
-0.4212573845
-0.3771466884
-0.3204541303
-0.2569606954
-0.1933546427
-0.1353455356
-0.08636271641
-0.04711581743
-0.01385578879
-0.001894004491
0.00383419798
-0.005584503849
-0.03501332361
-0.08447728122
-0.1392258241
-0.169827324
-0.1575221302
-0.1156733363
-0.0699185109
-0.03424278302
-0.009867353043
0.006621006189
0.01836907054
0.02763184187
0.03495542529
0.03419352431
0.02319817161
0.001754282769
-0.01486736615
-0.0267435112
-0.3893617733
-0.3926063339
-0.3977342515
-0.4050680343
-0.4142823491
-0.4240890627
-0.4334999295
-0.4393240232
-0.4386385972
-0.4283535333
-0.4063965356
-0.3728229792
-0.3303843103
-0.2839745367
-0.2389455116
-0.1991384343
-0.1655499607
-0.1371248828
-0.115361407
-0.0858376838
-0.06635525236
-0.06044229236
-0.07341639165
-0.1093673664
-0.1612402774
-0.2014726535
-0.1992238363
-0.1537387301
-0.09638167587
-0.05081411304
-0.02153366619
-0.004544753864
0.004221040547
0.009501356754
0.01855775625
0.01278368419
0.003691269865
-0.01930762586
-0.03732125406
-0.0390570527
-0.3753438491
-0.3784742518
-0.3826601796
-0.3881730778
-0.3948958621
-0.4019380611
-0.4082122025
-0.4117173081
-0.410417024
-0.4024674349
-0.3870025754
-0.3649003187
-0.338978683
-0.3131981647
-0.2907845813
-0.2721163232
-0.2541389067
-0.2320180063
-0.2048350056
-0.1688247766
-0.1350656012
-0.1124845897
-0.1078138458
-0.1256690293
-0.1643906557
-0.2042828101
-0.2134540237
-0.1755069741
-0.1173071613
-0.06863904403
-0.03911031734
-0.026578849
-0.02696744599
-0.03254965696
-0.03725418491
-0.02435498194
-0.02346928846
-0.04148762478
-0.0582678582
-0.04485849673
-0.3619129088
-0.3647025994
-0.3677540199
-0.3712860904
-0.3753227435
-0.3792786738
-0.3822915621
-0.3832268367
-0.3810596027
-0.3752337373
-0.36617474
-0.3556500754
-0.3464847783
-0.3413066614
-0.3406783069
-0.3411867205
-0.3365427141
-0.3201305701
-0.2860876128
-0.2379350655
-0.1869790694
-0.1461112752
-0.1236325359
-0.1231874722
-0.1443320035
-0.1751189059
-0.192243868
-0.1668178556
-0.120319675
-0.07914450251
-0.05649487494
-0.05318724617
-0.06469443217
-0.07710468123
-0.07459869732
-0.05311024051
-0.03738402432
-0.04118283017
-0.04841003057
-0.03389141254
)
;

boundaryField
{
    inlet
    {
        type            zeroGradient;
    }
    outlet
    {
        type            fixedValue;
        value           uniform 0;
    }
    cylinder
    {
        type            zeroGradient;
    }
    frontAndBack
    {
        type            empty;
    }
}


// ************************************************************************* //
