/*--------------------------------*- C++ -*----------------------------------*\
  =========                 |
  \\      /  F ield         | OpenFOAM: The Open Source CFD Toolbox
   \\    /   O peration     | Website:  https://openfoam.org
    \\  /    A nd           | Version:  11
     \\/     M anipulation  |
\*---------------------------------------------------------------------------*/
FoamFile
{
    format      ascii;
    class       vectorField;
    location    "constant/polyMesh";
    object      points;
}
// * * * * * * * * * * * * * * * * * * * * * * * * * * * * * * * * * * * * * //


2501
(
(1.5 0 0)
(1.5125 0 0)
(1.525 0 0)
(1.5375 0 0)
(1.55 0 0)
(1.5625 0 0)
(1.575 0 0)
(1.5875 0 0)
(1.6 0 0)
(1.6125 0 0)
(1.625 0 0)
(1.6375 0 0)
(1.65 0 0)
(1.6625 0 0)
(1.675 0 0)
(1.6875 0 0)
(1.7 0 0)
(1.7125 0 0)
(1.725 0 0)
(1.7375 0 0)
(1.75 0 0)
(1.7625 0 0)
(1.775 0 0)
(1.7875 0 0)
(1.8 0 0)
(1.8125 0 0)
(1.825 0 0)
(1.8375 0 0)
(1.85 0 0)
(1.8625 0 0)
(1.875 0 0)
(1.8875 0 0)
(1.9 0 0)
(1.9125 0 0)
(1.925 0 0)
(1.9375 0 0)
(1.95 0 0)
(1.9625 0 0)
(1.975 0 0)
(1.9875 0 0)
(2 0 0)
(2.0125 0 0)
(2.025 0 0)
(2.0375 0 0)
(2.05 0 0)
(2.0625 0 0)
(2.075 0 0)
(2.0875 0 0)
(2.1 0 0)
(2.1125 0 0)
(2.125 0 0)
(2.1375 0 0)
(2.15 0 0)
(2.1625 0 0)
(2.175 0 0)
(2.1875 0 0)
(2.2 0 0)
(2.2125 0 0)
(2.225 0 0)
(2.2375 0 0)
(2.25 0 0)
(1.5 0.002497620555 -0.0001090484685)
(1.5125 0.002497620555 -0.0001090484685)
(1.525 0.002497620555 -0.0001090484685)
(1.5375 0.002497620555 -0.0001090484685)
(1.55 0.002497620555 -0.0001090484685)
(1.5625 0.002497620555 -0.0001090484685)
(1.575 0.002497620555 -0.0001090484685)
(1.5875 0.002497620555 -0.0001090484685)
(1.6 0.002497620555 -0.0001090484685)
(1.6125 0.002497620555 -0.0001090484685)
(1.625 0.002497620555 -0.0001090484685)
(1.6375 0.002497620555 -0.0001090484685)
(1.65 0.002497620555 -0.0001090484685)
(1.6625 0.002497620555 -0.0001090484685)
(1.675 0.002497620555 -0.0001090484685)
(1.6875 0.002497620555 -0.0001090484685)
(1.7 0.002497620555 -0.0001090484685)
(1.7125 0.002497620555 -0.0001090484685)
(1.725 0.002497620555 -0.0001090484685)
(1.7375 0.002497620555 -0.0001090484685)
(1.75 0.002497620555 -0.0001090484685)
(1.7625 0.002497620555 -0.0001090484685)
(1.775 0.002497620555 -0.0001090484685)
(1.7875 0.002497620555 -0.0001090484685)
(1.8 0.002497620555 -0.0001090484685)
(1.8125 0.002497620555 -0.0001090484685)
(1.825 0.002497620555 -0.0001090484685)
(1.8375 0.002497620555 -0.0001090484685)
(1.85 0.002497620555 -0.0001090484685)
(1.8625 0.002497620555 -0.0001090484685)
(1.875 0.002497620555 -0.0001090484685)
(1.8875 0.002497620555 -0.0001090484685)
(1.9 0.002497620555 -0.0001090484685)
(1.9125 0.002497620555 -0.0001090484685)
(1.925 0.002497620555 -0.0001090484685)
(1.9375 0.002497620555 -0.0001090484685)
(1.95 0.002497620555 -0.0001090484685)
(1.9625 0.002497620555 -0.0001090484685)
(1.975 0.002497620555 -0.0001090484685)
(1.9875 0.002497620555 -0.0001090484685)
(2 0.002497620555 -0.0001090484685)
(2.0125 0.002497620555 -0.0001090484685)
(2.025 0.002497620555 -0.0001090484685)
(2.0375 0.002497620555 -0.0001090484685)
(2.05 0.002497620555 -0.0001090484685)
(2.0625 0.002497620555 -0.0001090484685)
(2.075 0.002497620555 -0.0001090484685)
(2.0875 0.002497620555 -0.0001090484685)
(2.1 0.002497620555 -0.0001090484685)
(2.1125 0.002497620555 -0.0001090484685)
(2.125 0.002497620555 -0.0001090484685)
(2.1375 0.002497620555 -0.0001090484685)
(2.15 0.002497620555 -0.0001090484685)
(2.1625 0.002497620555 -0.0001090484685)
(2.175 0.002497620555 -0.0001090484685)
(2.1875 0.002497620555 -0.0001090484685)
(2.2 0.002497620555 -0.0001090484685)
(2.2125 0.002497620555 -0.0001090484685)
(2.225 0.002497620555 -0.0001090484685)
(2.2375 0.002497620555 -0.0001090484685)
(2.25 0.002497620555 -0.0001090484685)
(1.5 0.00499524111 -0.000218096937)
(1.5125 0.00499524111 -0.000218096937)
(1.525 0.00499524111 -0.000218096937)
(1.5375 0.00499524111 -0.000218096937)
(1.55 0.00499524111 -0.000218096937)
(1.5625 0.00499524111 -0.000218096937)
(1.575 0.00499524111 -0.000218096937)
(1.5875 0.00499524111 -0.000218096937)
(1.6 0.00499524111 -0.000218096937)
(1.6125 0.00499524111 -0.000218096937)
(1.625 0.00499524111 -0.000218096937)
(1.6375 0.00499524111 -0.000218096937)
(1.65 0.00499524111 -0.000218096937)
(1.6625 0.00499524111 -0.000218096937)
(1.675 0.00499524111 -0.000218096937)
(1.6875 0.00499524111 -0.000218096937)
(1.7 0.00499524111 -0.000218096937)
(1.7125 0.00499524111 -0.000218096937)
(1.725 0.00499524111 -0.000218096937)
(1.7375 0.00499524111 -0.000218096937)
(1.75 0.00499524111 -0.000218096937)
(1.7625 0.00499524111 -0.000218096937)
(1.775 0.00499524111 -0.000218096937)
(1.7875 0.00499524111 -0.000218096937)
(1.8 0.00499524111 -0.000218096937)
(1.8125 0.00499524111 -0.000218096937)
(1.825 0.00499524111 -0.000218096937)
(1.8375 0.00499524111 -0.000218096937)
(1.85 0.00499524111 -0.000218096937)
(1.8625 0.00499524111 -0.000218096937)
(1.875 0.00499524111 -0.000218096937)
(1.8875 0.00499524111 -0.000218096937)
(1.9 0.00499524111 -0.000218096937)
(1.9125 0.00499524111 -0.000218096937)
(1.925 0.00499524111 -0.000218096937)
(1.9375 0.00499524111 -0.000218096937)
(1.95 0.00499524111 -0.000218096937)
(1.9625 0.00499524111 -0.000218096937)
(1.975 0.00499524111 -0.000218096937)
(1.9875 0.00499524111 -0.000218096937)
(2 0.00499524111 -0.000218096937)
(2.0125 0.00499524111 -0.000218096937)
(2.025 0.00499524111 -0.000218096937)
(2.0375 0.00499524111 -0.000218096937)
(2.05 0.00499524111 -0.000218096937)
(2.0625 0.00499524111 -0.000218096937)
(2.075 0.00499524111 -0.000218096937)
(2.0875 0.00499524111 -0.000218096937)
(2.1 0.00499524111 -0.000218096937)
(2.1125 0.00499524111 -0.000218096937)
(2.125 0.00499524111 -0.000218096937)
(2.1375 0.00499524111 -0.000218096937)
(2.15 0.00499524111 -0.000218096937)
(2.1625 0.00499524111 -0.000218096937)
(2.175 0.00499524111 -0.000218096937)
(2.1875 0.00499524111 -0.000218096937)
(2.2 0.00499524111 -0.000218096937)
(2.2125 0.00499524111 -0.000218096937)
(2.225 0.00499524111 -0.000218096937)
(2.2375 0.00499524111 -0.000218096937)
(2.25 0.00499524111 -0.000218096937)
(1.5 0.007492861665 -0.0003271454055)
(1.5125 0.007492861665 -0.0003271454055)
(1.525 0.007492861665 -0.0003271454055)
(1.5375 0.007492861665 -0.0003271454055)
(1.55 0.007492861665 -0.0003271454055)
(1.5625 0.007492861665 -0.0003271454055)
(1.575 0.007492861665 -0.0003271454055)
(1.5875 0.007492861665 -0.0003271454055)
(1.6 0.007492861665 -0.0003271454055)
(1.6125 0.007492861665 -0.0003271454055)
(1.625 0.007492861665 -0.0003271454055)
(1.6375 0.007492861665 -0.0003271454055)
(1.65 0.007492861665 -0.0003271454055)
(1.6625 0.007492861665 -0.0003271454055)
(1.675 0.007492861665 -0.0003271454055)
(1.6875 0.007492861665 -0.0003271454055)
(1.7 0.007492861665 -0.0003271454055)
(1.7125 0.007492861665 -0.0003271454055)
(1.725 0.007492861665 -0.0003271454055)
(1.7375 0.007492861665 -0.0003271454055)
(1.75 0.007492861665 -0.0003271454055)
(1.7625 0.007492861665 -0.0003271454055)
(1.775 0.007492861665 -0.0003271454055)
(1.7875 0.007492861665 -0.0003271454055)
(1.8 0.007492861665 -0.0003271454055)
(1.8125 0.007492861665 -0.0003271454055)
(1.825 0.007492861665 -0.0003271454055)
(1.8375 0.007492861665 -0.0003271454055)
(1.85 0.007492861665 -0.0003271454055)
(1.8625 0.007492861665 -0.0003271454055)
(1.875 0.007492861665 -0.0003271454055)
(1.8875 0.007492861665 -0.0003271454055)
(1.9 0.007492861665 -0.0003271454055)
(1.9125 0.007492861665 -0.0003271454055)
(1.925 0.007492861665 -0.0003271454055)
(1.9375 0.007492861665 -0.0003271454055)
(1.95 0.007492861665 -0.0003271454055)
(1.9625 0.007492861665 -0.0003271454055)
(1.975 0.007492861665 -0.0003271454055)
(1.9875 0.007492861665 -0.0003271454055)
(2 0.007492861665 -0.0003271454055)
(2.0125 0.007492861665 -0.0003271454055)
(2.025 0.007492861665 -0.0003271454055)
(2.0375 0.007492861665 -0.0003271454055)
(2.05 0.007492861665 -0.0003271454055)
(2.0625 0.007492861665 -0.0003271454055)
(2.075 0.007492861665 -0.0003271454055)
(2.0875 0.007492861665 -0.0003271454055)
(2.1 0.007492861665 -0.0003271454055)
(2.1125 0.007492861665 -0.0003271454055)
(2.125 0.007492861665 -0.0003271454055)
(2.1375 0.007492861665 -0.0003271454055)
(2.15 0.007492861665 -0.0003271454055)
(2.1625 0.007492861665 -0.0003271454055)
(2.175 0.007492861665 -0.0003271454055)
(2.1875 0.007492861665 -0.0003271454055)
(2.2 0.007492861665 -0.0003271454055)
(2.2125 0.007492861665 -0.0003271454055)
(2.225 0.007492861665 -0.0003271454055)
(2.2375 0.007492861665 -0.0003271454055)
(2.25 0.007492861665 -0.0003271454055)
(1.5 0.00999048222 -0.000436193874)
(1.5125 0.00999048222 -0.000436193874)
(1.525 0.00999048222 -0.000436193874)
(1.5375 0.00999048222 -0.000436193874)
(1.55 0.00999048222 -0.000436193874)
(1.5625 0.00999048222 -0.000436193874)
(1.575 0.00999048222 -0.000436193874)
(1.5875 0.00999048222 -0.000436193874)
(1.6 0.00999048222 -0.000436193874)
(1.6125 0.00999048222 -0.000436193874)
(1.625 0.00999048222 -0.000436193874)
(1.6375 0.00999048222 -0.000436193874)
(1.65 0.00999048222 -0.000436193874)
(1.6625 0.00999048222 -0.000436193874)
(1.675 0.00999048222 -0.000436193874)
(1.6875 0.00999048222 -0.000436193874)
(1.7 0.00999048222 -0.000436193874)
(1.7125 0.00999048222 -0.000436193874)
(1.725 0.00999048222 -0.000436193874)
(1.7375 0.00999048222 -0.000436193874)
(1.75 0.00999048222 -0.000436193874)
(1.7625 0.00999048222 -0.000436193874)
(1.775 0.00999048222 -0.000436193874)
(1.7875 0.00999048222 -0.000436193874)
(1.8 0.00999048222 -0.000436193874)
(1.8125 0.00999048222 -0.000436193874)
(1.825 0.00999048222 -0.000436193874)
(1.8375 0.00999048222 -0.000436193874)
(1.85 0.00999048222 -0.000436193874)
(1.8625 0.00999048222 -0.000436193874)
(1.875 0.00999048222 -0.000436193874)
(1.8875 0.00999048222 -0.000436193874)
(1.9 0.00999048222 -0.000436193874)
(1.9125 0.00999048222 -0.000436193874)
(1.925 0.00999048222 -0.000436193874)
(1.9375 0.00999048222 -0.000436193874)
(1.95 0.00999048222 -0.000436193874)
(1.9625 0.00999048222 -0.000436193874)
(1.975 0.00999048222 -0.000436193874)
(1.9875 0.00999048222 -0.000436193874)
(2 0.00999048222 -0.000436193874)
(2.0125 0.00999048222 -0.000436193874)
(2.025 0.00999048222 -0.000436193874)
(2.0375 0.00999048222 -0.000436193874)
(2.05 0.00999048222 -0.000436193874)
(2.0625 0.00999048222 -0.000436193874)
(2.075 0.00999048222 -0.000436193874)
(2.0875 0.00999048222 -0.000436193874)
(2.1 0.00999048222 -0.000436193874)
(2.1125 0.00999048222 -0.000436193874)
(2.125 0.00999048222 -0.000436193874)
(2.1375 0.00999048222 -0.000436193874)
(2.15 0.00999048222 -0.000436193874)
(2.1625 0.00999048222 -0.000436193874)
(2.175 0.00999048222 -0.000436193874)
(2.1875 0.00999048222 -0.000436193874)
(2.2 0.00999048222 -0.000436193874)
(2.2125 0.00999048222 -0.000436193874)
(2.225 0.00999048222 -0.000436193874)
(2.2375 0.00999048222 -0.000436193874)
(2.25 0.00999048222 -0.000436193874)
(1.5 0.01248810278 -0.0005452423425)
(1.5125 0.01248810278 -0.0005452423425)
(1.525 0.01248810278 -0.0005452423425)
(1.5375 0.01248810278 -0.0005452423425)
(1.55 0.01248810278 -0.0005452423425)
(1.5625 0.01248810278 -0.0005452423425)
(1.575 0.01248810278 -0.0005452423425)
(1.5875 0.01248810278 -0.0005452423425)
(1.6 0.01248810278 -0.0005452423425)
(1.6125 0.01248810278 -0.0005452423425)
(1.625 0.01248810278 -0.0005452423425)
(1.6375 0.01248810278 -0.0005452423425)
(1.65 0.01248810278 -0.0005452423425)
(1.6625 0.01248810278 -0.0005452423425)
(1.675 0.01248810278 -0.0005452423425)
(1.6875 0.01248810278 -0.0005452423425)
(1.7 0.01248810278 -0.0005452423425)
(1.7125 0.01248810278 -0.0005452423425)
(1.725 0.01248810278 -0.0005452423425)
(1.7375 0.01248810278 -0.0005452423425)
(1.75 0.01248810278 -0.0005452423425)
(1.7625 0.01248810278 -0.0005452423425)
(1.775 0.01248810278 -0.0005452423425)
(1.7875 0.01248810278 -0.0005452423425)
(1.8 0.01248810278 -0.0005452423425)
(1.8125 0.01248810278 -0.0005452423425)
(1.825 0.01248810278 -0.0005452423425)
(1.8375 0.01248810278 -0.0005452423425)
(1.85 0.01248810278 -0.0005452423425)
(1.8625 0.01248810278 -0.0005452423425)
(1.875 0.01248810278 -0.0005452423425)
(1.8875 0.01248810278 -0.0005452423425)
(1.9 0.01248810278 -0.0005452423425)
(1.9125 0.01248810278 -0.0005452423425)
(1.925 0.01248810278 -0.0005452423425)
(1.9375 0.01248810278 -0.0005452423425)
(1.95 0.01248810278 -0.0005452423425)
(1.9625 0.01248810278 -0.0005452423425)
(1.975 0.01248810278 -0.0005452423425)
(1.9875 0.01248810278 -0.0005452423425)
(2 0.01248810278 -0.0005452423425)
(2.0125 0.01248810277 -0.0005452423425)
(2.025 0.01248810278 -0.0005452423425)
(2.0375 0.01248810277 -0.0005452423425)
(2.05 0.01248810278 -0.0005452423425)
(2.0625 0.01248810278 -0.0005452423425)
(2.075 0.01248810278 -0.0005452423425)
(2.0875 0.01248810278 -0.0005452423425)
(2.1 0.01248810278 -0.0005452423425)
(2.1125 0.01248810278 -0.0005452423425)
(2.125 0.01248810278 -0.0005452423425)
(2.1375 0.01248810278 -0.0005452423425)
(2.15 0.01248810278 -0.0005452423425)
(2.1625 0.01248810278 -0.0005452423425)
(2.175 0.01248810278 -0.0005452423425)
(2.1875 0.01248810277 -0.0005452423425)
(2.2 0.01248810278 -0.0005452423425)
(2.2125 0.01248810277 -0.0005452423425)
(2.225 0.01248810278 -0.0005452423425)
(2.2375 0.01248810278 -0.0005452423425)
(2.25 0.01248810278 -0.0005452423425)
(1.5 0.01498572333 -0.000654290811)
(1.5125 0.01498572333 -0.000654290811)
(1.525 0.01498572333 -0.000654290811)
(1.5375 0.01498572333 -0.000654290811)
(1.55 0.01498572333 -0.000654290811)
(1.5625 0.01498572333 -0.000654290811)
(1.575 0.01498572333 -0.000654290811)
(1.5875 0.01498572333 -0.000654290811)
(1.6 0.01498572333 -0.000654290811)
(1.6125 0.01498572333 -0.000654290811)
(1.625 0.01498572333 -0.000654290811)
(1.6375 0.01498572333 -0.000654290811)
(1.65 0.01498572333 -0.000654290811)
(1.6625 0.01498572333 -0.000654290811)
(1.675 0.01498572333 -0.000654290811)
(1.6875 0.01498572333 -0.000654290811)
(1.7 0.01498572333 -0.000654290811)
(1.7125 0.01498572333 -0.000654290811)
(1.725 0.01498572333 -0.000654290811)
(1.7375 0.01498572333 -0.000654290811)
(1.75 0.01498572333 -0.000654290811)
(1.7625 0.01498572333 -0.000654290811)
(1.775 0.01498572333 -0.000654290811)
(1.7875 0.01498572333 -0.000654290811)
(1.8 0.01498572333 -0.000654290811)
(1.8125 0.01498572333 -0.000654290811)
(1.825 0.01498572333 -0.000654290811)
(1.8375 0.01498572333 -0.000654290811)
(1.85 0.01498572333 -0.000654290811)
(1.8625 0.01498572333 -0.000654290811)
(1.875 0.01498572333 -0.000654290811)
(1.8875 0.01498572333 -0.000654290811)
(1.9 0.01498572333 -0.000654290811)
(1.9125 0.01498572333 -0.000654290811)
(1.925 0.01498572333 -0.000654290811)
(1.9375 0.01498572333 -0.000654290811)
(1.95 0.01498572333 -0.000654290811)
(1.9625 0.01498572333 -0.000654290811)
(1.975 0.01498572333 -0.000654290811)
(1.9875 0.01498572333 -0.000654290811)
(2 0.01498572333 -0.000654290811)
(2.0125 0.01498572333 -0.000654290811)
(2.025 0.01498572333 -0.000654290811)
(2.0375 0.01498572333 -0.000654290811)
(2.05 0.01498572333 -0.000654290811)
(2.0625 0.01498572333 -0.000654290811)
(2.075 0.01498572333 -0.000654290811)
(2.0875 0.01498572333 -0.000654290811)
(2.1 0.01498572333 -0.000654290811)
(2.1125 0.01498572333 -0.000654290811)
(2.125 0.01498572333 -0.000654290811)
(2.1375 0.01498572333 -0.000654290811)
(2.15 0.01498572333 -0.000654290811)
(2.1625 0.01498572333 -0.000654290811)
(2.175 0.01498572333 -0.000654290811)
(2.1875 0.01498572333 -0.000654290811)
(2.2 0.01498572333 -0.000654290811)
(2.2125 0.01498572333 -0.000654290811)
(2.225 0.01498572333 -0.000654290811)
(2.2375 0.01498572333 -0.000654290811)
(2.25 0.01498572333 -0.000654290811)
(1.5 0.01748334388 -0.0007633392795)
(1.5125 0.01748334388 -0.0007633392795)
(1.525 0.01748334388 -0.0007633392795)
(1.5375 0.01748334388 -0.0007633392795)
(1.55 0.01748334388 -0.0007633392795)
(1.5625 0.01748334388 -0.0007633392795)
(1.575 0.01748334388 -0.0007633392795)
(1.5875 0.01748334388 -0.0007633392795)
(1.6 0.01748334388 -0.0007633392795)
(1.6125 0.01748334388 -0.0007633392795)
(1.625 0.01748334388 -0.0007633392795)
(1.6375 0.01748334388 -0.0007633392795)
(1.65 0.01748334388 -0.0007633392795)
(1.6625 0.01748334388 -0.0007633392795)
(1.675 0.01748334388 -0.0007633392795)
(1.6875 0.01748334388 -0.0007633392795)
(1.7 0.01748334388 -0.0007633392795)
(1.7125 0.01748334388 -0.0007633392795)
(1.725 0.01748334388 -0.0007633392795)
(1.7375 0.01748334388 -0.0007633392795)
(1.75 0.01748334388 -0.0007633392795)
(1.7625 0.01748334388 -0.0007633392795)
(1.775 0.01748334388 -0.0007633392795)
(1.7875 0.01748334388 -0.0007633392795)
(1.8 0.01748334388 -0.0007633392795)
(1.8125 0.01748334388 -0.0007633392795)
(1.825 0.01748334388 -0.0007633392795)
(1.8375 0.01748334388 -0.0007633392795)
(1.85 0.01748334388 -0.0007633392795)
(1.8625 0.01748334388 -0.0007633392795)
(1.875 0.01748334388 -0.0007633392795)
(1.8875 0.01748334388 -0.0007633392795)
(1.9 0.01748334388 -0.0007633392795)
(1.9125 0.01748334388 -0.0007633392795)
(1.925 0.01748334388 -0.0007633392795)
(1.9375 0.01748334388 -0.0007633392795)
(1.95 0.01748334388 -0.0007633392795)
(1.9625 0.01748334388 -0.0007633392795)
(1.975 0.01748334388 -0.0007633392795)
(1.9875 0.01748334388 -0.0007633392795)
(2 0.01748334388 -0.0007633392795)
(2.0125 0.01748334388 -0.0007633392795)
(2.025 0.01748334388 -0.0007633392795)
(2.0375 0.01748334388 -0.0007633392795)
(2.05 0.01748334388 -0.0007633392795)
(2.0625 0.01748334388 -0.0007633392795)
(2.075 0.01748334388 -0.0007633392795)
(2.0875 0.01748334388 -0.0007633392795)
(2.1 0.01748334388 -0.0007633392795)
(2.1125 0.01748334388 -0.0007633392795)
(2.125 0.01748334388 -0.0007633392795)
(2.1375 0.01748334388 -0.0007633392795)
(2.15 0.01748334388 -0.0007633392795)
(2.1625 0.01748334388 -0.0007633392795)
(2.175 0.01748334388 -0.0007633392795)
(2.1875 0.01748334388 -0.0007633392795)
(2.2 0.01748334388 -0.0007633392795)
(2.2125 0.01748334388 -0.0007633392795)
(2.225 0.01748334388 -0.0007633392795)
(2.2375 0.01748334388 -0.0007633392795)
(2.25 0.01748334388 -0.0007633392795)
(1.5 0.01998096444 -0.000872387748)
(1.5125 0.01998096444 -0.000872387748)
(1.525 0.01998096444 -0.000872387748)
(1.5375 0.01998096444 -0.000872387748)
(1.55 0.01998096444 -0.000872387748)
(1.5625 0.01998096444 -0.000872387748)
(1.575 0.01998096444 -0.000872387748)
(1.5875 0.01998096444 -0.000872387748)
(1.6 0.01998096444 -0.000872387748)
(1.6125 0.01998096444 -0.000872387748)
(1.625 0.01998096444 -0.000872387748)
(1.6375 0.01998096444 -0.000872387748)
(1.65 0.01998096444 -0.000872387748)
(1.6625 0.01998096444 -0.000872387748)
(1.675 0.01998096444 -0.000872387748)
(1.6875 0.01998096444 -0.000872387748)
(1.7 0.01998096444 -0.000872387748)
(1.7125 0.01998096444 -0.000872387748)
(1.725 0.01998096444 -0.000872387748)
(1.7375 0.01998096444 -0.000872387748)
(1.75 0.01998096444 -0.000872387748)
(1.7625 0.01998096444 -0.000872387748)
(1.775 0.01998096444 -0.000872387748)
(1.7875 0.01998096444 -0.000872387748)
(1.8 0.01998096444 -0.000872387748)
(1.8125 0.01998096444 -0.000872387748)
(1.825 0.01998096444 -0.000872387748)
(1.8375 0.01998096444 -0.000872387748)
(1.85 0.01998096444 -0.000872387748)
(1.8625 0.01998096444 -0.000872387748)
(1.875 0.01998096444 -0.000872387748)
(1.8875 0.01998096444 -0.000872387748)
(1.9 0.01998096444 -0.000872387748)
(1.9125 0.01998096444 -0.000872387748)
(1.925 0.01998096444 -0.000872387748)
(1.9375 0.01998096444 -0.000872387748)
(1.95 0.01998096444 -0.000872387748)
(1.9625 0.01998096444 -0.000872387748)
(1.975 0.01998096444 -0.000872387748)
(1.9875 0.01998096444 -0.000872387748)
(2 0.01998096444 -0.000872387748)
(2.0125 0.01998096444 -0.000872387748)
(2.025 0.01998096444 -0.000872387748)
(2.0375 0.01998096444 -0.000872387748)
(2.05 0.01998096444 -0.000872387748)
(2.0625 0.01998096444 -0.000872387748)
(2.075 0.01998096444 -0.000872387748)
(2.0875 0.01998096444 -0.000872387748)
(2.1 0.01998096444 -0.000872387748)
(2.1125 0.01998096444 -0.000872387748)
(2.125 0.01998096444 -0.000872387748)
(2.1375 0.01998096444 -0.000872387748)
(2.15 0.01998096444 -0.000872387748)
(2.1625 0.01998096444 -0.000872387748)
(2.175 0.01998096444 -0.000872387748)
(2.1875 0.01998096444 -0.000872387748)
(2.2 0.01998096444 -0.000872387748)
(2.2125 0.01998096444 -0.000872387748)
(2.225 0.01998096444 -0.000872387748)
(2.2375 0.01998096444 -0.000872387748)
(2.25 0.01998096444 -0.000872387748)
(1.5 0.02247858499 -0.0009814362165)
(1.5125 0.022478585 -0.0009814362165)
(1.525 0.02247858499 -0.0009814362165)
(1.5375 0.022478585 -0.0009814362165)
(1.55 0.022478585 -0.0009814362165)
(1.5625 0.022478585 -0.0009814362165)
(1.575 0.022478585 -0.0009814362165)
(1.5875 0.022478585 -0.0009814362165)
(1.6 0.022478585 -0.0009814362165)
(1.6125 0.02247858499 -0.0009814362165)
(1.625 0.022478585 -0.0009814362165)
(1.6375 0.022478585 -0.0009814362165)
(1.65 0.022478585 -0.0009814362165)
(1.6625 0.02247858499 -0.0009814362165)
(1.675 0.022478585 -0.0009814362165)
(1.6875 0.02247858499 -0.0009814362165)
(1.7 0.022478585 -0.0009814362165)
(1.7125 0.022478585 -0.0009814362165)
(1.725 0.022478585 -0.0009814362165)
(1.7375 0.022478585 -0.0009814362165)
(1.75 0.022478585 -0.0009814362165)
(1.7625 0.022478585 -0.0009814362165)
(1.775 0.022478585 -0.0009814362165)
(1.7875 0.022478585 -0.0009814362165)
(1.8 0.022478585 -0.0009814362165)
(1.8125 0.022478585 -0.0009814362165)
(1.825 0.02247858499 -0.0009814362165)
(1.8375 0.022478585 -0.0009814362165)
(1.85 0.022478585 -0.0009814362165)
(1.8625 0.022478585 -0.0009814362165)
(1.875 0.02247858499 -0.0009814362165)
(1.8875 0.022478585 -0.0009814362165)
(1.9 0.02247858499 -0.0009814362165)
(1.9125 0.022478585 -0.0009814362165)
(1.925 0.022478585 -0.0009814362165)
(1.9375 0.022478585 -0.0009814362165)
(1.95 0.022478585 -0.0009814362165)
(1.9625 0.022478585 -0.0009814362165)
(1.975 0.02247858499 -0.0009814362165)
(1.9875 0.02247858499 -0.0009814362165)
(2 0.02247858499 -0.0009814362165)
(2.0125 0.02247858499 -0.0009814362165)
(2.025 0.022478585 -0.0009814362165)
(2.0375 0.022478585 -0.0009814362165)
(2.05 0.022478585 -0.0009814362165)
(2.0625 0.022478585 -0.0009814362165)
(2.075 0.022478585 -0.0009814362165)
(2.0875 0.02247858499 -0.0009814362165)
(2.1 0.022478585 -0.0009814362165)
(2.1125 0.022478585 -0.0009814362165)
(2.125 0.02247858499 -0.0009814362165)
(2.1375 0.02247858499 -0.0009814362165)
(2.15 0.02247858499 -0.0009814362165)
(2.1625 0.02247858499 -0.0009814362165)
(2.175 0.02247858499 -0.0009814362165)
(2.1875 0.022478585 -0.0009814362165)
(2.2 0.02247858499 -0.0009814362165)
(2.2125 0.022478585 -0.0009814362165)
(2.225 0.022478585 -0.0009814362165)
(2.2375 0.022478585 -0.0009814362165)
(2.25 0.022478585 -0.0009814362165)
(1.5 0.02497620555 -0.001090484685)
(1.5125 0.02497620555 -0.001090484685)
(1.525 0.02497620555 -0.001090484685)
(1.5375 0.02497620555 -0.001090484685)
(1.55 0.02497620555 -0.001090484685)
(1.5625 0.02497620555 -0.001090484685)
(1.575 0.02497620555 -0.001090484685)
(1.5875 0.02497620555 -0.001090484685)
(1.6 0.02497620555 -0.001090484685)
(1.6125 0.02497620555 -0.001090484685)
(1.625 0.02497620555 -0.001090484685)
(1.6375 0.02497620555 -0.001090484685)
(1.65 0.02497620555 -0.001090484685)
(1.6625 0.02497620555 -0.001090484685)
(1.675 0.02497620555 -0.001090484685)
(1.6875 0.02497620555 -0.001090484685)
(1.7 0.02497620555 -0.001090484685)
(1.7125 0.02497620555 -0.001090484685)
(1.725 0.02497620555 -0.001090484685)
(1.7375 0.02497620555 -0.001090484685)
(1.75 0.02497620555 -0.001090484685)
(1.7625 0.02497620555 -0.001090484685)
(1.775 0.02497620555 -0.001090484685)
(1.7875 0.02497620555 -0.001090484685)
(1.8 0.02497620555 -0.001090484685)
(1.8125 0.02497620555 -0.001090484685)
(1.825 0.02497620555 -0.001090484685)
(1.8375 0.02497620555 -0.001090484685)
(1.85 0.02497620555 -0.001090484685)
(1.8625 0.02497620555 -0.001090484685)
(1.875 0.02497620555 -0.001090484685)
(1.8875 0.02497620555 -0.001090484685)
(1.9 0.02497620555 -0.001090484685)
(1.9125 0.02497620555 -0.001090484685)
(1.925 0.02497620555 -0.001090484685)
(1.9375 0.02497620555 -0.001090484685)
(1.95 0.02497620555 -0.001090484685)
(1.9625 0.02497620555 -0.001090484685)
(1.975 0.02497620555 -0.001090484685)
(1.9875 0.02497620555 -0.001090484685)
(2 0.02497620555 -0.001090484685)
(2.0125 0.02497620555 -0.001090484685)
(2.025 0.02497620555 -0.001090484685)
(2.0375 0.02497620555 -0.001090484685)
(2.05 0.02497620555 -0.001090484685)
(2.0625 0.02497620555 -0.001090484685)
(2.075 0.02497620555 -0.001090484685)
(2.0875 0.02497620555 -0.001090484685)
(2.1 0.02497620555 -0.001090484685)
(2.1125 0.02497620555 -0.001090484685)
(2.125 0.02497620555 -0.001090484685)
(2.1375 0.02497620555 -0.001090484685)
(2.15 0.02497620555 -0.001090484685)
(2.1625 0.02497620555 -0.001090484685)
(2.175 0.02497620555 -0.001090484685)
(2.1875 0.02497620555 -0.001090484685)
(2.2 0.02497620555 -0.001090484685)
(2.2125 0.02497620555 -0.001090484685)
(2.225 0.02497620555 -0.001090484685)
(2.2375 0.02497620555 -0.001090484685)
(2.25 0.02497620555 -0.001090484685)
(1.5 0.02747382611 -0.001199533154)
(1.5125 0.02747382611 -0.001199533154)
(1.525 0.02747382611 -0.001199533154)
(1.5375 0.02747382611 -0.001199533154)
(1.55 0.02747382611 -0.001199533154)
(1.5625 0.02747382611 -0.001199533154)
(1.575 0.02747382611 -0.001199533154)
(1.5875 0.02747382611 -0.001199533154)
(1.6 0.02747382611 -0.001199533154)
(1.6125 0.02747382611 -0.001199533154)
(1.625 0.02747382611 -0.001199533154)
(1.6375 0.02747382611 -0.001199533154)
(1.65 0.02747382611 -0.001199533154)
(1.6625 0.02747382611 -0.001199533154)
(1.675 0.02747382611 -0.001199533153)
(1.6875 0.02747382611 -0.001199533154)
(1.7 0.02747382611 -0.001199533154)
(1.7125 0.02747382611 -0.001199533154)
(1.725 0.02747382611 -0.001199533154)
(1.7375 0.02747382611 -0.001199533154)
(1.75 0.02747382611 -0.001199533154)
(1.7625 0.02747382611 -0.001199533154)
(1.775 0.02747382611 -0.001199533154)
(1.7875 0.02747382611 -0.001199533154)
(1.8 0.02747382611 -0.001199533154)
(1.8125 0.02747382611 -0.001199533154)
(1.825 0.02747382611 -0.001199533154)
(1.8375 0.02747382611 -0.001199533153)
(1.85 0.02747382611 -0.001199533154)
(1.8625 0.02747382611 -0.001199533154)
(1.875 0.02747382611 -0.001199533154)
(1.8875 0.02747382611 -0.001199533154)
(1.9 0.02747382611 -0.001199533154)
(1.9125 0.02747382611 -0.001199533154)
(1.925 0.02747382611 -0.001199533154)
(1.9375 0.02747382611 -0.001199533154)
(1.95 0.02747382611 -0.001199533154)
(1.9625 0.02747382611 -0.001199533154)
(1.975 0.02747382611 -0.001199533154)
(1.9875 0.02747382611 -0.001199533154)
(2 0.02747382611 -0.001199533154)
(2.0125 0.02747382611 -0.001199533154)
(2.025 0.02747382611 -0.001199533154)
(2.0375 0.02747382611 -0.001199533154)
(2.05 0.02747382611 -0.001199533153)
(2.0625 0.02747382611 -0.001199533154)
(2.075 0.02747382611 -0.001199533154)
(2.0875 0.02747382611 -0.001199533154)
(2.1 0.02747382611 -0.001199533154)
(2.1125 0.02747382611 -0.001199533154)
(2.125 0.02747382611 -0.001199533154)
(2.1375 0.02747382611 -0.001199533154)
(2.15 0.02747382611 -0.001199533154)
(2.1625 0.02747382611 -0.001199533154)
(2.175 0.02747382611 -0.001199533154)
(2.1875 0.02747382611 -0.001199533154)
(2.2 0.02747382611 -0.001199533154)
(2.2125 0.02747382611 -0.001199533154)
(2.225 0.02747382611 -0.001199533154)
(2.2375 0.02747382611 -0.001199533154)
(2.25 0.02747382611 -0.001199533154)
(1.5 0.02997144666 -0.001308581622)
(1.5125 0.02997144666 -0.001308581622)
(1.525 0.02997144666 -0.001308581622)
(1.5375 0.02997144666 -0.001308581622)
(1.55 0.02997144666 -0.001308581622)
(1.5625 0.02997144666 -0.001308581622)
(1.575 0.02997144666 -0.001308581622)
(1.5875 0.02997144666 -0.001308581622)
(1.6 0.02997144666 -0.001308581622)
(1.6125 0.02997144666 -0.001308581622)
(1.625 0.02997144666 -0.001308581622)
(1.6375 0.02997144666 -0.001308581622)
(1.65 0.02997144666 -0.001308581622)
(1.6625 0.02997144666 -0.001308581622)
(1.675 0.02997144666 -0.001308581622)
(1.6875 0.02997144666 -0.001308581622)
(1.7 0.02997144666 -0.001308581622)
(1.7125 0.02997144666 -0.001308581622)
(1.725 0.02997144666 -0.001308581622)
(1.7375 0.02997144666 -0.001308581622)
(1.75 0.02997144666 -0.001308581622)
(1.7625 0.02997144666 -0.001308581622)
(1.775 0.02997144666 -0.001308581622)
(1.7875 0.02997144666 -0.001308581622)
(1.8 0.02997144666 -0.001308581622)
(1.8125 0.02997144666 -0.001308581622)
(1.825 0.02997144666 -0.001308581622)
(1.8375 0.02997144666 -0.001308581622)
(1.85 0.02997144666 -0.001308581622)
(1.8625 0.02997144666 -0.001308581622)
(1.875 0.02997144666 -0.001308581622)
(1.8875 0.02997144666 -0.001308581622)
(1.9 0.02997144666 -0.001308581622)
(1.9125 0.02997144666 -0.001308581622)
(1.925 0.02997144666 -0.001308581622)
(1.9375 0.02997144666 -0.001308581622)
(1.95 0.02997144666 -0.001308581622)
(1.9625 0.02997144666 -0.001308581622)
(1.975 0.02997144666 -0.001308581622)
(1.9875 0.02997144666 -0.001308581622)
(2 0.02997144666 -0.001308581622)
(2.0125 0.02997144666 -0.001308581622)
(2.025 0.02997144666 -0.001308581622)
(2.0375 0.02997144666 -0.001308581622)
(2.05 0.02997144666 -0.001308581622)
(2.0625 0.02997144666 -0.001308581622)
(2.075 0.02997144666 -0.001308581622)
(2.0875 0.02997144666 -0.001308581622)
(2.1 0.02997144666 -0.001308581622)
(2.1125 0.02997144666 -0.001308581622)
(2.125 0.02997144666 -0.001308581622)
(2.1375 0.02997144666 -0.001308581622)
(2.15 0.02997144666 -0.001308581622)
(2.1625 0.02997144666 -0.001308581622)
(2.175 0.02997144666 -0.001308581622)
(2.1875 0.02997144666 -0.001308581622)
(2.2 0.02997144666 -0.001308581622)
(2.2125 0.02997144666 -0.001308581622)
(2.225 0.02997144666 -0.001308581622)
(2.2375 0.02997144666 -0.001308581622)
(2.25 0.02997144666 -0.001308581622)
(1.5 0.03246906722 -0.00141763009)
(1.5125 0.03246906722 -0.00141763009)
(1.525 0.03246906722 -0.00141763009)
(1.5375 0.03246906722 -0.00141763009)
(1.55 0.03246906722 -0.001417630091)
(1.5625 0.03246906722 -0.001417630091)
(1.575 0.03246906722 -0.001417630091)
(1.5875 0.03246906722 -0.001417630091)
(1.6 0.03246906722 -0.001417630091)
(1.6125 0.03246906722 -0.00141763009)
(1.625 0.03246906722 -0.00141763009)
(1.6375 0.03246906722 -0.001417630091)
(1.65 0.03246906722 -0.001417630091)
(1.6625 0.03246906722 -0.001417630091)
(1.675 0.03246906722 -0.00141763009)
(1.6875 0.03246906722 -0.001417630091)
(1.7 0.03246906722 -0.001417630091)
(1.7125 0.03246906722 -0.00141763009)
(1.725 0.03246906722 -0.00141763009)
(1.7375 0.03246906722 -0.001417630091)
(1.75 0.03246906722 -0.001417630091)
(1.7625 0.03246906722 -0.001417630091)
(1.775 0.03246906722 -0.001417630091)
(1.7875 0.03246906722 -0.001417630091)
(1.8 0.03246906722 -0.001417630091)
(1.8125 0.03246906722 -0.001417630091)
(1.825 0.03246906722 -0.00141763009)
(1.8375 0.03246906722 -0.001417630091)
(1.85 0.03246906722 -0.001417630091)
(1.8625 0.03246906722 -0.001417630091)
(1.875 0.03246906722 -0.001417630091)
(1.8875 0.03246906722 -0.00141763009)
(1.9 0.03246906722 -0.001417630091)
(1.9125 0.03246906722 -0.001417630091)
(1.925 0.03246906722 -0.001417630091)
(1.9375 0.03246906722 -0.001417630091)
(1.95 0.03246906722 -0.001417630091)
(1.9625 0.03246906722 -0.001417630091)
(1.975 0.03246906722 -0.001417630091)
(1.9875 0.03246906722 -0.001417630091)
(2 0.03246906722 -0.001417630091)
(2.0125 0.03246906722 -0.001417630091)
(2.025 0.03246906722 -0.001417630091)
(2.0375 0.03246906722 -0.001417630091)
(2.05 0.03246906722 -0.001417630091)
(2.0625 0.03246906722 -0.001417630091)
(2.075 0.03246906722 -0.001417630091)
(2.0875 0.03246906722 -0.00141763009)
(2.1 0.03246906722 -0.00141763009)
(2.1125 0.03246906722 -0.001417630091)
(2.125 0.03246906722 -0.001417630091)
(2.1375 0.03246906722 -0.001417630091)
(2.15 0.03246906722 -0.001417630091)
(2.1625 0.03246906722 -0.001417630091)
(2.175 0.03246906722 -0.001417630091)
(2.1875 0.03246906722 -0.00141763009)
(2.2 0.03246906722 -0.00141763009)
(2.2125 0.03246906722 -0.001417630091)
(2.225 0.03246906722 -0.001417630091)
(2.2375 0.03246906722 -0.001417630091)
(2.25 0.03246906722 -0.001417630091)
(1.5 0.03496668777 -0.001526678559)
(1.5125 0.03496668777 -0.001526678559)
(1.525 0.03496668777 -0.001526678559)
(1.5375 0.03496668777 -0.001526678559)
(1.55 0.03496668777 -0.001526678559)
(1.5625 0.03496668777 -0.001526678559)
(1.575 0.03496668777 -0.001526678559)
(1.5875 0.03496668777 -0.001526678559)
(1.6 0.03496668777 -0.001526678559)
(1.6125 0.03496668777 -0.001526678559)
(1.625 0.03496668777 -0.001526678559)
(1.6375 0.03496668777 -0.001526678559)
(1.65 0.03496668777 -0.001526678559)
(1.6625 0.03496668777 -0.001526678559)
(1.675 0.03496668777 -0.001526678559)
(1.6875 0.03496668777 -0.001526678559)
(1.7 0.03496668777 -0.001526678559)
(1.7125 0.03496668777 -0.001526678559)
(1.725 0.03496668777 -0.001526678559)
(1.7375 0.03496668777 -0.001526678559)
(1.75 0.03496668777 -0.001526678559)
(1.7625 0.03496668777 -0.001526678559)
(1.775 0.03496668777 -0.001526678559)
(1.7875 0.03496668777 -0.001526678559)
(1.8 0.03496668777 -0.001526678559)
(1.8125 0.03496668777 -0.001526678559)
(1.825 0.03496668777 -0.001526678559)
(1.8375 0.03496668777 -0.001526678559)
(1.85 0.03496668777 -0.001526678559)
(1.8625 0.03496668777 -0.001526678559)
(1.875 0.03496668777 -0.001526678559)
(1.8875 0.03496668777 -0.001526678559)
(1.9 0.03496668777 -0.001526678559)
(1.9125 0.03496668777 -0.001526678559)
(1.925 0.03496668777 -0.001526678559)
(1.9375 0.03496668777 -0.001526678559)
(1.95 0.03496668777 -0.001526678559)
(1.9625 0.03496668777 -0.001526678559)
(1.975 0.03496668777 -0.001526678559)
(1.9875 0.03496668777 -0.001526678559)
(2 0.03496668777 -0.001526678559)
(2.0125 0.03496668777 -0.001526678559)
(2.025 0.03496668777 -0.001526678559)
(2.0375 0.03496668777 -0.001526678559)
(2.05 0.03496668777 -0.001526678559)
(2.0625 0.03496668777 -0.001526678559)
(2.075 0.03496668777 -0.001526678559)
(2.0875 0.03496668777 -0.001526678559)
(2.1 0.03496668777 -0.001526678559)
(2.1125 0.03496668777 -0.001526678559)
(2.125 0.03496668777 -0.001526678559)
(2.1375 0.03496668777 -0.001526678559)
(2.15 0.03496668777 -0.001526678559)
(2.1625 0.03496668777 -0.001526678559)
(2.175 0.03496668777 -0.001526678559)
(2.1875 0.03496668777 -0.001526678559)
(2.2 0.03496668777 -0.001526678559)
(2.2125 0.03496668777 -0.001526678559)
(2.225 0.03496668777 -0.001526678559)
(2.2375 0.03496668777 -0.001526678559)
(2.25 0.03496668777 -0.001526678559)
(1.5 0.03746430833 -0.001635727027)
(1.5125 0.03746430833 -0.001635727027)
(1.525 0.03746430833 -0.001635727027)
(1.5375 0.03746430833 -0.001635727027)
(1.55 0.03746430833 -0.001635727027)
(1.5625 0.03746430833 -0.001635727027)
(1.575 0.03746430833 -0.001635727027)
(1.5875 0.03746430833 -0.001635727027)
(1.6 0.03746430833 -0.001635727027)
(1.6125 0.03746430833 -0.001635727027)
(1.625 0.03746430833 -0.001635727027)
(1.6375 0.03746430833 -0.001635727027)
(1.65 0.03746430833 -0.001635727027)
(1.6625 0.03746430833 -0.001635727027)
(1.675 0.03746430833 -0.001635727027)
(1.6875 0.03746430833 -0.001635727027)
(1.7 0.03746430833 -0.001635727027)
(1.7125 0.03746430833 -0.001635727027)
(1.725 0.03746430833 -0.001635727027)
(1.7375 0.03746430833 -0.001635727027)
(1.75 0.03746430833 -0.001635727027)
(1.7625 0.03746430833 -0.001635727027)
(1.775 0.03746430833 -0.001635727027)
(1.7875 0.03746430833 -0.001635727027)
(1.8 0.03746430833 -0.001635727027)
(1.8125 0.03746430833 -0.001635727027)
(1.825 0.03746430833 -0.001635727027)
(1.8375 0.03746430833 -0.001635727027)
(1.85 0.03746430833 -0.001635727027)
(1.8625 0.03746430833 -0.001635727027)
(1.875 0.03746430833 -0.001635727027)
(1.8875 0.03746430833 -0.001635727027)
(1.9 0.03746430833 -0.001635727027)
(1.9125 0.03746430833 -0.001635727027)
(1.925 0.03746430833 -0.001635727027)
(1.9375 0.03746430833 -0.001635727028)
(1.95 0.03746430833 -0.001635727027)
(1.9625 0.03746430833 -0.001635727027)
(1.975 0.03746430833 -0.001635727027)
(1.9875 0.03746430833 -0.001635727028)
(2 0.03746430833 -0.001635727027)
(2.0125 0.03746430833 -0.001635727027)
(2.025 0.03746430833 -0.001635727027)
(2.0375 0.03746430833 -0.001635727027)
(2.05 0.03746430833 -0.001635727027)
(2.0625 0.03746430833 -0.001635727027)
(2.075 0.03746430833 -0.001635727027)
(2.0875 0.03746430833 -0.001635727027)
(2.1 0.03746430833 -0.001635727027)
(2.1125 0.03746430833 -0.001635727027)
(2.125 0.03746430833 -0.001635727027)
(2.1375 0.03746430833 -0.001635727027)
(2.15 0.03746430833 -0.001635727027)
(2.1625 0.03746430833 -0.001635727027)
(2.175 0.03746430833 -0.001635727027)
(2.1875 0.03746430833 -0.001635727027)
(2.2 0.03746430833 -0.001635727027)
(2.2125 0.03746430833 -0.001635727028)
(2.225 0.03746430833 -0.001635727027)
(2.2375 0.03746430833 -0.001635727027)
(2.25 0.03746430833 -0.001635727027)
(1.5 0.03996192888 -0.001744775496)
(1.5125 0.03996192888 -0.001744775496)
(1.525 0.03996192888 -0.001744775496)
(1.5375 0.03996192888 -0.001744775496)
(1.55 0.03996192888 -0.001744775496)
(1.5625 0.03996192888 -0.001744775496)
(1.575 0.03996192888 -0.001744775496)
(1.5875 0.03996192888 -0.001744775496)
(1.6 0.03996192888 -0.001744775496)
(1.6125 0.03996192888 -0.001744775496)
(1.625 0.03996192888 -0.001744775496)
(1.6375 0.03996192888 -0.001744775496)
(1.65 0.03996192888 -0.001744775496)
(1.6625 0.03996192888 -0.001744775496)
(1.675 0.03996192888 -0.001744775496)
(1.6875 0.03996192888 -0.001744775496)
(1.7 0.03996192888 -0.001744775496)
(1.7125 0.03996192888 -0.001744775496)
(1.725 0.03996192888 -0.001744775496)
(1.7375 0.03996192888 -0.001744775496)
(1.75 0.03996192888 -0.001744775496)
(1.7625 0.03996192888 -0.001744775496)
(1.775 0.03996192888 -0.001744775496)
(1.7875 0.03996192888 -0.001744775496)
(1.8 0.03996192888 -0.001744775496)
(1.8125 0.03996192888 -0.001744775496)
(1.825 0.03996192888 -0.001744775496)
(1.8375 0.03996192888 -0.001744775496)
(1.85 0.03996192888 -0.001744775496)
(1.8625 0.03996192888 -0.001744775496)
(1.875 0.03996192888 -0.001744775496)
(1.8875 0.03996192888 -0.001744775496)
(1.9 0.03996192888 -0.001744775496)
(1.9125 0.03996192888 -0.001744775496)
(1.925 0.03996192888 -0.001744775496)
(1.9375 0.03996192888 -0.001744775496)
(1.95 0.03996192888 -0.001744775496)
(1.9625 0.03996192888 -0.001744775496)
(1.975 0.03996192888 -0.001744775496)
(1.9875 0.03996192888 -0.001744775496)
(2 0.03996192888 -0.001744775496)
(2.0125 0.03996192888 -0.001744775496)
(2.025 0.03996192888 -0.001744775496)
(2.0375 0.03996192888 -0.001744775496)
(2.05 0.03996192888 -0.001744775496)
(2.0625 0.03996192888 -0.001744775496)
(2.075 0.03996192888 -0.001744775496)
(2.0875 0.03996192888 -0.001744775496)
(2.1 0.03996192888 -0.001744775496)
(2.1125 0.03996192888 -0.001744775496)
(2.125 0.03996192888 -0.001744775496)
(2.1375 0.03996192888 -0.001744775496)
(2.15 0.03996192888 -0.001744775496)
(2.1625 0.03996192888 -0.001744775496)
(2.175 0.03996192888 -0.001744775496)
(2.1875 0.03996192888 -0.001744775496)
(2.2 0.03996192888 -0.001744775496)
(2.2125 0.03996192888 -0.001744775496)
(2.225 0.03996192888 -0.001744775496)
(2.2375 0.03996192888 -0.001744775496)
(2.25 0.03996192888 -0.001744775496)
(1.5 0.04245954944 -0.001853823964)
(1.5125 0.04245954944 -0.001853823964)
(1.525 0.04245954944 -0.001853823964)
(1.5375 0.04245954944 -0.001853823964)
(1.55 0.04245954944 -0.001853823964)
(1.5625 0.04245954944 -0.001853823964)
(1.575 0.04245954944 -0.001853823964)
(1.5875 0.04245954944 -0.001853823964)
(1.6 0.04245954944 -0.001853823964)
(1.6125 0.04245954944 -0.001853823964)
(1.625 0.04245954944 -0.001853823964)
(1.6375 0.04245954944 -0.001853823964)
(1.65 0.04245954944 -0.001853823964)
(1.6625 0.04245954944 -0.001853823964)
(1.675 0.04245954944 -0.001853823964)
(1.6875 0.04245954944 -0.001853823964)
(1.7 0.04245954944 -0.001853823964)
(1.7125 0.04245954944 -0.001853823964)
(1.725 0.04245954944 -0.001853823964)
(1.7375 0.04245954944 -0.001853823964)
(1.75 0.04245954944 -0.001853823964)
(1.7625 0.04245954944 -0.001853823964)
(1.775 0.04245954944 -0.001853823964)
(1.7875 0.04245954944 -0.001853823965)
(1.8 0.04245954944 -0.001853823964)
(1.8125 0.04245954944 -0.001853823964)
(1.825 0.04245954944 -0.001853823964)
(1.8375 0.04245954944 -0.001853823964)
(1.85 0.04245954944 -0.001853823964)
(1.8625 0.04245954944 -0.001853823964)
(1.875 0.04245954944 -0.001853823964)
(1.8875 0.04245954944 -0.001853823964)
(1.9 0.04245954944 -0.001853823964)
(1.9125 0.04245954944 -0.001853823964)
(1.925 0.04245954944 -0.001853823964)
(1.9375 0.04245954944 -0.001853823964)
(1.95 0.04245954944 -0.001853823964)
(1.9625 0.04245954944 -0.001853823964)
(1.975 0.04245954944 -0.001853823964)
(1.9875 0.04245954944 -0.001853823964)
(2 0.04245954944 -0.001853823964)
(2.0125 0.04245954944 -0.001853823964)
(2.025 0.04245954944 -0.001853823964)
(2.0375 0.04245954944 -0.001853823964)
(2.05 0.04245954944 -0.001853823964)
(2.0625 0.04245954944 -0.001853823964)
(2.075 0.04245954944 -0.001853823964)
(2.0875 0.04245954944 -0.001853823964)
(2.1 0.04245954944 -0.001853823964)
(2.1125 0.04245954944 -0.001853823964)
(2.125 0.04245954944 -0.001853823964)
(2.1375 0.04245954944 -0.001853823964)
(2.15 0.04245954944 -0.001853823964)
(2.1625 0.04245954944 -0.001853823964)
(2.175 0.04245954944 -0.001853823964)
(2.1875 0.04245954944 -0.001853823964)
(2.2 0.04245954944 -0.001853823964)
(2.2125 0.04245954944 -0.001853823964)
(2.225 0.04245954944 -0.001853823964)
(2.2375 0.04245954944 -0.001853823964)
(2.25 0.04245954944 -0.001853823964)
(1.5 0.04495716999 -0.001962872433)
(1.5125 0.04495716999 -0.001962872433)
(1.525 0.04495716999 -0.001962872433)
(1.5375 0.04495716999 -0.001962872433)
(1.55 0.04495716999 -0.001962872433)
(1.5625 0.04495716999 -0.001962872433)
(1.575 0.04495716999 -0.001962872433)
(1.5875 0.04495716999 -0.001962872433)
(1.6 0.04495716999 -0.001962872433)
(1.6125 0.04495716999 -0.001962872433)
(1.625 0.04495716999 -0.001962872433)
(1.6375 0.04495716999 -0.001962872433)
(1.65 0.04495716999 -0.001962872433)
(1.6625 0.04495716999 -0.001962872433)
(1.675 0.04495716999 -0.001962872433)
(1.6875 0.04495716999 -0.001962872433)
(1.7 0.04495716999 -0.001962872433)
(1.7125 0.04495716999 -0.001962872433)
(1.725 0.04495716999 -0.001962872433)
(1.7375 0.04495716999 -0.001962872433)
(1.75 0.04495716999 -0.001962872433)
(1.7625 0.04495716999 -0.001962872433)
(1.775 0.04495716999 -0.001962872433)
(1.7875 0.04495716999 -0.001962872433)
(1.8 0.04495716999 -0.001962872433)
(1.8125 0.04495716999 -0.001962872433)
(1.825 0.04495716999 -0.001962872433)
(1.8375 0.04495716999 -0.001962872433)
(1.85 0.04495716999 -0.001962872433)
(1.8625 0.04495716999 -0.001962872433)
(1.875 0.04495716999 -0.001962872433)
(1.8875 0.04495716999 -0.001962872433)
(1.9 0.04495716999 -0.001962872433)
(1.9125 0.04495716999 -0.001962872433)
(1.925 0.04495716999 -0.001962872433)
(1.9375 0.04495716999 -0.001962872433)
(1.95 0.04495716999 -0.001962872433)
(1.9625 0.04495716999 -0.001962872433)
(1.975 0.04495716999 -0.001962872433)
(1.9875 0.04495716999 -0.001962872433)
(2 0.04495716999 -0.001962872433)
(2.0125 0.04495716999 -0.001962872433)
(2.025 0.04495716999 -0.001962872433)
(2.0375 0.04495716999 -0.001962872433)
(2.05 0.04495716999 -0.001962872433)
(2.0625 0.04495716999 -0.001962872433)
(2.075 0.04495716999 -0.001962872433)
(2.0875 0.04495716999 -0.001962872433)
(2.1 0.04495716999 -0.001962872433)
(2.1125 0.04495716999 -0.001962872433)
(2.125 0.04495716999 -0.001962872433)
(2.1375 0.04495716999 -0.001962872433)
(2.15 0.04495716999 -0.001962872433)
(2.1625 0.04495716999 -0.001962872433)
(2.175 0.04495716999 -0.001962872433)
(2.1875 0.04495716999 -0.001962872433)
(2.2 0.04495716999 -0.001962872433)
(2.2125 0.04495716999 -0.001962872433)
(2.225 0.04495716999 -0.001962872433)
(2.2375 0.04495716999 -0.001962872433)
(2.25 0.04495716999 -0.001962872433)
(1.5 0.04745479055 -0.002071920901)
(1.5125 0.04745479054 -0.002071920901)
(1.525 0.04745479054 -0.002071920901)
(1.5375 0.04745479055 -0.002071920901)
(1.55 0.04745479055 -0.002071920901)
(1.5625 0.04745479054 -0.002071920901)
(1.575 0.04745479054 -0.002071920901)
(1.5875 0.04745479055 -0.002071920901)
(1.6 0.04745479054 -0.002071920901)
(1.6125 0.04745479055 -0.002071920901)
(1.625 0.04745479054 -0.002071920901)
(1.6375 0.04745479054 -0.002071920901)
(1.65 0.04745479054 -0.002071920901)
(1.6625 0.04745479055 -0.002071920901)
(1.675 0.04745479054 -0.002071920901)
(1.6875 0.04745479054 -0.002071920901)
(1.7 0.04745479055 -0.002071920901)
(1.7125 0.04745479054 -0.002071920901)
(1.725 0.04745479055 -0.002071920901)
(1.7375 0.04745479055 -0.002071920901)
(1.75 0.04745479054 -0.002071920901)
(1.7625 0.04745479054 -0.002071920901)
(1.775 0.04745479055 -0.002071920901)
(1.7875 0.04745479054 -0.002071920901)
(1.8 0.04745479054 -0.002071920901)
(1.8125 0.04745479054 -0.002071920901)
(1.825 0.04745479055 -0.002071920901)
(1.8375 0.04745479054 -0.002071920901)
(1.85 0.04745479054 -0.002071920901)
(1.8625 0.04745479054 -0.002071920901)
(1.875 0.04745479055 -0.002071920901)
(1.8875 0.04745479055 -0.002071920901)
(1.9 0.04745479054 -0.002071920901)
(1.9125 0.04745479054 -0.002071920901)
(1.925 0.04745479055 -0.002071920901)
(1.9375 0.04745479055 -0.002071920901)
(1.95 0.04745479054 -0.002071920901)
(1.9625 0.04745479054 -0.002071920901)
(1.975 0.04745479055 -0.002071920901)
(1.9875 0.04745479055 -0.002071920901)
(2 0.04745479055 -0.002071920901)
(2.0125 0.04745479054 -0.002071920901)
(2.025 0.04745479054 -0.002071920901)
(2.0375 0.04745479055 -0.002071920901)
(2.05 0.04745479054 -0.002071920901)
(2.0625 0.04745479054 -0.002071920901)
(2.075 0.04745479054 -0.002071920901)
(2.0875 0.04745479055 -0.002071920901)
(2.1 0.04745479055 -0.002071920901)
(2.1125 0.04745479054 -0.002071920901)
(2.125 0.04745479054 -0.002071920901)
(2.1375 0.04745479055 -0.002071920901)
(2.15 0.04745479055 -0.002071920901)
(2.1625 0.04745479054 -0.002071920901)
(2.175 0.04745479054 -0.002071920901)
(2.1875 0.04745479055 -0.002071920901)
(2.2 0.04745479055 -0.002071920901)
(2.2125 0.04745479054 -0.002071920901)
(2.225 0.04745479054 -0.002071920901)
(2.2375 0.04745479054 -0.002071920901)
(2.25 0.04745479054 -0.002071920901)
(1.5 0.0499524111 -0.00218096937)
(1.5125 0.0499524111 -0.00218096937)
(1.525 0.0499524111 -0.00218096937)
(1.5375 0.0499524111 -0.00218096937)
(1.55 0.0499524111 -0.00218096937)
(1.5625 0.0499524111 -0.00218096937)
(1.575 0.0499524111 -0.00218096937)
(1.5875 0.0499524111 -0.00218096937)
(1.6 0.0499524111 -0.00218096937)
(1.6125 0.0499524111 -0.00218096937)
(1.625 0.0499524111 -0.00218096937)
(1.6375 0.0499524111 -0.00218096937)
(1.65 0.0499524111 -0.00218096937)
(1.6625 0.0499524111 -0.00218096937)
(1.675 0.0499524111 -0.00218096937)
(1.6875 0.0499524111 -0.00218096937)
(1.7 0.0499524111 -0.00218096937)
(1.7125 0.0499524111 -0.00218096937)
(1.725 0.0499524111 -0.00218096937)
(1.7375 0.0499524111 -0.00218096937)
(1.75 0.0499524111 -0.00218096937)
(1.7625 0.0499524111 -0.00218096937)
(1.775 0.0499524111 -0.00218096937)
(1.7875 0.0499524111 -0.00218096937)
(1.8 0.0499524111 -0.00218096937)
(1.8125 0.0499524111 -0.00218096937)
(1.825 0.0499524111 -0.00218096937)
(1.8375 0.0499524111 -0.00218096937)
(1.85 0.0499524111 -0.00218096937)
(1.8625 0.0499524111 -0.00218096937)
(1.875 0.0499524111 -0.00218096937)
(1.8875 0.0499524111 -0.00218096937)
(1.9 0.0499524111 -0.00218096937)
(1.9125 0.0499524111 -0.00218096937)
(1.925 0.0499524111 -0.00218096937)
(1.9375 0.0499524111 -0.00218096937)
(1.95 0.0499524111 -0.00218096937)
(1.9625 0.0499524111 -0.00218096937)
(1.975 0.0499524111 -0.00218096937)
(1.9875 0.0499524111 -0.00218096937)
(2 0.0499524111 -0.00218096937)
(2.0125 0.0499524111 -0.00218096937)
(2.025 0.0499524111 -0.00218096937)
(2.0375 0.0499524111 -0.00218096937)
(2.05 0.0499524111 -0.00218096937)
(2.0625 0.0499524111 -0.00218096937)
(2.075 0.0499524111 -0.00218096937)
(2.0875 0.0499524111 -0.00218096937)
(2.1 0.0499524111 -0.00218096937)
(2.1125 0.0499524111 -0.00218096937)
(2.125 0.0499524111 -0.00218096937)
(2.1375 0.0499524111 -0.00218096937)
(2.15 0.0499524111 -0.00218096937)
(2.1625 0.0499524111 -0.00218096937)
(2.175 0.0499524111 -0.00218096937)
(2.1875 0.0499524111 -0.00218096937)
(2.2 0.0499524111 -0.00218096937)
(2.2125 0.0499524111 -0.00218096937)
(2.225 0.0499524111 -0.00218096937)
(2.2375 0.0499524111 -0.00218096937)
(2.25 0.0499524111 -0.00218096937)
(1.5 0.002497620555 0.0001090484685)
(1.5125 0.002497620555 0.0001090484685)
(1.525 0.002497620555 0.0001090484685)
(1.5375 0.002497620555 0.0001090484685)
(1.55 0.002497620555 0.0001090484685)
(1.5625 0.002497620555 0.0001090484685)
(1.575 0.002497620555 0.0001090484685)
(1.5875 0.002497620555 0.0001090484685)
(1.6 0.002497620555 0.0001090484685)
(1.6125 0.002497620555 0.0001090484685)
(1.625 0.002497620555 0.0001090484685)
(1.6375 0.002497620555 0.0001090484685)
(1.65 0.002497620555 0.0001090484685)
(1.6625 0.002497620555 0.0001090484685)
(1.675 0.002497620555 0.0001090484685)
(1.6875 0.002497620555 0.0001090484685)
(1.7 0.002497620555 0.0001090484685)
(1.7125 0.002497620555 0.0001090484685)
(1.725 0.002497620555 0.0001090484685)
(1.7375 0.002497620555 0.0001090484685)
(1.75 0.002497620555 0.0001090484685)
(1.7625 0.002497620555 0.0001090484685)
(1.775 0.002497620555 0.0001090484685)
(1.7875 0.002497620555 0.0001090484685)
(1.8 0.002497620555 0.0001090484685)
(1.8125 0.002497620555 0.0001090484685)
(1.825 0.002497620555 0.0001090484685)
(1.8375 0.002497620555 0.0001090484685)
(1.85 0.002497620555 0.0001090484685)
(1.8625 0.002497620555 0.0001090484685)
(1.875 0.002497620555 0.0001090484685)
(1.8875 0.002497620555 0.0001090484685)
(1.9 0.002497620555 0.0001090484685)
(1.9125 0.002497620555 0.0001090484685)
(1.925 0.002497620555 0.0001090484685)
(1.9375 0.002497620555 0.0001090484685)
(1.95 0.002497620555 0.0001090484685)
(1.9625 0.002497620555 0.0001090484685)
(1.975 0.002497620555 0.0001090484685)
(1.9875 0.002497620555 0.0001090484685)
(2 0.002497620555 0.0001090484685)
(2.0125 0.002497620555 0.0001090484685)
(2.025 0.002497620555 0.0001090484685)
(2.0375 0.002497620555 0.0001090484685)
(2.05 0.002497620555 0.0001090484685)
(2.0625 0.002497620555 0.0001090484685)
(2.075 0.002497620555 0.0001090484685)
(2.0875 0.002497620555 0.0001090484685)
(2.1 0.002497620555 0.0001090484685)
(2.1125 0.002497620555 0.0001090484685)
(2.125 0.002497620555 0.0001090484685)
(2.1375 0.002497620555 0.0001090484685)
(2.15 0.002497620555 0.0001090484685)
(2.1625 0.002497620555 0.0001090484685)
(2.175 0.002497620555 0.0001090484685)
(2.1875 0.002497620555 0.0001090484685)
(2.2 0.002497620555 0.0001090484685)
(2.2125 0.002497620555 0.0001090484685)
(2.225 0.002497620555 0.0001090484685)
(2.2375 0.002497620555 0.0001090484685)
(2.25 0.002497620555 0.0001090484685)
(1.5 0.00499524111 0.000218096937)
(1.5125 0.00499524111 0.000218096937)
(1.525 0.00499524111 0.000218096937)
(1.5375 0.00499524111 0.000218096937)
(1.55 0.00499524111 0.000218096937)
(1.5625 0.00499524111 0.000218096937)
(1.575 0.00499524111 0.000218096937)
(1.5875 0.00499524111 0.000218096937)
(1.6 0.00499524111 0.000218096937)
(1.6125 0.00499524111 0.000218096937)
(1.625 0.00499524111 0.000218096937)
(1.6375 0.00499524111 0.000218096937)
(1.65 0.00499524111 0.000218096937)
(1.6625 0.00499524111 0.000218096937)
(1.675 0.00499524111 0.000218096937)
(1.6875 0.00499524111 0.000218096937)
(1.7 0.00499524111 0.000218096937)
(1.7125 0.00499524111 0.000218096937)
(1.725 0.00499524111 0.000218096937)
(1.7375 0.00499524111 0.000218096937)
(1.75 0.00499524111 0.000218096937)
(1.7625 0.00499524111 0.000218096937)
(1.775 0.00499524111 0.000218096937)
(1.7875 0.00499524111 0.000218096937)
(1.8 0.00499524111 0.000218096937)
(1.8125 0.00499524111 0.000218096937)
(1.825 0.00499524111 0.000218096937)
(1.8375 0.00499524111 0.000218096937)
(1.85 0.00499524111 0.000218096937)
(1.8625 0.00499524111 0.000218096937)
(1.875 0.00499524111 0.000218096937)
(1.8875 0.00499524111 0.000218096937)
(1.9 0.00499524111 0.000218096937)
(1.9125 0.00499524111 0.000218096937)
(1.925 0.00499524111 0.000218096937)
(1.9375 0.00499524111 0.000218096937)
(1.95 0.00499524111 0.000218096937)
(1.9625 0.00499524111 0.000218096937)
(1.975 0.00499524111 0.000218096937)
(1.9875 0.00499524111 0.000218096937)
(2 0.00499524111 0.000218096937)
(2.0125 0.00499524111 0.000218096937)
(2.025 0.00499524111 0.000218096937)
(2.0375 0.00499524111 0.000218096937)
(2.05 0.00499524111 0.000218096937)
(2.0625 0.00499524111 0.000218096937)
(2.075 0.00499524111 0.000218096937)
(2.0875 0.00499524111 0.000218096937)
(2.1 0.00499524111 0.000218096937)
(2.1125 0.00499524111 0.000218096937)
(2.125 0.00499524111 0.000218096937)
(2.1375 0.00499524111 0.000218096937)
(2.15 0.00499524111 0.000218096937)
(2.1625 0.00499524111 0.000218096937)
(2.175 0.00499524111 0.000218096937)
(2.1875 0.00499524111 0.000218096937)
(2.2 0.00499524111 0.000218096937)
(2.2125 0.00499524111 0.000218096937)
(2.225 0.00499524111 0.000218096937)
(2.2375 0.00499524111 0.000218096937)
(2.25 0.00499524111 0.000218096937)
(1.5 0.007492861665 0.0003271454055)
(1.5125 0.007492861665 0.0003271454055)
(1.525 0.007492861665 0.0003271454055)
(1.5375 0.007492861665 0.0003271454055)
(1.55 0.007492861665 0.0003271454055)
(1.5625 0.007492861665 0.0003271454055)
(1.575 0.007492861665 0.0003271454055)
(1.5875 0.007492861665 0.0003271454055)
(1.6 0.007492861665 0.0003271454055)
(1.6125 0.007492861665 0.0003271454055)
(1.625 0.007492861665 0.0003271454055)
(1.6375 0.007492861665 0.0003271454055)
(1.65 0.007492861665 0.0003271454055)
(1.6625 0.007492861665 0.0003271454055)
(1.675 0.007492861665 0.0003271454055)
(1.6875 0.007492861665 0.0003271454055)
(1.7 0.007492861665 0.0003271454055)
(1.7125 0.007492861665 0.0003271454055)
(1.725 0.007492861665 0.0003271454055)
(1.7375 0.007492861665 0.0003271454055)
(1.75 0.007492861665 0.0003271454055)
(1.7625 0.007492861665 0.0003271454055)
(1.775 0.007492861665 0.0003271454055)
(1.7875 0.007492861665 0.0003271454055)
(1.8 0.007492861665 0.0003271454055)
(1.8125 0.007492861665 0.0003271454055)
(1.825 0.007492861665 0.0003271454055)
(1.8375 0.007492861665 0.0003271454055)
(1.85 0.007492861665 0.0003271454055)
(1.8625 0.007492861665 0.0003271454055)
(1.875 0.007492861665 0.0003271454055)
(1.8875 0.007492861665 0.0003271454055)
(1.9 0.007492861665 0.0003271454055)
(1.9125 0.007492861665 0.0003271454055)
(1.925 0.007492861665 0.0003271454055)
(1.9375 0.007492861665 0.0003271454055)
(1.95 0.007492861665 0.0003271454055)
(1.9625 0.007492861665 0.0003271454055)
(1.975 0.007492861665 0.0003271454055)
(1.9875 0.007492861665 0.0003271454055)
(2 0.007492861665 0.0003271454055)
(2.0125 0.007492861665 0.0003271454055)
(2.025 0.007492861665 0.0003271454055)
(2.0375 0.007492861665 0.0003271454055)
(2.05 0.007492861665 0.0003271454055)
(2.0625 0.007492861665 0.0003271454055)
(2.075 0.007492861665 0.0003271454055)
(2.0875 0.007492861665 0.0003271454055)
(2.1 0.007492861665 0.0003271454055)
(2.1125 0.007492861665 0.0003271454055)
(2.125 0.007492861665 0.0003271454055)
(2.1375 0.007492861665 0.0003271454055)
(2.15 0.007492861665 0.0003271454055)
(2.1625 0.007492861665 0.0003271454055)
(2.175 0.007492861665 0.0003271454055)
(2.1875 0.007492861665 0.0003271454055)
(2.2 0.007492861665 0.0003271454055)
(2.2125 0.007492861665 0.0003271454055)
(2.225 0.007492861665 0.0003271454055)
(2.2375 0.007492861665 0.0003271454055)
(2.25 0.007492861665 0.0003271454055)
(1.5 0.00999048222 0.000436193874)
(1.5125 0.00999048222 0.000436193874)
(1.525 0.00999048222 0.000436193874)
(1.5375 0.00999048222 0.000436193874)
(1.55 0.00999048222 0.000436193874)
(1.5625 0.00999048222 0.000436193874)
(1.575 0.00999048222 0.000436193874)
(1.5875 0.00999048222 0.000436193874)
(1.6 0.00999048222 0.000436193874)
(1.6125 0.00999048222 0.000436193874)
(1.625 0.00999048222 0.000436193874)
(1.6375 0.00999048222 0.000436193874)
(1.65 0.00999048222 0.000436193874)
(1.6625 0.00999048222 0.000436193874)
(1.675 0.00999048222 0.000436193874)
(1.6875 0.00999048222 0.000436193874)
(1.7 0.00999048222 0.000436193874)
(1.7125 0.00999048222 0.000436193874)
(1.725 0.00999048222 0.000436193874)
(1.7375 0.00999048222 0.000436193874)
(1.75 0.00999048222 0.000436193874)
(1.7625 0.00999048222 0.000436193874)
(1.775 0.00999048222 0.000436193874)
(1.7875 0.00999048222 0.000436193874)
(1.8 0.00999048222 0.000436193874)
(1.8125 0.00999048222 0.000436193874)
(1.825 0.00999048222 0.000436193874)
(1.8375 0.00999048222 0.000436193874)
(1.85 0.00999048222 0.000436193874)
(1.8625 0.00999048222 0.000436193874)
(1.875 0.00999048222 0.000436193874)
(1.8875 0.00999048222 0.000436193874)
(1.9 0.00999048222 0.000436193874)
(1.9125 0.00999048222 0.000436193874)
(1.925 0.00999048222 0.000436193874)
(1.9375 0.00999048222 0.000436193874)
(1.95 0.00999048222 0.000436193874)
(1.9625 0.00999048222 0.000436193874)
(1.975 0.00999048222 0.000436193874)
(1.9875 0.00999048222 0.000436193874)
(2 0.00999048222 0.000436193874)
(2.0125 0.00999048222 0.000436193874)
(2.025 0.00999048222 0.000436193874)
(2.0375 0.00999048222 0.000436193874)
(2.05 0.00999048222 0.000436193874)
(2.0625 0.00999048222 0.000436193874)
(2.075 0.00999048222 0.000436193874)
(2.0875 0.00999048222 0.000436193874)
(2.1 0.00999048222 0.000436193874)
(2.1125 0.00999048222 0.000436193874)
(2.125 0.00999048222 0.000436193874)
(2.1375 0.00999048222 0.000436193874)
(2.15 0.00999048222 0.000436193874)
(2.1625 0.00999048222 0.000436193874)
(2.175 0.00999048222 0.000436193874)
(2.1875 0.00999048222 0.000436193874)
(2.2 0.00999048222 0.000436193874)
(2.2125 0.00999048222 0.000436193874)
(2.225 0.00999048222 0.000436193874)
(2.2375 0.00999048222 0.000436193874)
(2.25 0.00999048222 0.000436193874)
(1.5 0.01248810278 0.0005452423425)
(1.5125 0.01248810278 0.0005452423425)
(1.525 0.01248810278 0.0005452423425)
(1.5375 0.01248810278 0.0005452423425)
(1.55 0.01248810278 0.0005452423425)
(1.5625 0.01248810278 0.0005452423425)
(1.575 0.01248810278 0.0005452423425)
(1.5875 0.01248810278 0.0005452423425)
(1.6 0.01248810278 0.0005452423425)
(1.6125 0.01248810278 0.0005452423425)
(1.625 0.01248810278 0.0005452423425)
(1.6375 0.01248810278 0.0005452423425)
(1.65 0.01248810278 0.0005452423425)
(1.6625 0.01248810278 0.0005452423425)
(1.675 0.01248810278 0.0005452423425)
(1.6875 0.01248810278 0.0005452423425)
(1.7 0.01248810278 0.0005452423425)
(1.7125 0.01248810278 0.0005452423425)
(1.725 0.01248810278 0.0005452423425)
(1.7375 0.01248810278 0.0005452423425)
(1.75 0.01248810278 0.0005452423425)
(1.7625 0.01248810278 0.0005452423425)
(1.775 0.01248810278 0.0005452423425)
(1.7875 0.01248810278 0.0005452423425)
(1.8 0.01248810278 0.0005452423425)
(1.8125 0.01248810277 0.0005452423425)
(1.825 0.01248810278 0.0005452423425)
(1.8375 0.01248810277 0.0005452423425)
(1.85 0.01248810278 0.0005452423425)
(1.8625 0.01248810278 0.0005452423425)
(1.875 0.01248810278 0.0005452423425)
(1.8875 0.01248810278 0.0005452423425)
(1.9 0.01248810278 0.0005452423425)
(1.9125 0.01248810278 0.0005452423425)
(1.925 0.01248810278 0.0005452423425)
(1.9375 0.01248810278 0.0005452423425)
(1.95 0.01248810278 0.0005452423425)
(1.9625 0.01248810278 0.0005452423425)
(1.975 0.01248810278 0.0005452423425)
(1.9875 0.01248810278 0.0005452423425)
(2 0.01248810278 0.0005452423425)
(2.0125 0.01248810278 0.0005452423425)
(2.025 0.01248810278 0.0005452423425)
(2.0375 0.01248810278 0.0005452423425)
(2.05 0.01248810278 0.0005452423425)
(2.0625 0.01248810278 0.0005452423425)
(2.075 0.01248810278 0.0005452423425)
(2.0875 0.01248810278 0.0005452423425)
(2.1 0.01248810278 0.0005452423425)
(2.1125 0.01248810278 0.0005452423425)
(2.125 0.01248810278 0.0005452423425)
(2.1375 0.01248810278 0.0005452423425)
(2.15 0.01248810278 0.0005452423425)
(2.1625 0.01248810277 0.0005452423425)
(2.175 0.01248810278 0.0005452423425)
(2.1875 0.01248810278 0.0005452423425)
(2.2 0.01248810278 0.0005452423425)
(2.2125 0.01248810278 0.0005452423425)
(2.225 0.01248810278 0.0005452423425)
(2.2375 0.01248810278 0.0005452423425)
(2.25 0.01248810278 0.0005452423425)
(1.5 0.01498572333 0.000654290811)
(1.5125 0.01498572333 0.000654290811)
(1.525 0.01498572333 0.000654290811)
(1.5375 0.01498572333 0.000654290811)
(1.55 0.01498572333 0.000654290811)
(1.5625 0.01498572333 0.000654290811)
(1.575 0.01498572333 0.000654290811)
(1.5875 0.01498572333 0.000654290811)
(1.6 0.01498572333 0.000654290811)
(1.6125 0.01498572333 0.000654290811)
(1.625 0.01498572333 0.000654290811)
(1.6375 0.01498572333 0.000654290811)
(1.65 0.01498572333 0.000654290811)
(1.6625 0.01498572333 0.000654290811)
(1.675 0.01498572333 0.000654290811)
(1.6875 0.01498572333 0.000654290811)
(1.7 0.01498572333 0.000654290811)
(1.7125 0.01498572333 0.000654290811)
(1.725 0.01498572333 0.000654290811)
(1.7375 0.01498572333 0.000654290811)
(1.75 0.01498572333 0.000654290811)
(1.7625 0.01498572333 0.000654290811)
(1.775 0.01498572333 0.000654290811)
(1.7875 0.01498572333 0.000654290811)
(1.8 0.01498572333 0.000654290811)
(1.8125 0.01498572333 0.000654290811)
(1.825 0.01498572333 0.000654290811)
(1.8375 0.01498572333 0.000654290811)
(1.85 0.01498572333 0.000654290811)
(1.8625 0.01498572333 0.000654290811)
(1.875 0.01498572333 0.000654290811)
(1.8875 0.01498572333 0.000654290811)
(1.9 0.01498572333 0.000654290811)
(1.9125 0.01498572333 0.000654290811)
(1.925 0.01498572333 0.000654290811)
(1.9375 0.01498572333 0.000654290811)
(1.95 0.01498572333 0.000654290811)
(1.9625 0.01498572333 0.000654290811)
(1.975 0.01498572333 0.000654290811)
(1.9875 0.01498572333 0.000654290811)
(2 0.01498572333 0.000654290811)
(2.0125 0.01498572333 0.000654290811)
(2.025 0.01498572333 0.000654290811)
(2.0375 0.01498572333 0.000654290811)
(2.05 0.01498572333 0.000654290811)
(2.0625 0.01498572333 0.000654290811)
(2.075 0.01498572333 0.000654290811)
(2.0875 0.01498572333 0.000654290811)
(2.1 0.01498572333 0.000654290811)
(2.1125 0.01498572333 0.000654290811)
(2.125 0.01498572333 0.000654290811)
(2.1375 0.01498572333 0.000654290811)
(2.15 0.01498572333 0.000654290811)
(2.1625 0.01498572333 0.000654290811)
(2.175 0.01498572333 0.000654290811)
(2.1875 0.01498572333 0.000654290811)
(2.2 0.01498572333 0.000654290811)
(2.2125 0.01498572333 0.000654290811)
(2.225 0.01498572333 0.000654290811)
(2.2375 0.01498572333 0.000654290811)
(2.25 0.01498572333 0.000654290811)
(1.5 0.01748334388 0.0007633392795)
(1.5125 0.01748334388 0.0007633392795)
(1.525 0.01748334388 0.0007633392795)
(1.5375 0.01748334388 0.0007633392795)
(1.55 0.01748334388 0.0007633392795)
(1.5625 0.01748334388 0.0007633392795)
(1.575 0.01748334388 0.0007633392795)
(1.5875 0.01748334388 0.0007633392795)
(1.6 0.01748334388 0.0007633392795)
(1.6125 0.01748334388 0.0007633392795)
(1.625 0.01748334388 0.0007633392795)
(1.6375 0.01748334388 0.0007633392795)
(1.65 0.01748334388 0.0007633392795)
(1.6625 0.01748334388 0.0007633392795)
(1.675 0.01748334388 0.0007633392795)
(1.6875 0.01748334388 0.0007633392795)
(1.7 0.01748334388 0.0007633392795)
(1.7125 0.01748334388 0.0007633392795)
(1.725 0.01748334388 0.0007633392795)
(1.7375 0.01748334388 0.0007633392795)
(1.75 0.01748334388 0.0007633392795)
(1.7625 0.01748334388 0.0007633392795)
(1.775 0.01748334388 0.0007633392795)
(1.7875 0.01748334388 0.0007633392795)
(1.8 0.01748334388 0.0007633392795)
(1.8125 0.01748334388 0.0007633392795)
(1.825 0.01748334388 0.0007633392795)
(1.8375 0.01748334388 0.0007633392795)
(1.85 0.01748334388 0.0007633392795)
(1.8625 0.01748334388 0.0007633392795)
(1.875 0.01748334388 0.0007633392795)
(1.8875 0.01748334388 0.0007633392795)
(1.9 0.01748334388 0.0007633392795)
(1.9125 0.01748334388 0.0007633392795)
(1.925 0.01748334388 0.0007633392795)
(1.9375 0.01748334388 0.0007633392795)
(1.95 0.01748334388 0.0007633392795)
(1.9625 0.01748334388 0.0007633392795)
(1.975 0.01748334388 0.0007633392795)
(1.9875 0.01748334388 0.0007633392795)
(2 0.01748334388 0.0007633392795)
(2.0125 0.01748334388 0.0007633392795)
(2.025 0.01748334388 0.0007633392795)
(2.0375 0.01748334388 0.0007633392795)
(2.05 0.01748334388 0.0007633392795)
(2.0625 0.01748334388 0.0007633392795)
(2.075 0.01748334388 0.0007633392795)
(2.0875 0.01748334388 0.0007633392795)
(2.1 0.01748334388 0.0007633392795)
(2.1125 0.01748334388 0.0007633392795)
(2.125 0.01748334388 0.0007633392795)
(2.1375 0.01748334388 0.0007633392795)
(2.15 0.01748334388 0.0007633392795)
(2.1625 0.01748334388 0.0007633392795)
(2.175 0.01748334388 0.0007633392795)
(2.1875 0.01748334388 0.0007633392795)
(2.2 0.01748334388 0.0007633392795)
(2.2125 0.01748334388 0.0007633392795)
(2.225 0.01748334388 0.0007633392795)
(2.2375 0.01748334388 0.0007633392795)
(2.25 0.01748334388 0.0007633392795)
(1.5 0.01998096444 0.000872387748)
(1.5125 0.01998096444 0.000872387748)
(1.525 0.01998096444 0.000872387748)
(1.5375 0.01998096444 0.000872387748)
(1.55 0.01998096444 0.000872387748)
(1.5625 0.01998096444 0.000872387748)
(1.575 0.01998096444 0.000872387748)
(1.5875 0.01998096444 0.000872387748)
(1.6 0.01998096444 0.000872387748)
(1.6125 0.01998096444 0.000872387748)
(1.625 0.01998096444 0.000872387748)
(1.6375 0.01998096444 0.000872387748)
(1.65 0.01998096444 0.000872387748)
(1.6625 0.01998096444 0.000872387748)
(1.675 0.01998096444 0.000872387748)
(1.6875 0.01998096444 0.000872387748)
(1.7 0.01998096444 0.000872387748)
(1.7125 0.01998096444 0.000872387748)
(1.725 0.01998096444 0.000872387748)
(1.7375 0.01998096444 0.000872387748)
(1.75 0.01998096444 0.000872387748)
(1.7625 0.01998096444 0.000872387748)
(1.775 0.01998096444 0.000872387748)
(1.7875 0.01998096444 0.000872387748)
(1.8 0.01998096444 0.000872387748)
(1.8125 0.01998096444 0.000872387748)
(1.825 0.01998096444 0.000872387748)
(1.8375 0.01998096444 0.000872387748)
(1.85 0.01998096444 0.000872387748)
(1.8625 0.01998096444 0.000872387748)
(1.875 0.01998096444 0.000872387748)
(1.8875 0.01998096444 0.000872387748)
(1.9 0.01998096444 0.000872387748)
(1.9125 0.01998096444 0.000872387748)
(1.925 0.01998096444 0.000872387748)
(1.9375 0.01998096444 0.000872387748)
(1.95 0.01998096444 0.000872387748)
(1.9625 0.01998096444 0.000872387748)
(1.975 0.01998096444 0.000872387748)
(1.9875 0.01998096444 0.000872387748)
(2 0.01998096444 0.000872387748)
(2.0125 0.01998096444 0.000872387748)
(2.025 0.01998096444 0.000872387748)
(2.0375 0.01998096444 0.000872387748)
(2.05 0.01998096444 0.000872387748)
(2.0625 0.01998096444 0.000872387748)
(2.075 0.01998096444 0.000872387748)
(2.0875 0.01998096444 0.000872387748)
(2.1 0.01998096444 0.000872387748)
(2.1125 0.01998096444 0.000872387748)
(2.125 0.01998096444 0.000872387748)
(2.1375 0.01998096444 0.000872387748)
(2.15 0.01998096444 0.000872387748)
(2.1625 0.01998096444 0.000872387748)
(2.175 0.01998096444 0.000872387748)
(2.1875 0.01998096444 0.000872387748)
(2.2 0.01998096444 0.000872387748)
(2.2125 0.01998096444 0.000872387748)
(2.225 0.01998096444 0.000872387748)
(2.2375 0.01998096444 0.000872387748)
(2.25 0.01998096444 0.000872387748)
(1.5 0.02247858499 0.0009814362165)
(1.5125 0.022478585 0.0009814362165)
(1.525 0.02247858499 0.0009814362165)
(1.5375 0.022478585 0.0009814362165)
(1.55 0.022478585 0.0009814362165)
(1.5625 0.022478585 0.0009814362165)
(1.575 0.022478585 0.0009814362165)
(1.5875 0.022478585 0.0009814362165)
(1.6 0.022478585 0.0009814362165)
(1.6125 0.022478585 0.0009814362165)
(1.625 0.022478585 0.0009814362165)
(1.6375 0.022478585 0.0009814362165)
(1.65 0.022478585 0.0009814362165)
(1.6625 0.02247858499 0.0009814362165)
(1.675 0.022478585 0.0009814362165)
(1.6875 0.02247858499 0.0009814362165)
(1.7 0.022478585 0.0009814362165)
(1.7125 0.022478585 0.0009814362165)
(1.725 0.022478585 0.0009814362165)
(1.7375 0.022478585 0.0009814362165)
(1.75 0.022478585 0.0009814362165)
(1.7625 0.022478585 0.0009814362165)
(1.775 0.02247858499 0.0009814362165)
(1.7875 0.022478585 0.0009814362165)
(1.8 0.022478585 0.0009814362165)
(1.8125 0.022478585 0.0009814362165)
(1.825 0.022478585 0.0009814362165)
(1.8375 0.022478585 0.0009814362165)
(1.85 0.022478585 0.0009814362165)
(1.8625 0.022478585 0.0009814362165)
(1.875 0.02247858499 0.0009814362165)
(1.8875 0.022478585 0.0009814362165)
(1.9 0.02247858499 0.0009814362165)
(1.9125 0.022478585 0.0009814362165)
(1.925 0.022478585 0.0009814362165)
(1.9375 0.022478585 0.0009814362165)
(1.95 0.022478585 0.0009814362165)
(1.9625 0.022478585 0.0009814362165)
(1.975 0.02247858499 0.0009814362165)
(1.9875 0.02247858499 0.0009814362165)
(2 0.02247858499 0.0009814362165)
(2.0125 0.022478585 0.0009814362165)
(2.025 0.02247858499 0.0009814362165)
(2.0375 0.022478585 0.0009814362165)
(2.05 0.02247858499 0.0009814362165)
(2.0625 0.022478585 0.0009814362165)
(2.075 0.022478585 0.0009814362165)
(2.0875 0.02247858499 0.0009814362165)
(2.1 0.022478585 0.0009814362165)
(2.1125 0.022478585 0.0009814362165)
(2.125 0.022478585 0.0009814362165)
(2.1375 0.02247858499 0.0009814362165)
(2.15 0.022478585 0.0009814362165)
(2.1625 0.022478585 0.0009814362165)
(2.175 0.022478585 0.0009814362165)
(2.1875 0.022478585 0.0009814362165)
(2.2 0.02247858499 0.0009814362165)
(2.2125 0.02247858499 0.0009814362165)
(2.225 0.022478585 0.0009814362165)
(2.2375 0.02247858499 0.0009814362165)
(2.25 0.022478585 0.0009814362165)
(1.5 0.02497620555 0.001090484685)
(1.5125 0.02497620555 0.001090484685)
(1.525 0.02497620555 0.001090484685)
(1.5375 0.02497620555 0.001090484685)
(1.55 0.02497620555 0.001090484685)
(1.5625 0.02497620555 0.001090484685)
(1.575 0.02497620555 0.001090484685)
(1.5875 0.02497620555 0.001090484685)
(1.6 0.02497620555 0.001090484685)
(1.6125 0.02497620555 0.001090484685)
(1.625 0.02497620555 0.001090484685)
(1.6375 0.02497620555 0.001090484685)
(1.65 0.02497620555 0.001090484685)
(1.6625 0.02497620555 0.001090484685)
(1.675 0.02497620555 0.001090484685)
(1.6875 0.02497620555 0.001090484685)
(1.7 0.02497620555 0.001090484685)
(1.7125 0.02497620555 0.001090484685)
(1.725 0.02497620555 0.001090484685)
(1.7375 0.02497620555 0.001090484685)
(1.75 0.02497620555 0.001090484685)
(1.7625 0.02497620555 0.001090484685)
(1.775 0.02497620555 0.001090484685)
(1.7875 0.02497620555 0.001090484685)
(1.8 0.02497620555 0.001090484685)
(1.8125 0.02497620555 0.001090484685)
(1.825 0.02497620555 0.001090484685)
(1.8375 0.02497620555 0.001090484685)
(1.85 0.02497620555 0.001090484685)
(1.8625 0.02497620555 0.001090484685)
(1.875 0.02497620555 0.001090484685)
(1.8875 0.02497620555 0.001090484685)
(1.9 0.02497620555 0.001090484685)
(1.9125 0.02497620555 0.001090484685)
(1.925 0.02497620555 0.001090484685)
(1.9375 0.02497620555 0.001090484685)
(1.95 0.02497620555 0.001090484685)
(1.9625 0.02497620555 0.001090484685)
(1.975 0.02497620555 0.001090484685)
(1.9875 0.02497620555 0.001090484685)
(2 0.02497620555 0.001090484685)
(2.0125 0.02497620555 0.001090484685)
(2.025 0.02497620555 0.001090484685)
(2.0375 0.02497620555 0.001090484685)
(2.05 0.02497620555 0.001090484685)
(2.0625 0.02497620555 0.001090484685)
(2.075 0.02497620555 0.001090484685)
(2.0875 0.02497620555 0.001090484685)
(2.1 0.02497620555 0.001090484685)
(2.1125 0.02497620555 0.001090484685)
(2.125 0.02497620555 0.001090484685)
(2.1375 0.02497620555 0.001090484685)
(2.15 0.02497620555 0.001090484685)
(2.1625 0.02497620555 0.001090484685)
(2.175 0.02497620555 0.001090484685)
(2.1875 0.02497620555 0.001090484685)
(2.2 0.02497620555 0.001090484685)
(2.2125 0.02497620555 0.001090484685)
(2.225 0.02497620555 0.001090484685)
(2.2375 0.02497620555 0.001090484685)
(2.25 0.02497620555 0.001090484685)
(1.5 0.02747382611 0.001199533154)
(1.5125 0.02747382611 0.001199533154)
(1.525 0.02747382611 0.001199533154)
(1.5375 0.02747382611 0.001199533154)
(1.55 0.02747382611 0.001199533154)
(1.5625 0.02747382611 0.001199533154)
(1.575 0.02747382611 0.001199533154)
(1.5875 0.02747382611 0.001199533154)
(1.6 0.02747382611 0.001199533154)
(1.6125 0.02747382611 0.001199533154)
(1.625 0.02747382611 0.001199533154)
(1.6375 0.02747382611 0.001199533154)
(1.65 0.02747382611 0.001199533154)
(1.6625 0.02747382611 0.001199533154)
(1.675 0.02747382611 0.001199533153)
(1.6875 0.02747382611 0.001199533154)
(1.7 0.02747382611 0.001199533154)
(1.7125 0.02747382611 0.001199533154)
(1.725 0.02747382611 0.001199533154)
(1.7375 0.02747382611 0.001199533154)
(1.75 0.02747382611 0.001199533154)
(1.7625 0.02747382611 0.001199533154)
(1.775 0.02747382611 0.001199533154)
(1.7875 0.02747382611 0.001199533154)
(1.8 0.02747382611 0.001199533154)
(1.8125 0.02747382611 0.001199533154)
(1.825 0.02747382611 0.001199533154)
(1.8375 0.02747382611 0.001199533153)
(1.85 0.02747382611 0.001199533154)
(1.8625 0.02747382611 0.001199533154)
(1.875 0.02747382611 0.001199533154)
(1.8875 0.02747382611 0.001199533154)
(1.9 0.02747382611 0.001199533154)
(1.9125 0.02747382611 0.001199533154)
(1.925 0.02747382611 0.001199533154)
(1.9375 0.02747382611 0.001199533154)
(1.95 0.02747382611 0.001199533154)
(1.9625 0.02747382611 0.001199533154)
(1.975 0.02747382611 0.001199533154)
(1.9875 0.02747382611 0.001199533154)
(2 0.02747382611 0.001199533154)
(2.0125 0.02747382611 0.001199533154)
(2.025 0.02747382611 0.001199533154)
(2.0375 0.02747382611 0.001199533154)
(2.05 0.02747382611 0.001199533153)
(2.0625 0.02747382611 0.001199533154)
(2.075 0.02747382611 0.001199533154)
(2.0875 0.02747382611 0.001199533154)
(2.1 0.02747382611 0.001199533154)
(2.1125 0.02747382611 0.001199533154)
(2.125 0.02747382611 0.001199533154)
(2.1375 0.02747382611 0.001199533154)
(2.15 0.02747382611 0.001199533154)
(2.1625 0.02747382611 0.001199533154)
(2.175 0.02747382611 0.001199533154)
(2.1875 0.02747382611 0.001199533154)
(2.2 0.02747382611 0.001199533154)
(2.2125 0.02747382611 0.001199533154)
(2.225 0.02747382611 0.001199533154)
(2.2375 0.02747382611 0.001199533154)
(2.25 0.02747382611 0.001199533154)
(1.5 0.02997144666 0.001308581622)
(1.5125 0.02997144666 0.001308581622)
(1.525 0.02997144666 0.001308581622)
(1.5375 0.02997144666 0.001308581622)
(1.55 0.02997144666 0.001308581622)
(1.5625 0.02997144666 0.001308581622)
(1.575 0.02997144666 0.001308581622)
(1.5875 0.02997144666 0.001308581622)
(1.6 0.02997144666 0.001308581622)
(1.6125 0.02997144666 0.001308581622)
(1.625 0.02997144666 0.001308581622)
(1.6375 0.02997144666 0.001308581622)
(1.65 0.02997144666 0.001308581622)
(1.6625 0.02997144666 0.001308581622)
(1.675 0.02997144666 0.001308581622)
(1.6875 0.02997144666 0.001308581622)
(1.7 0.02997144666 0.001308581622)
(1.7125 0.02997144666 0.001308581622)
(1.725 0.02997144666 0.001308581622)
(1.7375 0.02997144666 0.001308581622)
(1.75 0.02997144666 0.001308581622)
(1.7625 0.02997144666 0.001308581622)
(1.775 0.02997144666 0.001308581622)
(1.7875 0.02997144666 0.001308581622)
(1.8 0.02997144666 0.001308581622)
(1.8125 0.02997144666 0.001308581622)
(1.825 0.02997144666 0.001308581622)
(1.8375 0.02997144666 0.001308581622)
(1.85 0.02997144666 0.001308581622)
(1.8625 0.02997144666 0.001308581622)
(1.875 0.02997144666 0.001308581622)
(1.8875 0.02997144666 0.001308581622)
(1.9 0.02997144666 0.001308581622)
(1.9125 0.02997144666 0.001308581622)
(1.925 0.02997144666 0.001308581622)
(1.9375 0.02997144666 0.001308581622)
(1.95 0.02997144666 0.001308581622)
(1.9625 0.02997144666 0.001308581622)
(1.975 0.02997144666 0.001308581622)
(1.9875 0.02997144666 0.001308581622)
(2 0.02997144666 0.001308581622)
(2.0125 0.02997144666 0.001308581622)
(2.025 0.02997144666 0.001308581622)
(2.0375 0.02997144666 0.001308581622)
(2.05 0.02997144666 0.001308581622)
(2.0625 0.02997144666 0.001308581622)
(2.075 0.02997144666 0.001308581622)
(2.0875 0.02997144666 0.001308581622)
(2.1 0.02997144666 0.001308581622)
(2.1125 0.02997144666 0.001308581622)
(2.125 0.02997144666 0.001308581622)
(2.1375 0.02997144666 0.001308581622)
(2.15 0.02997144666 0.001308581622)
(2.1625 0.02997144666 0.001308581622)
(2.175 0.02997144666 0.001308581622)
(2.1875 0.02997144666 0.001308581622)
(2.2 0.02997144666 0.001308581622)
(2.2125 0.02997144666 0.001308581622)
(2.225 0.02997144666 0.001308581622)
(2.2375 0.02997144666 0.001308581622)
(2.25 0.02997144666 0.001308581622)
(1.5 0.03246906722 0.00141763009)
(1.5125 0.03246906722 0.00141763009)
(1.525 0.03246906722 0.00141763009)
(1.5375 0.03246906722 0.00141763009)
(1.55 0.03246906722 0.001417630091)
(1.5625 0.03246906722 0.001417630091)
(1.575 0.03246906722 0.001417630091)
(1.5875 0.03246906722 0.001417630091)
(1.6 0.03246906722 0.001417630091)
(1.6125 0.03246906722 0.00141763009)
(1.625 0.03246906722 0.00141763009)
(1.6375 0.03246906722 0.001417630091)
(1.65 0.03246906722 0.001417630091)
(1.6625 0.03246906722 0.001417630091)
(1.675 0.03246906722 0.00141763009)
(1.6875 0.03246906722 0.001417630091)
(1.7 0.03246906722 0.001417630091)
(1.7125 0.03246906722 0.00141763009)
(1.725 0.03246906722 0.00141763009)
(1.7375 0.03246906722 0.001417630091)
(1.75 0.03246906722 0.001417630091)
(1.7625 0.03246906722 0.001417630091)
(1.775 0.03246906722 0.001417630091)
(1.7875 0.03246906722 0.001417630091)
(1.8 0.03246906722 0.001417630091)
(1.8125 0.03246906722 0.001417630091)
(1.825 0.03246906722 0.00141763009)
(1.8375 0.03246906722 0.001417630091)
(1.85 0.03246906722 0.001417630091)
(1.8625 0.03246906722 0.001417630091)
(1.875 0.03246906722 0.001417630091)
(1.8875 0.03246906722 0.00141763009)
(1.9 0.03246906722 0.001417630091)
(1.9125 0.03246906722 0.001417630091)
(1.925 0.03246906722 0.001417630091)
(1.9375 0.03246906722 0.001417630091)
(1.95 0.03246906722 0.001417630091)
(1.9625 0.03246906722 0.001417630091)
(1.975 0.03246906722 0.001417630091)
(1.9875 0.03246906722 0.001417630091)
(2 0.03246906722 0.001417630091)
(2.0125 0.03246906722 0.001417630091)
(2.025 0.03246906722 0.001417630091)
(2.0375 0.03246906722 0.001417630091)
(2.05 0.03246906722 0.001417630091)
(2.0625 0.03246906722 0.001417630091)
(2.075 0.03246906722 0.001417630091)
(2.0875 0.03246906722 0.00141763009)
(2.1 0.03246906722 0.00141763009)
(2.1125 0.03246906722 0.001417630091)
(2.125 0.03246906722 0.001417630091)
(2.1375 0.03246906722 0.001417630091)
(2.15 0.03246906722 0.001417630091)
(2.1625 0.03246906722 0.001417630091)
(2.175 0.03246906722 0.001417630091)
(2.1875 0.03246906722 0.00141763009)
(2.2 0.03246906722 0.00141763009)
(2.2125 0.03246906722 0.001417630091)
(2.225 0.03246906722 0.001417630091)
(2.2375 0.03246906722 0.001417630091)
(2.25 0.03246906722 0.001417630091)
(1.5 0.03496668777 0.001526678559)
(1.5125 0.03496668777 0.001526678559)
(1.525 0.03496668777 0.001526678559)
(1.5375 0.03496668777 0.001526678559)
(1.55 0.03496668777 0.001526678559)
(1.5625 0.03496668777 0.001526678559)
(1.575 0.03496668777 0.001526678559)
(1.5875 0.03496668777 0.001526678559)
(1.6 0.03496668777 0.001526678559)
(1.6125 0.03496668777 0.001526678559)
(1.625 0.03496668777 0.001526678559)
(1.6375 0.03496668777 0.001526678559)
(1.65 0.03496668777 0.001526678559)
(1.6625 0.03496668777 0.001526678559)
(1.675 0.03496668777 0.001526678559)
(1.6875 0.03496668777 0.001526678559)
(1.7 0.03496668777 0.001526678559)
(1.7125 0.03496668777 0.001526678559)
(1.725 0.03496668777 0.001526678559)
(1.7375 0.03496668777 0.001526678559)
(1.75 0.03496668777 0.001526678559)
(1.7625 0.03496668777 0.001526678559)
(1.775 0.03496668777 0.001526678559)
(1.7875 0.03496668777 0.001526678559)
(1.8 0.03496668777 0.001526678559)
(1.8125 0.03496668777 0.001526678559)
(1.825 0.03496668777 0.001526678559)
(1.8375 0.03496668777 0.001526678559)
(1.85 0.03496668777 0.001526678559)
(1.8625 0.03496668777 0.001526678559)
(1.875 0.03496668777 0.001526678559)
(1.8875 0.03496668777 0.001526678559)
(1.9 0.03496668777 0.001526678559)
(1.9125 0.03496668777 0.001526678559)
(1.925 0.03496668777 0.001526678559)
(1.9375 0.03496668777 0.001526678559)
(1.95 0.03496668777 0.001526678559)
(1.9625 0.03496668777 0.001526678559)
(1.975 0.03496668777 0.001526678559)
(1.9875 0.03496668777 0.001526678559)
(2 0.03496668777 0.001526678559)
(2.0125 0.03496668777 0.001526678559)
(2.025 0.03496668777 0.001526678559)
(2.0375 0.03496668777 0.001526678559)
(2.05 0.03496668777 0.001526678559)
(2.0625 0.03496668777 0.001526678559)
(2.075 0.03496668777 0.001526678559)
(2.0875 0.03496668777 0.001526678559)
(2.1 0.03496668777 0.001526678559)
(2.1125 0.03496668777 0.001526678559)
(2.125 0.03496668777 0.001526678559)
(2.1375 0.03496668777 0.001526678559)
(2.15 0.03496668777 0.001526678559)
(2.1625 0.03496668777 0.001526678559)
(2.175 0.03496668777 0.001526678559)
(2.1875 0.03496668777 0.001526678559)
(2.2 0.03496668777 0.001526678559)
(2.2125 0.03496668777 0.001526678559)
(2.225 0.03496668777 0.001526678559)
(2.2375 0.03496668777 0.001526678559)
(2.25 0.03496668777 0.001526678559)
(1.5 0.03746430833 0.001635727027)
(1.5125 0.03746430833 0.001635727027)
(1.525 0.03746430833 0.001635727027)
(1.5375 0.03746430833 0.001635727027)
(1.55 0.03746430833 0.001635727027)
(1.5625 0.03746430833 0.001635727028)
(1.575 0.03746430833 0.001635727027)
(1.5875 0.03746430833 0.001635727027)
(1.6 0.03746430833 0.001635727027)
(1.6125 0.03746430833 0.001635727027)
(1.625 0.03746430833 0.001635727027)
(1.6375 0.03746430833 0.001635727027)
(1.65 0.03746430833 0.001635727027)
(1.6625 0.03746430833 0.001635727027)
(1.675 0.03746430833 0.001635727027)
(1.6875 0.03746430833 0.001635727027)
(1.7 0.03746430833 0.001635727027)
(1.7125 0.03746430833 0.001635727027)
(1.725 0.03746430833 0.001635727027)
(1.7375 0.03746430833 0.001635727027)
(1.75 0.03746430833 0.001635727027)
(1.7625 0.03746430833 0.001635727027)
(1.775 0.03746430833 0.001635727027)
(1.7875 0.03746430833 0.001635727027)
(1.8 0.03746430833 0.001635727027)
(1.8125 0.03746430833 0.001635727027)
(1.825 0.03746430833 0.001635727027)
(1.8375 0.03746430833 0.001635727027)
(1.85 0.03746430833 0.001635727027)
(1.8625 0.03746430833 0.001635727027)
(1.875 0.03746430833 0.001635727027)
(1.8875 0.03746430833 0.001635727028)
(1.9 0.03746430833 0.001635727027)
(1.9125 0.03746430833 0.001635727027)
(1.925 0.03746430833 0.001635727027)
(1.9375 0.03746430833 0.001635727027)
(1.95 0.03746430833 0.001635727028)
(1.9625 0.03746430833 0.001635727027)
(1.975 0.03746430833 0.001635727027)
(1.9875 0.03746430833 0.001635727027)
(2 0.03746430833 0.001635727027)
(2.0125 0.03746430833 0.001635727027)
(2.025 0.03746430833 0.001635727027)
(2.0375 0.03746430833 0.001635727027)
(2.05 0.03746430833 0.001635727027)
(2.0625 0.03746430833 0.001635727027)
(2.075 0.03746430833 0.001635727027)
(2.0875 0.03746430833 0.001635727027)
(2.1 0.03746430833 0.001635727027)
(2.1125 0.03746430833 0.001635727027)
(2.125 0.03746430833 0.001635727027)
(2.1375 0.03746430833 0.001635727027)
(2.15 0.03746430833 0.001635727027)
(2.1625 0.03746430833 0.001635727027)
(2.175 0.03746430833 0.001635727027)
(2.1875 0.03746430833 0.001635727027)
(2.2 0.03746430833 0.001635727027)
(2.2125 0.03746430833 0.001635727027)
(2.225 0.03746430833 0.001635727027)
(2.2375 0.03746430833 0.001635727027)
(2.25 0.03746430833 0.001635727027)
(1.5 0.03996192888 0.001744775496)
(1.5125 0.03996192888 0.001744775496)
(1.525 0.03996192888 0.001744775496)
(1.5375 0.03996192888 0.001744775496)
(1.55 0.03996192888 0.001744775496)
(1.5625 0.03996192888 0.001744775496)
(1.575 0.03996192888 0.001744775496)
(1.5875 0.03996192888 0.001744775496)
(1.6 0.03996192888 0.001744775496)
(1.6125 0.03996192888 0.001744775496)
(1.625 0.03996192888 0.001744775496)
(1.6375 0.03996192888 0.001744775496)
(1.65 0.03996192888 0.001744775496)
(1.6625 0.03996192888 0.001744775496)
(1.675 0.03996192888 0.001744775496)
(1.6875 0.03996192888 0.001744775496)
(1.7 0.03996192888 0.001744775496)
(1.7125 0.03996192888 0.001744775496)
(1.725 0.03996192888 0.001744775496)
(1.7375 0.03996192888 0.001744775496)
(1.75 0.03996192888 0.001744775496)
(1.7625 0.03996192888 0.001744775496)
(1.775 0.03996192888 0.001744775496)
(1.7875 0.03996192888 0.001744775496)
(1.8 0.03996192888 0.001744775496)
(1.8125 0.03996192888 0.001744775496)
(1.825 0.03996192888 0.001744775496)
(1.8375 0.03996192888 0.001744775496)
(1.85 0.03996192888 0.001744775496)
(1.8625 0.03996192888 0.001744775496)
(1.875 0.03996192888 0.001744775496)
(1.8875 0.03996192888 0.001744775496)
(1.9 0.03996192888 0.001744775496)
(1.9125 0.03996192888 0.001744775496)
(1.925 0.03996192888 0.001744775496)
(1.9375 0.03996192888 0.001744775496)
(1.95 0.03996192888 0.001744775496)
(1.9625 0.03996192888 0.001744775496)
(1.975 0.03996192888 0.001744775496)
(1.9875 0.03996192888 0.001744775496)
(2 0.03996192888 0.001744775496)
(2.0125 0.03996192888 0.001744775496)
(2.025 0.03996192888 0.001744775496)
(2.0375 0.03996192888 0.001744775496)
(2.05 0.03996192888 0.001744775496)
(2.0625 0.03996192888 0.001744775496)
(2.075 0.03996192888 0.001744775496)
(2.0875 0.03996192888 0.001744775496)
(2.1 0.03996192888 0.001744775496)
(2.1125 0.03996192888 0.001744775496)
(2.125 0.03996192888 0.001744775496)
(2.1375 0.03996192888 0.001744775496)
(2.15 0.03996192888 0.001744775496)
(2.1625 0.03996192888 0.001744775496)
(2.175 0.03996192888 0.001744775496)
(2.1875 0.03996192888 0.001744775496)
(2.2 0.03996192888 0.001744775496)
(2.2125 0.03996192888 0.001744775496)
(2.225 0.03996192888 0.001744775496)
(2.2375 0.03996192888 0.001744775496)
(2.25 0.03996192888 0.001744775496)
(1.5 0.04245954944 0.001853823964)
(1.5125 0.04245954944 0.001853823964)
(1.525 0.04245954944 0.001853823964)
(1.5375 0.04245954944 0.001853823964)
(1.55 0.04245954943 0.001853823964)
(1.5625 0.04245954944 0.001853823964)
(1.575 0.04245954944 0.001853823964)
(1.5875 0.04245954944 0.001853823964)
(1.6 0.04245954944 0.001853823964)
(1.6125 0.04245954944 0.001853823964)
(1.625 0.04245954943 0.001853823964)
(1.6375 0.04245954944 0.001853823964)
(1.65 0.04245954944 0.001853823964)
(1.6625 0.04245954944 0.001853823964)
(1.675 0.04245954944 0.001853823964)
(1.6875 0.04245954944 0.001853823964)
(1.7 0.04245954943 0.001853823964)
(1.7125 0.04245954944 0.001853823964)
(1.725 0.04245954944 0.001853823964)
(1.7375 0.04245954944 0.001853823964)
(1.75 0.04245954944 0.001853823964)
(1.7625 0.04245954944 0.001853823964)
(1.775 0.04245954944 0.001853823964)
(1.7875 0.04245954944 0.001853823965)
(1.8 0.04245954944 0.001853823964)
(1.8125 0.04245954944 0.001853823964)
(1.825 0.04245954944 0.001853823964)
(1.8375 0.04245954944 0.001853823964)
(1.85 0.04245954944 0.001853823964)
(1.8625 0.04245954943 0.001853823964)
(1.875 0.04245954944 0.001853823964)
(1.8875 0.04245954944 0.001853823964)
(1.9 0.04245954944 0.001853823964)
(1.9125 0.04245954944 0.001853823964)
(1.925 0.04245954944 0.001853823964)
(1.9375 0.04245954943 0.001853823964)
(1.95 0.04245954944 0.001853823964)
(1.9625 0.04245954944 0.001853823964)
(1.975 0.04245954944 0.001853823964)
(1.9875 0.04245954944 0.001853823964)
(2 0.04245954944 0.001853823964)
(2.0125 0.04245954944 0.001853823964)
(2.025 0.04245954944 0.001853823964)
(2.0375 0.04245954944 0.001853823964)
(2.05 0.04245954944 0.001853823964)
(2.0625 0.04245954944 0.001853823964)
(2.075 0.04245954944 0.001853823964)
(2.0875 0.04245954943 0.001853823964)
(2.1 0.04245954944 0.001853823964)
(2.1125 0.04245954944 0.001853823964)
(2.125 0.04245954944 0.001853823964)
(2.1375 0.04245954944 0.001853823964)
(2.15 0.04245954944 0.001853823964)
(2.1625 0.04245954943 0.001853823964)
(2.175 0.04245954944 0.001853823964)
(2.1875 0.04245954944 0.001853823964)
(2.2 0.04245954944 0.001853823964)
(2.2125 0.04245954944 0.001853823964)
(2.225 0.04245954944 0.001853823964)
(2.2375 0.04245954943 0.001853823964)
(2.25 0.04245954944 0.001853823964)
(1.5 0.04495716999 0.001962872433)
(1.5125 0.04495716999 0.001962872433)
(1.525 0.04495716999 0.001962872433)
(1.5375 0.04495716999 0.001962872433)
(1.55 0.04495716999 0.001962872433)
(1.5625 0.04495716999 0.001962872433)
(1.575 0.04495716999 0.001962872433)
(1.5875 0.04495716999 0.001962872433)
(1.6 0.04495716999 0.001962872433)
(1.6125 0.04495716999 0.001962872433)
(1.625 0.04495716999 0.001962872433)
(1.6375 0.04495716999 0.001962872433)
(1.65 0.04495716999 0.001962872433)
(1.6625 0.04495716999 0.001962872433)
(1.675 0.04495716999 0.001962872433)
(1.6875 0.04495716999 0.001962872433)
(1.7 0.04495716999 0.001962872433)
(1.7125 0.04495716999 0.001962872433)
(1.725 0.04495716999 0.001962872433)
(1.7375 0.04495716999 0.001962872433)
(1.75 0.04495716999 0.001962872433)
(1.7625 0.04495716999 0.001962872433)
(1.775 0.04495716999 0.001962872433)
(1.7875 0.04495716999 0.001962872433)
(1.8 0.04495716999 0.001962872433)
(1.8125 0.04495716999 0.001962872433)
(1.825 0.04495716999 0.001962872433)
(1.8375 0.04495716999 0.001962872433)
(1.85 0.04495716999 0.001962872433)
(1.8625 0.04495716999 0.001962872433)
(1.875 0.04495716999 0.001962872433)
(1.8875 0.04495716999 0.001962872433)
(1.9 0.04495716999 0.001962872433)
(1.9125 0.04495716999 0.001962872433)
(1.925 0.04495716999 0.001962872433)
(1.9375 0.04495716999 0.001962872433)
(1.95 0.04495716999 0.001962872433)
(1.9625 0.04495716999 0.001962872433)
(1.975 0.04495716999 0.001962872433)
(1.9875 0.04495716999 0.001962872433)
(2 0.04495716999 0.001962872433)
(2.0125 0.04495716999 0.001962872433)
(2.025 0.04495716999 0.001962872433)
(2.0375 0.04495716999 0.001962872433)
(2.05 0.04495716999 0.001962872433)
(2.0625 0.04495716999 0.001962872433)
(2.075 0.04495716999 0.001962872433)
(2.0875 0.04495716999 0.001962872433)
(2.1 0.04495716999 0.001962872433)
(2.1125 0.04495716999 0.001962872433)
(2.125 0.04495716999 0.001962872433)
(2.1375 0.04495716999 0.001962872433)
(2.15 0.04495716999 0.001962872433)
(2.1625 0.04495716999 0.001962872433)
(2.175 0.04495716999 0.001962872433)
(2.1875 0.04495716999 0.001962872433)
(2.2 0.04495716999 0.001962872433)
(2.2125 0.04495716999 0.001962872433)
(2.225 0.04495716999 0.001962872433)
(2.2375 0.04495716999 0.001962872433)
(2.25 0.04495716999 0.001962872433)
(1.5 0.04745479055 0.002071920901)
(1.5125 0.04745479054 0.002071920901)
(1.525 0.04745479054 0.002071920901)
(1.5375 0.04745479055 0.002071920901)
(1.55 0.04745479055 0.002071920901)
(1.5625 0.04745479054 0.002071920901)
(1.575 0.04745479054 0.002071920901)
(1.5875 0.04745479055 0.002071920901)
(1.6 0.04745479054 0.002071920901)
(1.6125 0.04745479055 0.002071920901)
(1.625 0.04745479054 0.002071920901)
(1.6375 0.04745479054 0.002071920901)
(1.65 0.04745479054 0.002071920901)
(1.6625 0.04745479055 0.002071920901)
(1.675 0.04745479054 0.002071920901)
(1.6875 0.04745479054 0.002071920901)
(1.7 0.04745479055 0.002071920901)
(1.7125 0.04745479054 0.002071920901)
(1.725 0.04745479055 0.002071920901)
(1.7375 0.04745479055 0.002071920901)
(1.75 0.04745479054 0.002071920901)
(1.7625 0.04745479054 0.002071920901)
(1.775 0.04745479055 0.002071920901)
(1.7875 0.04745479054 0.002071920901)
(1.8 0.04745479054 0.002071920901)
(1.8125 0.04745479054 0.002071920901)
(1.825 0.04745479055 0.002071920901)
(1.8375 0.04745479054 0.002071920901)
(1.85 0.04745479054 0.002071920901)
(1.8625 0.04745479054 0.002071920901)
(1.875 0.04745479055 0.002071920901)
(1.8875 0.04745479055 0.002071920901)
(1.9 0.04745479054 0.002071920901)
(1.9125 0.04745479054 0.002071920901)
(1.925 0.04745479055 0.002071920901)
(1.9375 0.04745479055 0.002071920901)
(1.95 0.04745479054 0.002071920901)
(1.9625 0.04745479054 0.002071920901)
(1.975 0.04745479055 0.002071920901)
(1.9875 0.04745479055 0.002071920901)
(2 0.04745479055 0.002071920901)
(2.0125 0.04745479055 0.002071920901)
(2.025 0.04745479054 0.002071920901)
(2.0375 0.04745479055 0.002071920901)
(2.05 0.04745479054 0.002071920901)
(2.0625 0.04745479055 0.002071920901)
(2.075 0.04745479054 0.002071920901)
(2.0875 0.04745479055 0.002071920901)
(2.1 0.04745479055 0.002071920901)
(2.1125 0.04745479055 0.002071920901)
(2.125 0.04745479054 0.002071920901)
(2.1375 0.04745479055 0.002071920901)
(2.15 0.04745479054 0.002071920901)
(2.1625 0.04745479054 0.002071920901)
(2.175 0.04745479055 0.002071920901)
(2.1875 0.04745479055 0.002071920901)
(2.2 0.04745479055 0.002071920901)
(2.2125 0.04745479054 0.002071920901)
(2.225 0.04745479055 0.002071920901)
(2.2375 0.04745479054 0.002071920901)
(2.25 0.04745479054 0.002071920901)
(1.5 0.0499524111 0.00218096937)
(1.5125 0.0499524111 0.00218096937)
(1.525 0.0499524111 0.00218096937)
(1.5375 0.0499524111 0.00218096937)
(1.55 0.0499524111 0.00218096937)
(1.5625 0.0499524111 0.00218096937)
(1.575 0.0499524111 0.00218096937)
(1.5875 0.0499524111 0.00218096937)
(1.6 0.0499524111 0.00218096937)
(1.6125 0.0499524111 0.00218096937)
(1.625 0.0499524111 0.00218096937)
(1.6375 0.0499524111 0.00218096937)
(1.65 0.0499524111 0.00218096937)
(1.6625 0.0499524111 0.00218096937)
(1.675 0.0499524111 0.00218096937)
(1.6875 0.0499524111 0.00218096937)
(1.7 0.0499524111 0.00218096937)
(1.7125 0.0499524111 0.00218096937)
(1.725 0.0499524111 0.00218096937)
(1.7375 0.0499524111 0.00218096937)
(1.75 0.0499524111 0.00218096937)
(1.7625 0.0499524111 0.00218096937)
(1.775 0.0499524111 0.00218096937)
(1.7875 0.0499524111 0.00218096937)
(1.8 0.0499524111 0.00218096937)
(1.8125 0.0499524111 0.00218096937)
(1.825 0.0499524111 0.00218096937)
(1.8375 0.0499524111 0.00218096937)
(1.85 0.0499524111 0.00218096937)
(1.8625 0.0499524111 0.00218096937)
(1.875 0.0499524111 0.00218096937)
(1.8875 0.0499524111 0.00218096937)
(1.9 0.0499524111 0.00218096937)
(1.9125 0.0499524111 0.00218096937)
(1.925 0.0499524111 0.00218096937)
(1.9375 0.0499524111 0.00218096937)
(1.95 0.0499524111 0.00218096937)
(1.9625 0.0499524111 0.00218096937)
(1.975 0.0499524111 0.00218096937)
(1.9875 0.0499524111 0.00218096937)
(2 0.0499524111 0.00218096937)
(2.0125 0.0499524111 0.00218096937)
(2.025 0.0499524111 0.00218096937)
(2.0375 0.0499524111 0.00218096937)
(2.05 0.0499524111 0.00218096937)
(2.0625 0.0499524111 0.00218096937)
(2.075 0.0499524111 0.00218096937)
(2.0875 0.0499524111 0.00218096937)
(2.1 0.0499524111 0.00218096937)
(2.1125 0.0499524111 0.00218096937)
(2.125 0.0499524111 0.00218096937)
(2.1375 0.0499524111 0.00218096937)
(2.15 0.0499524111 0.00218096937)
(2.1625 0.0499524111 0.00218096937)
(2.175 0.0499524111 0.00218096937)
(2.1875 0.0499524111 0.00218096937)
(2.2 0.0499524111 0.00218096937)
(2.2125 0.0499524111 0.00218096937)
(2.225 0.0499524111 0.00218096937)
(2.2375 0.0499524111 0.00218096937)
(2.25 0.0499524111 0.00218096937)
)


// ************************************************************************* //
