/*--------------------------------*- C++ -*----------------------------------*\
  =========                 |
  \\      /  F ield         | OpenFOAM: The Open Source CFD Toolbox
   \\    /   O peration     | Website:  https://openfoam.org
    \\  /    A nd           | Version:  11
     \\/     M anipulation  |
\*---------------------------------------------------------------------------*/
FoamFile
{
    format      ascii;
    class       volVectorField;
    location    "2000";
    object      wallShearStress;
}
// * * * * * * * * * * * * * * * * * * * * * * * * * * * * * * * * * * * * * //

dimensions      [0 2 -2 0 0 0 0];

internalField   uniform (0 0 0);

boundaryField
{
    inlet
    {
        type            calculated;
        value           uniform (0 0 0);
    }
    outlet
    {
        type            calculated;
        value           uniform (0 0 0);
    }
    freeStream
    {
        type            calculated;
        value           uniform (0 0 0);
    }
    upstreamBottom
    {
        type            symmetryPlane;
    }
    plate
    {
        type            calculated;
        value           nonuniform List<vector> 
200
(
(-0.9031881283 -0.01902829257 0)
(-0.593270706 -0.01553857226 0)
(-0.3765230501 -0.006997534414 0)
(-0.2755826723 -0.001078565204 0)
(-0.2409993726 0.0006355986452 0)
(-0.2270172737 0.0003737648847 0)
(-0.2163430947 -5.84208977e-05 0)
(-0.2054380166 -0.0002332379913 0)
(-0.1946888091 -0.0002467470116 0)
(-0.1849523917 -0.0002125458893 0)
(-0.1765183807 -0.00017983024 0)
(-0.1692236769 -0.0001575845834 0)
(-0.1628134369 -0.0001417427777 0)
(-0.1570982554 -0.0001286997342 0)
(-0.1519520375 -0.0001173574439 0)
(-0.147282487 -0.0001075295848 0)
(-0.1430172284 -9.902643106e-05 0)
(-0.1390990667 -9.16036456e-05 0)
(-0.1354825763 -8.505970836e-05 0)
(-0.1321309495 -7.924907288e-05 0)
(-0.12901369 -7.406057671e-05 0)
(-0.1261051164 -6.940438209e-05 0)
(-0.1233833459 -6.520728492e-05 0)
(-0.1208295521 -6.140936945e-05 0)
(-0.1184274099 -5.796072709e-05 0)
(-0.1161626798 -5.48190501e-05 0)
(-0.1140228834 -5.1948141e-05 0)
(-0.1119970442 -4.931689941e-05 0)
(-0.1100754707 -4.689852575e-05 0)
(-0.1082495765 -4.466984742e-05 0)
(-0.1065117275 -4.261076943e-05 0)
(-0.1048551133 -4.070381672e-05 0)
(-0.1032736374 -3.893374945e-05 0)
(-0.1017618247 -3.728723464e-05 0)
(-0.1003147424 -3.575256773e-05 0)
(-0.0989279324 -3.431943836e-05 0)
(-0.09759735392 -3.297873163e-05 0)
(-0.09631933449 -3.172236213e-05 0)
(-0.09509052752 -3.054313383e-05 0)
(-0.09390787601 -2.943462128e-05 0)
(-0.09276858097 -2.83910705e-05 0)
(-0.09167007414 -2.740731372e-05 0)
(-0.09060999407 -2.647869749e-05 0)
(-0.0895861653 -2.560102168e-05 0)
(-0.08859657991 -2.477048617e-05 0)
(-0.08763938146 -2.398364501e-05 0)
(-0.08671285061 -2.323736734e-05 0)
(-0.08581539246 -2.252880328e-05 0)
(-0.08494552524 -2.185535352e-05 0)
(-0.08410187026 -2.121464303e-05 0)
(-0.08328314293 -2.060449827e-05 0)
(-0.08248814466 -2.002292647e-05 0)
(-0.08171575569 -1.946809811e-05 0)
(-0.08096492852 -1.893833081e-05 0)
(-0.08023468206 -1.843207509e-05 0)
(-0.07952409636 -1.794790186e-05 0)
(-0.07883230779 -1.748449115e-05 0)
(-0.07815850472 -1.704062254e-05 0)
(-0.07750192357 -1.661516564e-05 0)
(-0.07686184523 -1.620707239e-05 0)
(-0.07623759178 -1.581536998e-05 0)
(-0.07562852357 -1.543915414e-05 0)
(-0.07503403642 -1.507758362e-05 0)
(-0.0744535592 -1.472987443e-05 0)
(-0.07388655154 -1.439529596e-05 0)
(-0.07333250171 -1.407316583e-05 0)
(-0.07279092475 -1.376284653e-05 0)
(-0.07226136066 -1.346374178e-05 0)
(-0.07174337281 -1.317529314e-05 0)
(-0.07123654642 -1.289697764e-05 0)
(-0.07074048718 -1.26283044e-05 0)
(-0.07025482001 -1.236881275e-05 0)
(-0.06977918779 -1.21180699e-05 0)
(-0.06931325038 -1.18756688e-05 0)
(-0.06885668352 -1.164122631e-05 0)
(-0.0684091779 -1.141438174e-05 0)
(-0.06797043834 -1.119479501e-05 0)
(-0.06754018291 -1.098214512e-05 0)
(-0.06711814222 -1.077612943e-05 0)
(-0.06670405868 -1.057646197e-05 0)
(-0.06629768587 -1.038287226e-05 0)
(-0.06589878791 -1.019510426e-05 0)
(-0.06550713891 -1.001291598e-05 0)
(-0.06512252241 -9.836078277e-06 0)
(-0.06474473088 -9.664373625e-06 0)
(-0.06437356526 -9.497595697e-06 0)
(-0.06400883455 -9.335548994e-06 0)
(-0.06365035534 -9.178047914e-06 0)
(-0.06329795144 -9.02491574e-06 0)
(-0.06295145359 -8.875984681e-06 0)
(-0.06261069899 -8.731095333e-06 0)
(-0.0622755311 -8.590095752e-06 0)
(-0.06194579926 -8.452841293e-06 0)
(-0.06162135846 -8.319194306e-06 0)
(-0.061302069 -8.189023415e-06 0)
(-0.06098779635 -8.062203325e-06 0)
(-0.0606784108 -7.938614709e-06 0)
(-0.0603737873 -7.8181434e-06 0)
(-0.06007380524 -7.700680632e-06 0)
(-0.05977834822 -7.586122252e-06 0)
(-0.05948730391 -7.474368636e-06 0)
(-0.05920056382 -7.365325014e-06 0)
(-0.05891802316 -7.258900208e-06 0)
(-0.05863958068 -7.15500697e-06 0)
(-0.0583651385 -7.053562132e-06 0)
(-0.05809460199 -6.954485611e-06 0)
(-0.05782787963 -6.857700993e-06 0)
(-0.05756488283 -6.763134673e-06 0)
(-0.05730552591 -6.670716423e-06 0)
(-0.05704972586 -6.580378806e-06 0)
(-0.05679740231 -6.49205679e-06 0)
(-0.05654847743 -6.405688056e-06 0)
(-0.05630287578 -6.321213216e-06 0)
(-0.05606052421 -6.238574601e-06 0)
(-0.05582135186 -6.157716808e-06 0)
(-0.05558528998 -6.078587224e-06 0)
(-0.05535227183 -6.001134624e-06 0)
(-0.05512223273 -5.925309661e-06 0)
(-0.05489510985 -5.851065499e-06 0)
(-0.05467084218 -5.778356434e-06 0)
(-0.05444937053 -5.707138707e-06 0)
(-0.05423063735 -5.637370173e-06 0)
(-0.05401458674 -5.569010198e-06 0)
(-0.05380116439 -5.502019644e-06 0)
(-0.05359031749 -5.436360777e-06 0)
(-0.05338199468 -5.371997166e-06 0)
(-0.05317614604 -5.308893707e-06 0)
(-0.052972723 -5.247016552e-06 0)
(-0.05277167827 -5.186333158e-06 0)
(-0.05257296586 -5.126811935e-06 0)
(-0.05237654099 -5.068422728e-06 0)
(-0.05218236003 -5.011135909e-06 0)
(-0.05199038054 -4.954922988e-06 0)
(-0.05180056113 -4.899757065e-06 0)
(-0.05161286148 -4.845611562e-06 0)
(-0.05142724232 -4.792460737e-06 0)
(-0.05124366533 -4.740280112e-06 0)
(-0.05106209317 -4.689046174e-06 0)
(-0.05088248939 -4.638735863e-06 0)
(-0.05070481846 -4.589326895e-06 0)
(-0.0505290457 -4.540797745e-06 0)
(-0.05035513728 -4.493127744e-06 0)
(-0.05018306013 -4.446297148e-06 0)
(-0.05001278198 -4.400286365e-06 0)
(-0.04984427132 -4.355077545e-06 0)
(-0.04967749732 -4.31065207e-06 0)
(-0.04951242987 -4.266992789e-06 0)
(-0.04934903955 -4.224083689e-06 0)
(-0.04918729755 -4.181908465e-06 0)
(-0.04902717571 -4.140451231e-06 0)
(-0.04886864647 -4.09969733e-06 0)
(-0.04871168285 -4.059632472e-06 0)
(-0.04855625839 -4.020244233e-06 0)
(-0.04840234721 -3.981518248e-06 0)
(-0.0482499239 -3.94344307e-06 0)
(-0.04809896352 -3.906007042e-06 0)
(-0.04794944166 -3.869198543e-06 0)
(-0.04780133431 -3.833007491e-06 0)
(-0.0476546179 -3.797423016e-06 0)
(-0.04750926926 -3.762435701e-06 0)
(-0.04736526559 -3.728037967e-06 0)
(-0.04722258442 -3.694221656e-06 0)
(-0.04708120357 -3.660980534e-06 0)
(-0.04694110119 -3.628308586e-06 0)
(-0.04680225567 -3.596199539e-06 0)
(-0.04666464563 -3.564651342e-06 0)
(-0.04652825 -3.53365722e-06 0)
(-0.04639304777 -3.503215334e-06 0)
(-0.04625901812 -3.473324806e-06 0)
(-0.04612614028 -3.443986122e-06 0)
(-0.04599439345 -3.415204115e-06 0)
(-0.04586375681 -3.386982264e-06 0)
(-0.04573420944 -3.359325835e-06 0)
(-0.04560573025 -3.33224977e-06 0)
(-0.04547829805 -3.30575666e-06 0)
(-0.04535189123 -3.279864524e-06 0)
(-0.04522648783 -3.254588596e-06 0)
(-0.04510206523 -3.229953248e-06 0)
(-0.04497859992 -3.205995383e-06 0)
(-0.04485606748 -3.182749134e-06 0)
(-0.04473444212 -3.160263723e-06 0)
(-0.04461369657 -3.138607001e-06 0)
(-0.0444938019 -3.117836044e-06 0)
(-0.04437472674 -3.098050356e-06 0)
(-0.0442564371 -3.079348729e-06 0)
(-0.04413889493 -3.061873884e-06 0)
(-0.04402205764 -3.045821455e-06 0)
(-0.04390587616 -3.031435225e-06 0)
(-0.04379029312 -3.01901578e-06 0)
(-0.04367524205 -3.008982967e-06 0)
(-0.04356064307 -3.002366763e-06 0)
(-0.04344635059 -2.997038457e-06 0)
(-0.04333257674 -3.006476168e-06 0)
(-0.04321737588 -2.991227405e-06 0)
(-0.0431082712 -3.055286167e-06 0)
(-0.04297613238 -3.069771715e-06 0)
(-0.04291395216 -2.615408012e-06 0)
(-0.04266312862 -5.529532861e-06 0)
(-0.04280824811 9.200874194e-06 0)
(-0.04257148215 -1.588619154e-05 0)
)
;
    }
    frontAndBack
    {
        type            empty;
    }
}


// ************************************************************************* //
