/*--------------------------------*- C++ -*----------------------------------*\
  =========                 |
  \\      /  F ield         | OpenFOAM: The Open Source CFD Toolbox
   \\    /   O peration     | Website:  https://openfoam.org
    \\  /    A nd           | Version:  11
     \\/     M anipulation  |
\*---------------------------------------------------------------------------*/
FoamFile
{
    format      ascii;
    class       volScalarField;
    location    "1.75";
    object      p;
}
// * * * * * * * * * * * * * * * * * * * * * * * * * * * * * * * * * * * * * //

dimensions      [0 2 -2 0 0 0 0];

internalField   nonuniform List<scalar> 
1800
(
-0.2857541276
-0.2817544017
-0.2796245965
-0.2780837291
-0.276408606
-0.2734097878
-0.2679670171
-0.2594353406
-0.2483021259
-0.2438979343
-0.3186472059
-0.3138428007
-0.311019867
-0.3089820164
-0.3069037439
-0.3035530709
-0.2978869995
-0.2895261217
-0.2797538479
-0.2762939693
-0.3507184688
-0.3450438333
-0.341347464
-0.3384501075
-0.3354148502
-0.3309224107
-0.3239350414
-0.3141509709
-0.3029793855
-0.2961358169
-0.3817894104
-0.3751811315
-0.3704157458
-0.3662969065
-0.3617815284
-0.355492418
-0.3464430994
-0.3344189758
-0.3208808818
-0.3108692293
-0.411589516
-0.4040073007
-0.3979637749
-0.3922491454
-0.3857530939
-0.3771326858
-0.3655573245
-0.3510004924
-0.3350958505
-0.3223351521
-0.4397521158
-0.4311887157
-0.4236867884
-0.4160533985
-0.4071870963
-0.3959054665
-0.3816247909
-0.3645717561
-0.3465194887
-0.3313818877
-0.4655459775
-0.4560346632
-0.4469217783
-0.4370923973
-0.4255623439
-0.4114377647
-0.3944405493
-0.3750840213
-0.3552352573
-0.3383059186
-0.4879894296
-0.4776004811
-0.466787194
-0.4545938506
-0.4402732458
-0.4232985723
-0.4037247272
-0.382323899
-0.3609853696
-0.3427169671
-0.5057605182
-0.4945804459
-0.4820232514
-0.4673933576
-0.450288084
-0.4305652314
-0.408634016
-0.3854602512
-0.362896673
-0.3436980351
-0.5174496059
-0.5055618557
-0.491278058
-0.4742692706
-0.4545211688
-0.4322847251
-0.4082986594
-0.3836444739
-0.3600857681
-0.3403367442
-0.08344903921
-0.08208566179
-0.08112284723
-0.07934825222
-0.07664867355
-0.07301916045
-0.06855614655
-0.06347116682
-0.05812582253
-0.05254479173
-0.08268001472
-0.08142619554
-0.08052007269
-0.07874039041
-0.0760001383
-0.07230022488
-0.06772183534
-0.06239525737
-0.05680981906
-0.05091860738
-0.08772131089
-0.08652647118
-0.08565345121
-0.08387483162
-0.0811226683
-0.07737801472
-0.07267787141
-0.06717911345
-0.06125635408
-0.05492807848
-0.09837946636
-0.09718279837
-0.09632921831
-0.09457368252
-0.09186253503
-0.08813360778
-0.08333764867
-0.07763475347
-0.07131197074
-0.06443338858
-0.1143510883
-0.1130724952
-0.1122321502
-0.1105247938
-0.1079176181
-0.1042579836
-0.0994213719
-0.09347797546
-0.08666880266
-0.07911199486
-0.1351905721
-0.1337152257
-0.1328887019
-0.1312417687
-0.1288301022
-0.1252908676
-0.1204159803
-0.1141942786
-0.1067835052
-0.0983276006
-0.1602900954
-0.1584586012
-0.1576490436
-0.156056597
-0.1538920973
-0.1505089397
-0.1455856316
-0.1390120354
-0.1308557235
-0.1212217378
-0.1888481898
-0.1865206467
-0.1856187743
-0.1841539384
-0.1821480989
-0.1789124382
-0.1738954827
-0.1668832635
-0.1578459334
-0.1468005656
-0.2198284283
-0.2170960827
-0.2158496334
-0.214438522
-0.2125513579
-0.2093392163
-0.2040492587
-0.1963353098
-0.1860322211
-0.1731753808
-0.2524232629
-0.249112115
-0.2474468964
-0.2459828738
-0.244155959
-0.2408727401
-0.2351191465
-0.2262498781
-0.2138760051
-0.1990637393
-0.002019053369
0.001095276313
0.006343262566
0.005651453027
0.004146683318
0.002905033322
0.0019845052
0.001304631851
0.0007406186829
0.0002949698856
-0.003111960274
-0.003727336761
0.005861155542
0.005076094247
0.003642978429
0.00253955893
0.001729608308
0.001134939781
0.0006444965847
0.0002532866958
-0.008845100124
-0.008852124941
0.004728423753
0.004251627318
0.00303072442
0.002115774209
0.001441155065
0.0009461872793
0.0005385202622
0.0002077393143
-0.018566374
-0.01449525865
0.002926657709
0.00315824388
0.002303742267
0.001631614565
0.001118092757
0.0007377716907
0.0004223209161
0.0001585075417
-0.03165762552
-0.02081349587
0.0004282718996
0.001785277688
0.001457401661
0.001085215575
0.0007596649195
0.0005093064997
0.0002956529833
0.0001058951978
-0.04763546996
-0.02788837556
-0.002778180188
0.0001376922756
0.0004913299885
0.0004761877072
0.0003658802904
0.0002608126021
0.0001584943645
5.035286411e-05
-0.06611409678
-0.03580233304
-0.006684121625
-0.001762157649
-0.0005854789019
-0.0001914952536
-6.118583915e-05
-6.778076033e-06
1.130477065e-05
-7.429099778e-06
-0.08685428588
-0.04481703194
-0.01135606548
-0.003924686286
-0.001771141422
-0.0009153417394
-0.0005197707289
-0.0002926288696
-0.0001453944778
-6.644949701e-05
-0.1091543936
-0.05554588385
-0.01712936595
-0.006535639806
-0.003144141839
-0.001727593172
-0.00102321057
-0.0006021159445
-0.0003137233718
-0.0001257824379
-0.1280683255
-0.06770578736
-0.02414072591
-0.009827141664
-0.004840114112
-0.002690988516
-0.001598194335
-0.0009453221596
-0.0004981559408
-0.0001841286513
-0.1348281388
-0.07105402208
-0.02822028697
-0.01212621515
-0.006230245515
-0.003604327764
-0.002202731052
-0.001337214932
-0.0007192030198
-0.0002486939233
-0.1316687203
-0.07227608176
-0.03379472386
-0.01647353147
-0.008893405797
-0.005186149823
-0.00314128581
-0.001889757207
-0.001007380589
-0.0003442102811
-0.1240947767
-0.06937785214
-0.03523554391
-0.01841321376
-0.01042485812
-0.006281626316
-0.00387818445
-0.002357699902
-0.001262528093
-0.0004325138078
-0.1179685143
-0.06777547134
-0.03726897338
-0.02073269554
-0.0120943955
-0.007388975228
-0.004592575714
-0.002801921238
-0.001503270497
-0.0005180206632
-0.1115659499
-0.06619169151
-0.03817680946
-0.02228293766
-0.01338844643
-0.008313229765
-0.005213094529
-0.00319595936
-0.001719307874
-0.0005961943871
-0.1055758461
-0.06490749616
-0.03889673453
-0.02356277458
-0.01447953633
-0.009098120056
-0.005744475864
-0.003535533035
-0.001906294169
-0.0006646844318
-0.1005798354
-0.06380123942
-0.03933624548
-0.02449771009
-0.01533001442
-0.009726005354
-0.006175204658
-0.003813016734
-0.002059771888
-0.0007214024557
-0.09674067895
-0.0629248493
-0.03961581693
-0.02515681505
-0.01595600312
-0.01019657283
-0.006500712786
-0.004023868528
-0.002176649835
-0.0007645508273
-0.09420838755
-0.06234380084
-0.0397944618
-0.02558428222
-0.01637172955
-0.0105117579
-0.006719444984
-0.00416600934
-0.002255527662
-0.0007935257327
-0.09269403056
-0.06199033064
-0.03986548541
-0.02579374108
-0.01658947823
-0.01068055428
-0.006837209995
-0.004242809459
-0.002298448748
-0.0008078047639
-0.2627182401
-0.2692301985
-0.2698215378
-0.2652005273
-0.2566507485
-0.2453685721
-0.2335083502
-0.221980469
-0.2111380428
-0.2123247965
-0.255940429
-0.2646277201
-0.2700577972
-0.2721045699
-0.2713248372
-0.2670605888
-0.2593723305
-0.2481314726
-0.2321816361
-0.2158487847
-0.2031709052
-0.2134057572
-0.2194392471
-0.2218669576
-0.2211078252
-0.2175514696
-0.2114635524
-0.2039004871
-0.1941469238
-0.1843160165
-0.1867615089
-0.1937705854
-0.1981204168
-0.1996920148
-0.1985360364
-0.1950371792
-0.1891956856
-0.181890787
-0.1727475258
-0.1634348694
-0.1625955196
-0.1710508447
-0.1762155264
-0.1784163683
-0.1779304012
-0.175190947
-0.1702664175
-0.1638679011
-0.1559369021
-0.1475167562
-0.1478263269
-0.1551678964
-0.1599182241
-0.1620884873
-0.1617893574
-0.1594074759
-0.1550720568
-0.1493405059
-0.1423008022
-0.1346432159
-0.1361872722
-0.1431968732
-0.1477493808
-0.1499207981
-0.1497862093
-0.1476700323
-0.1437411942
-0.1384573153
-0.1319846645
-0.1248651261
-0.127730784
-0.1345148974
-0.1389493553
-0.1411162113
-0.1411127041
-0.1392147027
-0.1355927084
-0.1306423804
-0.1245571736
-0.117813578
-0.1225510245
-0.1290842381
-0.1334012488
-0.1355614602
-0.1356404046
-0.1338763818
-0.130445133
-0.1257096975
-0.1198655397
-0.1133652201
-0.1194933464
-0.1259843177
-0.130289079
-0.1324701756
-0.1326190083
-0.1309558595
-0.1276468884
-0.1230259175
-0.1172761947
-0.110844848
-0.01114994369
-0.02761931658
-0.04619053443
-0.06599379609
-0.0868952905
-0.1086551251
-0.1305953423
-0.1516112132
-0.1690317366
-0.1813686693
-0.06218776621
-0.07939088682
-0.0982555193
-0.1189922747
-0.141376442
-0.1648525692
-0.1885050501
-0.2111150716
-0.229604243
-0.2427031931
-0.111521423
-0.1295614749
-0.1493991895
-0.1714245883
-0.195227357
-0.2201012739
-0.245011001
-0.2688408917
-0.2880438421
-0.3018114209
-0.156642257
-0.1757514909
-0.1970201537
-0.2206297588
-0.2459447585
-0.2721758034
-0.2981152154
-0.3228439328
-0.342696742
-0.356828363
-0.1994993656
-0.2187474959
-0.2411567274
-0.2661196617
-0.2925973938
-0.3197874103
-0.3465634654
-0.3715085984
-0.3916185259
-0.4059100552
-0.2404770595
-0.2577170246
-0.2812206212
-0.3070019916
-0.3340845533
-0.3617202263
-0.3885407921
-0.4132254307
-0.433261456
-0.4474930037
-0.2755804325
-0.2906151723
-0.3156802904
-0.3417746042
-0.3690232088
-0.3965710241
-0.4229995675
-0.4469219607
-0.4664125518
-0.4803928852
-0.2967210803
-0.3158106974
-0.3413364652
-0.3682133808
-0.3957833597
-0.4230337138
-0.4486814619
-0.4714949856
-0.4901179069
-0.5037202562
-0.3167908284
-0.3366071483
-0.3616169349
-0.388263941
-0.4152317099
-0.4413988523
-0.4655919052
-0.4868209634
-0.5042381024
-0.5173502945
-0.331610219
-0.3515307746
-0.3758727153
-0.4016953362
-0.4273840926
-0.4518072552
-0.473967111
-0.4932085923
-0.5091435645
-0.5216748673
0.3354745805
0.3385914895
0.3416544162
0.3444574591
0.3468834117
0.348837943
0.3502198449
0.3509653242
0.3512202113
0.3511103011
0.3151270138
0.3173769578
0.3193793669
0.3209939518
0.3221453388
0.3227555932
0.3227405946
0.3220694003
0.3209788682
0.3198642757
0.2899777471
0.2912002809
0.2919079833
0.292059914
0.2916398623
0.2905928842
0.2888676115
0.2864983485
0.283861155
0.2816198467
0.2602044066
0.2602682193
0.2594775767
0.2579251635
0.2556712651
0.2526913168
0.2489804783
0.2446669867
0.240313514
0.2368448759
0.2261332622
0.2249286066
0.2224660143
0.2190059287
0.2146997754
0.209558948
0.2036365495
0.1971791251
0.1909799448
0.1862050812
0.1883715895
0.1858245377
0.1815273699
0.1759674844
0.1694085644
0.1619051781
0.1535817952
0.1448234263
0.1366942186
0.1305642802
0.1477026333
0.143737882
0.1374792068
0.1296812307
0.120725835
0.1107160897
0.09986041552
0.0886972296
0.07859632565
0.07108999284
0.1055269134
0.09998971653
0.09149717391
0.08119344496
0.06960772752
0.05690079054
0.04337790326
0.02973706847
0.01767780404
0.008808653323
0.06337677835
0.05601176605
0.04500830728
0.03197036265
0.01756699772
0.002012638299
-0.01427960891
-0.03044876649
-0.04444626395
-0.05461898045
0.02402080687
0.0135940256
-0.001067027138
-0.01751941893
-0.03513695945
-0.05374730216
-0.0728546821
-0.0914808771
-0.1072563487
-0.1186295513
0.2615114709
0.2534994952
0.2650553393
0.2571820631
0.2677104883
0.2674156154
0.2759345634
0.2879877479
0.2990510995
0.3355759518
0.2604685114
0.2523115446
0.263771662
0.2555453156
0.2658168057
0.2648002343
0.2727052151
0.2835127524
0.2906894677
0.3259512821
0.2593948438
0.2510766796
0.2624533607
0.2538126561
0.2638406351
0.2619570721
0.2691873581
0.2782717347
0.2814710642
0.3131038555
0.2582962866
0.2498042896
0.2611054434
0.25199403
0.2617829882
0.2588951386
0.265381249
0.2722410148
0.2715549904
0.2968059465
0.2571788352
0.2485049172
0.2597325154
0.2501010791
0.2596444033
0.2556279492
0.2612885235
0.2654360213
0.26103502
0.2768740878
0.2560487212
0.2471898265
0.2583388594
0.2481464298
0.2574250947
0.2521715437
0.2569107885
0.2578974223
0.2499330267
0.2532306721
0.2549126221
0.2458703374
0.2569285337
0.2461430321
0.2551252271
0.2485420642
0.2522425379
0.2496962707
0.2381680156
0.22595774
0.2537777672
0.2445573726
0.2555057911
0.2441051136
0.2527473828
0.2447577608
0.2472701343
0.2409136819
0.2256183595
0.1952782581
0.2526521165
0.2432648218
0.2540767268
0.2420535881
0.2503036752
0.2408570091
0.2420024193
0.2314893699
0.2118030138
0.1614730496
0.2515708736
0.2420138315
0.252648557
0.2400096717
0.2478245445
0.23695071
0.2368262762
0.2222617583
0.1992138097
0.1291637549
0.2501053761
0.240416107
0.25071301
0.2373127834
0.2442603052
0.231443688
0.2287209621
0.2096533846
0.1810858755
0.1137060821
0.2485477209
0.2385603706
0.248591412
0.2343429547
0.2403761176
0.2258297521
0.220912178
0.1984771958
0.1660002341
0.09850097103
0.2470322381
0.2368114852
0.2465849289
0.2315788395
0.2367246217
0.2207005682
0.2136057498
0.1887513156
0.1532289918
0.08978118079
0.2456573418
0.2352151858
0.2447429471
0.2290687751
0.2333744865
0.2161584519
0.2069617131
0.1807335171
0.1426829346
0.08455539375
0.2444286306
0.2337947901
0.2431019682
0.2268570697
0.2304036423
0.2122675516
0.2011624969
0.1743554613
0.1342534722
0.08167300979
0.2433709611
0.2325753016
0.2416912781
0.2249741994
0.2278637247
0.2090386849
0.1962940073
0.1693420421
0.1278148368
0.07952976911
0.242502516
0.2315761812
0.2405345275
0.2234429157
0.225793233
0.2064687086
0.192409672
0.1655804827
0.1229963255
0.07783287872
0.2418339184
0.2308131043
0.2396512446
0.2222815507
0.2242213923
0.2045524141
0.1895291444
0.1628800991
0.1195538642
0.07654464988
0.2413952937
0.2303021151
0.2390602283
0.2215048242
0.223173164
0.2032874862
0.187644542
0.1611457145
0.1174165873
0.07569589822
0.2411188195
0.2300065878
0.2387135542
0.221064812
0.2225670027
0.2025749411
0.186579353
0.160181343
0.1162492295
0.07520472138
0.01898580927
-0.0209888777
-0.06172592185
-0.097483362
-0.1286947648
-0.1567469011
-0.1826949528
-0.2097385996
-0.2316215248
-0.2498940939
0.01891223593
-0.0167212442
-0.05347003883
-0.0887662287
-0.1229560267
-0.1561040829
-0.1868850605
-0.2118343352
-0.2313417363
-0.2444359692
0.01675847947
-0.01005077017
-0.03655685478
-0.06166575668
-0.08514062861
-0.1072580313
-0.128424615
-0.1490882729
-0.1689948873
-0.1881074036
0.01742181812
-0.006357304588
-0.02993497346
-0.05359064908
-0.07748638293
-0.1013975831
-0.1249559291
-0.14648894
-0.1642515557
-0.1771982746
0.01928036313
-0.00266262894
-0.0241528427
-0.0454836405
-0.06672738477
-0.08729847717
-0.1060660672
-0.1227201203
-0.1373731369
-0.1509566249
0.02156301395
0.0009878780845
-0.01892809213
-0.03847705786
-0.05780806639
-0.07655039866
-0.09418793968
-0.1105761105
-0.1255841278
-0.1381053559
0.02380579413
0.004246066681
-0.01457292704
-0.03292787371
-0.05104409037
-0.06873338726
-0.08559615105
-0.1011937765
-0.1150703967
-0.1267986349
0.02566337615
0.006773703068
-0.01135864215
-0.02899080153
-0.04637580318
-0.06336630027
-0.07952386638
-0.0943641051
-0.1074982393
-0.118689453
0.02696105062
0.008421832235
-0.009356466413
-0.02659946151
-0.04355202804
-0.06008165157
-0.07578493725
-0.09021927068
-0.1030036407
-0.1138441637
0.0275444901
0.009088811963
-0.008559871146
-0.0256026793
-0.0422710833
-0.05845771794
-0.07378621294
-0.08783586445
-0.1002722841
-0.1108813576
-0.5199615131
-0.51606961
-0.5045436513
-0.4848699851
-0.4602120333
-0.4352760979
-0.412701798
-0.3935679469
-0.378060603
-0.3656241937
-0.554506084
-0.5499948601
-0.5403393667
-0.5242522487
-0.503210681
-0.481326195
-0.4613350439
-0.4444956461
-0.4312279486
-0.4212667828
-0.570706372
-0.5653497604
-0.5576372384
-0.5452431208
-0.5281000902
-0.5093994248
-0.4919191541
-0.4770636551
-0.4651818728
-0.45628576
-0.5694448873
-0.56328603
-0.5572999172
-0.548075069
-0.5344034679
-0.5183439143
-0.5024647386
-0.4882044182
-0.4756330113
-0.4639417345
-0.5539188125
-0.5471683549
-0.5424240936
-0.5356752914
-0.5249742456
-0.5114489096
-0.4973352004
-0.4841175693
-0.4718568674
-0.4595420851
-0.5276727337
-0.5207248669
-0.5166629137
-0.5115485697
-0.5031849039
-0.4920236193
-0.4798112741
-0.4678644655
-0.4560038414
-0.4421624954
-0.4943199248
-0.4870051545
-0.4833171499
-0.4790412931
-0.4724132737
-0.4634946433
-0.453447731
-0.4432303747
-0.4324038184
-0.4166566259
-0.4585864595
-0.4509968025
-0.4468542575
-0.442745643
-0.4374270892
-0.4306897246
-0.4230594206
-0.4149477943
-0.4057918351
-0.3885282122
-0.4251655993
-0.4172201383
-0.4124670962
-0.4085385103
-0.4044424599
-0.3997660183
-0.3945012281
-0.3885379033
-0.3813271774
-0.3646467087
-0.3964604546
-0.3888229664
-0.3845430156
-0.3817190583
-0.3796426095
-0.377703775
-0.3755159897
-0.3726671305
-0.368707347
-0.3534180081
-0.3691248231
-0.3626133971
-0.3595281055
-0.3581436338
-0.3573473503
-0.3562073057
-0.3534001042
-0.3474395772
-0.3368171706
-0.3018770679
-0.3381903899
-0.3331736801
-0.3315108803
-0.3314387288
-0.3319892839
-0.3317312617
-0.3294979922
-0.3239987293
-0.3137165859
-0.2848695723
-0.3011021007
-0.2972056549
-0.2963390061
-0.2964754287
-0.2970000098
-0.29670449
-0.2943618958
-0.2892317613
-0.2802218683
-0.2590168963
-0.2593203562
-0.256228462
-0.2552479872
-0.2546720905
-0.2540114253
-0.2524015319
-0.2490297791
-0.243412581
-0.235152265
-0.2193001913
-0.217549284
-0.2149530505
-0.2135903776
-0.2122475767
-0.2104946485
-0.2077388305
-0.2036692922
-0.1978906746
-0.1902691355
-0.178566149
-0.1796524437
-0.1773282556
-0.1758101633
-0.1740685852
-0.1717854988
-0.1685913987
-0.1643338044
-0.1589294998
-0.1524027687
-0.1425897398
-0.1476004048
-0.1454898423
-0.1440179149
-0.1421595427
-0.1396685242
-0.1363091773
-0.1320169051
-0.1268578532
-0.1209376668
-0.1143659362
-0.1220453212
-0.1201440435
-0.118814789
-0.1169748329
-0.1144217783
-0.1110104759
-0.1067571868
-0.1018218458
-0.09640844473
-0.09062923881
-0.1029681224
-0.1012700635
-0.1000944144
-0.09829667887
-0.09570550421
-0.09223964307
-0.08796232317
-0.08307812312
-0.07785643207
-0.07233806544
-0.09016471616
-0.08864974258
-0.08759843334
-0.08582191409
-0.08317785584
-0.07963169367
-0.07527347354
-0.0703201294
-0.06508741474
-0.05959255395
-0.2356657727
0.007328278806
-0.005024935672
0.002899421248
0.004543111268
0.003995404722
0.003120740422
0.002208389559
0.001298877787
0.0005138684158
-0.2243804432
0.0188714911
-0.004980817935
0.004347276215
0.005166119375
0.004166688131
0.003097684909
0.002163040879
0.001265212958
0.0005057631807
-0.1887251761
0.02752679594
-0.005670897271
0.005046784542
0.005233601737
0.004124628079
0.003047570978
0.002109930541
0.001228396865
0.00049480422
-0.1486442999
0.03087341082
-0.005529242072
0.005691409475
0.005394519465
0.00410184714
0.002986845692
0.002049943601
0.001188035978
0.0004812803623
-0.1119860294
0.03022497262
-0.004162906432
0.006107034778
0.005421543378
0.004047063759
0.002910256611
0.001981310215
0.00114329328
0.0004649441549
-0.07981900926
0.02671350318
-0.001878873359
0.006269762827
0.005380342051
0.003961383119
0.00281617808
0.001902611757
0.001093414623
0.0004455257378
-0.05256826759
0.02153495669
0.0008085566999
0.006293592454
0.005274829027
0.003840330357
0.002701563848
0.001812216234
0.001037633672
0.0004227873004
-0.03109655229
0.01627318437
0.00329153061
0.006266678774
0.005104760858
0.003678499833
0.002563550903
0.001708604091
0.0009751919696
0.000396518232
-0.01572263309
0.01078856696
0.005153206679
0.006193415753
0.004866112407
0.003471271928
0.002399562382
0.001590342213
0.0009053428067
0.0003665397027
-0.006106564903
0.00583824794
0.006161211515
0.006009001917
0.004550596595
0.003214622516
0.002207240503
0.001456087992
0.0008273721535
0.0003327168111
-0.1638709407
-0.00810911367
-0.002220679105
0.002394328416
0.003845303876
0.00371105244
0.003029037081
0.002216229038
0.001327016036
0.0005083097293
-0.174128011
-0.007368559376
-0.002663895859
0.002393788949
0.003892370214
0.00372777986
0.003035730861
0.002217177424
0.00132564123
0.0005093371225
-0.1938626321
-0.005688698761
-0.003216365444
0.002508384423
0.004036299072
0.003807381961
0.003059702916
0.002221298135
0.001324655666
0.0005109370347
-0.217076755
-0.003943235365
-0.004480392752
0.002432862768
0.004151170488
0.003853166599
0.003088706342
0.002226922145
0.001322841333
0.0005128117012
-0.2374584601
0.001995395018
-0.002746013044
0.003633751542
0.004777768738
0.004107993835
0.003146683581
0.0022337863
0.001319333736
0.0005153668128
-0.4133396579
-0.4441279331
-0.4566378054
-0.453493528
-0.4391238645
-0.4175331708
-0.3871331274
-0.3540128655
-0.3144729257
-0.2735585893
-0.4147978955
-0.4458753459
-0.4575937423
-0.4537196948
-0.4390064998
-0.4165363756
-0.3870535428
-0.354905964
-0.3193926041
-0.2832712264
-0.417507631
-0.4488898016
-0.4593054812
-0.4550058946
-0.4401970105
-0.4169104512
-0.388628755
-0.357387391
-0.3279062175
-0.302084864
-0.4036727969
-0.4425805192
-0.4641533943
-0.4579693267
-0.4428915847
-0.4193256162
-0.3924818954
-0.3615759596
-0.3313059656
-0.3107096984
-0.3572860839
-0.4144959761
-0.4626252772
-0.4732984292
-0.4646399623
-0.4446758431
-0.4217110547
-0.3977113157
-0.3821829629
-0.3804442526
0.2829562529
0.2815589937
0.2786305126
0.274760609
0.2700466236
0.2644948163
0.2586861352
0.2544150206
0.2541246112
0.2580607446
0.3078596452
0.3092169351
0.3086659179
0.306970227
0.3044743007
0.3012562036
0.2977962479
0.2955436984
0.2963914942
0.3004531951
0.3281713112
0.3303699725
0.3313578047
0.3315805118
0.3312256159
0.330308657
0.3291598553
0.3288629597
0.3308000639
0.3348299808
0.3444252752
0.3477351673
0.3502758896
0.3522261505
0.3536668921
0.3545813789
0.3552009492
0.3563324521
0.3589966138
0.3628775038
0.3570009652
0.3609761356
0.3644659632
0.3675255941
0.3701749724
0.3723698943
0.3742562758
0.3764081231
0.3795410188
0.3831594543
0.364915661
0.3693004924
0.3735024748
0.3774279988
0.3810170334
0.3841944565
0.3870232902
0.3898675659
0.3932099172
0.3963996436
0.3685263658
0.3730904026
0.3776527854
0.3820310407
0.386115276
0.3898136077
0.3931279949
0.3962632119
0.3995317537
0.4021713286
0.3674192349
0.3719343379
0.3765589003
0.3810544615
0.3852770735
0.3891228646
0.3925425594
0.3956130066
0.3985226314
0.4005612198
0.3615984656
0.3658598915
0.3702479444
0.3745083779
0.3784883476
0.3820800602
0.3851990442
0.387833936
0.3901007853
0.3915538585
0.3509641875
0.3547551396
0.3586175395
0.3623087236
0.3656850727
0.368641643
0.371076409
0.3729309915
0.3743088187
0.3750620516
-0.2909038886
-0.3073943524
-0.3262886271
-0.3483429102
-0.3736729243
-0.401432668
-0.429012587
-0.4516317864
-0.4646049384
-0.4676641845
-0.2093655371
-0.2317421929
-0.2541334317
-0.2778755005
-0.3040700822
-0.3323895472
-0.3609313879
-0.3850830462
-0.3986306618
-0.4004551176
-0.147796634
-0.168455908
-0.18775929
-0.2074414314
-0.2305208751
-0.2568173618
-0.284146725
-0.307772109
-0.3216331961
-0.3217207347
-0.06308472337
-0.07989287729
-0.1004577491
-0.1224982463
-0.1469106666
-0.1736073645
-0.200774085
-0.224079094
-0.2372760086
-0.2368535885
0.01828487764
-0.004380351952
-0.02598770308
-0.04699936668
-0.0697550154
-0.09439402862
-0.1193400871
-0.1406259254
-0.1521188591
-0.1510503513
0.08021021659
0.06151765662
0.04285636442
0.02441099417
0.004292726469
-0.01760643353
-0.03980086049
-0.05859901347
-0.06825080494
-0.06660329091
0.1362739506
0.1200665861
0.1041769684
0.0885673773
0.07150974643
0.05288226326
0.03400399834
0.01821530151
0.01068799517
0.01299056506
0.1846283468
0.1717596178
0.1591446598
0.1466284586
0.1327685986
0.1174829342
0.1019490065
0.08915104017
0.08360772958
0.0864409401
0.2305409132
0.2194244688
0.2091580708
0.1990534986
0.1877832705
0.175329292
0.1627427587
0.1526511656
0.1488754682
0.1521822748
0.2712485996
0.2601188358
0.2514086161
0.2432830707
0.2343744681
0.2246734931
0.2150283849
0.2076314765
0.2055428413
0.2092637032
0.269118091
0.2617879057
0.2747522653
0.2678044602
0.2816974247
0.281951172
0.2934712684
0.3005651704
0.3099402829
0.2900354347
0.2686414268
0.2612700396
0.274113758
0.2671503088
0.2807123433
0.2811954748
0.2923315793
0.3004935851
0.3136899318
0.3031974787
0.2680976901
0.2606863741
0.2733914962
0.2664264428
0.2796425281
0.2804017062
0.2917076788
0.3015860561
0.318625624
0.3183515471
0.2674881171
0.2600328481
0.2725884816
0.2656246654
0.2784813277
0.2794648371
0.2906637512
0.3016629253
0.3212013031
0.3287754598
0.2668112076
0.2593087349
0.2717080591
0.2647340607
0.2772245413
0.2783571192
0.2893734863
0.3014171445
0.3222649908
0.3373974373
0.266068305
0.2585136557
0.2707537769
0.2637458683
0.2758708939
0.2770650678
0.2878229419
0.3006307245
0.321890133
0.3433577498
0.2652628137
0.2576473867
0.2697301121
0.2626534478
0.2744213957
0.2755749343
0.2860000967
0.299265277
0.3201390835
0.346831071
0.2643991684
0.2567104257
0.268642445
0.2614521144
0.2728780958
0.2738734367
0.2839034756
0.2973381575
0.3170302264
0.3477812462
0.2634824183
0.2557044585
0.2674966874
0.2601393641
0.2712434554
0.2719504195
0.2815306197
0.2948443787
0.3124228008
0.3462896284
0.2625179866
0.2546325845
0.2662989576
0.258715156
0.2695200857
0.2697990106
0.2788757547
0.2917452196
0.3063661252
0.3422726173
0.2703457376
0.2630418682
0.276126386
0.2690461223
0.2828330057
0.2817808507
0.2902764905
0.291370499
0.2822213231
0.2441613285
0.2702536926
0.2629490593
0.2760406212
0.2689624069
0.2827922564
0.2818193139
0.29062546
0.2919537207
0.2844853729
0.244538648
0.2700865211
0.2627929827
0.2758666713
0.268819094
0.2826951488
0.2818968461
0.2911180393
0.293064747
0.2882133017
0.2457341635
0.2698363959
0.2625576691
0.2756056702
0.2685997922
0.2825361137
0.2819882872
0.2919331076
0.294820674
0.2933188009
0.2483126142
0.2695030712
0.2622420658
0.2752574998
0.2683008232
0.2823014618
0.2820471134
0.2924616957
0.2968114251
0.299594013
0.2543637897
0.1794139067
0.1495347018
0.1097681346
0.05923285182
-0.000764002242
-0.07064359006
-0.1442201471
-0.2262331699
-0.2895383072
-0.3570666839
0.1828336776
0.1527791435
0.1131070335
0.06338318454
0.00412839021
-0.06592038147
-0.1399079058
-0.2219990865
-0.28753796
-0.3569156123
0.1893026398
0.157290463
0.1166872983
0.06760770521
0.009297308922
-0.06107183242
-0.1364967267
-0.2202320604
-0.2864196959
-0.3571940409
0.1996897635
0.1643922536
0.1234195561
0.07561860308
0.0168192153
-0.05602012075
-0.1345967015
-0.2346724906
-0.2631002509
-0.3413480842
0.2251711682
0.1690184786
0.1105534117
0.05079363875
-0.01268664178
-0.07936687735
-0.1441678854
-0.1976469287
-0.1957540625
-0.2809779441
)
;

boundaryField
{
    left
    {
        type            zeroGradient;
    }
    right
    {
        type            fixedValue;
        value           uniform 0;
    }
    down
    {
        type            zeroGradient;
    }
    up
    {
        type            zeroGradient;
    }
    cylinder
    {
        type            zeroGradient;
    }
    defaultFaces
    {
        type            empty;
    }
}


// ************************************************************************* //
