/*--------------------------------*- C++ -*----------------------------------*\
  =========                 |
  \\      /  F ield         | OpenFOAM: The Open Source CFD Toolbox
   \\    /   O peration     | Website:  https://openfoam.org
    \\  /    A nd           | Version:  11
     \\/     M anipulation  |
\*---------------------------------------------------------------------------*/
FoamFile
{
    format      ascii;
    class       volScalarField;
    location    "30";
    object      p;
}
// * * * * * * * * * * * * * * * * * * * * * * * * * * * * * * * * * * * * * //

dimensions      [0 2 -2 0 0 0 0];

internalField   nonuniform List<scalar> 
2500
(
1.148730746e-08
-7.192015055e-05
-0.0002764859626
-0.0005703425401
-0.0009082164138
-0.001252339801
-0.001578975866
-0.001870263141
-0.002114278539
-0.00230345389
-0.002433142281
-0.002500597359
-0.002504255246
-0.002443257189
-0.002317172791
-0.002125885929
-0.001869607963
-0.001548985966
-0.001165276372
-0.0007205569151
-0.0002179517989
0.0003381529466
0.0009419252461
0.001585953361
0.002261179962
0.002956918741
0.003660968667
0.004359823122
0.005038991386
0.005683415901
0.006277979902
0.006808086851
0.00726028615
0.007622914167
0.007886715428
0.008045407343
0.008096153691
0.008039917141
0.007881671498
0.00763046546
0.007299346637
0.006905175442
0.006468328524
0.006012134332
0.005563228368
0.005150161685
0.004802777724
0.004551177344
0.004424378517
0.004430529379
7.148249652e-05
-1.208362401e-06
-0.0001688105987
-0.0004023320023
-0.0006692597711
-0.0009441096663
-0.001207395949
-0.001444267634
-0.001644026121
-0.001799259962
-0.00190497085
-0.001957861772
-0.001955794396
-0.001897406985
-0.001781878554
-0.00160881874
-0.001378260276
-0.001090730649
-0.0007473800102
-0.000350143412
9.808352371e-05
0.0005932752038
0.001130131512
0.001701975223
0.002300705385
0.002916817775
0.003539538405
0.004156973375
0.004756426445
0.005324761411
0.005848849821
0.006316080793
0.006714908929
0.007035412955
0.007269833895
0.007413060149
0.007463028455
0.007421014122
0.007291792185
0.007083660274
0.006808325773
0.006480670616
0.006118403553
0.005741608833
0.00537230158
0.005033387201
0.004748375839
0.004538343055
0.004428502083
0.004436117988
0.0002785910262
0.0001644573245
-5.839024506e-06
-0.0002181394769
-0.0004529252436
-0.0006913038209
-0.0009180792337
-0.001121519222
-0.001292809235
-0.001425546919
-0.001515201275
-0.001558613029
-0.001553592914
-0.001498632073
-0.001392721184
-0.001235267454
-0.001026094425
-0.0007655073973
-0.0004544065857
-9.443011722e-05
0.000311890671
0.0007609806846
0.001248091653
0.001767209045
0.002311009844
0.002870890462
0.003437051032
0.003998683001
0.004544226724
0.005061713308
0.005539179614
0.005965140784
0.006329099145
0.006622063077
0.00683704564
0.006969511183
0.007017739397
0.00698308035
0.006870081318
0.006686475048
0.006443029418
0.006153266987
0.005833067082
0.005500177073
0.005173659396
0.004873096788
0.004617339709
0.004424620221
0.004316408595
0.004312268915
0.000581428629
0.0003987751187
0.0001993392631
-1.703582433e-05
-0.0002435257189
-0.0004661355108
-0.0006734996958
-0.0008570841348
-0.001010341677
-0.001128379495
-0.001207631102
-0.001245505231
-0.001240095947
-0.001189977533
-0.001094083317
-0.0009516621348
-0.0007623021656
-0.0005260091904
-0.0002433250272
8.452856667e-05
0.0004554954113
0.0008665347498
0.001313490128
0.001790991573
0.002292406853
0.002809858333
0.003334281235
0.003855612752
0.00436302002
0.004845225535
0.005290905196
0.005689144792
0.00602993491
0.006304677623
0.006506673939
0.006631559054
0.006677653293
0.006646200549
0.006541473246
0.006370732038
0.00614403944
0.005873936653
0.005575000775
0.005263312774
0.00495587294
0.004669904801
0.004421946381
0.004227607053
0.004104125846
0.004066773988
0.0009376761119
0.000669686582
0.000427137574
0.0001932139854
-3.784359687e-05
-0.0002562116464
-0.00045402149
-0.0006259177094
-0.0007677564619
-0.0008763652417
-0.0009493726159
-0.0009849673069
-0.0009816975516
-0.0009383400397
-0.0008538364961
-0.0007272933705
-0.0005580372185
-0.0003457156301
-9.04321582e-05
0.0002070970182
0.0005453774683
0.0009219751472
0.001333372885
0.001774858535
0.002240459249
0.002722935514
0.003213840158
0.003703666718
0.004182072723
0.004638191683
0.005061021931
0.005439879062
0.005764891384
0.006027510814
0.006221006556
0.006340906246
0.0063853497
0.006355324229
0.006254758051
0.006090458405
0.00587189319
0.005610827668
0.005320839716
0.005016746575
0.004713974104
0.004427902632
0.004173333794
0.003964103473
0.00381191673
0.003723700854
0.001308940201
0.0009500503593
0.0006563078013
0.0003956632005
0.0001506368042
-7.244590432e-05
-0.0002688337013
-0.0004361847634
-0.0005727294124
-0.0006770698158
-0.0007481246063
-0.0007849656576
-0.0007866851436
-0.0007523260364
-0.000680870877
-0.0005712842839
-0.0004226031993
-0.0002340664379
-5.27381206e-06
0.0002636356682
0.0005717977469
0.0009174410631
0.001297722374
0.001708592548
0.002144707596
0.002599398598
0.00306471352
0.003531541106
0.003989823189
0.004428857311
0.00483768339
0.005205541413
0.005522378943
0.005779379686
0.005969478284
0.006087822977
0.006132147569
0.006103017946
0.006003926384
0.005841218161
0.005623848895
0.005362986535
0.005071488046
0.004763286068
0.004452704379
0.004153816046
0.003880289442
0.003644866564
0.003453106066
0.003303485601
0.001667730553
0.001216087311
0.0008668020768
0.0005734949471
0.0003078579076
7.328995635e-05
-0.0001282094687
-0.0002970871301
-0.0004338303639
-0.0005387734735
-0.000612126455
-0.0006538654491
-0.0006636502997
-0.0006408052179
-0.0005843532208
-0.0004930989149
-0.0003657542018
-0.0002010994441
1.828442452e-06
0.0002435302466
0.0005238312367
0.0008416717375
0.001194914079
0.001580179772
0.001992731685
0.002426415978
0.002873679579
0.003325672065
0.003772444738
0.004203245773
0.00460690905
0.004972323576
0.005288961892
0.005547437398
0.005740053376
0.005861301838
0.005908269397
0.005880910792
0.005782159093
0.00561785419
0.005396486876
0.005128774492
0.004827104187
0.004504880814
0.004175783273
0.003853118855
0.00355004589
0.003278876889
0.003039476123
0.00282189877
0.001989406011
0.001446178317
0.001039820946
0.0007105812068
0.0004201442111
0.0001694021747
-4.209483814e-05
-0.0002173540348
-0.0003589641209
-0.000468891492
-0.0005485746057
-0.0005988534024
-0.0006199258731
-0.0006113702448
-0.0005722191812
-0.000501079458
-0.0003962919516
-0.0002561251097
-7.899422023e-05
0.0001363018974
0.0003903361953
0.0006828115281
0.001012334126
0.001376216657
0.001770326378
0.0021889944
0.002625005287
0.003069672428
0.003513022346
0.003944081549
0.004351268678
0.004722879122
0.005047640365
0.005315306915
0.005517255163
0.005647032629
0.005700814037
0.005677719506
0.005579958585
0.005412777487
0.005184204511
0.004904610471
0.00458612536
0.004241949031
0.003885543111
0.003529968704
0.003188476119
0.002873622348
0.002580273008
0.002290573281
0.002252741442
0.001620795861
0.001157678868
0.0007911244916
0.0004735047605
0.0002034916141
-2.158051844e-05
-0.0002070716287
-0.0003575071379
-0.000476357893
-0.000566190789
-0.0006286297521
-0.0006643448327
-0.0006731102014
-0.0006539134733
-0.0006051088667
-0.000524609347
-0.0004101115192
-0.0002593463533
-7.034815116e-05
0.0001582670355
0.0004270240368
0.0007353248397
0.001081213244
0.001461184217
0.001870055478
0.002300924506
0.002745211448
0.00319282495
0.003632436853
0.004051875714
0.004438626995
0.004780418707
0.005065860813
0.005285096593
0.005430416705
0.005496783199
0.005482212609
0.005387975255
0.005218582221
0.004981550686
0.004686963468
0.004346867627
0.003974549567
0.00358365625
0.003187502859
0.002800015629
0.002434652597
0.002081975937
0.001716863515
0.00243899709
0.001722142688
0.001203756714
0.0007997933662
0.0004538824255
0.0001626587611
-7.858610571e-05
-0.000277386495
-0.0004400472803
-0.0005714082804
-0.0006750476558
-0.0007532721055
-0.0008071357805
-0.000836530873
-0.0008403287485
-0.00081656351
-0.0007626536962
-0.000675656663
-0.0005525496109
-0.0003905305255
-0.0001873309207
5.846974317e-05
0.0003471405963
0.0006775220441
0.001046791642
0.001450292373
0.00188145129
0.002331781547
0.002791024092
0.00324740286
0.003688014488
0.004099341203
0.004467867217
0.004780767436
0.005026625176
0.005196126058
0.00528266977
0.005282841635
0.005196692986
0.0050277937
0.004783040792
0.004472235248
0.004107473326
0.003702387718
0.00327118953
0.002827929337
0.002387777383
0.001965725672
0.001548629674
0.001104578049
0.002531146944
0.001733803219
0.001162431025
0.0007218520736
0.0003474385002
3.389719256e-05
-0.0002253996164
-0.0004400114426
-0.0006178800908
-0.0007650826299
-0.0008860875177
-0.0009837747784
-0.001059484531
-0.001113138734
-0.001143411851
-0.001147942079
-0.001123579727
-0.001066668373
-0.0009733539217
-0.0008399158956
-0.0006631137481
-0.0004405386324
-0.0001709581495
0.0001453613727
0.0005063724137
0.0009080246723
0.001344139431
0.001806357859
0.002284252091
0.002765549019
0.003236507589
0.003682437864
0.004088345256
0.004439670838
0.004723084055
0.004927271958
0.005043660875
0.005067004093
0.00499577444
0.004832314199
0.004582716185
0.004256441014
0.003865715003
0.003424739486
0.002948642116
0.002452670032
0.001953791768
0.001469144213
0.000982321204
0.0004548595078
0.002513465347
0.001640529831
0.001019018922
0.0005432329625
0.0001407264903
-0.0001956608309
-0.0004743878329
-0.0007069145327
-0.0009026934819
-0.001068917031
-0.001210827656
-0.001331770413
-0.001433272191
-0.00151519416
-0.001575930302
-0.001612643711
-0.001621538488
-0.001598164313
-0.001537750286
-0.001435563827
-0.0012872886
-0.001089412844
-0.0008396160595
-0.0005371387683
-0.000183118616
0.0002191306139
0.0006639473317
0.001143188675
0.001646313822
0.002160555589
0.002671272711
0.003162464446
0.003617435613
0.00401958744
0.004353291857
0.004604791446
0.004763055293
0.004820514892
0.00477360646
0.004623057652
0.004373878017
0.004035046586
0.00361893499
0.003140488718
0.00261607367
0.002062575154
0.001499307297
0.0009461521033
0.0003837215553
-0.0002330174845
0.002371328851
0.001428140311
0.0007597703517
0.0002506162446
-0.0001791530546
-0.000538531516
-0.0008377431457
-0.001090041417
-0.001306278285
-0.001494651628
-0.001661071416
-0.001809247062
-0.001940798866
-0.002055440999
-0.00215120631
-0.002224705008
-0.002271416527
-0.002286013457
-0.00226271606
-0.002195674935
-0.002079377502
-0.001909071017
-0.001681191056
-0.001393780862
-0.001046886496
-0.0006429019682
-0.0001867764405
0.000313705213
0.0008480130876
0.001402952605
0.001962974711
0.002510670489
0.003027444901
0.003494352473
0.003893056417
0.004206853286
0.00442168861
0.004527077475
0.00451684135
0.004389580409
0.004148820508
0.003802810464
0.003363996393
0.002848182383
0.002273256881
0.001658166746
0.001025122453
0.0003973590155
-0.000247370519
-0.0009609371915
0.002091158563
0.001083503117
0.0003719106561
-0.0001684657344
-0.000624389873
-0.001006666652
-0.001327230697
-0.00160103282
-0.00184022514
-0.002053914005
-0.002248582915
-0.002428216937
-0.00259444742
-0.002746765033
-0.002882768979
-0.002998444948
-0.003088472853
-0.003146565368
-0.003165838058
-0.003139210944
-0.003059839302
-0.002921568368
-0.002719402656
-0.002449976308
-0.002112008562
-0.001706720914
-0.001238126364
-0.0007133970896
-0.0001428585907
0.0004600082809
0.001078809701
0.001694688935
0.002286989997
0.002834126161
0.003314621762
0.003708272325
0.003997345338
0.004167725543
0.004209898637
0.004119669127
0.003898524283
0.003553593875
0.003097213052
0.00254607705
0.001919832829
0.00123989401
0.0005319332899
-0.0001768239494
-0.0009114973078
-0.001731295931
0.00166046302
0.0005945922832
-0.0001562730629
-0.0007255005842
-0.001206292088
-0.001611239612
-0.001953936664
-0.002250940516
-0.002515613491
-0.00275788563
-0.002984734079
-0.003200345725
-0.003406295451
-0.003601788029
-0.003783929236
-0.003948019339
-0.004087871924
-0.004196161474
-0.004264803116
-0.004285367107
-0.00424952849
-0.004149549201
-0.003978785955
-0.003732211561
-0.003406927197
-0.00300264733
-0.002522237849
-0.001971833464
-0.001361290769
-0.0007041476979
-1.749033805e-05
0.0006784167285
0.001360756463
0.002005039893
0.002586220475
0.003079994352
0.003464208924
0.003720274706
0.003834455472
0.003798903984
0.00361231992
0.003280143061
0.002814258963
0.002232174603
0.001555465285
0.0008083947416
2.068962431e-05
-0.000775744596
-0.001609024469
-0.002546405759
0.00106795137
-4.940607092e-05
-0.0008353111786
-0.001430848029
-0.001935105257
-0.002362428814
-0.002728016031
-0.00304994077
-0.003342692584
-0.003616952155
-0.003880125341
-0.004136543939
-0.004387676647
-0.004632397676
-0.004867276413
-0.005086881948
-0.005284107439
-0.005450520306
-0.005576744631
-0.005652881453
-0.005668970579
-0.005615494358
-0.005483919785
-0.005267269526
-0.00496070365
-0.004562095566
-0.004072608718
-0.00349708933
-0.00284449894
-0.002128077993
-0.001365339875
-0.0005778105561
0.0002095227761
0.0009690719906
0.001671813413
0.002288723003
0.002792408812
0.003158830018
0.00336895862
0.003410218351
0.003277533064
0.00297384815
0.00251005726
0.001904245471
0.001179992011
0.0003647615864
-0.0005070402797
-0.001398063663
-0.002339628186
-0.003407925919
0.0003036926964
-0.000857952804
-0.001674407626
-0.002293578708
-0.002819825541
-0.003269199685
-0.003658439882
-0.004007045027
-0.004330554511
-0.004640338067
-0.00494418101
-0.005246521668
-0.005548693
-0.005849214738
-0.006144097364
-0.006427152368
-0.006690315808
-0.006923993868
-0.007117439993
-0.007259172757
-0.007337441757
-0.007340745705
-0.007258402774
-0.007081167609
-0.006801882032
-0.006416142737
-0.005922968332
-0.005325384665
-0.004630963419
-0.003852178589
-0.003006571375
-0.002116646126
-0.001209442257
-0.0003157400975
0.0005311188105
0.001296781704
0.00194774506
0.002453415133
0.002788208306
0.002933490405
0.0028791338
0.002624491332
0.002178654902
0.00155984225
0.0007935753383
-8.918341305e-05
-0.001048690738
-0.00204129349
-0.003101772416
-0.004316297321
-0.0006406985548
-0.001838996631
-0.002681285364
-0.003321308943
-0.003868013818
-0.004339090281
-0.004752746463
-0.005129811887
-0.005486803617
-0.005835730612
-0.006184724987
-0.006538313212
-0.006897685123
-0.007261005372
-0.00762372662
-0.007978899485
-0.008317488251
-0.008628703836
-0.008900366897
-0.009119314008
-0.009271858236
-0.009344312575
-0.00932358068
-0.009197813941
-0.008957127101
-0.008594358452
-0.008105852747
-0.007492211533
-0.006759003321
-0.005917328793
-0.004984201375
-0.00398265341
-0.002941491051
-0.00189462757
-0.000879945075
6.232971852e-05
0.000891699042
0.001569816733
0.002063090008
0.002345224688
0.002399431534
0.002220011646
0.001813100177
0.001196314595
0.0003968603574
-0.0005505973792
-0.001600294715
-0.00270130742
-0.003892157655
-0.005270154521
-0.001771868976
-0.002998812537
-0.003862034657
-0.004520042852
-0.005085620424
-0.005578009055
-0.006016803905
-0.006424068191
-0.00681723049
-0.00720890203
-0.007607547001
-0.008017783174
-0.008440673851
-0.00887405348
-0.009312844231
-0.009749359
-0.01017360175
-0.0105735794
-0.01093564157
-0.01124486495
-0.01148549808
-0.01164147949
-0.01169703888
-0.01163738571
-0.01144948295
-0.01112289674
-0.01065070227
-0.01003040293
-0.009264838815
-0.008362988631
-0.007340611893
-0.006220623726
-0.005033102713
-0.003814829282
-0.002608266519
-0.001459928517
-0.0004181359112
0.000469765876
0.001160558351
0.001618407334
0.001817878464
0.001746331176
0.001405353394
0.0008108460358
-8.843878322e-06
-0.001015294333
-0.002156039841
-0.003371802159
-0.004705119537
-0.006265688098
-0.003094541338
-0.004341853305
-0.005220978371
-0.005894034662
-0.006476832267
-0.006990055769
-0.007454595273
-0.007893650014
-0.008325501999
-0.008763342721
-0.009215973618
-0.009688130311
-0.0101807919
-0.01069151476
-0.01121474618
-0.01174211345
-0.01226270105
-0.01276333288
-0.01322887899
-0.01364260768
-0.01398660304
-0.01424226602
-0.01439091404
-0.01441448957
-0.01429638199
-0.01402235881
-0.01358159237
-0.01296776116
-0.01218014766
-0.01122472787
-0.01011510713
-0.00887322432
-0.007529690798
-0.006123626621
-0.004701861568
-0.003317393924
-0.002027053309
-0.000888398589
4.400425636e-05
0.0007226458822
0.001111069419
0.001187307839
0.0009462768893
0.0004005448704
-0.0004213364641
-0.001477372213
-0.002707764801
-0.004043691764
-0.005531952904
-0.007295929095
-0.004611354887
-0.005870629753
-0.006760569035
-0.007445685208
-0.00804395565
-0.008577378463
-0.009068038763
-0.009540176763
-0.01001288146
-0.01049992088
-0.01101046168
-0.01154940961
-0.01211772947
-0.01271278045
-0.01332862017
-0.01395627285
-0.01458397586
-0.01519742378
-0.01578003282
-0.01631325018
-0.01677693273
-0.01714981831
-0.01741011025
-0.01753619189
-0.0175074827
-0.01730543964
-0.01691469747
-0.01632433027
-0.01552918411
-0.0145312346
-0.01334086772
-0.0119779686
-0.01047267156
-0.00886559819
-0.007207401969
-0.005557449039
-0.003981510368
-0.002548427001
-0.001325842632
-0.0003752701184
0.0002530514281
0.0005249027056
0.0004257686138
-3.736532322e-05
-0.0008372170379
-0.001928762797
-0.00324437197
-0.004704408608
-0.006360134592
-0.008349925363
-0.006322746836
-0.0075856352
-0.008481332775
-0.009175487295
-0.009787349065
-0.01034008049
-0.0108568571
-0.01136287293
-0.01187799457
-0.01241658604
-0.01298823415
-0.01359809597
-0.01424722152
-0.01493288369
-0.01564886575
-0.01638570221
-0.01713088759
-0.01786907477
-0.01858228853
-0.01925018235
-0.01985036717
-0.02035884012
-0.0207505395
-0.02100004935
-0.02108247272
-0.02097448593
-0.02065557579
-0.02010945174
-0.01932560352
-0.01830093366
-0.01704141053
-0.01556358574
-0.01389583148
-0.0120790896
-0.01016690003
-0.008224467968
-0.006326556089
-0.004554066241
-0.002989317292
-0.001710234341
-0.0007839212265
-0.0002603275395
-0.0001668768097
-0.0005051950811
-0.001251455034
-0.002358671223
-0.003751127499
-0.005337083533
-0.007172416067
-0.00941177861
-0.008226890483
-0.009485329477
-0.01038187526
-0.01108203479
-0.0117054205
-0.01227619183
-0.01281851038
-0.01335845214
-0.01391665678
-0.01450813415
-0.01514297898
-0.01582671397
-0.0165606063
-0.01734198428
-0.01816450222
-0.01901834782
-0.01989040751
-0.02076441271
-0.02162109541
-0.02243838412
-0.02319167283
-0.02385419525
-0.02439753601
-0.02479230844
-0.0250090257
-0.02501918615
-0.02479658339
-0.02431884663
-0.02356922621
-0.02253844295
-0.02122676712
-0.01964597632
-0.01782114317
-0.01579199927
-0.01361359565
-0.01135594695
-0.009102342623
-0.006946064487
-0.004985385613
-0.003316960195
-0.002028037887
-0.001188283776
-0.0008422768567
-0.001004202356
-0.001656781312
-0.002752864714
-0.004208815708
-0.005919574622
-0.007945755467
-0.01045951036
-0.0103197045
-0.01156619735
-0.01245896461
-0.01316211014
-0.01379470338
-0.01438171837
-0.01494820549
-0.01552107691
-0.01612177663
-0.01676605057
-0.01746463023
-0.01822355741
-0.019044484
-0.01992496764
-0.02085870789
-0.02183571559
-0.02284243056
-0.02386181155
-0.02487342885
-0.02585359341
-0.02677555814
-0.02760982777
-0.02832461338
-0.02888646701
-0.02926113006
-0.02941462526
-0.02931461172
-0.02893201988
-0.02824305556
-0.02723119082
-0.02588970357
-0.02422406354
-0.02225430985
-0.0200171154
-0.01756722126
-0.01497786127
-0.01233975175
-0.009758235802
-0.007348279754
-0.005227258134
-0.003505843764
-0.002277785323
-0.001609822912
-0.001533679639
-0.002042836761
-0.003092762964
-0.004592710476
-0.006423311839
-0.008650057724
-0.0114637255
-0.01259494691
-0.01382289582
-0.01470770593
-0.01541086442
-0.01605002436
-0.01665078086
-0.01723899317
-0.01784240452
-0.01848334577
-0.01917844341
-0.01993924703
-0.02077251811
-0.02168050115
-0.02266119018
-0.02370853139
-0.02481255153
-0.02595942601
-0.02713151106
-0.02830737127
-0.02946183876
-0.03056614228
-0.03158814552
-0.03249273477
-0.03324239587
-0.03379802012
-0.0341199778
-0.03416949598
-0.03391036486
-0.03331091923
-0.03234658748
-0.03100239592
-0.02927596267
-0.02718045257
-0.02474738833
-0.02202897622
-0.01909950768
-0.01605530906
-0.01301266564
-0.01010319841
-0.007466381838
-0.005239299173
-0.003544309082
-0.00247597356
-0.002089615083
-0.002395003226
-0.003354276215
-0.004871322681
-0.006811923052
-0.009246691172
-0.01238604356
-0.01504440612
-0.01624850459
-0.01712182208
-0.0178221036
-0.01846477449
-0.01907585315
-0.01968195978
-0.02031172515
-0.02098852172
-0.02173007444
-0.02254899996
-0.02345303791
-0.02444527936
-0.02552439643
-0.02668480787
-0.02791676602
-0.02920637645
-0.03053557395
-0.03188208678
-0.0332194266
-0.03451694436
-0.03573999391
-0.03685024622
-0.03780619764
-0.03856391683
-0.03907807567
-0.0393033093
-0.03919593624
-0.03871605146
-0.03783017568
-0.03651403425
-0.03475597473
-0.03256046275
-0.0299516566
-0.02697669935
-0.0237082622
-0.02024573014
-0.01671429697
-0.01326120129
-0.01004847142
-0.007241935962
-0.004996910949
-0.003441868879
-0.002662826551
-0.002692836788
-0.003506332187
-0.005004879763
-0.007039605678
-0.009686749319
-0.01317727006
-0.01765820036
-0.01883489437
-0.01969405585
-0.02038869423
-0.02103129399
-0.02164810577
-0.02226651672
-0.02291619214
-0.02362180223
-0.02440248693
-0.02527226656
-0.02624018875
-0.02731049844
-0.02848282342
-0.02975230185
-0.03110963046
-0.03254104084
-0.0340282251
-0.03554824275
-0.03707344643
-0.03857146829
-0.04000531016
-0.0413335823
-0.04251093666
-0.04348874248
-0.04421605454
-0.04464092494
-0.0447120964
-0.04438112542
-0.04360518305
-0.04234982784
-0.04059293451
-0.03832859976
-0.035571438
-0.03236085519
-0.0287648399
-0.02488262004
-0.02084531956
-0.0168135976
-0.0129712643
-0.009514166256
-0.006634299313
-0.004500188478
-0.003236479887
-0.002908024744
-0.003509031106
-0.004943491639
-0.007049207095
-0.009909026616
-0.01377528317
-0.02042519763
-0.02157323025
-0.02241671095
-0.02310310265
-0.02374137906
-0.02435785735
-0.02498078408
-0.02564113739
-0.02636528193
-0.02717422108
-0.02808382819
-0.0291048764
-0.03024313307
-0.0314994958
-0.0328700844
-0.03434625792
-0.03591455735
-0.03755659205
-0.03924889994
-0.04096281912
-0.04266441307
-0.04431449361
-0.04586878727
-0.0472782925
-0.04848987705
-0.04944716839
-0.0500917932
-0.05036501754
-0.05020984581
-0.04957376989
-0.04841178207
-0.0466903701
-0.04439187684
-0.04151940494
-0.03810200761
-0.03419975088
-0.02990799683
-0.02535996164
-0.02072631445
-0.01621041856
-0.01203794215
-0.00844013319
-0.005631238563
-0.003782932409
-0.003001798512
-0.003311370419
-0.004624956603
-0.006769975604
-0.00983767628
-0.01410261256
-0.0233335708
-0.02445463224
-0.02528235394
-0.02595808413
-0.02658691879
-0.02719513261
-0.02781205931
-0.02847045649
-0.02919897289
-0.03002109808
-0.0309551507
-0.03201415277
-0.03320583121
-0.03453270254
-0.03599213768
-0.03757636152
-0.03927237855
-0.04106183692
-0.04292085832
-0.04481987059
-0.0467234851
-0.04859046344
-0.05037381965
-0.05202110554
-0.05347492912
-0.05467375908
-0.05555307515
-0.05604693643
-0.05609002361
-0.05562005446
-0.05458144858
-0.05292877332
-0.05063164276
-0.04768006364
-0.04409040525
-0.039911658
-0.03523138533
-0.03018041654
-0.02493490268
-0.01971397848
-0.01477113686
-0.01037775521
-0.006798346766
-0.004259896116
-0.002921759252
-0.002848489062
-0.003972161672
-0.006114941107
-0.009379514873
-0.01406368711
-0.02637150946
-0.02747102561
-0.02828470855
-0.02894754416
-0.029560671
-0.03015032226
-0.03074735487
-0.03138703982
-0.03210116139
-0.03291654442
-0.0338547223
-0.03493161291
-0.03615741268
-0.03753663526
-0.03906816597
-0.04074526686
-0.04255550975
-0.04448064212
-0.0464964092
-0.04857236781
-0.05067173378
-0.05275130784
-0.054761526
-0.05664668229
-0.05834537287
-0.05979121444
-0.06091389661
-0.06164063927
-0.06189811168
-0.06161484392
-0.06072461888
-0.05917003915
-0.05690752918
-0.05391294143
-0.05018812889
-0.04576822816
-0.04072918813
-0.03519467594
-0.02934094877
-0.02339767235
-0.01764219534
-0.01238473192
-0.007942767516
-0.004605993069
-0.002598113795
-0.002038396605
-0.002890033664
-0.004977879027
-0.008420929896
-0.01354172247
-0.02952812446
-0.0306162317
-0.03141978972
-0.03206760348
-0.03265718903
-0.03321493734
-0.03377398194
-0.03437321735
-0.03504876456
-0.03583192043
-0.03674841515
-0.0378178465
-0.03905346024
-0.0404621602
-0.04204458251
-0.04379514091
-0.04570200242
-0.04774698751
-0.04990541349
-0.05214591488
-0.05443028269
-0.05671336802
-0.05894309644
-0.06106064057
-0.06300079945
-0.06469263602
-0.06606043092
-0.0670250192
-0.06750556945
-0.06742188431
-0.06669767941
-0.06526383638
-0.06306361959
-0.06005827089
-0.05623395657
-0.05160982019
-0.04624686274
-0.04025695417
-0.03381066942
-0.02714182523
-0.02054575114
-0.01436773988
-0.008978446988
-0.004735880533
-0.001939375007
-0.0007781753766
-0.001261998754
-0.003229799377
-0.006824328705
-0.01239520445
-0.03279460693
-0.03388738087
-0.03468735108
-0.03531791582
-0.03587391768
-0.03638244909
-0.03688015174
-0.03741117736
-0.03801764397
-0.03873681219
-0.03959983432
-0.04063091194
-0.04184697353
-0.04325769372
-0.04486563653
-0.04666639212
-0.04864864276
-0.05079413952
-0.0530776025
-0.05546657757
-0.05792129201
-0.06039455632
-0.06283175966
-0.06517100659
-0.06734344341
-0.06927382394
-0.07088136948
-0.07208098741
-0.07278492726
-0.07290495509
-0.07235505711
-0.07105535823
-0.06893635379
-0.06594479447
-0.06205072782
-0.0572559942
-0.05160412381
-0.04519115805
-0.03817634162
-0.03079065837
-0.02333999138
-0.01619847858
-0.009787149475
-0.004535245576
-0.0008276584676
0.001060325707
0.001054092494
-0.0007148805564
-0.004424032951
-0.01045389319
-0.03616574852
-0.03728678025
-0.03809276162
-0.03870331252
-0.03921248758
-0.03964920531
-0.04005555996
-0.04048331338
-0.04098282955
-0.04159924563
-0.04237062081
-0.04332680616
-0.04448906187
-0.04587015477
-0.04747464671
-0.04929919478
-0.05133277035
-0.05355676423
-0.05594498578
-0.05846358871
-0.06107096886
-0.06371768469
-0.06634644989
-0.06889224794
-0.07128261716
-0.07343815519
-0.0752732946
-0.0766974112
-0.07761634492
-0.07793440974
-0.07755687798
-0.07639368106
-0.0743634064
-0.07139897885
-0.06745460854
-0.06251442191
-0.05660299128
-0.04979750798
-0.04224096296
-0.03415460943
-0.02584654051
-0.01771138199
-0.0102145886
-0.003856104993
0.0008862046387
0.003635244844
0.0042306234
0.002754272995
-0.001021461368
-0.007514214193
-0.0396420062
-0.04082445129
-0.0416494931
-0.042235888
-0.04268025275
-0.04301541541
-0.04329191614
-0.04357245024
-0.04391860807
-0.04438578764
-0.04502068486
-0.04585991479
-0.04692966341
-0.04824597845
-0.04981531488
-0.05163509583
-0.05369416395
-0.05597307642
-0.05844424914
-0.06107198578
-0.06381244164
-0.06661358115
-0.06941518061
-0.07214893083
-0.07473868994
-0.07710093536
-0.0791454655
-0.08077640897
-0.08189361388
-0.08239449413
-0.08217640527
-0.08113989333
-0.07919262552
-0.07625470245
-0.07226535493
-0.06719141089
-0.0610380998
-0.0538620106
-0.04578618249
-0.03701605652
-0.02785351893
-0.0187039205
-0.01006832183
-0.002512991183
0.003387402689
0.007139804767
0.008475519222
0.007402240378
0.003620663101
-0.003333797143
-0.04323242305
-0.0445216859
-0.0453825003
-0.04593769615
-0.04629213757
-0.04648619796
-0.04658337511
-0.0466618992
-0.04679843667
-0.04706151173
-0.04750836288
-0.04818344577
-0.04911829537
-0.05033218896
-0.0518331049
-0.05361867001
-0.05567693781
-0.05798694203
-0.060519033
-0.06323504163
-0.06608832889
-0.06902379328
-0.0719778907
-0.07487872966
-0.07764629572
-0.08019285571
-0.08242359239
-0.08423752507
-0.08552878356
-0.08618831094
-0.08610609094
-0.08517411724
-0.08329009059
-0.0803624069
-0.0763165183
-0.07110301544
-0.06470836933
-0.05716811566
-0.0485831695
-0.0391385123
-0.02912223272
-0.01894023591
-0.009118251798
-0.0002807595052
0.006901251311
0.01180758328
0.01403830273
0.01349756875
0.00978552796
0.002375262624
-0.04695893302
-0.04841618458
-0.04933293018
-0.04984430656
-0.05007288401
-0.05007268284
-0.04992682171
-0.0497352929
-0.04959465215
-0.04958982363
-0.04979051279
-0.05024987031
-0.05100485787
-0.05207754338
-0.05347668041
-0.0551991947
-0.05723139541
-0.05954985691
-0.06212198972
-0.0649063651
-0.06785285871
-0.07090271439
-0.07398857813
-0.07703458299
-0.07995654251
-0.08266230608
-0.08505232619
-0.08702049187
-0.0884553063
-0.08924147205
-0.08926198015
-0.08840081178
-0.08654653395
-0.08359682095
-0.07946463512
-0.07408570742
-0.06742901823
-0.05950966674
-0.05040579528
-0.04027905646
-0.02939772577
-0.01815876599
-0.00710065197
0.003105061957
0.01169600647
0.01791768894
0.02121702661
0.02136122305
0.01781162048
0.00995517655
-0.05086294838
-0.0525696907
-0.05356482619
-0.05400957164
-0.05405980908
-0.05379314539
-0.05332194287
-0.05277614557
-0.05227795482
-0.05193215824
-0.05182257947
-0.05201140864
-0.05254052057
-0.0534337583
-0.05469939034
-0.05633230887
-0.05831578114
-0.06062272047
-0.06321652079
-0.06605156679
-0.06907342674
-0.07221901638
-0.07541660509
-0.07858588193
-0.08163811103
-0.08447643165
-0.08699634357
-0.08908643309
-0.09062948667
-0.09150398195
-0.09158603785
-0.09075197547
-0.08888158897
-0.08586247714
-0.0815969614
-0.07600589585
-0.0690430369
-0.06070425202
-0.05104538561
-0.04020358967
-0.02842325314
-0.01608445142
-0.003726742559
0.00794419592
0.01808341168
0.02579938862
0.03036624521
0.03137747212
0.02810555849
0.01981463003
-0.05501578309
-0.05707960881
-0.05817483322
-0.05851207179
-0.05830617193
-0.05767409647
-0.05677097229
-0.05576705427
-0.05481663168
-0.05404755213
-0.05355865391
-0.05342058266
-0.0536786988
-0.05435680166
-0.05546075844
-0.05698158808
-0.05889784277
-0.06117730957
-0.0637780945
-0.06664939522
-0.06973151124
-0.07295633284
-0.07624715527
-0.07951872291
-0.08267733032
-0.08562103769
-0.08824007887
-0.09041751847
-0.09203023376
-0.09295028671
-0.0930467945
-0.09218837556
-0.09024599391
-0.08709700063
-0.08263739044
-0.07676771605
-0.06943152702
-0.06060629274
-0.05032641878
-0.03870450252
-0.0259586967
-0.01244614426
0.001302951116
0.01456220427
0.02641548124
0.0358353333
0.04190617497
0.04400839251
0.04116048978
0.03244684764
-0.05953566485
-0.06209704754
-0.06330638629
-0.0634637951
-0.06288514823
-0.06175110261
-0.06027785976
-0.0586883545
-0.05717540321
-0.05589202297
-0.05495147436
-0.0544307776
-0.05437604051
-0.0548081461
-0.05572784989
-0.05711990016
-0.05895606681
-0.06119733777
-0.06379511281
-0.06669215891
-0.06982279432
-0.0731130735
-0.07648071699
-0.07983505236
-0.08307700843
-0.08609922949
-0.08878637815
-0.09101568697
-0.09265782405
-0.09357815091
-0.09363848196
-0.09269942971
-0.09062332187
-0.08727834628
-0.08254478233
-0.07631814063
-0.06852279162
-0.05911970027
-0.048122934
-0.03562061877
-0.02180310465
-0.007000007526
0.008276883655
0.02329345725
0.03707505312
0.04846166611
0.05633285469
0.05981367177
0.05758362483
0.04845831374
-0.06461639076
-0.0678553154
-0.069170465
-0.06902152683
-0.06789405523
-0.06606872072
-0.06384627718
-0.06151575918
-0.05931353029
-0.05741745949
-0.05595210151
-0.05499654793
-0.05459315215
-0.05475570613
-0.05547624222
-0.05673028846
-0.05848036259
-0.06067875093
-0.063268761
-0.06618560443
-0.06935667903
-0.07270158155
-0.0761319584
-0.07955132105
-0.08285490974
-0.08592967797
-0.08865446323
-0.09090040615
-0.09253168319
-0.09340663005
-0.09337937448
-0.09230206331
-0.09002756844
-0.08641380515
-0.08132836206
-0.07465474358
-0.06630108322
-0.05621054074
-0.04437592215
-0.03085967958
-0.01582193722
0.000439914672
0.01744130809
0.03445328993
0.05045605909
0.06416143512
0.07422800295
0.07947777651
0.07813875693
0.06861739823
-0.07057728132
-0.07471552935
-0.07607552993
-0.07540077493
-0.07345747081
-0.07067796559
-0.06747504167
-0.06421580371
-0.06118120619
-0.0585691863
-0.05650852352
-0.05507298803
-0.05429444
-0.05417390242
-0.05469015195
-0.05580582052
-0.05747169625
-0.0596293087
-0.06221240764
-0.06514765964
-0.06835479629
-0.07174645317
-0.07522784954
-0.07869643288
-0.08204157761
-0.08514440955
-0.08787781881
-0.09010672156
-0.0916886316
-0.09247461516
-0.0923107876
-0.09104042847
-0.08850581283
-0.08455386256
-0.07903885493
-0.07182922709
-0.06281554098
-0.05192040528
-0.03911209681
-0.02442358612
-0.007979962075
0.009962229679
0.02895642491
0.04829485291
0.06692783982
0.0834451398
0.09626504177
0.1038463801
0.1038127343
0.09394066859
-0.07795354877
-0.08324027041
-0.0844692516
-0.08289014927
-0.07972562535
-0.07562767933
-0.07114781336
-0.06673649124
-0.06271207699
-0.05928040022
-0.05656166933
-0.05461288089
-0.05344598849
-0.0530419319
-0.05336068668
-0.05434816449
-0.05594052099
-0.05806667067
-0.06064952957
-0.06360641086
-0.06684888708
-0.07028235995
-0.07380549743
-0.0773096584
-0.08067839069
-0.08378706797
-0.08650272192
-0.08868412379
-0.09018216613
-0.09084060694
-0.09049739303
-0.08898669174
-0.08613922545
-0.08179014135
-0.07577866569
-0.06795567417
-0.05819079509
-0.046381437
-0.03246526468
-0.01643781462
0.001621427211
0.02150897684
0.04283583437
0.06494274928
0.086775989
0.1068097976
0.1232044684
0.1339723343
0.1359184779
0.1258511221
-0.08766706061
-0.09431269232
-0.09499244636
-0.09185958486
-0.08686009857
-0.08094254529
-0.07481104848
-0.06898832399
-0.0638081016
-0.05946053237
-0.0560365695
-0.05355991882
-0.05201019851
-0.05133926852
-0.05148217649
-0.05236392772
-0.05390339487
-0.05601526759
-0.0586107147
-0.06159725423
-0.06487816695
-0.06835168738
-0.0719101259
-0.0754390276
-0.0788164401
-0.08191234328
-0.08458828539
-0.08669726828
-0.08808391744
-0.08858498027
-0.08803038543
-0.0862449236
-0.08304820163
-0.078262014
-0.07170911831
-0.0632201077
-0.05263945637
-0.0398330924
-0.0246991048
-0.007183173812
0.01269780723
0.03481741952
0.05887512841
0.08429298273
0.1100994524
0.1346578763
0.1558600796
0.1711630999
0.1762536139
0.1664812804
-0.1013689537
-0.1093260479
-0.1085316845
-0.1027402577
-0.09498660995
-0.08657133532
-0.07832749373
-0.07080621314
-0.06430986324
-0.05897270897
-0.05482537034
-0.05183580086
-0.04993571091
-0.04903767484
-0.04904531814
-0.04985889216
-0.05137787954
-0.05350175428
-0.05612964824
-0.05915942092
-0.06248644746
-0.06600232363
-0.06959360984
-0.07314069
-0.07651679258
-0.07958720634
-0.08220871728
-0.08422929261
-0.08548803033
-0.08581542747
-0.08503442882
-0.08296240288
-0.07940161807
-0.07416644186
-0.06706080961
-0.05789238119
-0.04647621172
-0.03263978467
-0.01623075389
0.002871399161
0.02473630727
0.04934940974
0.07655137417
0.1059254
0.1366091459
0.1671151636
0.1949713794
0.2169879852
0.2273434773
0.2192737901
-0.1221600077
-0.1304721233
-0.1262084127
-0.1159060217
-0.1040578944
-0.09226218709
-0.08137376627
-0.07187027188
-0.06393755186
-0.05759067983
-0.05275598547
-0.04931706903
-0.04713990691
-0.04608730519
-0.04602583748
-0.04682838042
-0.04837420078
-0.05054775311
-0.05323687365
-0.05633076868
-0.05971801852
-0.06328471541
-0.06691279411
-0.07047858187
-0.07385157853
-0.07689347067
-0.07945738247
-0.08138736633
-0.08251813763
-0.08267505785
-0.08167417029
-0.07932206499
-0.07542482783
-0.06976938287
-0.06214567201
-0.05233869437
-0.04013110309
-0.0253060135
-0.007650163971
0.01304075123
0.03695135672
0.06422375991
0.09490903322
0.1288634987
0.1655369029
0.2036451198
0.2408590352
0.2731373662
0.2927518388
0.2900239863
-0.1560246024
-0.1611370038
-0.1492063075
-0.1313731326
-0.1135646676
-0.0973244289
-0.08326187894
-0.07158090129
-0.0622080764
-0.05494548654
-0.04955864091
-0.04581405563
-0.04349502843
-0.04240696849
-0.04237702882
-0.04325111986
-0.04489002251
-0.04716541661
-0.04995618198
-0.05314510897
-0.05661604575
-0.06025146086
-0.0639303833
-0.06752668007
-0.07090763625
-0.07393280899
-0.07645313283
-0.0783102524
-0.07933606464
-0.07935250668
-0.07817150594
-0.07559411434
-0.07141508255
-0.06541347557
-0.05736244325
-0.04702416611
-0.03414872493
-0.01847239804
0.0002856272187
0.02242737765
0.04827910576
0.07818798072
0.1124998012
0.1514860653
0.1951558548
0.2428965844
0.2929169074
0.3410084827
0.3771945024
0.3880524425
-0.2145351495
-0.2061497738
-0.1784145007
-0.1484653438
-0.1222525625
-0.1004353868
-0.08284756307
-0.06904574284
-0.05846964646
-0.05058447618
-0.04493250945
-0.04113626118
-0.03888819602
-0.03793736388
-0.03807634369
-0.03913000977
-0.04094642628
-0.04338962217
-0.04633388698
-0.04965925641
-0.05324791584
-0.05698131201
-0.06073781758
-0.06439083592
-0.06780726537
-0.07084626662
-0.07335828815
-0.07518429265
-0.07615517836
-0.07609152148
-0.07480340815
-0.07208634894
-0.067730427
-0.06150744336
-0.05317726442
-0.0424829873
-0.02914603987
-0.01285929533
0.006723986527
0.03000665522
0.05747056086
0.08970511982
0.1274345343
0.1715162315
0.2228530789
0.2821686194
0.3493107087
0.4207957478
0.4859180441
0.5281733041
-0.323591291
-0.2700317904
-0.2121239558
-0.1643347756
-0.1272218414
-0.09918220816
-0.07838092747
-0.06310080475
-0.05199162387
-0.04407183623
-0.03863327205
-0.03515953913
-0.03326879635
-0.03267227545
-0.03314456245
-0.03450299879
-0.03659347687
-0.03928047182
-0.04243988613
-0.04595379295
-0.04970648008
-0.05358140266
-0.0574587895
-0.06121373608
-0.06471467331
-0.06782213344
-0.07038775931
-0.07225351789
-0.07325108692
-0.0732016908
-0.07191563766
-0.06918471571
-0.06480026699
-0.05852834165
-0.05012109749
-0.03930933549
-0.0257946468
-0.009238159627
0.01075781044
0.03467893966
0.06314458258
0.09697823692
0.1373118555
0.1857222901
0.2443837429
0.3162272748
0.4043761955
0.5084381323
0.623066878
0.7443159825
-0.5583368072
-0.3491702692
-0.2326800631
-0.1640219561
-0.1177547452
-0.08626178849
-0.06503128968
-0.05056235928
-0.04062045673
-0.03388158828
-0.02951842112
-0.02698112641
-0.02589023412
-0.02597307614
-0.02702342972
-0.0288765604
-0.03139370938
-0.03445203513
-0.03793778472
-0.04174146701
-0.0457543062
-0.04986554138
-0.05396030988
-0.0579179551
-0.06161065834
-0.06490232911
-0.06764770789
-0.06969164701
-0.07086854479
-0.07100153444
-0.06989540068
-0.06736602916
-0.06318613618
-0.05712687583
-0.04894099542
-0.03835669545
-0.02507026357
-0.008733026309
0.01107033588
0.03485738577
0.06330721388
0.097361416
0.138399871
0.1885485724
0.2512289781
0.33212684
0.4398430357
0.5843022107
0.7894372666
1.118087233
-1.018662697
-0.4290960032
-0.2008909283
-0.1195114487
-0.0768405841
-0.05127449794
-0.03619607283
-0.02704095706
-0.02127081564
-0.01770835158
-0.01576376489
-0.01508906468
-0.01545651413
-0.01670366254
-0.01870308937
-0.02134623106
-0.02453471876
-0.02817523851
-0.03217608561
-0.0364446317
-0.04088533216
-0.04539808273
-0.04987682839
-0.05420837427
-0.05827137039
-0.0619354499
-0.06506049788
-0.06749601194
-0.0690805092
-0.06964154799
-0.06900265288
-0.06695624423
-0.06329552679
-0.05779758557
-0.05022084441
-0.04030192941
-0.02774905488
-0.01223070954
0.006642770939
0.0293495088
0.05650731868
0.08896433788
0.1279703087
0.175528175
0.2351948131
0.3140776892
0.4272849625
0.607887096
0.9562732492
1.671130786
)
;

boundaryField
{
    movingWall
    {
        type            zeroGradient;
    }
    fixedWalls
    {
        type            zeroGradient;
    }
    frontAndBack
    {
        type            empty;
    }
}


// ************************************************************************* //
