/*--------------------------------*- C++ -*----------------------------------*\
  =========                 |
  \\      /  F ield         | OpenFOAM: The Open Source CFD Toolbox
   \\    /   O peration     | Website:  https://openfoam.org
    \\  /    A nd           | Version:  11
     \\/     M anipulation  |
\*---------------------------------------------------------------------------*/
FoamFile
{
    format      ascii;
    class       volVectorField;
    location    "10";
    object      U;
}
// * * * * * * * * * * * * * * * * * * * * * * * * * * * * * * * * * * * * * //

dimensions      [0 1 -1 0 0 0 0];

internalField   nonuniform List<vector> 
2500
(
(4.299832084e-05 -4.236701446e-05 0)
(6.831717513e-05 -1.528217538e-05 0)
(-3.036656397e-05 2.43136612e-05 0)
(-0.0002384803891 5.569303197e-05 0)
(-0.0005239572405 7.496532251e-05 0)
(-0.0008591591593 8.476953566e-05 0)
(-0.001223265026 8.91830692e-05 0)
(-0.0016040629 9.145193914e-05 0)
(-0.001996147372 9.354700555e-05 0)
(-0.00239815287 9.639041967e-05 0)
(-0.002810447925 0.0001001877444 0)
(-0.00323352729 0.0001047164835 0)
(-0.003667017311 0.0001095339375 0)
(-0.004109144008 0.0001141045425 0)
(-0.00455649418 0.0001178614438 0)
(-0.005003925809 0.000120222923 0)
(-0.00544452889 0.0001205841795 0)
(-0.005869586577 0.0001183025372 0)
(-0.006268533373 0.0001126911048 0)
(-0.006628947269 0.0001030328731 0)
(-0.006936639621 8.862939551e-05 0)
(-0.007175932024 6.890891814e-05 0)
(-0.007330217064 4.358796112e-05 0)
(-0.007382743585 1.260181623e-05 0)
(-0.0073175075 -2.439400098e-05 0)
(-0.007120920195 -6.597683266e-05 0)
(-0.006783694495 -0.0001105194412 0)
(-0.006302366261 -0.0001558413461 0)
(-0.00568079207 -0.0001991954855 0)
(-0.00493123319 -0.0002374810393 0)
(-0.00407475373 -0.0002675516432 0)
(-0.003140769579 -0.0002865823835 0)
(-0.002165630631 -0.0002924356426 0)
(-0.001189978149 -0.0002840074105 0)
(-0.0002552002937 -0.0002617599645 0)
(0.0005972935494 -0.0002279481107 0)
(0.001332310871 -0.0001833020259 0)
(0.001924541621 -0.0001326243927 0)
(0.002357074995 -7.958652555e-05 0)
(0.002623679198 -2.759346787e-05 0)
(0.0027281127 2.044087704e-05 0)
(0.002682205444 6.246686422e-05 0)
(0.002503697854 9.745284499e-05 0)
(0.002214223616 0.00012497448 0)
(0.00183815658 0.0001446640904 0)
(0.001403493555 0.0001552111447 0)
(0.000944978214 0.0001530155431 0)
(0.0005066852825 0.0001306126857 0)
(0.0001463570939 7.666891414e-05 0)
(-3.00345209e-06 -2.772777984e-06 0)
(1.732772212e-05 -7.076488497e-05 0)
(-0.000104402147 0.0001001599631 0)
(-0.0005091788537 0.0003075051756 0)
(-0.001141976006 0.0004775296687 0)
(-0.001949943302 0.0005954976322 0)
(-0.00288045135 0.0006691460639 0)
(-0.003890453278 0.0007131561641 0)
(-0.004951339833 0.0007409673486 0)
(-0.006046788573 0.0007619068283 0)
(-0.007168445728 0.0007810686453 0)
(-0.008311842333 0.0008001691242 0)
(-0.009473206861 0.0008186059012 0)
(-0.01064730448 0.0008343844628 0)
(-0.01182617692 0.0008447874061 0)
(-0.01299852928 0.0008467792012 0)
(-0.01414950208 0.0008372003403 0)
(-0.01526062478 0.0008128290206 0)
(-0.01630983522 0.0007703928707 0)
(-0.01727154293 0.0007066067421 0)
(-0.01811679296 0.000618299267 0)
(-0.01881363026 0.000502675824 0)
(-0.01932783624 0.0003577196762 0)
(-0.01962446001 0.0001825865239 0)
(-0.01967020207 -2.207312369e-05 0)
(-0.01943356673 -0.0002529064563 0)
(-0.0188888009 -0.0005035463146 0)
(-0.01802115746 -0.0007649534961 0)
(-0.01682789892 -0.001025262533 0)
(-0.01532128283 -0.00127034008 0)
(-0.01353042715 -0.001484794945 0)
(-0.01150179895 -0.001653341607 0)
(-0.009298190369 -0.001762396577 0)
(-0.006996038945 -0.001801697115 0)
(-0.004681004083 -0.001765749541 0)
(-0.002442049055 -0.001655238333 0)
(-0.0003659272705 -0.001477687661 0)
(0.001468394646 -0.001242792649 0)
(0.002998523758 -0.0009673375977 0)
(0.004181974631 -0.0006702311359 0)
(0.004996006023 -0.0003696622943 0)
(0.005439101833 -8.194103536e-05 0)
(0.005528874802 0.0001798162585 0)
(0.005298525359 0.0004062035849 0)
(0.004793375877 0.0005905619392 0)
(0.00406877019 0.0007268426899 0)
(0.003190588613 0.000806243398 0)
(0.002237940873 0.0008132408367 0)
(0.001302877472 0.0007222372506 0)
(0.0005022379434 0.0004995978408 0)
(7.626854296e-05 0.0001459669101 0)
(-3.040882074e-05 3.420485088e-05 0)
(-0.0003604285897 0.0005168177394 0)
(-0.001134401384 0.001029636154 0)
(-0.002218851105 0.001449819691 0)
(-0.003540009757 0.001752852354 0)
(-0.005031128394 0.001953895463 0)
(-0.006636095201 0.002082204677 0)
(-0.008315834787 0.002166109034 0)
(-0.01004578193 0.002226398395 0)
(-0.01181076688 0.002275073211 0)
(-0.0136002253 0.002316589871 0)
(-0.01540441268 0.002349940942 0)
(-0.01721182854 0.002370691071 0)
(-0.01900774938 0.002372562562 0)
(-0.02077357279 0.002348466863 0)
(-0.02248663598 0.002291052567 0)
(-0.02412023343 0.002192926528 0)
(-0.02564367212 0.002046736413 0)
(-0.02702233529 0.001845298649 0)
(-0.02821784144 0.001581921173 0)
(-0.0291884861 0.001251012845 0)
(-0.02989030163 0.0008489887317 0)
(-0.03027887899 0.0003753500079 0)
(-0.0303108215 -0.0001661335006 0)
(-0.02994657753 -0.0007659091532 0)
(-0.02915491575 -0.001408393394 0)
(-0.0279172877 -0.002071373238 0)
(-0.02623059981 -0.002726426372 0)
(-0.02411078577 -0.003340409219 0)
(-0.02159506536 -0.003877664729 0)
(-0.0187427622 -0.004302940144 0)
(-0.0156344066 -0.004584783163 0)
(-0.0123688952 -0.004699045978 0)
(-0.009058646917 -0.004632028729 0)
(-0.005822965193 -0.004382889457 0)
(-0.002780309649 -0.003964820879 0)
(-4.049511743e-05 -0.003403142358 0)
(0.002303816479 -0.002732594983 0)
(0.004184532244 -0.001996030376 0)
(0.005561103418 -0.001237689803 0)
(0.006421229809 -0.0004985512819 0)
(0.006779949925 0.0001864703564 0)
(0.006676085065 0.0007897350327 0)
(0.006167945753 0.00128975107 0)
(0.005330117313 0.001667104817 0)
(0.004252892787 0.001898518801 0)
(0.003043466917 0.001950157462 0)
(0.001823260717 0.001772950245 0)
(0.000746132092 0.001305588941 0)
(0.0001329686851 0.0005099088827 0)
(-8.166406343e-05 0.0002926309503 0)
(-0.0006363787132 0.001252062761 0)
(-0.001802818246 0.002167012269 0)
(-0.00335065624 0.002900025213 0)
(-0.005177865486 0.003430744154 0)
(-0.007204233836 0.003789129826 0)
(-0.009363950865 0.00402271579 0)
(-0.01161093201 0.004176475765 0)
(-0.01391480527 0.004283469807 0)
(-0.01625481654 0.004362890725 0)
(-0.01861470096 0.004421912299 0)
(-0.0209788751 0.00445896045 0)
(-0.02333002055 0.004467005747 0)
(-0.02564787575 0.004436168599 0)
(-0.02790884158 0.004355414421 0)
(-0.03008596589 0.004213421806 0)
(-0.03214895763 0.003998877196 0)
(-0.03406404303 0.003700526482 0)
(-0.0357936672 0.003307316911 0)
(-0.03729620947 0.002808895436 0)
(-0.03852597771 0.002196617956 0)
(-0.03943385396 0.001465150319 0)
(-0.03996901258 0.0006146151101 0)
(-0.04008138809 -0.0003476400126 0)
(-0.03972327696 -0.001407411548 0)
(-0.03885416974 -0.00253784677 0)
(-0.03744726307 -0.003701845789 0)
(-0.03549209817 -0.004852358607 0)
(-0.03299931733 -0.005934517141 0)
(-0.03000390602 -0.006889031314 0)
(-0.02656707034 -0.007656719473 0)
(-0.02277632906 -0.008183831269 0)
(-0.01874341417 -0.008427693445 0)
(-0.014599732 -0.008361989263 0)
(-0.0104894437 -0.007980896077 0)
(-0.00656045831 -0.007301290326 0)
(-0.002953973196 -0.006362120464 0)
(0.0002056805901 -0.00522052929 0)
(0.00282079265 -0.003946422363 0)
(0.004827612174 -0.002615695888 0)
(0.006198670393 -0.001301556246 0)
(0.006941911895 -6.836547865e-05 0)
(0.007097402638 0.001030976727 0)
(0.00673189107 0.001954134 0)
(0.005933972833 0.002663368506 0)
(0.004812032739 0.003117415539 0)
(0.003493948767 0.003261291839 0)
(0.002123369308 0.003018211236 0)
(0.0008835072976 0.002288332491 0)
(0.0001616626223 0.0009692422242 0)
(-0.0001305346328 0.0007025585969 0)
(-0.0009088637402 0.002314553056 0)
(-0.002468938586 0.003728124731 0)
(-0.00447552858 0.004826398554 0)
(-0.006794025211 0.005613819805 0)
(-0.009329382323 0.006146278536 0)
(-0.0120068268 0.006494822158 0)
(-0.01477489991 0.00672298141 0)
(-0.01759908147 0.006876403545 0)
(-0.02045441897 0.006981216646 0)
(-0.02332019256 0.00704705497 0)
(-0.02617644265 0.007071832464 0)
(-0.02900212399 0.007046424998 0)
(-0.03177448896 0.006958282184 0)
(-0.03446911463 0.006793645444 0)
(-0.0370599885 0.00653849786 0)
(-0.03951922242 0.006178648206 0)
(-0.04181621832 0.005699488937 0)
(-0.04391639879 0.00508597591 0)
(-0.0457798399 0.004323258562 0)
(-0.04736020753 0.003398177784 0)
(-0.048604482 0.002301654527 0)
(-0.04945447049 0.001031796404 0)
(-0.04985060079 -0.000403147885 0)
(-0.0497308594 -0.001983279492 0)
(-0.04903607793 -0.003674671242 0)
(-0.04772104455 -0.005425136489 0)
(-0.04575614201 -0.007168172834 0)
(-0.04313426183 -0.008825212479 0)
(-0.0398759414 -0.01030985015 0)
(-0.03603325587 -0.01153398803 0)
(-0.03169183941 -0.01241523987 0)
(-0.02697039962 -0.01288512059 0)
(-0.02201712801 -0.01289713538 0)
(-0.01700274469 -0.01243366674 0)
(-0.012110202 -0.01151035625 0)
(-0.007521570194 -0.01017685572 0)
(-0.003403645895 -0.008513276203 0)
(0.0001054778001 -0.006621857903 0)
(0.002907850717 -0.004616496852 0)
(0.004952415759 -0.002611021315 0)
(0.006235191738 -0.0007086313422 0)
(0.006795257336 0.001004190502 0)
(0.006707132803 0.002458094079 0)
(0.006073631369 0.003592289232 0)
(0.005021588799 0.004344717573 0)
(0.003699334052 0.004636944005 0)
(0.002272504494 0.004360562257 0)
(0.0009515394549 0.00336863435 0)
(0.0001742737892 0.001480691917 0)
(-0.0001759993243 0.001259066844 0)
(-0.001169066342 0.003698516214 0)
(-0.003110238417 0.005707004027 0)
(-0.005558968453 0.007219073169 0)
(-0.008346341092 0.008285449602 0)
(-0.01136140744 0.009000889131 0)
(-0.01452048018 0.009466525571 0)
(-0.01776754665 0.009767068855 0)
(-0.02106517157 0.009961360459 0)
(-0.02438574885 0.01008239713 0)
(-0.02770609688 0.0101423713 0)
(-0.03100459946 0.01013938889 0)
(-0.03426022152 0.01006366395 0)
(-0.03745265698 0.009901994103 0)
(-0.04056272904 0.009640148214 0)
(-0.04357225504 0.009263414009 0)
(-0.0464628806 0.008755965798 0)
(-0.04921379999 0.008099917527 0)
(-0.05179870377 0.007274914914 0)
(-0.05418259261 0.006258901808 0)
(-0.05631913972 0.005030297243 0)
(-0.05814925578 0.003571381963 0)
(-0.05960193225 0.001872793835 0)
(-0.06059790158 -6.039526088e-05 0)
(-0.06105260193 -0.002203839227 0)
(-0.0608756786 -0.004524239944 0)
(-0.0599861475 -0.006955832936 0)
(-0.05832076606 -0.009411786632 0)
(-0.05583996377 -0.01178730941 0)
(-0.05253607682 -0.01396394225 0)
(-0.04844034673 -0.01581726581 0)
(-0.04362768403 -0.01722659073 0)
(-0.03821866107 -0.01808624053 0)
(-0.0323776772 -0.01831737189 0)
(-0.0263065944 -0.01787897351 0)
(-0.02023337364 -0.01677610936 0)
(-0.0143959604 -0.0150635426 0)
(-0.009022733058 -0.01284320978 0)
(-0.004312128302 -0.01025481652 0)
(-0.0004146979739 -0.007460415839 0)
(0.002579123928 -0.004626835373 0)
(0.004643348295 -0.001908927192 0)
(0.005812885141 0.0005610129935 0)
(0.006171028284 0.00267575531 0)
(0.005838765416 0.004347665245 0)
(0.004967210087 0.005490521556 0)
(0.003730551649 0.006000420443 0)
(0.00232105701 0.005734688042 0)
(0.0009780782842 0.004494408924 0)
(0.0001790634923 0.002016319572 0)
(-0.0002183801014 0.001954090132 0)
(-0.001414089813 0.005388751768 0)
(-0.003716052678 0.008084121044 0)
(-0.006582547034 0.01005432114 0)
(-0.00981075408 0.0114171439 0)
(-0.01327371729 0.01231944388 0)
(-0.01687910101 0.01289960504 0)
(-0.02056707431 0.01326670712 0)
(-0.02429855522 0.01349392455 0)
(-0.02804523582 0.01362167846 0)
(-0.03178434327 0.01366565548 0)
(-0.03549666178 0.01362594804 0)
(-0.03916660121 0.0134947976 0)
(-0.04278309716 0.01326158819 0)
(-0.04634007037 0.01291477345 0)
(-0.04983543135 0.01244125698 0)
(-0.0532681406 0.01182432928 0)
(-0.05663348242 0.01104152623 0)
(-0.05991729361 0.01006367344 0)
(-0.06309025876 0.008855967293 0)
(-0.06610340673 0.007381305757 0)
(-0.06888537715 0.005605414366 0)
(-0.07134149925 0.003503427744 0)
(-0.07335766167 0.001068558621 0)
(-0.07481635203 -0.001680323002 0)
(-0.07558301191 -0.00470342071 0)
(-0.0755186184 -0.007935394995 0)
(-0.07451045024 -0.01126593828 0)
(-0.07247240597 -0.01455963691 0)
(-0.06935527863 -0.01765937797 0)
(-0.06515790813 -0.02039460455 0)
(-0.05993504251 -0.02259339847 0)
(-0.05380249044 -0.02409736717 0)
(-0.04693806349 -0.02477806754 0)
(-0.03957717078 -0.02455361884 0)
(-0.03200170791 -0.02340289933 0)
(-0.02452171619 -0.02137455869 0)
(-0.01745037111 -0.01858786701 0)
(-0.01107486339 -0.01522340629 0)
(-0.005627679007 -0.01150368357 0)
(-0.001263899862 -0.007666988918 0)
(0.001949382287 -0.003940624297 0)
(0.004031146616 -0.0005212114456 0)
(0.005074907127 0.0024322375 0)
(0.00522734159 0.00479475971 0)
(0.004671584523 0.006451987505 0)
(0.003618409268 0.007273401167 0)
(0.002296141756 0.007081602007 0)
(0.0009790665591 0.005624909021 0)
(0.0001805530331 0.002558679421 0)
(-0.0002579810323 0.002778841958 0)
(-0.00164278711 0.007366197829 0)
(-0.004281120895 0.01083431698 0)
(-0.007536549109 0.01330308986 0)
(-0.01117427042 0.0149769713 0)
(-0.01505221934 0.01606770702 0)
(-0.01907023419 0.01675819794 0)
(-0.02316573586 0.01718552632 0)
(-0.02729966526 0.01743904422 0)
(-0.03144564383 0.01756813376 0)
(-0.03558524042 0.01759417318 0)
(-0.03970713675 0.017522504 0)
(-0.04380831973 0.01735156718 0)
(-0.04789548281 0.01707776902 0)
(-0.05198489588 0.01669597024 0)
(-0.05609953531 0.01619663557 0)
(-0.06026314682 0.01556147175 0)
(-0.06449187593 0.01475964303 0)
(-0.06878483597 0.01374632757 0)
(-0.07311533145 0.01246462232 0)
(-0.07742435949 0.01085088668 0)
(-0.08161711182 0.008842752039 0)
(-0.08556213178 0.006388604486 0)
(-0.0890960461 0.003458184559 0)
(-0.09204075224 5.530653502e-05 0)
(-0.0942118514 -0.003771333701 0)
(-0.09540437665 -0.007961000127 0)
(-0.09542994201 -0.01238203779 0)
(-0.09414936831 -0.01686073636 0)
(-0.0914635678 -0.02119359214 0)
(-0.0873297969 -0.02515284063 0)
(-0.08177302699 -0.028500766 0)
(-0.07489447981 -0.03100837692 0)
(-0.06687640822 -0.03247660748 0)
(-0.05798196439 -0.03275956385 0)
(-0.04854731433 -0.03178672001 0)
(-0.03896418065 -0.02958060678 0)
(-0.02965138847 -0.02626514972 0)
(-0.02101675173 -0.02206017189 0)
(-0.01341407854 -0.01725975102 0)
(-0.007103725348 -0.01219672785 0)
(-0.002226857403 -0.007201346971 0)
(0.001199955402 -0.002564849798 0)
(0.003271229976 0.001479050156 0)
(0.004163368475 0.004749899152 0)
(0.004105562405 0.007098333346 0)
(0.003359918155 0.008365994684 0)
(0.002205010806 0.008342528538 0)
(0.0009611086216 0.006726469842 0)
(0.0001808469143 0.003097138236 0)
(-0.0002948322712 0.003724262393 0)
(-0.001854250195 0.009609892611 0)
(-0.004802321333 0.01392974479 0)
(-0.00841558931 0.01693407532 0)
(-0.0124301517 0.01893224698 0)
(-0.01669052183 0.02021293593 0)
(-0.02109013711 0.02101070434 0)
(-0.02556526774 0.02149468454 0)
(-0.03007917746 0.02177312814 0)
(-0.03461092391 0.02190719949 0)
(-0.03915153302 0.02192776663 0)
(-0.04370452069 0.0218504087 0)
(-0.04828809306 0.02168547098 0)
(-0.05293647351 0.02144174294 0)
(-0.057698114 0.0211241194 0)
(-0.0626295164 0.02072717932 0)
(-0.06778477811 0.02022762196 0)
(-0.07320230974 0.01957862152 0)
(-0.07889099175 0.01870838681 0)
(-0.08481819972 0.01752392028 0)
(-0.09090179646 0.01591971218 0)
(-0.0970071605 0.01379014045 0)
(-0.1029485644 0.01104343 0)
(-0.1084952982 0.007615168012 0)
(-0.1133906298 0.00348432524 0)
(-0.1173891626 -0.001304406282 0)
(-0.1202258424 -0.006644420208 0)
(-0.1216233249 -0.01242377917 0)
(-0.1213879145 -0.01841561352 0)
(-0.1193736519 -0.02435991187 0)
(-0.1154920736 -0.02996179902 0)
(-0.109729568 -0.03490517681 0)
(-0.1021587798 -0.03887443547 0)
(-0.09294782598 -0.04157890619 0)
(-0.08236758839 -0.04278237185 0)
(-0.07079164432 -0.04233429049 0)
(-0.05868574521 -0.04019955483 0)
(-0.04658180267 -0.03648004262 0)
(-0.03503450977 -0.03142006223 0)
(-0.02456316266 -0.02538853048 0)
(-0.01558842601 -0.01883607597 0)
(-0.008379984716 -0.01223458206 0)
(-0.003031300923 -0.006015899849 0)
(0.0005315003887 -0.00053045739 0)
(0.002512944044 0.003959311877 0)
(0.003200886152 0.007253851403 0)
(0.002927361162 0.009163664854 0)
(0.002041016432 0.009448965766 0)
(0.0009249290433 0.007764944358 0)
(0.0001808006707 0.00362330282 0)
(-0.0003287522816 0.004780832339 0)
(-0.002047429709 0.01209758425 0)
(-0.005277238663 0.01734104965 0)
(-0.009216200984 0.02091497883 0)
(-0.01357478035 0.0232505066 0)
(-0.01818630368 0.02472444355 0)
(-0.0229397608 0.02562999267 0)
(-0.02777244239 0.0261728646 0)
(-0.032652955 0.02648399135 0)
(-0.03757023538 0.02664067579 0)
(-0.04253102382 0.02668889899 0)
(-0.0475618189 0.02666126024 0)
(-0.05271167478 0.02658701141 0)
(-0.05805243569 0.02649295338 0)
(-0.06367371379 0.02639643403 0)
(-0.06967154504 0.02629383481 0)
(-0.07613171236 0.02614908559 0)
(-0.08311042733 0.02588646074 0)
(-0.09061581473 0.02539036477 0)
(-0.09859341598 0.02451278704 0)
(-0.1069181882 0.02308745539 0)
(-0.1153945154 0.02094874265 0)
(-0.1237640181 0.01795244102 0)
(-0.131718038 0.01399480837 0)
(-0.1389129045 0.009029874666 0)
(-0.1450026931 0.003091718526 0)
(-0.1497091746 -0.003685071176 0)
(-0.1527176996 -0.01112558245 0)
(-0.1537406012 -0.01899264845 0)
(-0.1526105362 -0.02695778509 0)
(-0.1491988179 -0.03465534929 0)
(-0.1434466602 -0.04168594782 0)
(-0.1353806007 -0.04763942556 0)
(-0.1251253864 -0.05211870512 0)
(-0.1129220965 -0.05477302806 0)
(-0.09914096494 -0.05533700511 0)
(-0.08428618649 -0.05367440173 0)
(-0.06898251201 -0.0498190735 0)
(-0.05393668625 -0.04400178169 0)
(-0.03986987039 -0.03664867445 0)
(-0.02742756818 -0.02834049268 0)
(-0.01708689709 -0.01973366358 0)
(-0.00909077761 -0.01146301673 0)
(-0.003433624777 -0.004060082537 0)
(9.930004329e-05 0.002081470423 0)
(0.001861523834 0.0066832059 0)
(0.002276861714 0.009515937231 0)
(0.001789562445 0.01031440849 0)
(0.0008686469635 0.008700111052 0)
(0.0001809796775 0.004128535258 0)
(-0.0003594178975 0.005938369425 0)
(-0.002221017924 0.01480591759 0)
(-0.005703419217 0.02103796861 0)
(-0.009935338712 0.02521327106 0)
(-0.01460543497 0.02790017552 0)
(-0.01953842945 0.02957401186 0)
(-0.02462122579 0.03059350434 0)
(-0.02979482396 0.03120607852 0)
(-0.03503686522 0.03157036335 0)
(-0.04035142834 0.03178585851 0)
(-0.04576808751 0.03192115375 0)
(-0.05134511825 0.03203421834 0)
(-0.05717204521 0.03218085044 0)
(-0.06336720347 0.03241056841 0)
(-0.0700673643 0.03275270795 0)
(-0.07740904745 0.03319832749 0)
(-0.08550398261 0.03368460931 0)
(-0.09441313475 0.03408730033 0)
(-0.1041241479 0.03422402679 0)
(-0.114536257 0.03386840939 0)
(-0.1254554474 0.03277287277 0)
(-0.1366013813 0.03069699883 0)
(-0.1476255507 0.0274375381 0)
(-0.1581357532 0.02285522963 0)
(-0.1677205065 0.01689361947 0)
(-0.1759784857 0.009589512972 0)
(-0.1825594699 0.00108601129 0)
(-0.1871808564 -0.0083476717 0)
(-0.1895568624 -0.01843931398 0)
(-0.1894672867 -0.02880356891 0)
(-0.1867663739 -0.0390145575 0)
(-0.1813472547 -0.04859927194 0)
(-0.1731729684 -0.05705953922 0)
(-0.1622889726 -0.06389062304 0)
(-0.1488544447 -0.06861301323 0)
(-0.1331711486 -0.07081480234 0)
(-0.1157120029 -0.0702078484 0)
(-0.09713309675 -0.06669182993 0)
(-0.07825686231 -0.06041376645 0)
(-0.06001175242 -0.05180165602 0)
(-0.04332395871 -0.04154721693 0)
(-0.02897607454 -0.03052202329 0)
(-0.01747342219 -0.01963881589 0)
(-0.008971363611 -0.009704838885 0)
(-0.003295079413 -0.001329220431 0)
(-3.249836267e-05 0.005078175064 0)
(0.001352746938 0.009227194845 0)
(0.001431719016 0.01082860267 0)
(0.0007898417992 0.009482788527 0)
(0.0001822293045 0.004603384437 0)
(-0.0003863946592 0.007185824362 0)
(-0.002373356307 0.01771032216 0)
(-0.006077868619 0.02498941061 0)
(-0.01056931249 0.02979635684 0)
(-0.01551859659 0.03285064388 0)
(-0.02074459899 0.03473572067 0)
(-0.02613475901 0.03588271797 0)
(-0.0316368487 0.03658665758 0)
(-0.03724171521 0.03704023819 0)
(-0.04297433507 0.03737293373 0)
(-0.04889451649 0.03768508359 0)
(-0.05510076945 0.0380692971 0)
(-0.06173118214 0.03861498048 0)
(-0.06895610045 0.03939634707 0)
(-0.0769598281 0.04044915648 0)
(-0.08591237811 0.04174496903 0)
(-0.09593594357 0.04317225925 0)
(-0.1070726836 0.0445310872 0)
(-0.1192602307 0.04554374446 0)
(-0.1323197821 0.0458799578 0)
(-0.1459596835 0.04519283396 0)
(-0.1597952029 0.04316033919 0)
(-0.1733819451 0.03952608089 0)
(-0.1862553647 0.03413215954 0)
(-0.1979656548 0.02693682416 0)
(-0.2081026438 0.01801479074 0)
(-0.2163175325 0.007551675001 0)
(-0.2223547853 -0.004156932224 0)
(-0.2259820882 -0.01672564466 0)
(-0.2269904729 -0.02975586409 0)
(-0.225229443 -0.04277534333 0)
(-0.2205475726 -0.05526390001 0)
(-0.2128335793 -0.06666114422 0)
(-0.2020216232 -0.07637388531 0)
(-0.1881337454 -0.08379903715 0)
(-0.1713235384 -0.08836129808 0)
(-0.1519330805 -0.08957456803 0)
(-0.1305415865 -0.08712655225 0)
(-0.1079906566 -0.0809775407 0)
(-0.08535903257 -0.07144956422 0)
(-0.0638641368 -0.05926648544 0)
(-0.04468445356 -0.04550108988 0)
(-0.02873772534 -0.03141083294 0)
(-0.0164974411 -0.0182042328 0)
(-0.00793804968 -0.00684017601 0)
(-0.002630339211 0.002042530028 0)
(8.559614766e-05 0.008046600839 0)
(0.0009440355685 0.01085207967 0)
(0.0006858419544 0.01005286396 0)
(0.0001857735512 0.005037831483 0)
(-0.0004091432193 0.008511044141 0)
(-0.002502348087 0.02078466783 0)
(-0.006396685621 0.02916311692 0)
(-0.01111301049 0.03463119402 0)
(-0.01630867054 0.03807171818 0)
(-0.02179949339 0.04018507664 0)
(-0.02747615685 0.04148178151 0)
(-0.03329640941 0.04231116013 0)
(-0.03926860798 0.04290770401 0)
(-0.04544431415 0.04344013606 0)
(-0.05192034117 0.04405072272 0)
(-0.05884215724 0.04487573153 0)
(-0.06640101506 0.04604284018 0)
(-0.0748189885 0.04764786325 0)
(-0.0843200195 0.04971985043 0)
(-0.09509036471 0.05218762715 0)
(-0.10723608 0.05486009097 0)
(-0.120746647 0.05742763087 0)
(-0.1354726832 0.05948585409 0)
(-0.1511232047 0.06057804271 0)
(-0.1672848596 0.06024975019 0)
(-0.1834614212 0.05810661852 0)
(-0.1991264976 0.05386490768 0)
(-0.2137772046 0.04738428456 0)
(-0.2269747514 0.03867590193 0)
(-0.2383621799 0.0278859927 0)
(-0.2476609123 0.01526782193 0)
(-0.2546646123 0.001164890061 0)
(-0.2592447947 -0.01398913765 0)
(-0.2612716478 -0.02975569885 0)
(-0.2605975754 -0.04566632898 0)
(-0.2570532956 -0.06119276182 0)
(-0.2504590199 -0.07575827335 0)
(-0.240623907 -0.08872320467 0)
(-0.2273932885 -0.0993928094 0)
(-0.2106998612 -0.1070394617 0)
(-0.1906456059 -0.1109563629 0)
(-0.1675905297 -0.1105509022 0)
(-0.142235663 -0.1054771425 0)
(-0.1156646231 -0.09579140519 0)
(-0.08930179604 -0.08208656084 0)
(-0.06474573658 -0.0655305802 0)
(-0.04347496314 -0.04773475735 0)
(-0.02650604188 -0.03044266303 0)
(-0.01416822136 -0.01516029454 0)
(-0.006127384475 -0.002927833818 0)
(-0.00161791973 0.005654042181 0)
(0.0002935449038 0.01020864412 0)
(0.0005519093952 0.01033550544 0)
(0.0001928726553 0.005420987893 0)
(-0.0004270203457 0.009900500704 0)
(-0.002605401157 0.02400076481 0)
(-0.006654832395 0.03352503816 0)
(-0.01155939541 0.03968352148 0)
(-0.01696712221 0.04353258998 0)
(-0.02269346087 0.0458975528 0)
(-0.0286348931 0.04737538499 0)
(-0.03476216736 0.04837722618 0)
(-0.0411050874 0.04918822678 0)
(-0.04774663469 0.05002658573 0)
(-0.05482558094 0.05108664663 0)
(-0.0625376753 0.0525553933 0)
(-0.07112636593 0.05459874778 0)
(-0.08085718909 0.05732344381 0)
(-0.09197584669 0.06072901752 0)
(-0.1046567935 0.06466833322 0)
(-0.118953568 0.06883183717 0)
(-0.1347625438 0.0727626272 0)
(-0.1518092897 0.07590111091 0)
(-0.1696629719 0.07765218596 0)
(-0.187779203 0.07746359513 0)
(-0.2055644486 0.07490045193 0)
(-0.2224476209 0.06969979684 0)
(-0.2379409398 0.06179269137 0)
(-0.2516756671 0.05129099357 0)
(-0.2634054151 0.03844722134 0)
(-0.2729787409 0.02360366653 0)
(-0.2803052196 0.007152927539 0)
(-0.2853521051 -0.0104726972 0)
(-0.2881146803 -0.02880232598 0)
(-0.2885137851 -0.04742161759 0)
(-0.2863762968 -0.06583962435 0)
(-0.2814849989 -0.08351999749 0)
(-0.2735408311 -0.09983912832 0)
(-0.2622103463 -0.1140708493 0)
(-0.2471696423 -0.1253839621 0)
(-0.2281978117 -0.1328710418 0)
(-0.2052960613 -0.1356303515 0)
(-0.178829342 -0.1329096636 0)
(-0.1496561505 -0.1243180957 0)
(-0.1191936848 -0.1100730475 0)
(-0.08934082758 -0.09119724351 0)
(-0.06219106405 -0.06952754937 0)
(-0.03954529294 -0.04741339804 0)
(-0.02240932272 -0.02715344741 0)
(-0.01078531668 -0.01047139876 0)
(-0.003890235809 0.001638558143 0)
(-0.0005718354308 0.008672804646 0)
(0.0003769705757 0.01023399355 0)
(0.0002044279498 0.005739071881 0)
(-0.0004392884862 0.01133900723 0)
(-0.002679432383 0.0273277863 0)
(-0.006846073442 0.03803855066 0)
(-0.01189930573 0.04491684336 0)
(-0.01748206989 0.04920047639 0)
(-0.02341182149 0.05184669064 0)
(-0.02959301797 0.05354602189 0)
(-0.0360118499 0.05477952899 0)
(-0.04272251621 0.05589256435 0)
(-0.04984246678 0.05716307275 0)
(-0.05755426367 0.05884610311 0)
(-0.06610225031 0.06118238051 0)
(-0.07577391903 0.06436900054 0)
(-0.08686099031 0.06850335615 0)
(-0.09960340077 0.07352222196 0)
(-0.1141274294 0.07916050426 0)
(-0.1303930617 0.08494700676 0)
(-0.1481644954 0.09024250221 0)
(-0.1670134282 0.09431475923 0)
(-0.1863590037 0.09643782286 0)
(-0.205540001 0.09599646213 0)
(-0.2239038698 0.09257220005 0)
(-0.2408899736 0.08598926131 0)
(-0.2560863967 0.07631077848 0)
(-0.2692497895 0.06379293157 0)
(-0.2802894417 0.04881725383 0)
(-0.2892211348 0.03182037272 0)
(-0.2961056238 0.01323861688 0)
(-0.3010188527 -0.006507139288 0)
(-0.3040899358 -0.02699919287 0)
(-0.3053391014 -0.04787801295 0)
(-0.3046277649 -0.0687409221 0)
(-0.3017482251 -0.08914658017 0)
(-0.2963483327 -0.1085654456 0)
(-0.2879639643 -0.1263243427 0)
(-0.2760431444 -0.1415762803 0)
(-0.2600273135 -0.1532867437 0)
(-0.2394768018 -0.160279559 0)
(-0.2142506231 -0.1613601922 0)
(-0.1847209577 -0.1555471292 0)
(-0.1519729246 -0.1424094362 0)
(-0.1178962174 -0.1224550778 0)
(-0.08503815788 -0.09740559887 0)
(-0.05610109199 -0.07009374462 0)
(-0.03314919355 -0.04381476688 0)
(-0.01694285117 -0.02138017897 0)
(-0.00691513966 -0.004526988424 0)
(-0.001732602701 0.005946914763 0)
(0.0001386585291 0.009623055466 0)
(0.0002203397718 0.005972259634 0)
(-0.0004451433545 0.01280946395 0)
(-0.002720958471 0.03073170382 0)
(-0.006963116575 0.04266363447 0)
(-0.01212159941 0.05029131573 0)
(-0.01783838443 0.05503909832 0)
(-0.02393487201 0.05800195343 0)
(-0.03032499537 0.05997086464 0)
(-0.03701180471 0.06150512167 0)
(-0.0440751846 0.06301976078 0)
(-0.05166738361 0.06486155863 0)
(-0.06001233306 0.06735163285 0)
(-0.0693952162 0.07078141246 0)
(-0.08013181067 0.07536333051 0)
(-0.09251473159 0.08115507295 0)
(-0.1067441984 0.08798850542 0)
(-0.122859541 0.09543395026 0)
(-0.1406900967 0.1028177731 0)
(-0.1598406696 0.1092945951 0)
(-0.1797200511 0.1139621665 0)
(-0.1996124974 0.1159970819 0)
(-0.2187799222 0.1147811393 0)
(-0.2365693379 0.1099861007 0)
(-0.2524958354 0.1015937554 0)
(-0.2662815061 0.08985163841 0)
(-0.2778489073 0.07518822661 0)
(-0.287282129 0.05812023794 0)
(-0.2947665995 0.03917435977 0)
(-0.3005132807 0.01882335405 0)
(-0.3047164712 -0.002561288063 0)
(-0.3076213967 -0.02468540696 0)
(-0.3093180663 -0.04716758013 0)
(-0.3097551988 -0.06977507044 0)
(-0.3087874171 -0.0922027569 0)
(-0.3060918969 -0.1140862379 0)
(-0.3011650814 -0.134897482 0)
(-0.2933235731 -0.1538887116 0)
(-0.2817464799 -0.1700266755 0)
(-0.2655781035 -0.181977074 0)
(-0.244106088 -0.1881680965 0)
(-0.2170208487 -0.186985532 0)
(-0.1847333903 -0.1771420608 0)
(-0.1486730399 -0.1582207772 0)
(-0.1114052159 -0.131277008 0)
(-0.07633836629 -0.09917347104 0)
(-0.04683897852 -0.06616385053 0)
(-0.02499537021 -0.03659069829 0)
(-0.01093394198 -0.01350804983 0)
(-0.003298567411 0.001641712909 0)
(-0.0001942845201 0.008330094984 0)
(0.0002363854308 0.006087151444 0)
(-0.0004437643539 0.01429268936 0)
(-0.002726286965 0.03417483769 0)
(-0.006997974462 0.04735614301 0)
(-0.0122136611 0.05576269124 0)
(-0.01801832431 0.06100718386 0)
(-0.0242386448 0.06432656721 0)
(-0.03079859242 0.06661857621 0)
(-0.03771804763 0.06852866067 0)
(-0.04510161825 0.07055000849 0)
(-0.0531332547 0.07310475801 0)
(-0.06207098974 0.07658056579 0)
(-0.07222703551 0.08130909038 0)
(-0.08392344183 0.08749322933 0)
(-0.09742388658 0.09511225151 0)
(-0.1128545341 0.1038464449 0)
(-0.1301350317 0.1130571906 0)
(-0.1489407695 0.1218385307 0)
(-0.1687112425 0.1291345871 0)
(-0.1887099948 0.1339008345 0)
(-0.2081294037 0.1352743155 0)
(-0.2262170205 0.13271017 0)
(-0.2423884281 0.1260467647 0)
(-0.2562951384 0.1154827198 0)
(-0.2678341732 0.1014829768 0)
(-0.2771084959 0.08465475127 0)
(-0.2843617021 0.06563458924 0)
(-0.2899150511 0.04500905965 0)
(-0.2941221551 0.02326148423 0)
(-0.2973009401 0.0007288271411 0)
(-0.2996434439 -0.02236320367 0)
(-0.3012960031 -0.04573270217 0)
(-0.3023854555 -0.06928119298 0)
(-0.3028313972 -0.09286443832 0)
(-0.3024216145 -0.1163077642 0)
(-0.3007261653 -0.1393005702 0)
(-0.2970774408 -0.1613073286 0)
(-0.2905523108 -0.1814560361 0)
(-0.2800198259 -0.1984446872 0)
(-0.2642742869 -0.2105081843 0)
(-0.2422856913 -0.2155149799 0)
(-0.2135739029 -0.2112781484 0)
(-0.1786703982 -0.196151698 0)
(-0.1395440073 -0.1699042714 0)
(-0.09971921193 -0.1346256609 0)
(-0.0636807745 -0.09499807081 0)
(-0.0353237333 -0.05710873456 0)
(-0.01622301561 -0.02610661467 0)
(-0.005407867894 -0.004734031298 0)
(-0.0006657205914 0.006118129749 0)
(0.0002470737302 0.006028642801 0)
(-0.0004343882149 0.01576738896 0)
(-0.002691806605 0.03761562081 0)
(-0.006942541077 0.05206728831 0)
(-0.01216226158 0.06128147339 0)
(-0.01800269419 0.06705719293 0)
(-0.02429642122 0.07077562186 0)
(-0.03097686097 0.07344646564 0)
(-0.0380789321 0.0758081584 0)
(-0.04572837873 0.07843846842 0)
(-0.05413408009 0.0818376398 0)
(-0.0635763185 0.08645441438 0)
(-0.07437586056 0.09264269049 0)
(-0.08683597563 0.1005637122 0)
(-0.1011624788 0.1100755789 0)
(-0.1173802029 0.1206625153 0)
(-0.135270842 0.1314429346 0)
(-0.1543540925 0.1412671147 0)
(-0.173924673 0.1488882991 0)
(-0.1931456898 0.1531713727 0)
(-0.2111822751 0.1532884003 0)
(-0.2273403307 0.1488483005 0)
(-0.2411693436 0.1399224947 0)
(-0.2525015575 0.1269647581 0)
(-0.2614247779 0.1106643258 0)
(-0.2682099294 0.09178855944 0)
(-0.2732251802 0.07105887356 0)
(-0.2768690546 0.04907714503 0)
(-0.2795348608 0.02630044369 0)
(-0.2815624415 0.003054528163 0)
(-0.2831509203 -0.02044965767 0)
(-0.2844617774 -0.04412859082 0)
(-0.2856704175 -0.06793573794 0)
(-0.2868173972 -0.09187184784 0)
(-0.2878372833 -0.1159330341 0)
(-0.2884783107 -0.1400465447 0)
(-0.2882389645 -0.1639632446 0)
(-0.286294826 -0.1871150373 0)
(-0.2814677378 -0.2084481002 0)
(-0.2722755494 -0.2262761829 0)
(-0.2571138131 -0.2382290216 0)
(-0.2346089807 -0.241408809 0)
(-0.204153939 -0.2328945573 0)
(-0.1665669019 -0.2107154204 0)
(-0.12466797 -0.1752470548 0)
(-0.08330958021 -0.1304860678 0)
(-0.04815045783 -0.08382335658 0)
(-0.02304722409 -0.04322103841 0)
(-0.00821341391 -0.0137877588 0)
(-0.001332365723 0.002672967543 0)
(0.0002436627659 0.005714896794 0)
(-0.0004163987433 0.0172103175 0)
(-0.002614356199 0.04100867455 0)
(-0.006789347506 0.05674346321 0)
(-0.01195471755 0.06679242872 0)
(-0.01777245794 0.07313445837 0)
(-0.02408091789 0.07729471474 0)
(-0.03082112764 0.08039842988 0)
(-0.03803936759 0.08328199065 0)
(-0.04587629011 0.08661124636 0)
(-0.05455562537 0.09096275952 0)
(-0.0643646975 0.09683498728 0)
(-0.07561233333 0.1045801591 0)
(-0.088559347 0.1142823636 0)
(-0.103331653 0.1256378472 0)
(-0.1198391129 0.1378998295 0)
(-0.1377271864 0.1499268275 0)
(-0.1563821206 0.160336274 0)
(-0.1749983244 0.1677331273 0)
(-0.1927020535 0.1709602982 0)
(-0.2087038909 0.1693048504 0)
(-0.2224350068 0.1626011624 0)
(-0.2336257119 0.1511994232 0)
(-0.2423064984 0.1358197872 0)
(-0.2487420323 0.1173549652 0)
(-0.2533308037 0.09669006733 0)
(-0.2565078236 0.07458187604 0)
(-0.2586795745 0.05160618799 0)
(-0.2601958998 0.02816380111 0)
(-0.2613285212 0.004525023323 0)
(-0.2622429059 -0.01914105414 0)
(-0.263086683 -0.04280833472 0)
(-0.2640295594 -0.06648110644 0)
(-0.2651961812 -0.09023178004 0)
(-0.2666701093 -0.1141761409 0)
(-0.2684215664 -0.1384395015 0)
(-0.2702184153 -0.1630671471 0)
(-0.2715076805 -0.187874534 0)
(-0.2713059933 -0.2122321905 0)
(-0.268145219 -0.2348145382 0)
(-0.2601398449 -0.2533819344 0)
(-0.245244474 -0.2647184638 0)
(-0.2217560295 -0.2649068412 0)
(-0.1890715536 -0.2501698171 0)
(-0.1486032756 -0.2184701937 0)
(-0.104496084 -0.1717019709 0)
(-0.06332739217 -0.1171793519 0)
(-0.03159696663 -0.06573249717 0)
(-0.01186255199 -0.02621193841 0)
(-0.002247111943 -0.002373393983 0)
(0.0002229890565 0.0050390968 0)
(-0.0003894250009 0.01859667753 0)
(-0.002491643106 0.04430527713 0)
(-0.006532440111 0.06132650281 0)
(-0.0115802656 0.0722345858 0)
(-0.01731068735 0.07917692055 0)
(-0.02356698448 0.08381940225 0)
(-0.0302947687 0.08740410087 0)
(-0.03754625514 0.09086782574 0)
(-0.04546853687 0.09496454257 0)
(-0.05428780574 0.1003408212 0)
(-0.06428185624 0.1075287908 0)
(-0.07572833558 0.1168523287 0)
(-0.08882769314 0.1282846631 0)
(-0.1036154247 0.1413279747 0)
(-0.1198897902 0.1549849977 0)
(-0.1371820662 0.1678578792 0)
(-0.1547871092 0.1783634621 0)
(-0.1718584224 0.1850175619 0)
(-0.1875542437 0.186715624 0)
(-0.2011955274 0.1829324828 0)
(-0.2123855227 0.1737800514 0)
(-0.2210539758 0.159905737 0)
(-0.227416781 0.1422784708 0)
(-0.2318751581 0.1219481962 0)
(-0.2348963592 0.09985634991 0)
(-0.2369151317 0.07673414192 0)
(-0.2382789684 0.05308506421 0)
(-0.2392353693 0.0292272292 0)
(-0.2399401978 0.005360434505 0)
(-0.2404795221 -0.01839198259 0)
(-0.2409432608 -0.04199713915 0)
(-0.241460944 -0.06545144036 0)
(-0.2421952532 -0.08882411976 0)
(-0.2433399591 -0.1122683574 0)
(-0.2450671191 -0.1360247968 0)
(-0.2474367336 -0.160372637 0)
(-0.2502575295 -0.1855046127 0)
(-0.2529189162 -0.2113017638 0)
(-0.2542362392 -0.2370117894 0)
(-0.2523834518 -0.2608803729 0)
(-0.2450046632 -0.2798512103 0)
(-0.22959481 -0.2895297459 0)
(-0.2042158623 -0.2846996873 0)
(-0.1685532655 -0.2607638097 0)
(-0.1251366366 -0.2163866597 0)
(-0.08009036283 -0.1567538462 0)
(-0.04187650616 -0.09429788695 0)
(-0.01644962454 -0.04273089306 0)
(-0.003457169915 -0.009456734112 0)
(0.000168816051 0.003863886185 0)
(-0.0003534360002 0.01990076398 0)
(-0.002322668537 0.04745426145 0)
(-0.006168298993 0.06575444445 0)
(-0.01103152598 0.07754180412 0)
(-0.01660466874 0.08511557691 0)
(-0.02273455948 0.09027564802 0)
(-0.02936739437 0.09437949395 0)
(-0.03655454549 0.09846390759 0)
(-0.04443961486 0.1033675041 0)
(-0.05323797549 0.109796866 0)
(-0.06320222036 0.1182993794 0)
(-0.07456381204 0.129145141 0)
(-0.0874537018 0.1421698427 0)
(-0.1018197762 0.1566628584 0)
(-0.1173682295 0.1713752665 0)
(-0.1335538929 0.1846758443 0)
(-0.1496333817 0.1948287914 0)
(-0.1647815966 0.2003263629 0)
(-0.1782490517 0.2001853697 0)
(-0.1895116158 0.1941235002 0)
(-0.1983629485 0.1825563105 0)
(-0.2049200434 0.1664186878 0)
(-0.2095447204 0.1468861708 0)
(-0.2127171972 0.1251028513 0)
(-0.2149096517 0.1019977842 0)
(-0.2164973038 0.07821693593 0)
(-0.2177220954 0.05415079799 0)
(-0.2187004115 0.03001571679 0)
(-0.2194572753 0.005942247494 0)
(-0.2199772201 -0.01797059615 0)
(-0.2202713999 -0.04165168926 0)
(-0.2204128489 -0.06504159272 0)
(-0.2205576888 -0.0881410831 0)
(-0.2209525196 -0.111057224 0)
(-0.2219059531 -0.1340454803 0)
(-0.2237188845 -0.1575133384 0)
(-0.2265548285 -0.1819479914 0)
(-0.2302486268 -0.2077235216 0)
(-0.2340772989 -0.2347586136 0)
(-0.236563079 -0.2620409942 0)
(-0.2354171385 -0.2871097241 0)
(-0.2277458158 -0.3056859025 0)
(-0.2106267449 -0.3117603133 0)
(-0.1821285099 -0.2985987148 0)
(-0.1427549037 -0.2612629997 0)
(-0.09696517502 -0.2009388746 0)
(-0.05357531048 -0.1290485305 0)
(-0.02202059291 -0.06400273976 0)
(-0.004994866975 -0.01905294015 0)
(7.707385276e-05 0.002026510041 0)
(-0.0003088177687 0.02109684137 0)
(-0.002108109887 0.05040334465 0)
(-0.005696702429 0.06996280583 0)
(-0.01030591234 0.082643945 0)
(-0.01564795795 0.09087569181 0)
(-0.0215715726 0.09658133089 0)
(-0.0280189585 0.1012292305 0)
(-0.03503312942 0.1059527186 0)
(-0.04274380093 0.1116685701 0)
(-0.05134286987 0.1191312077 0)
(-0.06104489621 0.1288853262 0)
(-0.0720262526 0.1411270076 0)
(-0.08434887519 0.1555387659 0)
(-0.09788786329 0.1711943403 0)
(-0.1122887004 0.186609606 0)
(-0.1269756054 0.1999577911 0)
(-0.141221414 0.2094057094 0)
(-0.1542767243 0.2134835629 0)
(-0.1655262561 0.2113830926 0)
(-0.1746190539 0.203095797 0)
(-0.1815284429 0.1893396206 0)
(-0.1865207253 0.1713028948 0)
(-0.1900472731 0.150309371 0)
(-0.1926051216 0.1275286993 0)
(-0.1946158971 0.1038139993 0)
(-0.1963554593 0.07967928476 0)
(-0.1979404188 0.05537728678 0)
(-0.1993568282 0.03101815964 0)
(-0.2005121633 0.006675116817 0)
(-0.2013016421 -0.01755601674 0)
(-0.2016631377 -0.04154755857 0)
(-0.2016080277 -0.06515298195 0)
(-0.2012555379 -0.08826389963 0)
(-0.2008489535 -0.1108795868 0)
(-0.2007516473 -0.1331808543 0)
(-0.2014106655 -0.1555854426 0)
(-0.2032616143 -0.1787447442 0)
(-0.2065527253 -0.2034214935 0)
(-0.2110850353 -0.2301840757 0)
(-0.2159142768 -0.2588863388 0)
(-0.2191266093 -0.287981023 0)
(-0.2178438598 -0.3138351435 0)
(-0.2086055158 -0.3303592145 0)
(-0.188243575 -0.3294381644 0)
(-0.1553234025 -0.3029130692 0)
(-0.1120524999 -0.2470514919 0)
(-0.06592732617 -0.1692713561 0)
(-0.02851417145 -0.09045682517 0)
(-0.006871082084 -0.03160308802 0)
(-5.930394692e-05 -0.000643507838 0)
(-0.0002564194108 0.02216021172 0)
(-0.001850610894 0.0531008488 0)
(-0.005121442099 0.07388635382 0)
(-0.009406841116 0.08746861943 0)
(-0.01444216963 0.09637872742 0)
(-0.0200764728 0.1026487342 0)
(-0.026243294 0.107850161 0)
(-0.03296976114 0.1132066151 0)
(-0.04036186803 0.1197043891 0)
(-0.04857726662 0.1281332004 0)
(-0.0577836569 0.1390202712 0)
(-0.0680998806 0.1524755896 0)
(-0.07952764741 0.1680258872 0)
(-0.09189245659 0.1845420482 0)
(-0.1048161903 0.2003353574 0)
(-0.1177386083 0.2134295357 0)
(-0.1299964975 0.2219478625 0)
(-0.1409554894 0.2245075833 0)
(-0.1501542461 0.2205075255 0)
(-0.1574079557 0.2102178812 0)
(-0.1628356515 0.1946333217 0)
(-0.166799136 0.1751446637 0)
(-0.1697780873 0.1531596838 0)
(-0.1722313414 0.1298110263 0)
(-0.1744919871 0.1058278558 0)
(-0.1767210472 0.08156580171 0)
(-0.1789171853 0.057134335 0)
(-0.1809621675 0.03254688164 0)
(-0.1826813822 0.007836878256 0)
(-0.1839082411 -0.01688498775 0)
(-0.1845275195 -0.04142360818 0)
(-0.1845004616 -0.06553603709 0)
(-0.1838956788 -0.08899137459 0)
(-0.1829115149 -0.111651139 0)
(-0.1818919205 -0.1335618687 0)
(-0.1813249158 -0.1550504086 0)
(-0.1817956983 -0.1767899592 0)
(-0.1838579509 -0.1997729165 0)
(-0.1877916114 -0.2250960043 0)
(-0.1932537532 -0.2534698622 0)
(-0.198910479 -0.284436378 0)
(-0.2022294105 -0.3154152235 0)
(-0.1996348608 -0.3408798649 0)
(-0.1871824649 -0.3521682896 0)
(-0.1618735006 -0.3387174867 0)
(-0.1236554153 -0.2919835744 0)
(-0.07774306747 -0.2132839184 0)
(-0.03570419726 -0.1221112841 0)
(-0.009071902617 -0.04747720389 0)
(-0.0002425776251 -0.004319469958 0)
(-0.0001975572565 0.02306840178 0)
(-0.001554937965 0.05549772937 0)
(-0.004450805874 0.07746128923 0)
(-0.008344611486 0.09194343007 0)
(-0.01299831238 0.101544872 0)
(-0.01826010393 0.1083878011 0)
(-0.02405065289 0.1141359906 0)
(-0.03037438051 0.1200946925 0)
(-0.03730514419 0.1273099549 0)
(-0.04495825628 0.1365955501 0)
(-0.05344996251 0.1484515906 0)
(-0.06284459628 0.162899513 0)
(-0.07309794606 0.1793206147 0)
(-0.08401280872 0.196408895 0)
(-0.09522440595 0.2123109587 0)
(-0.1062285085 0.2249486691 0)
(-0.1164620149 0.2324471611 0)
(-0.1254277555 0.2335422847 0)
(-0.1328176348 0.2278484949 0)
(-0.1385866768 0.2158954157 0)
(-0.1429519364 0.1989103218 0)
(-0.1463123446 0.1784275932 0)
(-0.1491206918 0.1558792836 0)
(-0.1517580798 0.1323137501 0)
(-0.1544526392 0.1083098176 0)
(-0.1572582755 0.08406039726 0)
(-0.1600831135 0.05954393723 0)
(-0.1627437618 0.03469743076 0)
(-0.1650244508 0.009534794725 0)
(-0.1667315108 -0.01580441038 0)
(-0.1677250154 -0.04106017167 0)
(-0.1679325743 -0.0659005206 0)
(-0.1673723357 -0.08998075723 0)
(-0.1661766682 -0.1130239415 0)
(-0.1646197826 -0.134917732 0)
(-0.1631437265 -0.1558317698 0)
(-0.1623593945 -0.1763390163 0)
(-0.1629810785 -0.1974875418 0)
(-0.1656427373 -0.2207146506 0)
(-0.170559076 -0.2474622529 0)
(-0.1770673575 -0.2783902032 0)
(-0.1832166477 -0.3122308436 0)
(-0.1856697853 -0.344545872 0)
(-0.1801420315 -0.3669004709 0)
(-0.1625250254 -0.3672706871 0)
(-0.1308175458 -0.3330407709 0)
(-0.08774459389 -0.2587105687 0)
(-0.04313803478 -0.1584087489 0)
(-0.01156507798 -0.06689601928 0)
(-0.0004692692897 -0.009159909209 0)
(-0.000133968715 0.02380237158 0)
(-0.001227974284 0.05754979547 0)
(-0.003697768894 0.08062773235 0)
(-0.007136860841 0.09599857894 0)
(-0.01133753621 0.1062959778 0)
(-0.01614674024 0.1137098443 0)
(-0.02146898908 0.1199823756 0)
(-0.02728049467 0.1264899885 0)
(-0.033616568 0.1343285548 0)
(-0.04054500973 0.1443271682 0)
(-0.04812968188 0.1569552712 0)
(-0.05638702406 0.1721528298 0)
(-0.0652433742 0.1891772768 0)
(-0.07450498973 0.2065813488 0)
(-0.083852597 0.2223912797 0)
(-0.09286936638 0.2344710598 0)
(-0.1011154769 0.2409804027 0)
(-0.1082376401 0.2407860182 0)
(-0.1140653689 0.2337041845 0)
(-0.1186564549 0.2204851621 0)
(-0.1222747448 0.2025335846 0)
(-0.1253032027 0.1814692286 0)
(-0.1281259656 0.1587012893 0)
(-0.1310255408 0.1351674184 0)
(-0.1341282692 0.1112929359 0)
(-0.1374047474 0.08712350058 0)
(-0.1407094174 0.06253158283 0)
(-0.1438348666 0.03740263217 0)
(-0.1465620414 0.01174812271 0)
(-0.1487010485 -0.01425960739 0)
(-0.150112359 -0.04030472459 0)
(-0.1507067655 -0.0659828133 0)
(-0.1504613846 -0.0908587181 0)
(-0.149440138 -0.1145375647 0)
(-0.1478254138 -0.1367540564 0)
(-0.1459598324 -0.1574937801 0)
(-0.1443839839 -0.1771475146 0)
(-0.1438328667 -0.1966664209 0)
(-0.1451320797 -0.217617598 0)
(-0.1489235872 -0.2419660464 0)
(-0.1551916434 -0.2713854465 0)
(-0.1626970695 -0.3060242856 0)
(-0.1686107452 -0.3429144412 0)
(-0.1686814678 -0.3745173573 0)
(-0.1581338254 -0.388264003 0)
(-0.1334412366 -0.3684621665 0)
(-0.09501315808 -0.303082857 0)
(-0.05016530131 -0.1981841502 0)
(-0.01428412994 -0.08985890575 0)
(-0.0007266518107 -0.01528615064 0)
(-6.770331045e-05 0.02434763955 0)
(-0.0008785324442 0.0592199764 0)
(-0.002879866881 0.08333236727 0)
(-0.005808545772 0.09956968767 0)
(-0.00949122926 0.1105586902 0)
(-0.01377420916 0.1185313598 0)
(-0.01854391533 0.1252919294 0)
(-0.02374460854 0.1322761732 0)
(-0.029368934 0.1406203654 0)
(-0.03543474288 0.1511632329 0)
(-0.04195521107 0.1643459165 0)
(-0.04890695619 0.1800421714 0)
(-0.05620239437 0.197415632 0)
(-0.06367322118 0.2149193463 0)
(-0.07107026915 0.2305039807 0)
(-0.07808527914 0.2420127759 0)
(-0.08441301291 0.247658876 0)
(-0.08983945433 0.2464338273 0)
(-0.09430832109 0.2383234076 0)
(-0.09794106645 0.2242462511 0)
(-0.1010021828 0.2057251553 0)
(-0.1038174404 0.1844146197 0)
(-0.1066768205 0.1616710296 0)
(-0.1097601899 0.1383167652 0)
(-0.1131086197 0.1146407347 0)
(-0.1166402297 0.0905705698 0)
(-0.1201924407 0.06590314821 0)
(-0.1235689577 0.04049537347 0)
(-0.1265768657 0.01436735872 0)
(-0.1290513675 -0.0122778214 0)
(-0.1308692587 -0.03908278898 0)
(-0.1319381742 -0.06559155182 0)
(-0.1322082769 -0.0913073723 0)
(-0.1316848963 -0.1157485414 0)
(-0.1304598548 -0.138522976 0)
(-0.1287575116 -0.1594393572 0)
(-0.1269935101 -0.1786706517 0)
(-0.1258181462 -0.1969649353 0)
(-0.1260923281 -0.2158263081 0)
(-0.128710967 -0.237496169 0)
(-0.1341858104 -0.2644543808 0)
(-0.1420069619 -0.2982220823 0)
(-0.1500305693 -0.337522637 0)
(-0.154337978 -0.3762525703 0)
(-0.1498781603 -0.4021268678 0)
(-0.1320303014 -0.3974184854 0)
(-0.09920822168 -0.3443863343 0)
(-0.05612943715 -0.2398452786 0)
(-0.01709770231 -0.1161104184 0)
(-0.001000918519 -0.02276030132 0)
(-9.698333393e-07 0.02469541072 0)
(-0.0005169846988 0.06048038175 0)
(-0.002018759363 0.08553108758 0)
(-0.004391449028 0.1026006821 0)
(-0.007500479426 0.1142675591 0)
(-0.01119314822 0.1227776282 0)
(-0.01533745336 0.1299786697 0)
(-0.01984398139 0.137353099 0)
(-0.02466092313 0.1460689988 0)
(-0.02975603921 0.1569719579 0)
(-0.03509501297 0.1704820764 0)
(-0.04062229814 0.1864281572 0)
(-0.04624860709 0.2039155253 0)
(-0.0518466179 0.221341809 0)
(-0.05725310332 0.2366248337 0)
(-0.06227981346 0.2476162401 0)
(-0.06675831314 0.2525890047 0)
(-0.07060307796 0.2506387711 0)
(-0.07384756194 0.2418751908 0)
(-0.0766429384 0.2273255664 0)
(-0.07921924575 0.2085733279 0)
(-0.08181864131 0.1872681768 0)
(-0.08462656738 0.1647013377 0)
(-0.08772789571 0.1415940327 0)
(-0.09110053527 0.1181302452 0)
(-0.09463973932 0.09415575352 0)
(-0.09819568252 0.06942171196 0)
(-0.1016078838 0.04377399737 0)
(-0.1047273899 0.01724590547 0)
(-0.1074267709 -0.009934660372 0)
(-0.1096076341 -0.03738496824 0)
(-0.1111827529 -0.06461946042 0)
(-0.1120884921 -0.0911070426 0)
(-0.1122872169 -0.1163113462 0)
(-0.1117959876 -0.1397480797 0)
(-0.1107284995 -0.1610783608 0)
(-0.1093605534 -0.1802619141 0)
(-0.1081988933 -0.1977933111 0)
(-0.1080201499 -0.2149708293 0)
(-0.1097988378 -0.2340726741 0)
(-0.1143983332 -0.2581149847 0)
(-0.1219528283 -0.2898230725 0)
(-0.1310824616 -0.3296773531 0)
(-0.1384211185 -0.3733937393 0)
(-0.1389654249 -0.4096882351 0)
(-0.1274003143 -0.4197939529 0)
(-0.1005118555 -0.3813044713 0)
(-0.0605896904 -0.2817117962 0)
(-0.01979636446 -0.1451736957 0)
(-0.001288157714 -0.03156262758 0)
(6.367084167e-05 0.02484387036 0)
(-0.0001550121053 0.06131379643 0)
(-0.001139448528 0.08719156466 0)
(-0.002923258484 0.1050465642 0)
(-0.005414993396 0.1173679286 0)
(-0.008465534628 0.1263858225 0)
(-0.01192582026 0.1339715276 0)
(-0.01567315378 0.1416407698 0)
(-0.01961169619 0.1505856509 0)
(-0.02366077338 0.161658122 0)
(-0.02774231979 0.1752677781 0)
(-0.03177456726 0.1912231164 0)
(-0.035674039 0.2086089556 0)
(-0.03936252377 0.2258118357 0)
(-0.04276993669 0.2407564406 0)
(-0.04583093931 0.2513254174 0)
(-0.04850958626 0.2558481874 0)
(-0.05083652164 0.2534932915 0)
(-0.05291517162 0.244441224 0)
(-0.05490262874 0.229766628 0)
(-0.0569731938 0.2110612542 0)
(-0.05927352275 0.1899416611 0)
(-0.06188574796 0.1676357321 0)
(-0.06481304528 0.144790511 0)
(-0.06799091804 0.1215244558 0)
(-0.07131427722 0.09763928354 0)
(-0.07466557945 0.07286679375 0)
(-0.07793385773 0.04705335968 0)
(-0.08102176204 0.02024387504 0)
(-0.08384398632 -0.007318868989 0)
(-0.08633014933 -0.03524160689 0)
(-0.08840278259 -0.06302895178 0)
(-0.08999408482 -0.09013764559 0)
(-0.09103932622 -0.1160040122 0)
(-0.09150230061 -0.1400850586 0)
(-0.09140802917 -0.1619329164 0)
(-0.09090616621 -0.1813244218 0)
(-0.09034490031 -0.1985002393 0)
(-0.09034615521 -0.2144745348 0)
(-0.09182513113 -0.2313692561 0)
(-0.09580923008 -0.2524526707 0)
(-0.102920079 -0.2813938505 0)
(-0.1125197656 -0.3203553368 0)
(-0.121934703 -0.3670963753 0)
(-0.1264636254 -0.4119194936 0)
(-0.1204445901 -0.4359271654 0)
(-0.09941495159 -0.4131608953 0)
(-0.06343266292 -0.3223158103 0)
(-0.02216316505 -0.1764322806 0)
(-0.001595257613 -0.04158906539 0)
(0.0001223760761 0.02479549185 0)
(0.0001941030166 0.06171422398 0)
(-0.0002688866378 0.0882967389 0)
(-0.001446308341 0.1068763854 0)
(-0.003291568748 0.1198185872 0)
(-0.005662695453 0.129307539 0)
(-0.008396592933 0.1372169082 0)
(-0.01133976325 0.1450818229 0)
(-0.01435477657 0.154111126 0)
(-0.01731556457 0.1651638963 0)
(-0.02010407983 0.1786511673 0)
(-0.02261608525 0.1943866469 0)
(-0.02477639649 0.2114722201 0)
(-0.02655630807 0.2283259398 0)
(-0.02797739695 0.2429155805 0)
(-0.02909339562 0.2531722493 0)
(-0.02999367651 0.2574731264 0)
(-0.03081425509 0.2550245315 0)
(-0.03171554362 0.2460229054 0)
(-0.03284884723 0.2315307389 0)
(-0.03432616305 0.2131017773 0)
(-0.0361997602 0.1922999269 0)
(-0.0384572889 0.1703003656 0)
(-0.04103405366 0.1477089452 0)
(-0.04383796514 0.1246199646 0)
(-0.04677609533 0.1008271188 0)
(-0.04977166231 0.07606522719 0)
(-0.05276752618 0.05018845151 0)
(-0.05571866539 0.02324697511 0)
(-0.05858132584 -0.004514297713 0)
(-0.0613128467 -0.0327034654 0)
(-0.06384892993 -0.06083136674 0)
(-0.06612397392 -0.08835895038 0)
(-0.06805956571 -0.1147156016 0)
(-0.06958772777 -0.1393273517 0)
(-0.07067005725 -0.1616763485 0)
(-0.07135767555 -0.1813940197 0)
(-0.07185664128 -0.1985026858 0)
(-0.07260964667 -0.2137149869 0)
(-0.07438426645 -0.2288728976 0)
(-0.07820940748 -0.2472434387 0)
(-0.0850057448 -0.2731318495 0)
(-0.09477173188 -0.3101886553 0)
(-0.1055855854 -0.3582925762 0)
(-0.1132357687 -0.4097672147 0)
(-0.1119979634 -0.4463892299 0)
(-0.09650714161 -0.4397418429 0)
(-0.06483473332 -0.3605823356 0)
(-0.02410506556 -0.2092128336 0)
(-0.001921777262 -0.05268050702 0)
(0.0001736845384 0.02456165618 0)
(0.0005212567575 0.06169460203 0)
(0.0005659881234 0.08884223139 0)
(-7.813750369e-06 0.1080743104 0)
(-0.001192854771 0.1215942238 0)
(-0.002863013636 0.1315105274 0)
(-0.004845477123 0.1396796824 0)
(-0.006960150853 0.1476417746 0)
(-0.009032128395 0.1566152141 0)
(-0.01089407617 0.1674672941 0)
(-0.01239145234 0.1806220418 0)
(-0.01339906636 0.1959221675 0)
(-0.01384799925 0.2125211951 0)
(-0.01375294316 0.2289075506 0)
(-0.01321876691 0.2431236838 0)
(-0.01240890158 0.2531731579 0)
(-0.01152667838 0.2574643355 0)
(-0.0108050767 0.2552039615 0)
(-0.01045806622 0.2465540396 0)
(-0.01063255165 0.2325141581 0)
(-0.01138478024 0.2145614388 0)
(-0.01268355091 0.1941909641 0)
(-0.01443529439 0.1725357785 0)
(-0.01651944114 0.1501922903 0)
(-0.01882375748 0.1272698694 0)
(-0.02126949567 0.1035872258 0)
(-0.02381821594 0.07890145589 0)
(-0.02646426163 0.0530793495 0)
(-0.02921234743 0.02616924532 0)
(-0.03205610602 -0.001593679448 0)
(-0.03497635797 -0.02983032935 0)
(-0.03792787499 -0.05806843968 0)
(-0.04085126105 -0.08578542624 0)
(-0.0436655735 -0.1124169802 0)
(-0.04629155857 -0.1373796766 0)
(-0.04864513645 -0.1601218012 0)
(-0.05070875173 -0.1801580984 0)
(-0.05258253874 -0.1973486146 0)
(-0.05453661062 -0.2121331346 0)
(-0.05715110673 -0.2260203919 0)
(-0.06134046697 -0.2420840274 0)
(-0.06814290914 -0.2649585939 0)
(-0.07803608298 -0.2995033878 0)
(-0.08982991673 -0.3476601884 0)
(-0.09992714953 -0.4040564449 0)
(-0.102768021 -0.4518310081 0)
(-0.09238462344 -0.4611558893 0)
(-0.06515989345 -0.3959144746 0)
(-0.02569446533 -0.24285164 0)
(-0.002242724342 -0.06467162363 0)
(0.0002169530441 0.02416100333 0)
(0.0008117216892 0.06127919708 0)
(0.001334614925 0.08884171607 0)
(0.001347998398 0.1086408956 0)
(0.0008156898406 0.1226841729 0)
(-0.0001503336931 0.1329800713 0)
(-0.001373485461 0.1413448049 0)
(-0.00265508732 0.1493098384 0)
(-0.003788003959 0.1580961325 0)
(-0.004568660575 0.1685790141 0)
(-0.004809758982 0.1812052797 0)
(-0.004365629358 0.195867395 0)
(-0.003168655496 0.2118015712 0)
(-0.001266804198 0.2276025425 0)
(0.001175749315 0.2414211334 0)
(0.003895950734 0.25133587 0)
(0.00657739 0.2557866973 0)
(0.008904072866 0.253952629 0)
(0.01061131635 0.2459182991 0)
(0.01154595359 0.2325742469 0)
(0.01168601764 0.2152856925 0)
(0.01112291358 0.1954640559 0)
(0.01001473602 0.1742079395 0)
(0.008530232451 0.1521295559 0)
(0.006801890736 0.1293857292 0)
(0.004900714841 0.1058483073 0)
(0.002837915554 0.08131301548 0)
(0.0005758947949 0.05566298156 0)
(-0.001935806781 0.02894463592 0)
(-0.004722241789 0.001378606141 0)
(-0.007782444005 -0.0266833569 0)
(-0.01109481093 -0.05479949046 0)
(-0.0146123936 -0.08246731085 0)
(-0.01826091655 -0.1091368822 0)
(-0.02197258536 -0.1342290423 0)
(-0.02561808607 -0.1571793883 0)
(-0.02913776636 -0.1774294298 0)
(-0.03257439264 -0.1947247855 0)
(-0.03604500748 -0.2092859186 0)
(-0.03993661384 -0.2222924262 0)
(-0.0449852322 -0.236505571 0)
(-0.05220032536 -0.2566225586 0)
(-0.06236316205 -0.2883886483 0)
(-0.0749315429 -0.3356376026 0)
(-0.08698975314 -0.3954448909 0)
(-0.0933210758 -0.4528727979 0)
(-0.08760253479 -0.4776578799 0)
(-0.06479069732 -0.4279695567 0)
(-0.02707831329 -0.276748936 0)
(-0.002551373243 -0.07743625925 0)
(0.000250395065 0.0236167832 0)
(0.001054896133 0.0605042252 0)
(0.00200710756 0.08833128242 0)
(0.00257104294 0.1085973382 0)
(0.002668495847 0.1230982199 0)
(0.002392517029 0.1337188841 0)
(0.001916738244 0.1422133539 0)
(0.001453442019 0.1500921594 0)
(0.001233696888 0.1585723486 0)
(0.001491284594 0.1685372023 0)
(0.002443603998 0.1804618151 0)
(0.004257693932 0.1943021574 0)
(0.007006518408 0.2093997882 0)
(0.01062508899 0.2244847378 0)
(0.01489612738 0.2378452832 0)
(0.01948222612 0.2476496207 0)
(0.02398291981 0.2523757119 0)
(0.02799834136 0.251158262 0)
(0.03120631612 0.2439693064 0)
(0.03342867707 0.2315481642 0)
(0.03465099398 0.2151139571 0)
(0.03499714386 0.1959782462 0)
(0.03466906575 0.1752081007 0)
(0.03387498688 0.1534482544 0)
(0.03277062814 0.130926409 0)
(0.03142976856 0.107590494 0)
(0.02984865292 0.08329097348 0)
(0.0279650041 0.05793044226 0)
(0.02570190036 0.03155577469 0)
(0.02300267933 0.004368159785 0)
(0.01983869408 -0.02331418838 0)
(0.01621301638 -0.0510870767 0)
(0.01215988223 -0.07847275084 0)
(0.007736845182 -0.10494196 0)
(0.002986608652 -0.1299245512 0)
(-0.001932614134 -0.1528192703 0)
(-0.006931136099 -0.173115801 0)
(-0.01202520661 -0.1904426337 0)
(-0.01720993754 -0.2048594349 0)
(-0.0226927453 -0.217263272 0)
(-0.02901102629 -0.2300561517 0)
(-0.03704759373 -0.2477905833 0)
(-0.04772226894 -0.2767707675 0)
(-0.06101614199 -0.3224658445 0)
(-0.07471257787 -0.3844203513 0)
(-0.08407576939 -0.4500524496 0)
(-0.08263172452 -0.4895609355 0)
(-0.06413037987 -0.4566109728 0)
(-0.02850232745 -0.3105548198 0)
(-0.00287497715 -0.09095307148 0)
(0.0002724675411 0.02295783613 0)
(0.001241438333 0.05942134775 0)
(0.002556929267 0.08736226439 0)
(0.003613909269 0.1079860181 0)
(0.004297118357 0.1228672572 0)
(0.004677505439 0.1337483364 0)
(0.004920520136 0.1423069681 0)
(0.005245675328 0.150019454 0)
(0.005899651871 0.1580913153 0)
(0.007136871317 0.1674116222 0)
(0.00919764689 0.1784850343 0)
(0.01227049946 0.1913375755 0)
(0.01644201017 0.2054302065 0)
(0.0216462163 0.2196503047 0)
(0.02763968131 0.232446903 0)
(0.03403312405 0.2421151331 0)
(0.04035761897 0.2471723819 0)
(0.04613947959 0.2467010562 0)
(0.05099172582 0.2405383908 0)
(0.05469005856 0.2292426438 0)
(0.05719839072 0.2138580994 0)
(0.05864254686 0.1955763269 0)
(0.05924378193 0.1754249681 0)
(0.05923718259 0.154084948 0)
(0.05880287012 0.1318667873 0)
(0.05802942434 0.1088102874 0)
(0.05691495708 0.08483652672 0)
(0.05539130756 0.05988354147 0)
(0.05336631105 0.03399920792 0)
(0.05075753622 0.00735645361 0)
(0.04751082086 -0.01975946651 0)
(0.04360824919 -0.04697842191 0)
(0.03906393435 -0.07385328881 0)
(0.03391499936 -0.09987999901 0)
(0.02821760965 -0.1245054493 0)
(0.02207058959 -0.1471141396 0)
(0.0155724106 -0.1672281247 0)
(0.008792490702 -0.1844298825 0)
(0.001791390026 -0.1986667951 0)
(-0.005485735698 -0.2106192976 0)
(-0.01337882727 -0.2223529245 0)
(-0.02258964722 -0.2381220059 0)
(-0.03404641666 -0.2644874405 0)
(-0.04811602443 -0.308242766 0)
(-0.06325345379 -0.3713154263 0)
(-0.07530632417 -0.4437901733 0)
(-0.0778225681 -0.4971452332 0)
(-0.06353386444 -0.4817892212 0)
(-0.03027745476 -0.344094858 0)
(-0.003293916446 -0.1053559324 0)
(0.000282123184 0.02221795412 0)
(0.001362494636 0.05809589277 0)
(0.002958806516 0.08600414782 0)
(0.004431087895 0.1068677295 0)
(0.005635569481 0.1220395742 0)
(0.006620865955 0.1331091154 0)
(0.007539164559 0.1416656402 0)
(0.008608482807 0.1491392146 0)
(0.01008200332 0.156715136 0)
(0.01222560918 0.1652830156 0)
(0.01529481155 0.1753769693 0)
(0.01949702985 0.187095981 0)
(0.0249381572 0.2000274997 0)
(0.03156689049 0.2132298482 0)
(0.03914062964 0.2253337609 0)
(0.04724542492 0.2347810206 0)
(0.05536382831 0.2401493955 0)
(0.06296007778 0.2404756658 0)
(0.06957926487 0.2354557133 0)
(0.07493318087 0.2254504515 0)
(0.07893583634 0.2113074376 0)
(0.08168303972 0.1940756804 0)
(0.0833872636 0.1747251395 0)
(0.0842927113 0.1539626842 0)
(0.08459962923 0.132180767 0)
(0.08441945955 0.1095181594 0)
(0.08376797596 0.08597831598 0)
(0.08258668049 0.06154759012 0)
(0.08078088522 0.03628127784 0)
(0.07825486762 0.01033347148 0)
(0.07493267848 -0.0160409548 0)
(0.07077508344 -0.04250632301 0)
(0.06577353194 -0.06864519342 0)
(0.05994184933 -0.09397872455 0)
(0.05332166416 -0.1179762647 0)
(0.04598864487 -0.1400773685 0)
(0.03804003321 -0.1597713989 0)
(0.02958573132 -0.1766534849 0)
(0.02073855551 -0.1906142174 0)
(0.01154821724 -0.2021772283 0)
(0.001870248736 -0.2131124388 0)
(-0.008777896113 -0.2273182299 0)
(-0.02125846398 -0.2513523922 0)
(-0.0361972617 -0.2929831887 0)
(-0.05266138389 -0.3563447642 0)
(-0.06715317867 -0.4343925583 0)
(-0.07339727482 -0.5006247335 0)
(-0.06328113326 -0.5034765072 0)
(-0.03272612934 -0.3773022658 0)
(-0.003954726003 -0.1209833226 0)
(0.0002785444342 0.02143524422 0)
(0.001409590719 0.05660576527 0)
(0.003187953612 0.08434514358 0)
(0.00497797283 0.1053233444 0)
(0.006619631312 0.1206822435 0)
(0.008141066011 0.1318567052 0)
(0.00967682115 0.1403391329 0)
(0.0114345041 0.1475045587 0)
(0.01366362191 0.1545107704 0)
(0.01663194972 0.1622421422 0)
(0.02060205794 0.1712578797 0)
(0.02579517604 0.1817265064 0)
(0.0323384152 0.1933607123 0)
(0.04020658892 0.2053942089 0)
(0.0491802145 0.2166522297 0)
(0.05885005331 0.2257414084 0)
(0.06867698487 0.2313253447 0)
(0.07808040151 0.2324160214 0)
(0.08654145249 0.2285786982 0)
(0.09369714443 0.2199755849 0)
(0.09938811003 0.207244552 0)
(0.1036497931 0.1912704594 0)
(0.1066558119 0.1729406017 0)
(0.108636351 0.1529656951 0)
(0.109799791 0.1318060974 0)
(0.1102802104 0.1096959018 0)
(0.110120183 0.08672629063 0)
(0.1092836266 0.06294227247 0)
(0.1076868478 0.03842062434 0)
(0.1052333377 0.01330889807 0)
(0.1018298649 -0.01216178748 0)
(0.09742031602 -0.03768838335 0)
(0.09197440118 -0.06288128896 0)
(0.08548103879 -0.08729047854 0)
(0.07796166256 -0.1104170413 0)
(0.06947556709 -0.131738173 0)
(0.06011856007 -0.1507628823 0)
(0.05002230801 -0.1671111426 0)
(0.0393442259 -0.1806629761 0)
(0.02822071714 -0.1918397869 0)
(0.0166599017 -0.2021557657 0)
(0.004398483351 -0.2151467827 0)
(-0.009282966295 -0.2371999942 0)
(-0.02517424505 -0.2766685335 0)
(-0.04288891589 -0.3396462712 0)
(-0.05962541227 -0.4220659915 0)
(-0.06943488986 -0.5001206389 0)
(-0.06353787148 -0.5215986749 0)
(-0.03611261335 -0.4101235603 0)
(-0.005066756411 -0.1384022593 0)
(0.0002607799093 0.02065203801 0)
(0.001373817439 0.05504131061 0)
(0.003218927657 0.08249164573 0)
(0.005209497729 0.1034538396 0)
(0.007185091088 0.1188811119 0)
(0.009157501229 0.130061501 0)
(0.01124048483 0.1383884808 0)
(0.01362293307 0.1451767134 0)
(0.01654005828 0.15155072 0)
(0.02025064484 0.1583839533 0)
(0.02501461252 0.1662534289 0)
(0.03105966934 0.1753882218 0)
(0.03853195001 0.1856168661 0)
(0.04743822813 0.1963428367 0)
(0.05759832467 0.2065896268 0)
(0.0686346396 0.2151441321 0)
(0.08001655353 0.2207821019 0)
(0.09114300181 0.2225212738 0)
(0.1014447444 0.2198220705 0)
(0.1104833493 0.2126620193 0)
(0.1180115282 0.2014680595 0)
(0.1239797838 0.1869448076 0)
(0.1284940711 0.1698703475 0)
(0.1317437353 0.1509295861 0)
(0.1339255056 0.1306258085 0)
(0.1351859629 0.1092737089 0)
(0.1355940179 0.0870494246 0)
(0.1351426834 0.06406321678 0)
(0.1337694165 0.0404264727 0)
(0.1313891393 0.01629436765 0)
(0.127895435 -0.008115141437 0)
(0.1232250403 -0.03252323835 0)
(0.1173316169 -0.05656679397 0)
(0.1101814851 -0.07982838263 0)
(0.1017778799 -0.1018454283 0)
(0.09216923117 -0.1221373495 0)
(0.08145179453 -0.1402551016 0)
(0.06977314212 -0.1558589123 0)
(0.05732634996 -0.1688464061 0)
(0.04431817693 -0.1795886338 0)
(0.0308836337 -0.1894108164 0)
(0.01693090793 -0.2014881846 0)
(0.001950102027 -0.2218997054 0)
(-0.01491808682 -0.2592892132 0)
(-0.03380045199 -0.3213305464 0)
(-0.052604512 -0.4069559965 0)
(-0.06586168611 -0.4956702856 0)
(-0.06431357297 -0.5359942485 0)
(-0.040562655 -0.442423232 0)
(-0.006877065967 -0.1583937774 0)
(0.0002272668719 0.0199155439 0)
(0.001244187126 0.0535061701 0)
(0.003023083099 0.08056820466 0)
(0.00507751224 0.1013794971 0)
(0.007265838784 0.1167394491 0)
(0.009589881373 0.1278077507 0)
(0.01214057554 0.1358844836 0)
(0.01508020658 0.1422225901 0)
(0.01861893265 0.1479090913 0)
(0.02299484217 0.1538007669 0)
(0.02845400174 0.1604840185 0)
(0.03522101173 0.1682362259 0)
(0.04345475196 0.1769862963 0)
(0.05319372712 0.1862928176 0)
(0.06430589899 0.1953710834 0)
(0.07646586 0.2031961506 0)
(0.08918032527 0.208679275 0)
(0.1018569781 0.210879107 0)
(0.1138991732 0.2091881879 0)
(0.1248046047 0.2034278238 0)
(0.1342359905 0.1938265621 0)
(0.1420444156 0.1809025611 0)
(0.1482450531 0.1653022774 0)
(0.1529597801 0.1476532262 0)
(0.1563487735 0.1284698711 0)
(0.1585521192 0.1081234621 0)
(0.1596542141 0.08686308254 0)
(0.1596746134 0.0648640944 0)
(0.1585759674 0.04228033306 0)
(0.1562958259 0.01928679661 0)
(0.1527183787 -0.003908763005 0)
(0.1477862422 -0.02701314042 0)
(0.141442082 -0.04970384283 0)
(0.1336396996 -0.07160321256 0)
(0.1243730586 -0.09228701646 0)
(0.1136852648 -0.11132206 0)
(0.101676089 -0.1283137755 0)
(0.08850833998 -0.1429773153 0)
(0.07440554725 -0.1552507064 0)
(0.05963051445 -0.1654947278 0)
(0.04441852784 -0.1749045016 0)
(0.0288329465 -0.1863325102 0)
(0.01254648824 -0.2054282655 0)
(-0.00527251738 -0.2408823297 0)
(-0.02517889776 -0.3015269426 0)
(-0.04584570891 -0.3891949961 0)
(-0.06243797799 -0.4872533118 0)
(-0.06541260044 -0.5463945699 0)
(-0.0459859209 -0.473913624 0)
(-0.009614934516 -0.1818895665 0)
(0.0001751794548 0.01927944733 0)
(0.001005051361 0.0521197966 0)
(0.002564285099 0.07871845573 0)
(0.004526173946 0.09923898234 0)
(0.00679020316 0.1143754843 0)
(0.00935597868 0.1251900922 0)
(0.01228985252 0.1329031146 0)
(0.01571956965 0.1387089655 0)
(0.01981930941 0.14365484 0)
(0.02479450538 0.1485752746 0)
(0.03086548823 0.1540570905 0)
(0.03824255771 0.1604121517 0)
(0.04708771006 0.1676507272 0)
(0.05746520989 0.1754653135 0)
(0.06929198986 0.1832468446 0)
(0.08230635639 0.1901560558 0)
(0.09607521308 0.1952554688 0)
(0.1100442527 0.1976781904 0)
(0.1236186587 0.196791472 0)
(0.1362552136 0.1923002677 0)
(0.1475384872 0.1842611672 0)
(0.1572190679 0.1730126004 0)
(0.1652084989 0.1590562748 0)
(0.1715399324 0.1429348059 0)
(0.1763119481 0.1251407057 0)
(0.1796341261 0.1060719593 0)
(0.1815874156 0.08603034883 0)
(0.1822055812 0.06524801717 0)
(0.181472715 0.04392329281 0)
(0.1793415369 0.02225811972 0)
(0.1757289394 0.0004675714311 0)
(0.1705784395 -0.02114577225 0)
(0.1638067043 -0.04229684976 0)
(0.1553808628 -0.0626380369 0)
(0.145301705 -0.08178746491 0)
(0.133613736 -0.09936640398 0)
(0.1204242893 -0.1150431101 0)
(0.105912705 -0.1285985746 0)
(0.09032970674 -0.1400278365 0)
(0.07398317399 -0.1497115615 0)
(0.05718711762 -0.1587635449 0)
(0.04013317427 -0.1697581668 0)
(0.02264634123 -0.1878744741 0)
(0.003993808766 -0.221554594 0)
(-0.01672875854 -0.2804321177 0)
(-0.03898500303 -0.3689609174 0)
(-0.05875398991 -0.4748431222 0)
(-0.06639954169 -0.5524370388 0)
(-0.05202094019 -0.5041273491 0)
(-0.0133900274 -0.2098509337 0)
(9.972454089e-05 0.01880713421 0)
(0.0006324069498 0.05102252608 0)
(0.001792159935 0.07710732654 0)
(0.003484645797 0.09718836141 0)
(0.005674880212 0.1119186792 0)
(0.008367543429 0.1223087019 0)
(0.01160106623 0.129520117 0)
(0.01546001443 0.1346968548 0)
(0.02007129794 0.1388459206 0)
(0.02559573009 0.1427743569 0)
(0.03221611676 0.1470601497 0)
(0.04011683398 0.1520352715 0)
(0.04945153133 0.1577709081 0)
(0.06029998517 0.1640685859 0)
(0.07262168119 0.1704714213 0)
(0.08622025316 0.1763129018 0)
(0.1007360896 0.1808118809 0)
(0.1156767421 0.1832018252 0)
(0.1304792156 0.1828661593 0)
(0.1445896768 0.1794392949 0)
(0.1575386099 0.172843542 0)
(0.1689893551 0.1632578933 0)
(0.1787505148 0.1510388895 0)
(0.186755633 0.1366259869 0)
(0.1930224169 0.1204608741 0)
(0.1976067379 0.1029374755 0)
(0.2005638573 0.08438487236 0)
(0.2019241027 0.06507595375 0)
(0.2016838405 0.04524874176 0)
(0.1998086931 0.02513347295 0)
(0.1962503126 0.004968716023 0)
(0.1909454042 -0.01497057687 0)
(0.183820681 -0.0344035779 0)
(0.1748646141 -0.05300609221 0)
(0.1640867882 -0.07044401059 0)
(0.1515416959 -0.08639851755 0)
(0.1373513258 -0.1006059252 0)
(0.1217141064 -0.1129202381 0)
(0.1049060266 -0.1234048476 0)
(0.08727133689 -0.1324812814 0)
(0.06918226507 -0.1412203531 0)
(0.05092854871 -0.1519661759 0)
(0.03247370123 -0.1694125786 0)
(0.01318470926 -0.2015189408 0)
(-0.008078785455 -0.2583350678 0)
(-0.03154423656 -0.3465235494 0)
(-0.05424100831 -0.4584663411 0)
(-0.06660110319 -0.5537014302 0)
(-0.05802486292 -0.5324096697 0)
(-0.01804873942 -0.2430795159 0)
(-7.450066541e-06 0.01858228433 0)
(8.781347106e-05 0.05038367022 0)
(0.0006316024771 0.07592413684 0)
(0.001856236424 0.09539930686 0)
(0.00381626702 0.1095043254 0)
(0.00652491798 0.1192622784 0)
(0.009983999812 0.1258040598 0)
(0.01422516934 0.1302355599 0)
(0.01931577852 0.133524163 0)
(0.02536024143 0.1364440518 0)
(0.03249290469 0.1395548977 0)
(0.04086142056 0.1431945143 0)
(0.05059960879 0.1474747237 0)
(0.06179052328 0.1522802085 0)
(0.07442477406 0.1572788068 0)
(0.0883643413 0.1619556484 0)
(0.1033255059 0.1656798631 0)
(0.1188918375 0.1677997143 0)
(0.1345568714 0.1677487489 0)
(0.1497874092 0.1651356781 0)
(0.1640912184 0.159792145 0)
(0.1770696033 0.1517690841 0)
(0.1884429392 0.1412907299 0)
(0.1980477423 0.1286874546 0)
(0.2058123883 0.1143301289 0)
(0.2117227433 0.09858182338 0)
(0.2157887276 0.08177258962 0)
(0.2180187274 0.06419501856 0)
(0.218407045 0.0461135688 0)
(0.2169276328 0.02777894577 0)
(0.2135506284 0.009446600816 0)
(0.2082204496 -0.008626384467 0)
(0.2008938936 -0.02615766259 0)
(0.1915754868 -0.04285255927 0)
(0.1802905077 -0.0584271979 0)
(0.1671144102 -0.07262264817 0)
(0.1521903786 -0.08524491713 0)
(0.1357381908 -0.0962244591 0)
(0.1180571464 -0.1056989473 0)
(0.09951936063 -0.1141430744 0)
(0.08053551811 -0.1226112116 0)
(0.06146279933 -0.1332590418 0)
(0.04237271132 -0.1503039253 0)
(0.02271519648 -0.1810727185 0)
(0.001265504919 -0.2355848032 0)
(-0.02293318266 -0.3222812427 0)
(-0.04819873938 -0.4382562554 0)
(-0.06514860776 -0.5497446874 0)
(-0.06312628312 -0.5578775656 0)
(-0.02306848209 -0.2819735806 0)
(-0.0001681964964 0.0187173495 0)
(-0.0006993161822 0.05041331415 0)
(-0.001032410133 0.07538466827 0)
(-0.0004958606463 0.09404587925 0)
(0.001079059913 0.107269618 0)
(0.003710444523 0.1161412422 0)
(0.007342801241 0.1218080866 0)
(0.01194309503 0.1253554178 0)
(0.01750500738 0.1277098809 0)
(0.02406560609 0.1296055188 0)
(0.0317015582 0.1315734615 0)
(0.04051500448 0.1339434272 0)
(0.05061017771 0.1368488038 0)
(0.06206166645 0.1402327244 0)
(0.07487780393 0.1438595817 0)
(0.08896634085 0.1473404127 0)
(0.1041124067 0.1501795071 0)
(0.1199785444 0.1518422745 0)
(0.1361297304 0.1518346939 0)
(0.1520790614 0.1497772839 0)
(0.1673434313 0.1454539195 0)
(0.1814938318 0.1388247904 0)
(0.1941881441 0.1300053532 0)
(0.2051817024 0.1192234241 0)
(0.2143182599 0.1067703416 0)
(0.2215085314 0.09295938489 0)
(0.2267051044 0.07809856221 0)
(0.2298797181 0.06247817126 0)
(0.2310096711 0.04637115739 0)
(0.2300678332 0.03003627571 0)
(0.2270349454 0.01373353801 0)
(0.2218695761 -0.002296289542 0)
(0.2145581767 -0.01775413514 0)
(0.2051224179 -0.03239838252 0)
(0.1936106931 -0.04599256848 0)
(0.1801276285 -0.05833471408 0)
(0.1648419919 -0.06930009643 0)
(0.1479963202 -0.07889561944 0)
(0.1299096081 -0.0873334919 0)
(0.110970685 -0.09514503009 0)
(0.0916054114 -0.1033822825 0)
(0.07220119712 -0.1140472381 0)
(0.05289327899 -0.1309109341 0)
(0.03322335945 -0.160575192 0)
(0.01196030503 -0.2126151875 0)
(-0.01244325942 -0.2967786924 0)
(-0.03979677143 -0.4144745448 0)
(-0.06102015757 -0.5401126024 0)
(-0.06634385332 -0.5793327687 0)
(-0.02763086748 -0.3262992992 0)
(-0.0004205426811 0.01937785355 0)
(-0.00184862533 0.05139432857 0)
(-0.003386409592 0.0757496736 0)
(-0.003759803823 0.09331904983 0)
(-0.002704329666 0.1053251218 0)
(-0.0002229418949 0.1130041656 0)
(0.003570701701 0.1175594869 0)
(0.008546273086 0.1200592001 0)
(0.01460459252 0.1213958346 0)
(0.02170689226 0.1222517078 0)
(0.02986648647 0.1231168058 0)
(0.03913455081 0.1242987998 0)
(0.04957923475 0.1259352883 0)
(0.06125758855 0.1280057701 0)
(0.07418330173 0.1303449923 0)
(0.08829539992 0.1326632779 0)
(0.1034348104 0.1345795394 0)
(0.1193363468 0.1356687411 0)
(0.1356400846 0.1355191196 0)
(0.1519210313 0.133789221 0)
(0.167731015 0.1302513675 0)
(0.1826420011 0.1248119858 0)
(0.1962802802 0.1175069406 0)
(0.2083453713 0.1084776647 0)
(0.2186130148 0.09793814698 0)
(0.2269258465 0.08614256604 0)
(0.2331777927 0.07336040764 0)
(0.2372972601 0.05986081427 0)
(0.239234206 0.04590696908 0)
(0.2389519548 0.03175284376 0)
(0.236422976 0.0176502327 0)
(0.2316521289 0.003833541202 0)
(0.2246397237 -0.00943577935 0)
(0.2154006149 -0.02194198189 0)
(0.2040323764 -0.0334897945 0)
(0.1906732721 -0.04393690329 0)
(0.1755182628 -0.05322709949 0)
(0.1588309489 -0.06144020664 0)
(0.1409411753 -0.06885653366 0)
(0.1222369458 -0.0760578606 0)
(0.1031286943 -0.08409496423 0)
(0.08399265839 -0.09484082638 0)
(0.06498035767 -0.1116595211 0)
(0.04572099265 -0.1403952061 0)
(0.02494122333 -0.1898710998 0)
(0.0008894110949 -0.2704981581 0)
(-0.02799750419 -0.3875227373 0)
(-0.05301401104 -0.5243451839 0)
(-0.06672348736 -0.5952340928 0)
(-0.03089777747 -0.3750208432 0)
(-0.0008350305305 0.02082614849 0)
(-0.003558996939 0.05370983119 0)
(-0.006714291008 0.0773214672 0)
(-0.008230647711 0.09340033337 0)
(-0.007773638529 0.1037398152 0)
(-0.005433462637 0.1098551328 0)
(-0.001437388239 0.1130288768 0)
(0.003974276646 0.1143115999 0)
(0.01059763445 0.1145420168 0)
(0.0183005947 0.1143454442 0)
(0.02703279839 0.1141554646 0)
(0.03679429098 0.1142428815 0)
(0.04761531074 0.1147338659 0)
(0.0595305729 0.1156255779 0)
(0.07255013715 0.1168006615 0)
(0.08663121838 0.1180442845 0)
(0.1016555424 0.1190679831 0)
(0.1174174237 0.119542491 0)
(0.1336261202 0.1191377073 0)
(0.1499229743 0.1175643814 0)
(0.1659104435 0.114609231 0)
(0.181186209 0.1101561727 0)
(0.1953743237 0.1041906054 0)
(0.2081474043 0.09678869855 0)
(0.2192374322 0.08809733115 0)
(0.2284361401 0.07831116644 0)
(0.2355883862 0.06765241335 0)
(0.2405824089 0.05635550419 0)
(0.2433404565 0.04465823005 0)
(0.2438130497 0.03279594111 0)
(0.2419744768 0.0209996121 0)
(0.2378321314 0.009494107582 0)
(0.2314135382 -0.001528306223 0)
(0.2227788011 -0.01186909144 0)
(0.2120438476 -0.02137205736 0)
(0.1993750614 -0.02995307396 0)
(0.1849926398 -0.03761696195 0)
(0.1691736616 -0.04450730393 0)
(0.1522406262 -0.05095790202 0)
(0.1345545757 -0.05758526754 0)
(0.1164699612 -0.06542724304 0)
(0.09830638177 -0.07624339632 0)
(0.0801634066 -0.09303931188 0)
(0.06172710745 -0.1209499861 0)
(0.04174663314 -0.167872794 0)
(0.01847509777 -0.2441128263 0)
(-0.01149535154 -0.3580467032 0)
(-0.03961857983 -0.5019783189 0)
(-0.06336003032 -0.603922082 0)
(-0.03219100302 -0.4261255866 0)
(-0.001555218903 0.02349813634 0)
(-0.006184815041 0.05789000726 0)
(-0.01146513409 0.08043211285 0)
(-0.01431623256 0.09441743264 0)
(-0.01443875787 0.1025211405 0)
(-0.01212235715 0.1066300093 0)
(-0.007778711061 0.1081212939 0)
(-0.00180220918 0.1080172632 0)
(0.005493374832 0.1070680932 0)
(0.01389066684 0.1058189135 0)
(0.02327060078 0.1046327854 0)
(0.03358769037 0.1037290946 0)
(0.04483842157 0.1032087862 0)
(0.05703564212 0.1030716835 0)
(0.07018150792 0.103230571 0)
(0.08424200709 0.1035252264 0)
(0.09912616553 0.1037396161 0)
(0.11467313 0.1036242724 0)
(0.1306496171 0.1029234282 0)
(0.1467586505 0.1014041161 0)
(0.1626584645 0.09888249191 0)
(0.1779876268 0.0952423506 0)
(0.1923908952 0.09044295267 0)
(0.2055409245 0.08451617177 0)
(0.2171528547 0.07755575679 0)
(0.2269912405 0.06970245019 0)
(0.234870651 0.06112903932 0)
(0.2406525885 0.0520271686 0)
(0.2442407311 0.04259778729 0)
(0.2455778914 0.03304354576 0)
(0.2446424291 0.02356284686 0)
(0.2414513917 0.01434502584 0)
(0.2360561267 0.005554464828 0)
(0.2285596496 -0.002659607187 0)
(0.2191035762 -0.01020597554 0)
(0.207873499 -0.01704089765 0)
(0.1950965039 -0.02321046908 0)
(0.1810405358 -0.02890123568 0)
(0.1659890883 -0.03447548693 0)
(0.1502452084 -0.04056176141 0)
(0.1340574692 -0.04816220854 0)
(0.1176495043 -0.05893142808 0)
(0.1009850904 -0.07556056435 0)
(0.08379659887 -0.1025647008 0)
(0.06479809188 -0.1468344813 0)
(0.04237590882 -0.2180765209 0)
(0.01174130504 -0.3265107341 0)
(-0.01885985324 -0.4725840375 0)
(-0.05511416817 -0.6033337768 0)
(-0.03055582917 -0.4763470078 0)
(-0.002869112021 0.02815581461 0)
(-0.01035683795 0.06468166227 0)
(-0.01834785707 0.08540884463 0)
(-0.02258232013 0.09637798101 0)
(-0.0230696094 0.1015259829 0)
(-0.02049444061 0.1031457115 0)
(-0.01553725007 0.1026634884 0)
(-0.008774492797 0.1010211174 0)
(-0.0006363383009 0.09885065821 0)
(0.00858693425 0.09657672985 0)
(0.01872400822 0.09447207524 0)
(0.02969240418 0.09269160881 0)
(0.04146331716 0.09130017967 0)
(0.05403244825 0.09028941676 0)
(0.06739388956 0.08958955001 0)
(0.08151708278 0.08907983347 0)
(0.09632840272 0.08860021819 0)
(0.1116990454 0.08796594505 0)
(0.1274405927 0.08698522017 0)
(0.1433090041 0.08547859118 0)
(0.1590166738 0.08329745508 0)
(0.1742503549 0.08033844919 0)
(0.1886914591 0.07655158016 0)
(0.2020352569 0.0719412324 0)
(0.2140061717 0.06656141853 0)
(0.2243681903 0.06050678313 0)
(0.2329300851 0.05390260399 0)
(0.2395475202 0.04689414337 0)
(0.2441219062 0.03963845776 0)
(0.2466003583 0.03229568874 0)
(0.2469725301 0.02502329573 0)
(0.2452728239 0.01796793914 0)
(0.2415761221 0.01125787699 0)
(0.2359928777 0.004994715116 0)
(0.2286812515 -0.0007705089105 0)
(0.2198559573 -0.00604660572 0)
(0.2097110024 -0.01092321275 0)
(0.1984729097 -0.01558341689 0)
(0.1863379125 -0.02037781228 0)
(0.1735302952 -0.02592018804 0)
(0.1601325986 -0.0331432905 0)
(0.1462632903 -0.04359851391 0)
(0.1316261763 -0.05968525538 0)
(0.1160142751 -0.08541642681 0)
(0.09781440065 -0.1267447974 0)
(0.07594848307 -0.1925613855 0)
(0.04472472301 -0.2933443452 0)
(0.01180389334 -0.4363516776 0)
(-0.04048810805 -0.5913850189 0)
(-0.02469554888 -0.5214234063 0)
(-0.005367633678 0.03633297621 0)
(-0.01721022928 0.07521015681 0)
(-0.02847257324 0.09256043076 0)
(-0.03377012298 0.09910577434 0)
(-0.03404705503 0.1004050249 0)
(-0.03065985566 0.09904672714 0)
(-0.02461238934 0.09635620886 0)
(-0.01665484782 0.09309013574 0)
(-0.007316691529 0.08970232531 0)
(0.003055496577 0.08646604766 0)
(0.01425475907 0.08354065877 0)
(0.02617218955 0.08100587771 0)
(0.03875922336 0.07888371868 0)
(0.05199682345 0.07715113046 0)
(0.06587050208 0.07574756484 0)
(0.08034987844 0.07458099159 0)
(0.0953729143 0.07353453334 0)
(0.1108353932 0.07247492958 0)
(0.126586172 0.07126316612 0)
(0.1424287026 0.0697665381 0)
(0.1581286472 0.06787084164 0)
(0.1734265131 0.06549052523 0)
(0.1880528886 0.06257564696 0)
(0.2017444177 0.05911411378 0)
(0.2142574885 0.05513055742 0)
(0.2253798733 0.05068096223 0)
(0.2349371699 0.04584715315 0)
(0.2427988646 0.04072803723 0)
(0.2488772454 0.03543471332 0)
(0.2531320886 0.03008049223 0)
(0.2555623066 0.02477897489 0)
(0.256214951 0.01963095655 0)
(0.2551651228 0.01472636297 0)
(0.2525349047 0.01012131302 0)
(0.2484484078 0.005856892603 0)
(0.2430804084 0.001891520851 0)
(0.2365953408 -0.001861889912 0)
(0.2291920309 -0.005618501933 0)
(0.2209020353 -0.009668192088 0)
(0.2118936916 -0.01457328633 0)
(0.2019878923 -0.02114203534 0)
(0.1912767111 -0.03081020268 0)
(0.178972695 -0.04565566453 0)
(0.1650830944 -0.06927178057 0)
(0.1470992498 -0.1067391451 0)
(0.1251783295 -0.1660252394 0)
(0.09176232332 -0.2567432435 0)
(0.05588527882 -0.3914541114 0)
(-0.01633482231 -0.5646317721 0)
(-0.01203995587 -0.5544847545 0)
(-0.01046148674 0.05093099155 0)
(-0.02899062513 0.09004332782 0)
(-0.04361927726 0.1007543478 0)
(-0.04869999523 0.1014086875 0)
(-0.04721540925 0.09824272325 0)
(-0.04149985859 0.09362447053 0)
(-0.03289136132 0.08860522989 0)
(-0.02231111824 0.08368836875 0)
(-0.01039519203 0.07911445005 0)
(0.002443949721 0.07498749097 0)
(0.01595733 0.07134265236 0)
(0.03000614345 0.06817776391 0)
(0.044519428 0.06546761896 0)
(0.05946260544 0.06316936217 0)
(0.07481386728 0.06122429351 0)
(0.09054603902 0.05955911038 0)
(0.1066128275 0.05808802966 0)
(0.1229394122 0.05671635297 0)
(0.1394172292 0.05534583683 0)
(0.1559035821 0.05388123612 0)
(0.1722253857 0.05223773552 0)
(0.1881876569 0.05034723176 0)
(0.2035833625 0.04816381354 0)
(0.2182065626 0.04566555316 0)
(0.2318616494 0.04285583193 0)
(0.2443766077 0.03975938664 0)
(0.2556050391 0.03642138424 0)
(0.2654396904 0.03289882829 0)
(0.2738019276 0.02926142185 0)
(0.2806625288 0.02557822164 0)
(0.2860102245 0.02192443957 0)
(0.2898946055 0.01835948329 0)
(0.2923544679 0.01494509249 0)
(0.2935112647 0.01170532061 0)
(0.2934161474 0.008667164931 0)
(0.2922524541 0.00578347682 0)
(0.2900157444 0.003010519459 0)
(0.2869335497 0.0001237167311 0)
(0.2828232663 -0.003080990675 0)
(0.27795561 -0.007112876781 0)
(0.271657238 -0.01258404353 0)
(0.2642960133 -0.0207789516 0)
(0.2540810221 -0.03334994561 0)
(0.2417608292 -0.0534441642 0)
(0.2227595708 -0.08523754052 0)
(0.1995203056 -0.1358094267 0)
(0.1603747142 -0.2139405717 0)
(0.1189913697 -0.3342075085 0)
(0.02276700365 -0.5160905102 0)
(0.0123019396 -0.5645485724 0)
(-0.02274189874 0.06921481661 0)
(-0.05332520228 0.1139153198 0)
(-0.06605958947 0.1147598899 0)
(-0.06310842082 0.1045605338 0)
(-0.05295873278 0.09424878587 0)
(-0.03870039191 0.0851355995 0)
(-0.02198767912 0.0772701177 0)
(-0.003936139967 0.0705500726 0)
(0.01475203779 0.06483011436 0)
(0.03367139053 0.05995861708 0)
(0.05260731705 0.05580398129 0)
(0.07145855231 0.0522597072 0)
(0.09018914594 0.04923866726 0)
(0.1087983548 0.04666551505 0)
(0.1273004568 0.04447068739 0)
(0.1457100512 0.04258627021 0)
(0.1640305147 0.04094378237 0)
(0.1822461271 0.03947351468 0)
(0.2003161829 0.03810589508 0)
(0.2181738645 0.03677369452 0)
(0.2357256462 0.03541598817 0)
(0.2528579871 0.03398087656 0)
(0.2694396381 0.03242974187 0)
(0.2853360456 0.03073731834 0)
(0.3004078548 0.02889510616 0)
(0.3145340676 0.02690663293 0)
(0.3275959007 0.02479163486 0)
(0.3395163902 0.02257505513 0)
(0.3502126859 0.02029623892 0)
(0.3596732547 0.01798854312 0)
(0.3678473438 0.01570019928 0)
(0.3748045819 0.01345692836 0)
(0.3804984279 0.0113053409 0)
(0.3850977084 0.009243277382 0)
(0.3884956657 0.007304279866 0)
(0.3909927109 0.005426894298 0)
(0.3922925165 0.003606081088 0)
(0.3929069337 0.001654217015 0)
(0.3921019564 -0.0005351670768 0)
(0.3907059214 -0.003403420679 0)
(0.3870111486 -0.007294521347 0)
(0.382463113 -0.01327131256 0)
(0.373177685 -0.02241402321 0)
(0.3620087701 -0.03722696253 0)
(0.340147472 -0.06081132895 0)
(0.3143950604 -0.09897175807 0)
(0.2644415587 -0.1601091297 0)
(0.2130461211 -0.2579548738 0)
(0.08753942989 -0.4328604436 0)
(0.05667759091 -0.5325872118 0)
(-0.07184503674 0.1589606031 0)
(-0.07841454764 0.1212642364 0)
(-0.04686598357 0.09136279009 0)
(-0.01084022163 0.0762275716 0)
(0.02564072209 0.06478858658 0)
(0.06078166081 0.05548168234 0)
(0.09407811196 0.04814394082 0)
(0.1253542903 0.04243089565 0)
(0.1546622868 0.0378980552 0)
(0.182160634 0.03420183835 0)
(0.2080382162 0.03112797459 0)
(0.2324818086 0.02854516806 0)
(0.2556670702 0.02636357833 0)
(0.2777563659 0.02451425145 0)
(0.2988958905 0.02294058999 0)
(0.3192129705 0.02159360688 0)
(0.3388117015 0.02042886585 0)
(0.357771705 0.01940420115 0)
(0.3761436674 0.01847945135 0)
(0.393952395 0.01761624285 0)
(0.4111916364 0.01678010544 0)
(0.4278356594 0.01594051566 0)
(0.4438298464 0.01507437887 0)
(0.4591168197 0.0141640398 0)
(0.4736124461 0.01320215899 0)
(0.4872575164 0.01218532126 0)
(0.4999580003 0.01112229382 0)
(0.5116867433 0.0100202329 0)
(0.5223480612 0.008900989964 0)
(0.5319821265 0.007774544243 0)
(0.5404767641 0.006671662891 0)
(0.5479820316 0.005594132419 0)
(0.5543163134 0.004577979028 0)
(0.5598059126 0.00360167039 0)
(0.564078976 0.00270377867 0)
(0.5677585051 0.001818429365 0)
(0.5700245716 0.0009841666589 0)
(0.5720300949 6.067755127e-05 0)
(0.5720749234 -0.0009432229206 0)
(0.5722453015 -0.002384052211 0)
(0.568925623 -0.00435416431 0)
(0.5659629276 -0.007557044992 0)
(0.5557489985 -0.01245979101 0)
(0.5455976156 -0.02051641734 0)
(0.5193221149 -0.03355762771 0)
(0.4918832776 -0.05490728661 0)
(0.4279431797 -0.09235056227 0)
(0.3666886655 -0.1562754634 0)
(0.2055853924 -0.2972964153 0)
(0.1402346366 -0.4206680276 0)
(0.1849039209 0.142286855 0)
(0.2222377954 0.1041762535 0)
(0.3190230017 0.07171589293 0)
(0.3927464466 0.05252328913 0)
(0.4469172048 0.04008326942 0)
(0.4897536038 0.0312251307 0)
(0.5254833821 0.02472257886 0)
(0.5560187371 0.01992760161 0)
(0.5824821592 0.01635668905 0)
(0.6057159011 0.0136484822 0)
(0.6263707269 0.0115548761 0)
(0.6449366829 0.009911025252 0)
(0.6617851476 0.008604748351 0)
(0.677207292 0.007556369443 0)
(0.6914369081 0.006707446855 0)
(0.7046641252 0.006013819388 0)
(0.7170403423 0.005441260357 0)
(0.7286853033 0.004962064946 0)
(0.7396859573 0.004553495211 0)
(0.7501052829 0.004196003731 0)
(0.7599757418 0.003873572091 0)
(0.7693160237 0.003572233656 0)
(0.7781152227 0.003281853594 0)
(0.786366118 0.00299363773 0)
(0.7940286707 0.002703631246 0)
(0.8010948243 0.002407718025 0)
(0.8075074167 0.002108106781 0)
(0.8132870186 0.001803714268 0)
(0.8183597565 0.001502322559 0)
(0.8228091869 0.001202863413 0)
(0.8265217476 0.0009179706325 0)
(0.8296914728 0.0006421730266 0)
(0.8321008557 0.0003925662873 0)
(0.8341360839 0.0001531279839 0)
(0.835336152 -5.441691234e-05 0)
(0.8364391846 -0.0002640879953 0)
(0.8364527672 -0.0004466233559 0)
(0.8367793937 -0.0006571616388 0)
(0.8352915194 -0.0008576242713 0)
(0.8346682427 -0.001191942701 0)
(0.8304495542 -0.001659207484 0)
(0.8279330669 -0.002481414083 0)
(0.8176188226 -0.003761645552 0)
(0.8101516716 -0.005873585493 0)
(0.7849187137 -0.009355833996 0)
(0.7639813978 -0.01501303006 0)
(0.6999537295 -0.025528916 0)
(0.6425385487 -0.04446240993 0)
(0.4615960411 -0.08760274344 0)
(0.3317511633 -0.1529692155 0)
)
;

boundaryField
{
    movingWall
    {
        type            fixedValue;
        value           uniform (1 0 0);
    }
    fixedWalls
    {
        type            noSlip;
    }
    frontAndBack
    {
        type            empty;
    }
}


// ************************************************************************* //
