/*--------------------------------*- C++ -*----------------------------------*\
  =========                 |
  \\      /  F ield         | OpenFOAM: The Open Source CFD Toolbox
   \\    /   O peration     | Website:  https://openfoam.org
    \\  /    A nd           | Version:  11
     \\/     M anipulation  |
\*---------------------------------------------------------------------------*/
FoamFile
{
    format      ascii;
    class       surfaceScalarField;
    location    "1.75";
    object      meshPhi;
}
// * * * * * * * * * * * * * * * * * * * * * * * * * * * * * * * * * * * * * //

dimensions      [0 3 -1 0 0 0 0];

internalField   nonuniform List<scalar> 
3485
(
-1.111908575e-09
-0.0001405609966
0.0001405610068
-1.119589242e-09
-0.0001460731802
0.0001460731879
-1.124386991e-09
-0.0001515853641
0.000151585369
-1.126902382e-09
-0.0001570975476
0.00015709755
-1.126752875e-09
-0.0001626097312
0.0001626097311
-1.124023192e-09
-0.0001681219149
0.0001681219121
-1.118746787e-09
-0.0001736340985
0.0001736340932
-1.109445305e-09
-0.0001791462836
0.0001791462743
-1.100660709e-09
-0.0001846584641
0.0001846584553
-0.0001901706513
0.0001901706364
-1.085699282e-09
-8.891381474e-10
-0.0001405609959
-8.870842056e-10
-0.0001460731823
-8.825931508e-10
-0.0001515853686
-8.751956749e-10
-0.000157097555
-8.650810153e-10
-0.0001626097413
-8.516510264e-10
-0.0001681219283
-8.378862171e-10
-0.0001736341122
-8.193129415e-10
-0.0001791463021
-7.986482855e-10
-0.0001846584848
-0.000190170675
-7.750407293e-10
-6.614808926e-10
-0.0001405610048
-6.4964508e-10
-0.0001460731941
-6.352358064e-10
-0.000151585383
-6.17866291e-10
-0.0001570975723
-5.979931786e-10
-0.0001626097612
-5.756745058e-10
-0.0001681219507
-5.478439123e-10
-0.00017363414
-5.210946286e-10
-0.0001791463289
-4.876931186e-10
-0.0001846585183
-0.0001901707071
-4.554618798e-10
-4.291887024e-10
-0.0001405610234
-4.07848944e-10
-0.0001460732154
-3.835123946e-10
-0.0001515854073
-3.556767687e-10
-0.0001570976001
-3.279111662e-10
-0.000162609789
-2.941980121e-10
-0.0001681219844
-2.615312018e-10
-0.0001736341726
-2.222315738e-10
-0.0001791463682
-1.800979194e-10
-0.0001846585604
-0.0001901707482
-1.389896149e-10
-1.944420349e-10
-0.0001405610518
-1.636588048e-10
-0.0001460732462
-1.305488963e-10
-0.0001515854405
-9.462165039e-11
-0.0001570976361
-5.278859764e-11
-0.0001626098308
-1.154330529e-11
-0.0001681220256
3.603901816e-11
-0.0001736342202
8.291040179e-11
-0.0001791464151
1.323189971e-10
-0.0001846586099
-0.0001901708002
1.844074467e-10
4.108145007e-11
-0.0001405610885
8.094625304e-11
-0.0001460732861
1.2485798e-10
-0.0001515854844
1.708548799e-10
-0.000157097682
2.197301378e-10
-0.0001626098797
2.715336165e-10
-0.0001681220774
3.220883917e-10
-0.0001736342707
3.793834965e-10
-0.0001791464724
4.395586844e-10
-0.0001846586701
-0.0001901708677
5.070096391e-10
2.773057193e-10
-0.0001405611354
3.259061829e-10
-0.0001460733347
3.766689396e-10
-0.0001515855352
4.340093267e-10
-0.0001570977393
4.904546633e-10
-0.0001626099361
5.49370002e-10
-0.0001681221364
6.155193587e-10
-0.0001736343369
6.803612425e-10
-0.0001791465373
7.524316546e-10
-0.0001846587421
-0.0001901709382
8.228743334e-10
5.095536198e-10
-0.0001405611892
5.691371105e-10
-0.0001460733943
6.316375889e-10
-0.0001515855976
6.93301488e-10
-0.000157097801
7.575304173e-10
-0.0001626100003
8.286865557e-10
-0.0001681222076
9.027570371e-10
-0.0001736344109
9.797725276e-10
-0.0001791466143
1.050648058e-09
-0.000184658813
-0.0001901710208
1.133275844e-09
7.441322601e-10
-0.0001405612551
8.071028947e-10
-0.0001460734572
8.763949876e-10
-0.0001515856669
9.485524094e-10
-0.0001570978731
1.023361576e-09
-0.0001626100752
1.101113513e-09
-0.0001681222853
1.181744534e-09
-0.0001736344915
1.265135756e-09
-0.0001791466977
1.351257784e-09
-0.0001846588991
-0.0001901711099
1.440310917e-09
9.664826206e-10
-0.0001405613252
1.043330529e-09
-0.000146073534
1.119220603e-09
-0.0001515857429
1.197864888e-09
-0.0001570979517
1.283214466e-09
-0.0001626101605
1.367269148e-09
-0.0001681223694
1.454035318e-09
-0.0001736345782
1.543409361e-09
-0.000179146787
1.640120499e-09
-0.0001846589959
1.734942927e-09
-0.0001901712047
9.546455913e-11
-0.0001405611806
0.0001405613252
-6.096552905e-11
-0.0001460733776
0.000146073534
-2.293071335e-10
-0.0001515855746
0.0001515857429
-4.095236867e-10
-0.0001570977715
0.0001570979517
-6.015360651e-10
-0.0001626099685
0.0001626101605
-8.011777124e-10
-0.0001681221697
0.0001681223694
-1.016859976e-09
-0.0001736343626
0.0001736345782
-1.244299663e-09
-0.0001791465595
0.000179146787
-1.483613654e-09
-0.0001846587565
0.0001846589959
-0.0001901709535
-1.73491691e-09
0.0001901712047
9.315964913e-11
-0.0001405610609
-3.818756384e-11
-0.0001460732462
-1.758416719e-10
-0.0001515854369
-3.27125278e-10
-0.0001570976202
-4.884462051e-10
-0.0001626098072
-6.597654281e-10
-0.0001681219984
-8.41052159e-10
-0.0001736341813
-1.032400365e-09
-0.0001791463682
-1.229045649e-09
-0.0001846585598
-0.0001901707423
-1.440247145e-09
8.796922188e-11
-0.0001405609641
-1.431590385e-11
-0.0001460731439
-1.282550246e-10
-0.000151585323
-2.46319665e-10
-0.0001570975022
-3.722393637e-10
-0.0001626096813
-5.143172619e-10
-0.0001681218563
-6.561328419e-10
-0.0001736340394
-8.057296176e-10
-0.0001791462186
-9.677801094e-10
-0.0001846583978
-0.0001901705769
-1.133143563e-09
8.461681704e-11
-0.0001405608933
7.946559528e-12
-0.0001460730672
-7.642304704e-11
-0.0001515852386
-1.668482774e-10
-0.0001570974117
-2.594482682e-10
-0.0001626095887
-3.577050515e-10
-0.000168121758
-4.660576284e-10
-0.0001736339311
-5.804036164e-10
-0.0001791461042
-6.964822903e-10
-0.0001846582818
-0.0001901704505
-8.227945835e-10
7.955639284e-11
-0.0001405608479
2.91544165e-11
-0.0001460730168
-2.153646835e-11
-0.0001515851879
-7.969196253e-11
-0.0001570973536
-1.417358212e-10
-0.0001626095267
-2.077923285e-10
-0.000168121692
-2.736880097e-10
-0.0001736338652
-3.475010256e-10
-0.0001791460304
-4.254299949e-10
-0.0001846582039
-0.000190170369
-5.069534272e-10
7.384721168e-11
-0.0001405608282
5.235673244e-11
-0.0001460729953
2.75707368e-11
-0.0001515851631
4.572070386e-12
-0.0001570973306
-2.624739495e-11
-0.0001626094959
-5.119529337e-11
-0.000168121667
-8.180777083e-11
-0.0001736338346
-1.140625574e-10
-0.0001791459981
-1.482847283e-10
-0.0001846581696
-0.0001901703329
-1.843334294e-10
6.809998364e-11
-0.0001405608341
7.467532759e-11
-0.0001460730019
8.129105887e-11
-0.0001515851697
8.809472593e-11
-0.0001570973374
9.78127376e-11
-0.0001626095056
1.047979714e-10
-0.000168121674
1.082977667e-10
-0.0001736338381
1.194498914e-10
-0.0001791460093
1.271006502e-10
-0.0001846581773
-0.0001901703449
1.390973458e-10
6.167664614e-11
-0.0001405608659
9.629138944e-11
-0.0001460730365
1.328415512e-10
-0.0001515852063
1.722231617e-10
-0.0001570973768
2.129342158e-10
-0.0001626095463
2.552725197e-10
-0.0001681217163
3.036197174e-10
-0.0001736338864
3.545445228e-10
-0.0001791460602
4.038723067e-10
-0.0001846582267
-0.0001901703965
4.555488914e-10
5.5334471e-11
-0.0001405609239
1.173148916e-10
-0.0001460730985
1.840270042e-10
-0.000151585273
2.548720035e-10
-0.0001570974476
3.307173902e-10
-0.0001626096221
4.108451225e-10
-0.0001681217964
4.959950318e-10
-0.0001736339716
5.803614343e-10
-0.0001791461445
6.736946263e-10
-0.00018465832
-0.0001901704979
7.751025562e-10
4.820842302e-11
1.376362187e-10
2.336156734e-10
3.359907252e-10
4.449794782e-10
5.606868022e-10
6.822849768e-10
8.119860071e-10
9.473571491e-10
1.085791675e-09
0
-0.0008563559618
0.0008520219832
0
0
0
0
0
0
0
0
0
0
0
0
0
0
0
0
0
0
0
0
0
0
0
0
0
0
0
-0.0008570034494
0
0
0
0
0
0
0
0
0
0
0
0
0
0
0
0
0
0
-0.0008539514727
0
0
0
0
0
0
0
0
0
0
0
0
0
0
0
0
0
0
-0.0008471868209
0
0
0
0
0
0
0
0
0
0
0
0
0
0
0
0
0
0
-0.0008366963363
0
0
0
0
0
0
0
0
0
0
0
0
0
0
0
0
0
0
-0.0008224673213
0
0
0
0
0
0
0
0
0
0
0
0
0
0
0
0
0
0
-0.0008044881051
0
0
0
0
0
0
0
0
0
0
0
0
0
0
0
0
0
0
-0.0007827487212
0
0
0
0
0
0
0
0
0
0
0
0
0
0
0
0
0
0
-0.0007572417161
0
0
0
0
0
0
0
0
0
0
0
0
0
0
0
0
0
0
-0.0007279630681
0
0
0
0
0
0
0
0
0
0
0
0
0
0
0
0
0
0
0
-0.0002212320273
0
0
0
0
0
0
0
0
0
0
0
0
0
0
0
0
0
0
0
0
0
0
0
0
0
0
0
0
0
0
0
0
0
0
0
0
0
0
0
0
0
0
0
0
0
0
0
0
0
0
0
0
0
0
0
0
0
0
0
0
0
0
0
0
0
0
0
0
0
0
0
0
0
0
0
0
0
0
0
0
0
0
0
0
0
0
0
0
0
0
0
0
0
0
0
0
0
0
0
0
0
0
0
0
0
0
0
0
0
0
0
0
0
0
0
0
0
0
0
0
0
0
0
0
0
0
0
0
0
0
0
0
0
0
0
0
0
0
0
0
0
0
0
0
0
0
0
0
0
0
0
0
0
0
0
0
0
0
0
0
0
0
0
0
0
0
0
0
0
0
0
0
0
0
0
0
0
0
0
0
0
0
0
0
0
0
0
0.0002493844499
0
-0.0002514183052
0.0002473550222
0
0.0002452826345
0
0.0002430977495
0
0.0002407096261
0
0.0002380075097
0
0.0002348621004
0
0.0002311272427
0
0.0002266418485
0
0
0
0
0
0
0
0
0
0
0
0
0
0
0
0
0
0
0
0
0
0
0
0
0
0
0
0
0
0
0
0
0
0
0
0
0
0
0
0
0
0
0
0
0
0
0
0
0
0
0
0
0
0
0
0
0
0
0
0
0
0
0
0
0
0
0
0
0
0
0
0
0
0
0
0
0
0
0
0
0
0
0
0
0
0
0
0
0
0
0
0
0
0
0
0
0
0
0
0
0
0
0
0
0
0
0
0
0
0
0
0
0
0
0
0
0
0
0
0
0
0
0
0
0
0
0
0
0
0
0
0
0
0
0
0
0
0
0
0
0
0
0
0
0
0
0
0
0
0
0
0
0
0
0
0
0
0
0
0
0
0
0
0
0
0
0
0
0
0
0
0
-1.100735549e-09
0.0001901706513
-0.0001901706364
1.08578379e-09
-1.109484903e-09
0.0001846584641
-0.0001846584553
-1.118832587e-09
0.0001791462836
-0.0001791462743
-1.124123105e-09
0.0001736340985
-0.0001736340932
-1.126805913e-09
0.0001681219149
-0.0001681219122
-1.126947952e-09
0.0001626097312
-0.0001626097311
-1.124464777e-09
0.0001570975476
-0.00015709755
-1.11962073e-09
0.0001515853641
-0.000151585369
-1.111960114e-09
0.0001460731802
-0.0001460731879
0.0001405609966
-0.0001405610068
-7.9866455e-10
0.0001901706749
7.750889477e-10
-8.193830796e-10
0.0001846584848
-8.379355661e-10
0.0001791463022
-8.517052807e-10
0.0001736341122
-8.651551992e-10
0.0001681219283
-8.752367982e-10
0.0001626097413
-8.826376493e-10
0.000157097555
-8.871203344e-10
0.0001515853686
-8.891628258e-10
0.0001460731823
0.0001405609959
-4.877048653e-10
0.0001901707071
4.555449779e-10
-5.211642846e-10
0.0001846585183
-5.47917912e-10
0.0001791463289
-5.756858707e-10
0.00017363414
-5.980163551e-10
0.0001681219507
-6.179536587e-10
0.0001626097612
-6.352609984e-10
0.0001570975723
-6.496580868e-10
0.000151585383
-6.615445649e-10
0.0001460731941
0.0001405610048
-1.801065293e-10
0.0001901707482
1.390940041e-10
-2.222955845e-10
0.0001846585604
-2.616141375e-10
0.0001791463682
-2.9425458e-10
0.0001736341726
-3.279431585e-10
0.0001681219844
-3.557446133e-10
0.000162609789
-3.835421477e-10
0.0001570976001
-4.078908443e-10
0.0001515854073
-4.292236031e-10
0.0001460732154
0.0001405610234
1.322701656e-10
0.0001901708002
-1.843334294e-10
8.281540556e-11
0.0001846586099
3.591215844e-11
0.0001791464151
-1.160674607e-11
0.0001736342202
-5.2880033e-11
0.0001681220256
-9.472024121e-11
0.0001626098308
-1.306107965e-10
0.0001570976361
-1.637063813e-10
0.0001515854405
-1.944628655e-10
0.0001460732462
0.0001405610518
4.394846515e-10
0.0001901708677
-5.069387978e-10
3.793086922e-10
0.0001846586701
3.219898372e-10
0.0001791464724
2.714755198e-10
0.0001736342707
2.19610983e-10
0.0001681220774
1.708244041e-10
0.0001626098797
1.24859885e-10
0.000157097682
8.090300648e-11
0.0001515854844
4.104321392e-11
0.0001460732861
0.0001405610885
7.523223268e-10
0.0001901709382
-8.227945835e-10
6.802646804e-10
0.0001846587421
6.154465621e-10
0.0001791465373
5.493871992e-10
0.0001736343369
4.903390342e-10
0.0001681221364
4.339625544e-10
0.0001626099361
3.766217645e-10
0.0001570977393
3.258984948e-10
0.0001515855352
2.773040028e-10
0.0001460733347
0.0001405611354
1.050580763e-09
0.0001901710208
-1.133159517e-09
9.796574299e-10
0.000184658813
9.026762005e-10
0.0001791466143
8.286507893e-10
0.0001736344109
7.574738301e-10
0.0001681222076
6.932332197e-10
0.0001626100003
6.31596873e-10
0.000157097801
5.691225095e-10
0.0001515855976
5.095235341e-10
0.0001460733943
0.0001405611892
1.351177029e-09
0.0001901711099
-1.440247145e-09
1.265066745e-09
0.0001846588991
1.181644841e-09
0.0001791466977
1.101071115e-09
0.0001736344915
1.023317497e-09
0.0001681222853
9.484677265e-10
0.0001626100752
8.76359983e-10
0.0001570978731
8.070290235e-10
0.0001515856669
7.441068959e-10
0.0001460734572
0.0001405612551
1.640040421e-09
-1.734900656e-09
1.543307906e-09
1.453973076e-09
1.367230973e-09
1.283170912e-09
1.197788743e-09
1.119204982e-09
1.043271626e-09
9.664074066e-10
-1.640135931e-09
0.0001901711099
1.73495907e-09
-0.0001901712047
-1.543394383e-09
0.0001846588991
-0.0001846589959
-1.45402009e-09
0.0001791466977
-0.000179146787
-1.367240326e-09
0.0001736344915
-0.0001736345782
-1.283228083e-09
0.0001681222853
-0.0001681223694
-1.197864675e-09
0.0001626100752
-0.0001626101605
-1.119233517e-09
0.0001570978731
-0.0001570979517
-1.043342982e-09
0.0001515856669
-0.0001515857429
-9.664944215e-10
0.0001460734572
-0.000146073534
0.0001405612551
-0.0001405613252
-1.351257784e-09
0.0001901710208
1.440327677e-09
-1.265167361e-09
0.000184658813
-1.181744534e-09
0.0001791466143
-1.101128357e-09
0.0001736344109
-1.02334721e-09
0.0001681222076
-9.485527526e-10
0.0001626100003
-8.764080643e-10
0.000157097801
-8.071035338e-10
0.0001515855976
-7.441325678e-10
0.0001460733943
0.0001405611892
-1.050645846e-09
0.0001901709382
1.133275844e-09
-9.797419949e-10
0.0001846587421
-9.027263888e-10
0.0001791465373
-8.286865557e-10
0.0001736343369
-7.575160509e-10
0.0001681221364
-6.932996016e-10
0.0001626099361
-6.316375889e-10
0.0001570977393
-5.691629701e-10
0.0001515855352
-5.095544655e-10
0.0001460733347
0.0001405611354
-7.524316546e-10
0.0001901708677
8.228800987e-10
-6.80345536e-10
0.0001846586701
-6.155193587e-10
0.0001791464724
-5.493590772e-10
0.0001736342707
-4.904558987e-10
0.0001681220774
-4.339979126e-10
0.0001626098797
-3.766422863e-10
0.000157097682
-3.259168099e-10
0.0001515854844
-2.773159527e-10
0.0001460732861
0.0001405610885
-4.395586844e-10
0.0001901708002
5.070096391e-10
-3.793941009e-10
0.0001846586099
-3.220986748e-10
0.0001791464151
-2.715205808e-10
0.0001736342202
-2.197271629e-10
0.0001681220256
-1.708548799e-10
0.0001626098308
-1.24873919e-10
0.0001570976361
-8.096162282e-11
0.0001515854405
-4.107598347e-11
0.0001460732462
0.0001405610518
-1.323189971e-10
0.0001901707482
1.844256119e-10
-8.291040179e-11
0.0001846585604
-3.603163557e-11
0.0001791463682
1.156833166e-11
0.0001736341726
5.280070717e-11
0.0001681219844
9.463335629e-11
0.000162609789
1.305634284e-10
0.0001570976001
1.636556903e-10
0.0001515854073
1.944307891e-10
0.0001460732154
0.0001405610234
1.800804047e-10
0.0001901707071
-1.389850358e-10
2.222102568e-10
0.0001846585183
2.615476862e-10
0.0001791463289
2.941858447e-10
0.00017363414
3.278862682e-10
0.0001681219507
3.556618297e-10
0.0001626097612
3.835177749e-10
0.0001570975723
4.078576645e-10
0.000151585383
4.291902968e-10
0.0001460731941
0.0001405610048
4.876832243e-10
0.000190170675
-4.554694779e-10
5.210850253e-10
0.0001846584848
5.478613168e-10
0.0001791463021
5.756699952e-10
0.0001736341122
5.979942524e-10
0.0001681219283
6.178715485e-10
0.0001626097413
6.352358064e-10
0.000157097555
6.496441136e-10
0.0001515853686
6.614865369e-10
0.0001460731823
0.0001405609959
7.986371131e-10
0.0001901706513
-7.750177272e-10
8.192909224e-10
0.0001846584641
8.378916354e-10
0.0001791462836
8.516411511e-10
0.0001736340985
8.651055098e-10
0.0001681219149
8.751956749e-10
0.0001626097312
8.826204721e-10
0.0001570975475
8.871019501e-10
0.0001515853641
8.891293427e-10
0.0001460731802
0.0001405609966
1.100655395e-09
-1.085687236e-09
1.109444785e-09
1.118735269e-09
1.124002833e-09
1.126747713e-09
1.12690284e-09
1.124405381e-09
1.119593463e-09
1.111912639e-09
0
0
0
0
0
0
0
0
0
0
0
0
0
0
0
0
0
0
0
0
0
0
0
0
0
0
0
0.0008440138466
-0.0008520219832
0
0
0
0
0
0
0
0
0
0
0
0
0
0
0
0
0
0
0.0008323440801
0
0
0
0
0
0
0
0
0
0
0
0
0
0
0
0
0
0
0.0008170247317
0
0
0
0
0
0
0
0
0
0
0
0
0
0
0
0
0
0
0.0007980679341
0
0
0
0
0
0
0
0
0
0
0
0
0
0
0
0
0
0
0.0007754863493
0
0
0
0
0
0
0
0
0
0
0
0
0
0
0
0
0
0
0.0007492937207
0
0
0
0
0
0
0
0
0
0
0
0
0
0
0
0
0
0
0.0007195055728
0
0
0
0
0
0
0
0
0
0
0
0
0
0
0
0
0
0
0.0006861400085
0
0
0
0
0
0
0
0
0
0
0
0
0
0
0
0
0
0
0.0006492186205
0
0
0
0
0
0
0
0
0
0
0
0
0
0
0
0
0
0
0.000608767494
0
0
0
0
0
0
0
0
0
0
0
0
0
0
0
0
0
0
0
0.0002661170914
0
0
0
0
0
0
0
0
0
0
0
0
0
0
0
0
0
0
0
0
0
0
0
0
0
0
0
0
0
0
0
0
0
0
0
0
0
0
0
0
0
0
0
0
0
0
0
0
0
0
0
0
0
0
0
0
0
0
0
0
0
0
0
0
0
0
0
0
0
0
0
0
0
0
0
0
0
0
0
0
0
0
0
0
0
0
0
0
0
0
0
0
0
0
0
0
0
0
0
0
0
0
0
0
0
0
0
0
0
0
0
0
0
0
0
0
0
0
0
0
0
0
0
0
0
0
0
0
0
0
0
0
0
0
0
0
0
0
0
0
0
0
0
0
0
0
0
0
0
0
0
0
0
0
0
0
0
0
0
0
0
0
0
0
0
0
0
0
0
0
0.0002664138545
0
0.0002659650732
0
0.0002649347922
0
0.0002634708463
0
0.0002617030731
0
0.0002597417673
0
0.0002576763952
0
0.0002555745537
0
0.0002534812278
0
0
0
0
0
0
0
0
0
0
0
0
0
0
0
0
0
0
0
0
0
0
0
0
0
0
0
0
0
0
0
0
0
0
0
0
0
0
0
0
0
0
0
0
0
0
0
0
0
0
0
0
0
0
0
0
0
0
0
0
0
0
0
0
0
0
0
0
0
0
0
0
0
0
0
0
0
0
0
0
0
0
0
0
0
0
0
0
0
0
0
0
0
0
0
0
0
0
0
0
0
0
0
0
0
0
0
0
0
0
0
0
0
0
0
0
0
0
0
0
0
0
0
0
0
0
0
0
0
0
0
0
0
0
0
0
0
0
0
0
0
0
0
0
0
0
0
0
0
0
0
0
0
0
0
0
0
0
0
0
0
0
0
-9.664315552e-10
-0.0001405612551
0.0001405613252
-1.043284221e-09
-0.0001460734572
0.000146073534
-1.11920504e-09
-0.0001515856669
0.0001515857429
-1.197761788e-09
-0.0001570978731
0.0001570979517
-1.283170891e-09
-0.0001626100752
0.0001626101605
-1.367245326e-09
-0.0001681222853
0.0001681223694
-1.453973076e-09
-0.0001736344915
0.0001736345782
-1.543277256e-09
-0.0001791466977
0.000179146787
-1.640008795e-09
-0.0001846588991
0.0001846589959
-0.0001901711099
-1.73491691e-09
0.0001901712047
-7.441068844e-10
-0.0001405611892
-8.070164763e-10
-0.0001460733943
-8.763469711e-10
-0.0001515855976
-9.484542369e-10
-0.000157097801
-1.023317497e-09
-0.0001626100003
-1.101056695e-09
-0.0001681222076
-1.181644841e-09
-0.0001736344109
-1.265066745e-09
-0.0001791466143
-1.351192815e-09
-0.000184658813
-0.0001901710208
-1.440247145e-09
-5.095474023e-10
-0.0001405611354
-5.690975526e-10
-0.0001460733347
-6.316098137e-10
-0.0001515855352
-6.932332197e-10
-0.0001570977393
-7.574740199e-10
-0.0001626099361
-8.286505932e-10
-0.0001681221364
-9.026762005e-10
-0.0001736343369
-9.796574299e-10
-0.0001791465373
-1.050596691e-09
-0.0001846587421
-0.0001901709382
-1.133143563e-09
-2.773158788e-10
-0.0001405610885
-3.258858694e-10
-0.0001460732861
-3.766348576e-10
-0.0001515854844
-4.339625544e-10
-0.000157097682
-4.903527373e-10
-0.0001626098797
-5.493157278e-10
-0.0001681220774
-6.15476836e-10
-0.0001736342707
-6.802338181e-10
-0.0001791464724
-7.523223268e-10
-0.0001846586701
-0.0001901708677
-8.227945835e-10
-4.103155141e-11
-0.0001405610518
-8.090300648e-11
-0.0001460732462
-1.248464694e-10
-0.0001515854405
-1.708252907e-10
-0.0001570976361
-2.19610983e-10
-0.0001626098308
-2.714755198e-10
-0.0001681220256
-3.220032128e-10
-0.0001736342202
-3.793086922e-10
-0.0001791464151
-4.39483612e-10
-0.0001846586099
-0.0001901708002
-5.069534272e-10
1.944628655e-10
-0.0001405610234
1.637300106e-10
-0.0001460732154
1.306107965e-10
-0.0001515854074
9.470869041e-11
-0.0001570976001
5.286337068e-11
-0.000162609789
1.160796366e-11
-0.0001681219844
-3.589564214e-11
-0.0001736341726
-8.281540555e-11
-0.0001791463682
-1.32271501e-10
-0.0001846585604
-0.0001901707482
-1.843334294e-10
4.292211207e-10
-0.0001405610048
4.078921332e-10
-0.0001460731941
3.835289416e-10
-0.000151585383
3.557295512e-10
-0.0001570975723
3.279417263e-10
-0.0001626097612
2.942443988e-10
-0.0001681219507
2.616307577e-10
-0.00017363414
2.222955845e-10
-0.0001791463289
1.801176958e-10
-0.0001846585183
-0.0001901707071
1.390973458e-10
6.615416577e-10
-0.0001405609959
6.496666085e-10
-0.0001460731823
6.352641292e-10
-0.0001515853686
6.179267744e-10
-0.000157097555
5.980163551e-10
-0.0001626097413
5.756915744e-10
-0.0001681219283
5.4792149e-10
-0.0001736341122
5.211605947e-10
-0.0001791463022
4.87694808e-10
-0.0001846584848
-0.0001901706749
4.555488914e-10
8.891628258e-10
-0.0001405609966
8.871377152e-10
-0.0001460731802
8.826412182e-10
-0.0001515853641
8.752441908e-10
-0.0001570975476
8.651668637e-10
-0.0001626097312
8.516813738e-10
-0.0001681219149
8.379396448e-10
-0.0001736340985
8.193830796e-10
-0.0001791462836
7.9866455e-10
-0.0001846584641
-0.0001901706513
7.751025562e-10
1.111965972e-09
-0.0001405610068
1.11962073e-09
-0.0001460731879
1.124468762e-09
-0.000151585369
1.126943825e-09
-0.00015709755
1.126815697e-09
-0.0001626097311
1.124102885e-09
-0.0001681219121
1.118816269e-09
-0.0001736340932
1.10947551e-09
-0.0001791462743
1.10073071e-09
-0.0001846584553
-0.0001901706364
1.085791675e-09
-1.111908575e-09
-0.0001405609966
-1.119589242e-09
-0.0001460731802
-1.124386991e-09
-0.0001515853641
-1.126902382e-09
-0.0001570975476
-1.126752875e-09
-0.0001626097312
-1.124023192e-09
-0.0001681219149
-1.118746787e-09
-0.0001736340985
-1.109445305e-09
-0.0001791462836
-1.100660709e-09
-0.0001846584641
-0.0001901706513
-1.085699282e-09
-8.891381474e-10
-0.0001405609959
-8.870842056e-10
-0.0001460731823
-8.825931508e-10
-0.0001515853686
-8.751956749e-10
-0.000157097555
-8.650810153e-10
-0.0001626097413
-8.516510264e-10
-0.0001681219283
-8.378862171e-10
-0.0001736341122
-8.193129415e-10
-0.0001791463021
-7.986482855e-10
-0.0001846584848
-0.000190170675
-7.750407293e-10
-6.614808926e-10
-0.0001405610048
-6.4964508e-10
-0.0001460731941
-6.352358064e-10
-0.000151585383
-6.17866291e-10
-0.0001570975723
-5.979931786e-10
-0.0001626097612
-5.756745058e-10
-0.0001681219507
-5.478439123e-10
-0.00017363414
-5.210946286e-10
-0.0001791463289
-4.876931186e-10
-0.0001846585183
-0.0001901707071
-4.554618798e-10
-4.291887024e-10
-0.0001405610234
-4.07848944e-10
-0.0001460732154
-3.835123946e-10
-0.0001515854073
-3.556767687e-10
-0.0001570976001
-3.279111662e-10
-0.000162609789
-2.941980121e-10
-0.0001681219844
-2.615312018e-10
-0.0001736341726
-2.222315738e-10
-0.0001791463682
-1.800979194e-10
-0.0001846585604
-0.0001901707482
-1.389896149e-10
-1.944420349e-10
-0.0001405610518
-1.636588048e-10
-0.0001460732462
-1.305488963e-10
-0.0001515854405
-9.462165039e-11
-0.0001570976361
-5.278859764e-11
-0.0001626098308
-1.154330529e-11
-0.0001681220256
3.603901816e-11
-0.0001736342202
8.291040179e-11
-0.0001791464151
1.323189971e-10
-0.0001846586099
-0.0001901708002
1.844074467e-10
4.108145007e-11
-0.0001405610885
8.094625304e-11
-0.0001460732861
1.2485798e-10
-0.0001515854844
1.708548799e-10
-0.000157097682
2.197301378e-10
-0.0001626098797
2.715336165e-10
-0.0001681220774
3.220883917e-10
-0.0001736342707
3.793834965e-10
-0.0001791464724
4.395586844e-10
-0.0001846586701
-0.0001901708677
5.070096391e-10
2.773057193e-10
-0.0001405611354
3.259061829e-10
-0.0001460733347
3.766689396e-10
-0.0001515855352
4.340093267e-10
-0.0001570977393
4.904546633e-10
-0.0001626099361
5.49370002e-10
-0.0001681221364
6.155193587e-10
-0.0001736343369
6.803612425e-10
-0.0001791465373
7.524316546e-10
-0.0001846587421
-0.0001901709382
8.228743334e-10
5.095536198e-10
-0.0001405611892
5.691371105e-10
-0.0001460733943
6.316375889e-10
-0.0001515855976
6.93301488e-10
-0.000157097801
7.575304173e-10
-0.0001626100003
8.286865557e-10
-0.0001681222076
9.027570371e-10
-0.0001736344109
9.797725276e-10
-0.0001791466143
1.050648058e-09
-0.000184658813
-0.0001901710208
1.133275844e-09
7.441322601e-10
-0.0001405612551
8.071028947e-10
-0.0001460734572
8.763949876e-10
-0.0001515856669
9.485524094e-10
-0.0001570978731
1.023361576e-09
-0.0001626100752
1.101113513e-09
-0.0001681222853
1.181744534e-09
-0.0001736344915
1.265135756e-09
-0.0001791466977
1.351257784e-09
-0.0001846588991
-0.0001901711099
1.440310917e-09
9.664822393e-10
1.04334318e-09
1.119246842e-09
1.197864675e-09
1.283214246e-09
1.367268921e-09
1.453990103e-09
1.543394383e-09
1.640135931e-09
1.734942927e-09
0
-0.0006492186206
0.000608767494
0
0
0
0
0
0
0
0
0
0
0
0
0
0
0
0
0
0
0
0
0
0
0
0
0
0
0
-0.0006861400084
0
0
0
0
0
0
0
0
0
0
0
0
0
0
0
0
0
0
-0.0007195055728
0
0
0
0
0
0
0
0
0
0
0
0
0
0
0
0
0
0
-0.0007492937207
0
0
0
0
0
0
0
0
0
0
0
0
0
0
0
0
0
0
-0.0007754863493
0
0
0
0
0
0
0
0
0
0
0
0
0
0
0
0
0
0
-0.0007980679342
0
0
0
0
0
0
0
0
0
0
0
0
0
0
0
0
0
0
-0.0008170247317
0
0
0
0
0
0
0
0
0
0
0
0
0
0
0
0
0
0
-0.0008323440801
0
0
0
0
0
0
0
0
0
0
0
0
0
0
0
0
0
0
-0.0008440138465
0
0
0
0
0
0
0
0
0
0
0
0
0
0
0
0
0
0
0
0
0
0
0
0
0
0
0
0
0
0
0
0
0
0
0
0
0
0
0
0
0
0
0
0
0
0
0
0
0
0
0
0
0
0
0
0
0
0
0
0
0
0
0
0
0
0
0
0
0
0
0
0
0
0
0
0
0
0
0
0
0
0
0
0
0
0
0
0
0
0
0
0
0
0
0
0
0
0
0
0
0
0
0
0
0
0
0
0.0001756047016
0
0
0
0
0
0
0
0
0
0
0
0
0
0
0
0
0
0
0
0
0
0
0
0
0
0
0
0
0
0
0
0
0
0
0
0
0
0
0
0
0
0
0
0
0
0
0
0
0
0
0
0
0
0
0
0
0
0
0
0
0
0
0
0
0
0
0
0
-3.788349842e-05
-3.099356647e-06
3.551769738e-05
-4.341035437e-05
-9.249221169e-06
0
3.851562963e-05
0
0
0
0
0
0
0
0
0
0
0
0
0
-0.0001002537722
9.715268066e-05
-0.0001095044336
-5.118002508e-05
-6.237478526e-05
-7.625882713e-05
-9.259180357e-05
-0.0001110742258
-0.000131350521
-0.0001530127157
-1.100735549e-09
0.0001901706513
-0.0001901706364
1.08578379e-09
-1.109484903e-09
0.0001846584641
-0.0001846584553
-1.118832587e-09
0.0001791462836
-0.0001791462743
-1.124123105e-09
0.0001736340985
-0.0001736340932
-1.126805913e-09
0.0001681219149
-0.0001681219122
-1.126947952e-09
0.0001626097312
-0.0001626097311
-1.124464777e-09
0.0001570975476
-0.00015709755
-1.11962073e-09
0.0001515853641
-0.000151585369
-1.111960114e-09
0.0001460731802
-0.0001460731879
0.0001405609966
-0.0001405610068
-7.9866455e-10
0.0001901706749
7.750889477e-10
-8.193830796e-10
0.0001846584848
-8.379355661e-10
0.0001791463022
-8.517052807e-10
0.0001736341122
-8.651551992e-10
0.0001681219283
-8.752367982e-10
0.0001626097413
-8.826376493e-10
0.000157097555
-8.871203344e-10
0.0001515853686
-8.891628258e-10
0.0001460731823
0.0001405609959
-4.877048653e-10
0.0001901707071
4.555449779e-10
-5.211642846e-10
0.0001846585183
-5.47917912e-10
0.0001791463289
-5.756858707e-10
0.00017363414
-5.980163551e-10
0.0001681219507
-6.179536587e-10
0.0001626097612
-6.352609984e-10
0.0001570975723
-6.496580868e-10
0.000151585383
-6.615445649e-10
0.0001460731941
0.0001405610048
-1.801065293e-10
0.0001901707482
1.390940041e-10
-2.222955845e-10
0.0001846585604
-2.616141375e-10
0.0001791463682
-2.9425458e-10
0.0001736341726
-3.279431585e-10
0.0001681219844
-3.557446133e-10
0.000162609789
-3.835421477e-10
0.0001570976001
-4.078908443e-10
0.0001515854073
-4.292236031e-10
0.0001460732154
0.0001405610234
1.322701656e-10
0.0001901708002
-1.843334294e-10
8.281540556e-11
0.0001846586099
3.591215844e-11
0.0001791464151
-1.160674607e-11
0.0001736342202
-5.2880033e-11
0.0001681220256
-9.472024121e-11
0.0001626098308
-1.306107965e-10
0.0001570976361
-1.637063813e-10
0.0001515854405
-1.944628655e-10
0.0001460732462
0.0001405610518
4.394846515e-10
0.0001901708677
-5.069387978e-10
3.793086922e-10
0.0001846586701
3.219898372e-10
0.0001791464724
2.714755198e-10
0.0001736342707
2.19610983e-10
0.0001681220774
1.708244041e-10
0.0001626098797
1.24859885e-10
0.000157097682
8.090300648e-11
0.0001515854844
4.104321392e-11
0.0001460732861
0.0001405610885
7.523223268e-10
0.0001901709382
-8.227945835e-10
6.802646804e-10
0.0001846587421
6.154465621e-10
0.0001791465373
5.493871992e-10
0.0001736343369
4.903390342e-10
0.0001681221364
4.339625544e-10
0.0001626099361
3.766217645e-10
0.0001570977393
3.258984948e-10
0.0001515855352
2.773040028e-10
0.0001460733347
0.0001405611354
1.050580763e-09
0.0001901710208
-1.133159517e-09
9.796574299e-10
0.000184658813
9.026762005e-10
0.0001791466143
8.286507893e-10
0.0001736344109
7.574738301e-10
0.0001681222076
6.932332197e-10
0.0001626100003
6.31596873e-10
0.000157097801
5.691225095e-10
0.0001515855976
5.095235341e-10
0.0001460733943
0.0001405611892
1.351177029e-09
0.0001901711099
-1.440247145e-09
1.265066745e-09
0.0001846588991
1.181644841e-09
0.0001791466977
1.101071115e-09
0.0001736344915
1.023317497e-09
0.0001681222853
9.484677265e-10
0.0001626100752
8.76359983e-10
0.0001570978731
8.070290235e-10
0.0001515856669
7.441068959e-10
0.0001460734572
0.0001405612551
1.640040374e-09
-1.734900656e-09
1.543308044e-09
1.45392845e-09
1.367230929e-09
1.28314307e-09
1.197788723e-09
1.119205021e-09
1.043259143e-09
9.664195353e-10
-1.64015236e-09
0.0001901711099
1.73495907e-09
-1.543363217e-09
0.0001846588991
-1.454034614e-09
0.0001791466977
-1.367269149e-09
0.0001736344915
-1.283228083e-09
0.0001681222853
-1.197864888e-09
0.0001626100752
-1.119233106e-09
0.0001570978731
-1.043342982e-09
0.0001515856669
-9.664826207e-10
0.0001460734572
0.0001405612551
-1.351257784e-09
0.0001901710208
1.440327677e-09
-1.265167361e-09
0.000184658813
-1.181744534e-09
0.0001791466143
-1.101128357e-09
0.0001736344109
-1.02334721e-09
0.0001681222076
-9.485527526e-10
0.0001626100003
-8.764080643e-10
0.000157097801
-8.071035338e-10
0.0001515855976
-7.441325678e-10
0.0001460733943
0.0001405611892
-1.050645846e-09
0.0001901709382
1.133275844e-09
-9.797419949e-10
0.0001846587421
-9.027263888e-10
0.0001791465373
-8.286865557e-10
0.0001736343369
-7.575160509e-10
0.0001681221364
-6.932996016e-10
0.0001626099361
-6.316375889e-10
0.0001570977393
-5.691629701e-10
0.0001515855352
-5.095544655e-10
0.0001460733347
0.0001405611354
-7.524316546e-10
0.0001901708677
8.228800987e-10
-6.80345536e-10
0.0001846586701
-6.155193587e-10
0.0001791464724
-5.493590772e-10
0.0001736342707
-4.904558987e-10
0.0001681220774
-4.339979126e-10
0.0001626098797
-3.766422863e-10
0.000157097682
-3.259168099e-10
0.0001515854844
-2.773159527e-10
0.0001460732861
0.0001405610885
-4.395586844e-10
0.0001901708002
5.070096391e-10
-3.793941009e-10
0.0001846586099
-3.220986748e-10
0.0001791464151
-2.715205808e-10
0.0001736342202
-2.197271629e-10
0.0001681220256
-1.708548799e-10
0.0001626098308
-1.24873919e-10
0.0001570976361
-8.096162282e-11
0.0001515854405
-4.107598347e-11
0.0001460732462
0.0001405610518
-1.323189971e-10
0.0001901707482
1.844256119e-10
-8.291040179e-11
0.0001846585604
-3.603163557e-11
0.0001791463682
1.156833166e-11
0.0001736341726
5.280070717e-11
0.0001681219844
9.463335629e-11
0.000162609789
1.305634284e-10
0.0001570976001
1.636556903e-10
0.0001515854073
1.944307891e-10
0.0001460732154
0.0001405610234
1.800804047e-10
0.0001901707071
-1.389850358e-10
2.222102568e-10
0.0001846585183
2.615476862e-10
0.0001791463289
2.941858447e-10
0.00017363414
3.278862682e-10
0.0001681219507
3.556618297e-10
0.0001626097612
3.835177749e-10
0.0001570975723
4.078576645e-10
0.000151585383
4.291902968e-10
0.0001460731941
0.0001405610048
4.876832243e-10
0.000190170675
-4.554694779e-10
5.210850253e-10
0.0001846584848
5.478613168e-10
0.0001791463021
5.756699952e-10
0.0001736341122
5.979942524e-10
0.0001681219283
6.178715485e-10
0.0001626097413
6.352358064e-10
0.000157097555
6.496441136e-10
0.0001515853686
6.614865369e-10
0.0001460731823
0.0001405609959
7.986371131e-10
0.0001901706513
-7.750177272e-10
8.192909224e-10
0.0001846584641
8.378916354e-10
0.0001791462836
8.516411511e-10
0.0001736340985
8.651055098e-10
0.0001681219149
8.751956749e-10
0.0001626097312
8.826204721e-10
0.0001570975475
8.871019501e-10
0.0001515853641
8.891293427e-10
0.0001460731802
0.0001405609966
1.100655395e-09
-1.085687236e-09
1.109444785e-09
1.118735269e-09
1.124002833e-09
1.126747713e-09
1.12690284e-09
1.124405381e-09
1.119593463e-09
1.111912639e-09
0
0
0
0
0
0
0
0
0
0
0
0
0
0
0
0
0
0
0
0
0
0
0
0
0
0
0
0.0007572417162
-0.0007279630681
0
0
0
0
0
0
0
0
0
0
0
0
0
0
0
0
0
0
0.0007827487213
0
0
0
0
0
0
0
0
0
0
0
0
0
0
0
0
0
0
0.0008044881051
0
0
0
0
0
0
0
0
0
0
0
0
0
0
0
0
0
0
0.0008224673213
0
0
0
0
0
0
0
0
0
0
0
0
0
0
0
0
0
0
0.0008366963363
0
0
0
0
0
0
0
0
0
0
0
0
0
0
0
0
0
0
0.000847186821
0
0
0
0
0
0
0
0
0
0
0
0
0
0
0
0
0
0
0.0008539514727
0
0
0
0
0
0
0
0
0
0
0
0
0
0
0
0
0
0
0.0008570034494
0
0
0
0
0
0
0
0
0
0
0
0
0
0
0
0
0
0
0.0008563559618
0
0
0
0
0
0
0
0
0
0
0
0
0
0
0
0
0
0
0
0
0
0
0
0
0
0
0
0
0
0
0
0
0
0
0
0
0
0
0
0
0
0
0
0
0
0
0
0
0
0
0
0
0
0
0
0
0
0
0
0
0
0
0
0
0
0
0
0
0
0
0
0
0
0
0
0
0
0
0
0
0
0
0
0
0
0
0
0
0
0
0
0
0
0
0
0
0
0
-0.0001452829817
0
0
0
0
0
0
0
0
0
0
0
0
0
0
0
0
0
0
0
0
0
0
0
0
0
0
0
0
0
0
0
0
0
0
0
0
0
0
0
0
0
0
0
0
0
0
0
0
0
0
0
0
0
0
0
0
0
0
0
0
0
0
0
0
0
0
0
0
0
0
0
-4.012316139e-05
7.368749451e-06
-3.62862124e-05
9.249221085e-06
3.099356551e-06
-0.0001280695751
-0.0001110915658
-9.485671445e-05
-7.983334158e-05
-6.644516502e-05
-5.50666448e-05
-4.601888793e-05
-0.0001095044336
-0.0001002537722
)
;

boundaryField
{
    left
    {
        type            calculated;
        value           uniform 0;
    }
    right
    {
        type            calculated;
        value           uniform 0;
    }
    down
    {
        type            calculated;
        value           uniform 0;
    }
    up
    {
        type            calculated;
        value           uniform 0;
    }
    cylinder
    {
        type            calculated;
        value           nonuniform List<scalar> 
80
(
-2.400644264e-10
-2.128974074e-10
-1.848085651e-10
-1.553172885e-10
-1.250222008e-10
-9.35870342e-11
-6.213646559e-11
-2.992722241e-11
2.651618875e-12
3.478521969e-11
1.101641934e-09
8.884980805e-10
6.703849843e-10
4.477228346e-10
2.228550177e-10
-4.366844557e-12
-2.304654217e-10
-4.557155589e-10
-6.78281864e-10
-8.963716089e-10
-1.101648585e-09
-8.885321977e-10
-6.70416723e-10
-4.477722538e-10
-2.229093155e-10
4.332605047e-12
2.30416457e-10
4.55693474e-10
6.782634451e-10
8.963252707e-10
-8.963716089e-10
-6.78281864e-10
-4.557155589e-10
-2.304654217e-10
-4.370563132e-12
2.228528559e-10
4.4771476e-10
6.703813467e-10
8.884938475e-10
1.101641934e-09
-1.101648585e-09
-8.885321977e-10
-6.70416723e-10
-4.477722538e-10
-2.229093155e-10
4.332605047e-12
2.30416457e-10
4.55693474e-10
6.782634451e-10
8.963252707e-10
-8.963716089e-10
-6.78281864e-10
-4.557155589e-10
-2.304654217e-10
-4.370563132e-12
2.228528559e-10
4.4771476e-10
6.703813467e-10
8.884938475e-10
1.101641934e-09
8.963252707e-10
6.782518273e-10
4.556875387e-10
2.304224377e-10
4.343818991e-12
-2.228973941e-10
-4.477775526e-10
-6.704371038e-10
-8.885273375e-10
-1.101665929e-09
1.101641934e-09
8.884980805e-10
6.703849843e-10
4.477228346e-10
2.228550177e-10
-4.366844557e-12
-2.304654217e-10
-4.557155589e-10
-6.78281864e-10
-8.963716089e-10
)
;
    }
    defaultFaces
    {
        type            empty;
    }
}


// ************************************************************************* //
