/*--------------------------------*- C++ -*----------------------------------*\
  =========                 |
  \\      /  F ield         | OpenFOAM: The Open Source CFD Toolbox
   \\    /   O peration     | Website:  https://openfoam.org
    \\  /    A nd           | Version:  11
     \\/     M anipulation  |
\*---------------------------------------------------------------------------*/
FoamFile
{
    format      ascii;
    class       volVectorField;
    location    "500";
    object      C;
}
// * * * * * * * * * * * * * * * * * * * * * * * * * * * * * * * * * * * * * //

dimensions      [0 1 0 0 0 0 0];

internalField   nonuniform List<vector> 
1000
(
(0.005 0.005 0.005)
(0.015 0.005 0.005)
(0.025 0.005 0.005)
(0.035 0.005 0.005)
(0.045 0.005 0.005)
(0.055 0.005 0.005)
(0.065 0.005 0.005)
(0.075 0.005 0.005)
(0.085 0.005 0.005)
(0.095 0.005 0.005)
(0.105 0.005 0.005)
(0.115 0.005 0.005)
(0.125 0.005 0.005)
(0.135 0.005 0.005)
(0.145 0.005 0.005)
(0.155 0.005 0.005)
(0.165 0.005 0.005)
(0.175 0.005 0.005)
(0.185 0.005 0.005)
(0.195 0.005 0.005)
(0.205 0.005 0.005)
(0.215 0.005 0.005)
(0.225 0.005 0.005)
(0.235 0.005 0.005)
(0.245 0.005 0.005)
(0.255 0.005 0.005)
(0.265 0.005 0.005)
(0.275 0.005 0.005)
(0.285 0.005 0.005)
(0.295 0.005 0.005)
(0.305 0.005 0.005)
(0.315 0.005 0.005)
(0.325 0.005 0.005)
(0.335 0.005 0.005)
(0.345 0.005 0.005)
(0.355 0.005 0.005)
(0.365 0.005 0.005)
(0.375 0.005 0.005)
(0.385 0.005 0.005)
(0.395 0.005 0.005)
(0.405 0.005 0.005)
(0.415 0.005 0.005)
(0.425 0.005 0.005)
(0.435 0.005 0.005)
(0.445 0.005 0.005)
(0.455 0.005 0.005)
(0.465 0.005 0.005)
(0.475 0.005 0.005)
(0.485 0.005 0.005)
(0.495 0.005 0.005)
(0.505 0.005 0.005)
(0.515 0.005 0.005)
(0.525 0.005 0.005)
(0.535 0.005 0.005)
(0.545 0.005 0.005)
(0.555 0.005 0.005)
(0.565 0.005 0.005)
(0.575 0.005 0.005)
(0.585 0.005 0.005)
(0.595 0.005 0.005)
(0.605 0.005 0.005)
(0.615 0.005 0.005)
(0.625 0.005 0.005)
(0.635 0.005 0.005)
(0.645 0.005 0.005)
(0.655 0.005 0.005)
(0.665 0.005 0.005)
(0.675 0.005 0.005)
(0.685 0.005 0.005)
(0.695 0.005 0.005)
(0.705 0.005 0.005)
(0.715 0.005 0.005)
(0.725 0.005 0.005)
(0.735 0.005 0.005)
(0.745 0.005 0.005)
(0.755 0.005 0.005)
(0.765 0.005 0.005)
(0.775 0.005 0.005)
(0.785 0.005 0.005)
(0.795 0.005 0.005)
(0.805 0.005 0.005)
(0.815 0.005 0.005)
(0.825 0.005 0.005)
(0.835 0.005 0.005)
(0.845 0.005 0.005)
(0.855 0.005 0.005)
(0.865 0.005 0.005)
(0.875 0.005 0.005)
(0.885 0.005 0.005)
(0.895 0.005 0.005)
(0.905 0.005 0.005)
(0.915 0.005 0.005)
(0.925 0.005 0.005)
(0.935 0.005 0.005)
(0.945 0.005 0.005)
(0.955 0.005 0.005)
(0.965 0.005 0.005)
(0.975 0.005 0.005)
(0.985 0.005 0.005)
(0.995 0.005 0.005)
(0.005 0.015 0.005)
(0.015 0.015 0.005)
(0.025 0.015 0.005)
(0.035 0.015 0.005)
(0.045 0.015 0.005)
(0.055 0.015 0.005)
(0.065 0.015 0.005)
(0.075 0.015 0.005)
(0.085 0.015 0.005)
(0.095 0.015 0.005)
(0.105 0.015 0.005)
(0.115 0.015 0.005)
(0.125 0.015 0.005)
(0.135 0.015 0.005)
(0.145 0.015 0.005)
(0.155 0.015 0.005)
(0.165 0.015 0.005)
(0.175 0.015 0.005)
(0.185 0.015 0.005)
(0.195 0.015 0.005)
(0.205 0.015 0.005)
(0.215 0.015 0.005)
(0.225 0.015 0.005)
(0.235 0.015 0.005)
(0.245 0.015 0.005)
(0.255 0.015 0.005)
(0.265 0.015 0.005)
(0.275 0.015 0.005)
(0.285 0.015 0.005)
(0.295 0.015 0.005)
(0.305 0.015 0.005)
(0.315 0.015 0.005)
(0.325 0.015 0.005)
(0.335 0.015 0.005)
(0.345 0.015 0.005)
(0.355 0.015 0.005)
(0.365 0.015 0.005)
(0.375 0.015 0.005)
(0.385 0.015 0.005)
(0.395 0.015 0.005)
(0.405 0.015 0.005)
(0.415 0.015 0.005)
(0.425 0.015 0.005)
(0.435 0.015 0.005)
(0.445 0.015 0.005)
(0.455 0.015 0.005)
(0.465 0.015 0.005)
(0.475 0.015 0.005)
(0.485 0.015 0.005)
(0.495 0.015 0.005)
(0.505 0.015 0.005)
(0.515 0.015 0.005)
(0.525 0.015 0.005)
(0.535 0.015 0.005)
(0.545 0.015 0.005)
(0.555 0.015 0.005)
(0.565 0.015 0.005)
(0.575 0.015 0.005)
(0.585 0.015 0.005)
(0.595 0.015 0.005)
(0.605 0.015 0.005)
(0.615 0.015 0.005)
(0.625 0.015 0.005)
(0.635 0.015 0.005)
(0.645 0.015 0.005)
(0.655 0.015 0.005)
(0.665 0.015 0.005)
(0.675 0.015 0.005)
(0.685 0.015 0.005)
(0.695 0.015 0.005)
(0.705 0.015 0.005)
(0.715 0.015 0.005)
(0.725 0.015 0.005)
(0.735 0.015 0.005)
(0.745 0.015 0.005)
(0.755 0.015 0.005)
(0.765 0.015 0.005)
(0.775 0.015 0.005)
(0.785 0.015 0.005)
(0.795 0.015 0.005)
(0.805 0.015 0.005)
(0.815 0.015 0.005)
(0.825 0.015 0.005)
(0.835 0.015 0.005)
(0.845 0.015 0.005)
(0.855 0.015 0.005)
(0.865 0.015 0.005)
(0.875 0.015 0.005)
(0.885 0.015 0.005)
(0.895 0.015 0.005)
(0.905 0.015 0.005)
(0.915 0.015 0.005)
(0.925 0.015 0.005)
(0.935 0.015 0.005)
(0.945 0.015 0.005)
(0.955 0.015 0.005)
(0.965 0.015 0.005)
(0.975 0.015 0.005)
(0.985 0.015 0.005)
(0.995 0.015 0.005)
(0.005 0.025 0.005)
(0.015 0.025 0.005)
(0.025 0.025 0.005)
(0.035 0.025 0.005)
(0.045 0.025 0.005)
(0.055 0.025 0.005)
(0.065 0.025 0.005)
(0.075 0.025 0.005)
(0.085 0.025 0.005)
(0.095 0.025 0.005)
(0.105 0.025 0.005)
(0.115 0.025 0.005)
(0.125 0.025 0.005)
(0.135 0.025 0.005)
(0.145 0.025 0.005)
(0.155 0.025 0.005)
(0.165 0.025 0.005)
(0.175 0.025 0.005)
(0.185 0.025 0.005)
(0.195 0.025 0.005)
(0.205 0.025 0.005)
(0.215 0.025 0.005)
(0.225 0.025 0.005)
(0.235 0.025 0.005)
(0.245 0.025 0.005)
(0.255 0.025 0.005)
(0.265 0.025 0.005)
(0.275 0.025 0.005)
(0.285 0.025 0.005)
(0.295 0.025 0.005)
(0.305 0.025 0.005)
(0.315 0.025 0.005)
(0.325 0.025 0.005)
(0.335 0.025 0.005)
(0.345 0.025 0.005)
(0.355 0.025 0.005)
(0.365 0.025 0.005)
(0.375 0.025 0.005)
(0.385 0.025 0.005)
(0.395 0.025 0.005)
(0.405 0.025 0.005)
(0.415 0.025 0.005)
(0.425 0.025 0.005)
(0.435 0.025 0.005)
(0.445 0.025 0.005)
(0.455 0.025 0.005)
(0.465 0.025 0.005)
(0.475 0.025 0.005)
(0.485 0.025 0.005)
(0.495 0.025 0.005)
(0.505 0.025 0.005)
(0.515 0.025 0.005)
(0.525 0.025 0.005)
(0.535 0.025 0.005)
(0.545 0.025 0.005)
(0.555 0.025 0.005)
(0.565 0.025 0.005)
(0.575 0.025 0.005)
(0.585 0.025 0.005)
(0.595 0.025 0.005)
(0.605 0.025 0.005)
(0.615 0.025 0.005)
(0.625 0.025 0.005)
(0.635 0.025 0.005)
(0.645 0.025 0.005)
(0.655 0.025 0.005)
(0.665 0.025 0.005)
(0.675 0.025 0.005)
(0.685 0.025 0.005)
(0.695 0.025 0.005)
(0.705 0.025 0.005)
(0.715 0.025 0.005)
(0.725 0.025 0.005)
(0.735 0.025 0.005)
(0.745 0.025 0.005)
(0.755 0.025 0.005)
(0.765 0.025 0.005)
(0.775 0.025 0.005)
(0.785 0.025 0.005)
(0.795 0.025 0.005)
(0.805 0.025 0.005)
(0.815 0.025 0.005)
(0.825 0.025 0.005)
(0.835 0.025 0.005)
(0.845 0.025 0.005)
(0.855 0.025 0.005)
(0.865 0.025 0.005)
(0.875 0.025 0.005)
(0.885 0.025 0.005)
(0.895 0.025 0.005)
(0.905 0.025 0.005)
(0.915 0.025 0.005)
(0.925 0.025 0.005)
(0.935 0.025 0.005)
(0.945 0.025 0.005)
(0.955 0.025 0.005)
(0.965 0.025 0.005)
(0.975 0.025 0.005)
(0.985 0.025 0.005)
(0.995 0.025 0.005)
(0.005 0.035 0.005)
(0.015 0.035 0.005)
(0.025 0.035 0.005)
(0.035 0.035 0.005)
(0.045 0.035 0.005)
(0.055 0.035 0.005)
(0.065 0.035 0.005)
(0.075 0.035 0.005)
(0.085 0.035 0.005)
(0.095 0.035 0.005)
(0.105 0.035 0.005)
(0.115 0.035 0.005)
(0.125 0.035 0.005)
(0.135 0.035 0.005)
(0.145 0.035 0.005)
(0.155 0.035 0.005)
(0.165 0.035 0.005)
(0.175 0.035 0.005)
(0.185 0.035 0.005)
(0.195 0.035 0.005)
(0.205 0.035 0.005)
(0.215 0.035 0.005)
(0.225 0.035 0.005)
(0.235 0.035 0.005)
(0.245 0.035 0.005)
(0.255 0.035 0.005)
(0.265 0.035 0.005)
(0.275 0.035 0.005)
(0.285 0.035 0.005)
(0.295 0.035 0.005)
(0.305 0.035 0.005)
(0.315 0.035 0.005)
(0.325 0.035 0.005)
(0.335 0.035 0.005)
(0.345 0.035 0.005)
(0.355 0.035 0.005)
(0.365 0.035 0.005)
(0.375 0.035 0.005)
(0.385 0.035 0.005)
(0.395 0.035 0.005)
(0.405 0.035 0.005)
(0.415 0.035 0.005)
(0.425 0.035 0.005)
(0.435 0.035 0.005)
(0.445 0.035 0.005)
(0.455 0.035 0.005)
(0.465 0.035 0.005)
(0.475 0.035 0.005)
(0.485 0.035 0.005)
(0.495 0.035 0.005)
(0.505 0.035 0.005)
(0.515 0.035 0.005)
(0.525 0.035 0.005)
(0.535 0.035 0.005)
(0.545 0.035 0.005)
(0.555 0.035 0.005)
(0.565 0.035 0.005)
(0.575 0.035 0.005)
(0.585 0.035 0.005)
(0.595 0.035 0.005)
(0.605 0.035 0.005)
(0.615 0.035 0.005)
(0.625 0.035 0.005)
(0.635 0.035 0.005)
(0.645 0.035 0.005)
(0.655 0.035 0.005)
(0.665 0.035 0.005)
(0.675 0.035 0.005)
(0.685 0.035 0.005)
(0.695 0.035 0.005)
(0.705 0.035 0.005)
(0.715 0.035 0.005)
(0.725 0.035 0.005)
(0.735 0.035 0.005)
(0.745 0.035 0.005)
(0.755 0.035 0.005)
(0.765 0.035 0.005)
(0.775 0.035 0.005)
(0.785 0.035 0.005)
(0.795 0.035 0.005)
(0.805 0.035 0.005)
(0.815 0.035 0.005)
(0.825 0.035 0.005)
(0.835 0.035 0.005)
(0.845 0.035 0.005)
(0.855 0.035 0.005)
(0.865 0.035 0.005)
(0.875 0.035 0.005)
(0.885 0.035 0.005)
(0.895 0.035 0.005)
(0.905 0.035 0.005)
(0.915 0.035 0.005)
(0.925 0.035 0.005)
(0.935 0.035 0.005)
(0.945 0.035 0.005)
(0.955 0.035 0.005)
(0.965 0.035 0.005)
(0.975 0.035 0.005)
(0.985 0.035 0.005)
(0.995 0.035 0.005)
(0.005 0.045 0.005)
(0.015 0.045 0.005)
(0.025 0.045 0.005)
(0.035 0.045 0.005)
(0.045 0.045 0.005)
(0.055 0.045 0.005)
(0.065 0.045 0.005)
(0.075 0.045 0.005)
(0.085 0.045 0.005)
(0.095 0.045 0.005)
(0.105 0.045 0.005)
(0.115 0.045 0.005)
(0.125 0.045 0.005)
(0.135 0.045 0.005)
(0.145 0.045 0.005)
(0.155 0.045 0.005)
(0.165 0.045 0.005)
(0.175 0.045 0.005)
(0.185 0.045 0.005)
(0.195 0.045 0.005)
(0.205 0.045 0.005)
(0.215 0.045 0.005)
(0.225 0.045 0.005)
(0.235 0.045 0.005)
(0.245 0.045 0.005)
(0.255 0.045 0.005)
(0.265 0.045 0.005)
(0.275 0.045 0.005)
(0.285 0.045 0.005)
(0.295 0.045 0.005)
(0.305 0.045 0.005)
(0.315 0.045 0.005)
(0.325 0.045 0.005)
(0.335 0.045 0.005)
(0.345 0.045 0.005)
(0.355 0.045 0.005)
(0.365 0.045 0.005)
(0.375 0.045 0.005)
(0.385 0.045 0.005)
(0.395 0.045 0.005)
(0.405 0.045 0.005)
(0.415 0.045 0.005)
(0.425 0.045 0.005)
(0.435 0.045 0.005)
(0.445 0.045 0.005)
(0.455 0.045 0.005)
(0.465 0.045 0.005)
(0.475 0.045 0.005)
(0.485 0.045 0.005)
(0.495 0.045 0.005)
(0.505 0.045 0.005)
(0.515 0.045 0.005)
(0.525 0.045 0.005)
(0.535 0.045 0.005)
(0.545 0.045 0.005)
(0.555 0.045 0.005)
(0.565 0.045 0.005)
(0.575 0.045 0.005)
(0.585 0.045 0.005)
(0.595 0.045 0.005)
(0.605 0.045 0.005)
(0.615 0.045 0.005)
(0.625 0.045 0.005)
(0.635 0.045 0.005)
(0.645 0.045 0.005)
(0.655 0.045 0.005)
(0.665 0.045 0.005)
(0.675 0.045 0.005)
(0.685 0.045 0.005)
(0.695 0.045 0.005)
(0.705 0.045 0.005)
(0.715 0.045 0.005)
(0.725 0.045 0.005)
(0.735 0.045 0.005)
(0.745 0.045 0.005)
(0.755 0.045 0.005)
(0.765 0.045 0.005)
(0.775 0.045 0.005)
(0.785 0.045 0.005)
(0.795 0.045 0.005)
(0.805 0.045 0.005)
(0.815 0.045 0.005)
(0.825 0.045 0.005)
(0.835 0.045 0.005)
(0.845 0.045 0.005)
(0.855 0.045 0.005)
(0.865 0.045 0.005)
(0.875 0.045 0.005)
(0.885 0.045 0.005)
(0.895 0.045 0.005)
(0.905 0.045 0.005)
(0.915 0.045 0.005)
(0.925 0.045 0.005)
(0.935 0.045 0.005)
(0.945 0.045 0.005)
(0.955 0.045 0.005)
(0.965 0.045 0.005)
(0.975 0.045 0.005)
(0.985 0.045 0.005)
(0.995 0.045 0.005)
(0.005 0.055 0.005)
(0.015 0.055 0.005)
(0.025 0.055 0.005)
(0.035 0.055 0.005)
(0.045 0.055 0.005)
(0.055 0.055 0.005)
(0.065 0.055 0.005)
(0.075 0.055 0.005)
(0.085 0.055 0.005)
(0.095 0.055 0.005)
(0.105 0.055 0.005)
(0.115 0.055 0.005)
(0.125 0.055 0.005)
(0.135 0.055 0.005)
(0.145 0.055 0.005)
(0.155 0.055 0.005)
(0.165 0.055 0.005)
(0.175 0.055 0.005)
(0.185 0.055 0.005)
(0.195 0.055 0.005)
(0.205 0.055 0.005)
(0.215 0.055 0.005)
(0.225 0.055 0.005)
(0.235 0.055 0.005)
(0.245 0.055 0.005)
(0.255 0.055 0.005)
(0.265 0.055 0.005)
(0.275 0.055 0.005)
(0.285 0.055 0.005)
(0.295 0.055 0.005)
(0.305 0.055 0.005)
(0.315 0.055 0.005)
(0.325 0.055 0.005)
(0.335 0.055 0.005)
(0.345 0.055 0.005)
(0.355 0.055 0.005)
(0.365 0.055 0.005)
(0.375 0.055 0.005)
(0.385 0.055 0.005)
(0.395 0.055 0.005)
(0.405 0.055 0.005)
(0.415 0.055 0.005)
(0.425 0.055 0.005)
(0.435 0.055 0.005)
(0.445 0.055 0.005)
(0.455 0.055 0.005)
(0.465 0.055 0.005)
(0.475 0.055 0.005)
(0.485 0.055 0.005)
(0.495 0.055 0.005)
(0.505 0.055 0.005)
(0.515 0.055 0.005)
(0.525 0.055 0.005)
(0.535 0.055 0.005)
(0.545 0.055 0.005)
(0.555 0.055 0.005)
(0.565 0.055 0.005)
(0.575 0.055 0.005)
(0.585 0.055 0.005)
(0.595 0.055 0.005)
(0.605 0.055 0.005)
(0.615 0.055 0.005)
(0.625 0.055 0.005)
(0.635 0.055 0.005)
(0.645 0.055 0.005)
(0.655 0.055 0.005)
(0.665 0.055 0.005)
(0.675 0.055 0.005)
(0.685 0.055 0.005)
(0.695 0.055 0.005)
(0.705 0.055 0.005)
(0.715 0.055 0.005)
(0.725 0.055 0.005)
(0.735 0.055 0.005)
(0.745 0.055 0.005)
(0.755 0.055 0.005)
(0.765 0.055 0.005)
(0.775 0.055 0.005)
(0.785 0.055 0.005)
(0.795 0.055 0.005)
(0.805 0.055 0.005)
(0.815 0.055 0.005)
(0.825 0.055 0.005)
(0.835 0.055 0.005)
(0.845 0.055 0.005)
(0.855 0.055 0.005)
(0.865 0.055 0.005)
(0.875 0.055 0.005)
(0.885 0.055 0.005)
(0.895 0.055 0.005)
(0.905 0.055 0.005)
(0.915 0.055 0.005)
(0.925 0.055 0.005)
(0.935 0.055 0.005)
(0.945 0.055 0.005)
(0.955 0.055 0.005)
(0.965 0.055 0.005)
(0.975 0.055 0.005)
(0.985 0.055 0.005)
(0.995 0.055 0.005)
(0.005 0.065 0.005)
(0.015 0.065 0.005)
(0.025 0.065 0.005)
(0.035 0.065 0.005)
(0.045 0.065 0.005)
(0.055 0.065 0.005)
(0.065 0.065 0.005)
(0.075 0.065 0.005)
(0.085 0.065 0.005)
(0.095 0.065 0.005)
(0.105 0.065 0.005)
(0.115 0.065 0.005)
(0.125 0.065 0.005)
(0.135 0.065 0.005)
(0.145 0.065 0.005)
(0.155 0.065 0.005)
(0.165 0.065 0.005)
(0.175 0.065 0.005)
(0.185 0.065 0.005)
(0.195 0.065 0.005)
(0.205 0.065 0.005)
(0.215 0.065 0.005)
(0.225 0.065 0.005)
(0.235 0.065 0.005)
(0.245 0.065 0.005)
(0.255 0.065 0.005)
(0.265 0.065 0.005)
(0.275 0.065 0.005)
(0.285 0.065 0.005)
(0.295 0.065 0.005)
(0.305 0.065 0.005)
(0.315 0.065 0.005)
(0.325 0.065 0.005)
(0.335 0.065 0.005)
(0.345 0.065 0.005)
(0.355 0.065 0.005)
(0.365 0.065 0.005)
(0.375 0.065 0.005)
(0.385 0.065 0.005)
(0.395 0.065 0.005)
(0.405 0.065 0.005)
(0.415 0.065 0.005)
(0.425 0.065 0.005)
(0.435 0.065 0.005)
(0.445 0.065 0.005)
(0.455 0.065 0.005)
(0.465 0.065 0.005)
(0.475 0.065 0.005)
(0.485 0.065 0.005)
(0.495 0.065 0.005)
(0.505 0.065 0.005)
(0.515 0.065 0.005)
(0.525 0.065 0.005)
(0.535 0.065 0.005)
(0.545 0.065 0.005)
(0.555 0.065 0.005)
(0.565 0.065 0.005)
(0.575 0.065 0.005)
(0.585 0.065 0.005)
(0.595 0.065 0.005)
(0.605 0.065 0.005)
(0.615 0.065 0.005)
(0.625 0.065 0.005)
(0.635 0.065 0.005)
(0.645 0.065 0.005)
(0.655 0.065 0.005)
(0.665 0.065 0.005)
(0.675 0.065 0.005)
(0.685 0.065 0.005)
(0.695 0.065 0.005)
(0.705 0.065 0.005)
(0.715 0.065 0.005)
(0.725 0.065 0.005)
(0.735 0.065 0.005)
(0.745 0.065 0.005)
(0.755 0.065 0.005)
(0.765 0.065 0.005)
(0.775 0.065 0.005)
(0.785 0.065 0.005)
(0.795 0.065 0.005)
(0.805 0.065 0.005)
(0.815 0.065 0.005)
(0.825 0.065 0.005)
(0.835 0.065 0.005)
(0.845 0.065 0.005)
(0.855 0.065 0.005)
(0.865 0.065 0.005)
(0.875 0.065 0.005)
(0.885 0.065 0.005)
(0.895 0.065 0.005)
(0.905 0.065 0.005)
(0.915 0.065 0.005)
(0.925 0.065 0.005)
(0.935 0.065 0.005)
(0.945 0.065 0.005)
(0.955 0.065 0.005)
(0.965 0.065 0.005)
(0.975 0.065 0.005)
(0.985 0.065 0.005)
(0.995 0.065 0.005)
(0.005 0.075 0.005)
(0.015 0.075 0.005)
(0.025 0.075 0.005)
(0.035 0.075 0.005)
(0.045 0.075 0.005)
(0.055 0.075 0.005)
(0.065 0.075 0.005)
(0.075 0.075 0.005)
(0.085 0.075 0.005)
(0.095 0.075 0.005)
(0.105 0.075 0.005)
(0.115 0.075 0.005)
(0.125 0.075 0.005)
(0.135 0.075 0.005)
(0.145 0.075 0.005)
(0.155 0.075 0.005)
(0.165 0.075 0.005)
(0.175 0.075 0.005)
(0.185 0.075 0.005)
(0.195 0.075 0.005)
(0.205 0.075 0.005)
(0.215 0.075 0.005)
(0.225 0.075 0.005)
(0.235 0.075 0.005)
(0.245 0.075 0.005)
(0.255 0.075 0.005)
(0.265 0.075 0.005)
(0.275 0.075 0.005)
(0.285 0.075 0.005)
(0.295 0.075 0.005)
(0.305 0.075 0.005)
(0.315 0.075 0.005)
(0.325 0.075 0.005)
(0.335 0.075 0.005)
(0.345 0.075 0.005)
(0.355 0.075 0.005)
(0.365 0.075 0.005)
(0.375 0.075 0.005)
(0.385 0.075 0.005)
(0.395 0.075 0.005)
(0.405 0.075 0.005)
(0.415 0.075 0.005)
(0.425 0.075 0.005)
(0.435 0.075 0.005)
(0.445 0.075 0.005)
(0.455 0.075 0.005)
(0.465 0.075 0.005)
(0.475 0.075 0.005)
(0.485 0.075 0.005)
(0.495 0.075 0.005)
(0.505 0.075 0.005)
(0.515 0.075 0.005)
(0.525 0.075 0.005)
(0.535 0.075 0.005)
(0.545 0.075 0.005)
(0.555 0.075 0.005)
(0.565 0.075 0.005)
(0.575 0.075 0.005)
(0.585 0.075 0.005)
(0.595 0.075 0.005)
(0.605 0.075 0.005)
(0.615 0.075 0.005)
(0.625 0.075 0.005)
(0.635 0.075 0.005)
(0.645 0.075 0.005)
(0.655 0.075 0.005)
(0.665 0.075 0.005)
(0.675 0.075 0.005)
(0.685 0.075 0.005)
(0.695 0.075 0.005)
(0.705 0.075 0.005)
(0.715 0.075 0.005)
(0.725 0.075 0.005)
(0.735 0.075 0.005)
(0.745 0.075 0.005)
(0.755 0.075 0.005)
(0.765 0.075 0.005)
(0.775 0.075 0.005)
(0.785 0.075 0.005)
(0.795 0.075 0.005)
(0.805 0.075 0.005)
(0.815 0.075 0.005)
(0.825 0.075 0.005)
(0.835 0.075 0.005)
(0.845 0.075 0.005)
(0.855 0.075 0.005)
(0.865 0.075 0.005)
(0.875 0.075 0.005)
(0.885 0.075 0.005)
(0.895 0.075 0.005)
(0.905 0.075 0.005)
(0.915 0.075 0.005)
(0.925 0.075 0.005)
(0.935 0.075 0.005)
(0.945 0.075 0.005)
(0.955 0.075 0.005)
(0.965 0.075 0.005)
(0.975 0.075 0.005)
(0.985 0.075 0.005)
(0.995 0.075 0.005)
(0.005 0.085 0.005)
(0.015 0.085 0.005)
(0.025 0.085 0.005)
(0.035 0.085 0.005)
(0.045 0.085 0.005)
(0.055 0.085 0.005)
(0.065 0.085 0.005)
(0.075 0.085 0.005)
(0.085 0.085 0.005)
(0.095 0.085 0.005)
(0.105 0.085 0.005)
(0.115 0.085 0.005)
(0.125 0.085 0.005)
(0.135 0.085 0.005)
(0.145 0.085 0.005)
(0.155 0.085 0.005)
(0.165 0.085 0.005)
(0.175 0.085 0.005)
(0.185 0.085 0.005)
(0.195 0.085 0.005)
(0.205 0.085 0.005)
(0.215 0.085 0.005)
(0.225 0.085 0.005)
(0.235 0.085 0.005)
(0.245 0.085 0.005)
(0.255 0.085 0.005)
(0.265 0.085 0.005)
(0.275 0.085 0.005)
(0.285 0.085 0.005)
(0.295 0.085 0.005)
(0.305 0.085 0.005)
(0.315 0.085 0.005)
(0.325 0.085 0.005)
(0.335 0.085 0.005)
(0.345 0.085 0.005)
(0.355 0.085 0.005)
(0.365 0.085 0.005)
(0.375 0.085 0.005)
(0.385 0.085 0.005)
(0.395 0.085 0.005)
(0.405 0.085 0.005)
(0.415 0.085 0.005)
(0.425 0.085 0.005)
(0.435 0.085 0.005)
(0.445 0.085 0.005)
(0.455 0.085 0.005)
(0.465 0.085 0.005)
(0.475 0.085 0.005)
(0.485 0.085 0.005)
(0.495 0.085 0.005)
(0.505 0.085 0.005)
(0.515 0.085 0.005)
(0.525 0.085 0.005)
(0.535 0.085 0.005)
(0.545 0.085 0.005)
(0.555 0.085 0.005)
(0.565 0.085 0.005)
(0.575 0.085 0.005)
(0.585 0.085 0.005)
(0.595 0.085 0.005)
(0.605 0.085 0.005)
(0.615 0.085 0.005)
(0.625 0.085 0.005)
(0.635 0.085 0.005)
(0.645 0.085 0.005)
(0.655 0.085 0.005)
(0.665 0.085 0.005)
(0.675 0.085 0.005)
(0.685 0.085 0.005)
(0.695 0.085 0.005)
(0.705 0.085 0.005)
(0.715 0.085 0.005)
(0.725 0.085 0.005)
(0.735 0.085 0.005)
(0.745 0.085 0.005)
(0.755 0.085 0.005)
(0.765 0.085 0.005)
(0.775 0.085 0.005)
(0.785 0.085 0.005)
(0.795 0.085 0.005)
(0.805 0.085 0.005)
(0.815 0.085 0.005)
(0.825 0.085 0.005)
(0.835 0.085 0.005)
(0.845 0.085 0.005)
(0.855 0.085 0.005)
(0.865 0.085 0.005)
(0.875 0.085 0.005)
(0.885 0.085 0.005)
(0.895 0.085 0.005)
(0.905 0.085 0.005)
(0.915 0.085 0.005)
(0.925 0.085 0.005)
(0.935 0.085 0.005)
(0.945 0.085 0.005)
(0.955 0.085 0.005)
(0.965 0.085 0.005)
(0.975 0.085 0.005)
(0.985 0.085 0.005)
(0.995 0.085 0.005)
(0.005 0.095 0.005)
(0.015 0.095 0.005)
(0.025 0.095 0.005)
(0.035 0.095 0.005)
(0.045 0.095 0.005)
(0.055 0.095 0.005)
(0.065 0.095 0.005)
(0.075 0.095 0.005)
(0.085 0.095 0.005)
(0.095 0.095 0.005)
(0.105 0.095 0.005)
(0.115 0.095 0.005)
(0.125 0.095 0.005)
(0.135 0.095 0.005)
(0.145 0.095 0.005)
(0.155 0.095 0.005)
(0.165 0.095 0.005)
(0.175 0.095 0.005)
(0.185 0.095 0.005)
(0.195 0.095 0.005)
(0.205 0.095 0.005)
(0.215 0.095 0.005)
(0.225 0.095 0.005)
(0.235 0.095 0.005)
(0.245 0.095 0.005)
(0.255 0.095 0.005)
(0.265 0.095 0.005)
(0.275 0.095 0.005)
(0.285 0.095 0.005)
(0.295 0.095 0.005)
(0.305 0.095 0.005)
(0.315 0.095 0.005)
(0.325 0.095 0.005)
(0.335 0.095 0.005)
(0.345 0.095 0.005)
(0.355 0.095 0.005)
(0.365 0.095 0.005)
(0.375 0.095 0.005)
(0.385 0.095 0.005)
(0.395 0.095 0.005)
(0.405 0.095 0.005)
(0.415 0.095 0.005)
(0.425 0.095 0.005)
(0.435 0.095 0.005)
(0.445 0.095 0.005)
(0.455 0.095 0.005)
(0.465 0.095 0.005)
(0.475 0.095 0.005)
(0.485 0.095 0.005)
(0.495 0.095 0.005)
(0.505 0.095 0.005)
(0.515 0.095 0.005)
(0.525 0.095 0.005)
(0.535 0.095 0.005)
(0.545 0.095 0.005)
(0.555 0.095 0.005)
(0.565 0.095 0.005)
(0.575 0.095 0.005)
(0.585 0.095 0.005)
(0.595 0.095 0.005)
(0.605 0.095 0.005)
(0.615 0.095 0.005)
(0.625 0.095 0.005)
(0.635 0.095 0.005)
(0.645 0.095 0.005)
(0.655 0.095 0.005)
(0.665 0.095 0.005)
(0.675 0.095 0.005)
(0.685 0.095 0.005)
(0.695 0.095 0.005)
(0.705 0.095 0.005)
(0.715 0.095 0.005)
(0.725 0.095 0.005)
(0.735 0.095 0.005)
(0.745 0.095 0.005)
(0.755 0.095 0.005)
(0.765 0.095 0.005)
(0.775 0.095 0.005)
(0.785 0.095 0.005)
(0.795 0.095 0.005)
(0.805 0.095 0.005)
(0.815 0.095 0.005)
(0.825 0.095 0.005)
(0.835 0.095 0.005)
(0.845 0.095 0.005)
(0.855 0.095 0.005)
(0.865 0.095 0.005)
(0.875 0.095 0.005)
(0.885 0.095 0.005)
(0.895 0.095 0.005)
(0.905 0.095 0.005)
(0.915 0.095 0.005)
(0.925 0.095 0.005)
(0.935 0.095 0.005)
(0.945 0.095 0.005)
(0.955 0.095 0.005)
(0.965 0.095 0.005)
(0.975 0.095 0.005)
(0.985 0.095 0.005)
(0.995 0.095 0.005)
)
;

boundaryField
{
    inlet
    {
        type            calculated;
        value           nonuniform List<vector> 10((0 0.005 0.005) (0 0.015 0.005) (0 0.025 0.005) (0 0.035 0.005) (0 0.045 0.005) (0 0.055 0.005) (0 0.065 0.005) (0 0.075 0.005) (0 0.085 0.005) (0 0.095 0.005));
    }
    outlet
    {
        type            calculated;
        value           nonuniform List<vector> 10((1 0.005 0.005) (1 0.015 0.005) (1 0.025 0.005) (1 0.035 0.005) (1 0.045 0.005) (1 0.055 0.005) (1 0.065 0.005) (1 0.075 0.005) (1 0.085 0.005) (1 0.095 0.005));
    }
    topBottom
    {
        type            symmetry;
    }
    frontAndBack
    {
        type            empty;
    }
}


// ************************************************************************* //
