/*--------------------------------*- C++ -*----------------------------------*\
  =========                 |
  \\      /  F ield         | OpenFOAM: The Open Source CFD Toolbox
   \\    /   O peration     | Website:  https://openfoam.org
    \\  /    A nd           | Version:  11
     \\/     M anipulation  |
\*---------------------------------------------------------------------------*/
FoamFile
{
    format      ascii;
    class       volVectorField;
    location    "500";
    object      U;
}
// * * * * * * * * * * * * * * * * * * * * * * * * * * * * * * * * * * * * * //

dimensions      [0 1 -1 0 0 0 0];

internalField   nonuniform List<vector> 
1000
(
(0.06957978171 1.491411406e-07 0)
(0.1049643123 -1.386654671e-07 0)
(0.09934123609 3.13372133e-09 0)
(0.1000784779 -9.621763423e-09 0)
(0.09999112403 -2.13445888e-09 0)
(0.1000009692 -1.154914274e-09 0)
(0.09999989457 -4.790700571e-10 0)
(0.1000000105 -2.252703252e-10 0)
(0.09999999855 -1.070625716e-10 0)
(0.09999999997 -5.239436062e-11 0)
(0.09999999991 -2.606179358e-11 0)
(0.09999999994 -1.31037722e-11 0)
(0.09999999997 -6.656053437e-12 0)
(0.09999999998 -3.377238602e-12 0)
(0.09999999998 -1.73980346e-12 0)
(0.09999999999 -8.771765538e-13 0)
(0.09999999999 -4.681761765e-13 0)
(0.09999999999 -2.298482975e-13 0)
(0.09999999999 -1.404033874e-13 0)
(0.09999999999 -6.434930821e-14 0)
(0.09999999999 -5.958495822e-14 0)
(0.09999999999 -2.677029934e-14 0)
(0.09999999999 -4.232756245e-14 0)
(0.09999999999 -2.162470292e-14 0)
(0.09999999999 -4.471415541e-14 0)
(0.09999999999 -2.177359342e-14 0)
(0.09999999999 -4.472352657e-14 0)
(0.09999999999 -2.312848575e-14 0)
(0.09999999999 -4.616227425e-14 0)
(0.09999999999 -2.321775151e-14 0)
(0.09999999999 -4.481218991e-14 0)
(0.09999999999 -2.177692358e-14 0)
(0.09999999999 -3.930148677e-14 0)
(0.09999999999 -1.736676041e-14 0)
(0.09999999999 -3.631493539e-14 0)
(0.09999999999 -1.379212344e-14 0)
(0.09999999999 -3.405864688e-14 0)
(0.09999999999 -1.229587564e-14 0)
(0.09999999999 -3.125514402e-14 0)
(0.09999999999 -8.733270816e-15 0)
(0.09999999999 -2.967717508e-14 0)
(0.09999999999 -7.27927558e-15 0)
(0.09999999999 -2.619866453e-14 0)
(0.09999999999 -3.673739862e-15 0)
(0.09999999999 -2.123028822e-14 0)
(0.09999999999 7.027495449e-16 0)
(0.09999999999 -1.55357345e-14 0)
(0.09999999999 7.834529364e-15 0)
(0.09999999999 -8.991593859e-15 0)
(0.09999999999 1.366445978e-14 0)
(0.09999999999 -2.529113359e-15 0)
(0.09999999999 1.881150853e-14 0)
(0.1 1.858278261e-15 0)
(0.1 2.382879427e-14 0)
(0.1 8.269643569e-15 0)
(0.1 2.897268332e-14 0)
(0.1 1.265690678e-14 0)
(0.1 3.331286556e-14 0)
(0.1 1.834898923e-14 0)
(0.1 3.841182701e-14 0)
(0.1 2.205589137e-14 0)
(0.1 4.135419127e-14 0)
(0.1 2.494999585e-14 0)
(0.1 4.2890151e-14 0)
(0.1 2.572331208e-14 0)
(0.1 4.158351976e-14 0)
(0.1 2.631859381e-14 0)
(0.1 4.0943017e-14 0)
(0.1 2.424609973e-14 0)
(0.1 3.979722406e-14 0)
(0.1 2.519039009e-14 0)
(0.1 3.85013448e-14 0)
(0.1 2.375423138e-14 0)
(0.1 3.671754653e-14 0)
(0.1 2.194853567e-14 0)
(0.1 3.389416893e-14 0)
(0.1 1.804536747e-14 0)
(0.1 3.093963731e-14 0)
(0.1 1.481154867e-14 0)
(0.1 2.735006443e-14 0)
(0.1 1.32321595e-14 0)
(0.1 2.589658447e-14 0)
(0.1 1.348049209e-14 0)
(0.1 2.726757407e-14 0)
(0.1 1.441332902e-14 0)
(0.1 2.631008106e-14 0)
(0.1 1.469213132e-14 0)
(0.1 2.63270698e-14 0)
(0.1 1.232144289e-14 0)
(0.1 2.380660748e-14 0)
(0.1 8.097792026e-15 0)
(0.1 1.778331412e-14 0)
(0.1 4.926301878e-15 0)
(0.1 1.800815487e-14 0)
(0.1 2.65380154e-15 0)
(0.1 1.922102659e-14 0)
(0.1 1.26776844e-14 0)
(0.1 1.319976173e-14 0)
(0.1 1.215200511e-14 0)
(0.1 6.703879745e-15 0)
(0.06957952767 1.808416321e-07 0)
(0.1049642034 -1.595519644e-07 0)
(0.09934133816 6.887306266e-10 0)
(0.1000784726 -1.380388623e-08 0)
(0.09999113048 -3.980569144e-09 0)
(0.1000009704 -2.217917799e-09 0)
(0.09999989525 -1.025981686e-09 0)
(0.1000000108 -5.109862667e-10 0)
(0.09999999868 -2.546736178e-10 0)
(0.1 -1.286042424e-10 0)
(0.09999999994 -6.533138942e-11 0)
(0.09999999996 -3.335954746e-11 0)
(0.09999999998 -1.709448633e-11 0)
(0.09999999998 -8.790685928e-12 0)
(0.09999999999 -4.543377326e-12 0)
(0.09999999999 -2.367002471e-12 0)
(0.09999999999 -1.25383587e-12 0)
(0.09999999999 -6.855249221e-13 0)
(0.09999999999 -3.952157209e-13 0)
(0.09999999999 -2.442547298e-13 0)
(0.09999999999 -1.697665453e-13 0)
(0.09999999999 -1.298736126e-13 0)
(0.09999999999 -1.151815361e-13 0)
(0.09999999999 -1.034212587e-13 0)
(0.09999999999 -1.013306198e-13 0)
(0.09999999999 -9.984376461e-14 0)
(0.09999999999 -1.024600812e-13 0)
(0.09999999999 -9.313817199e-14 0)
(0.09999999999 -9.255476465e-14 0)
(0.09999999999 -8.57419318e-14 0)
(0.09999999999 -8.260496551e-14 0)
(0.09999999999 -6.885779302e-14 0)
(0.09999999999 -6.66420339e-14 0)
(0.09999999999 -5.566248075e-14 0)
(0.09999999999 -5.362042587e-14 0)
(0.09999999999 -4.536222142e-14 0)
(0.09999999999 -4.75555712e-14 0)
(0.09999999999 -4.294988195e-14 0)
(0.09999999999 -4.537180988e-14 0)
(0.09999999999 -3.942551746e-14 0)
(0.09999999999 -4.108624661e-14 0)
(0.09999999999 -3.509217604e-14 0)
(0.09999999999 -3.539428427e-14 0)
(0.09999999999 -2.457276824e-14 0)
(0.09999999999 -2.321746888e-14 0)
(0.09999999999 -1.025939017e-14 0)
(0.09999999999 -5.383141906e-15 0)
(0.09999999999 8.472668771e-15 0)
(0.09999999999 1.204997785e-14 0)
(0.09999999999 2.446939788e-14 0)
(0.09999999999 2.660180754e-14 0)
(0.09999999999 3.62210106e-14 0)
(0.1 3.817795424e-14 0)
(0.1 4.710862931e-14 0)
(0.1 4.834554728e-14 0)
(0.1 5.926370939e-14 0)
(0.1 6.130257874e-14 0)
(0.1 7.430335907e-14 0)
(0.1 7.782731666e-14 0)
(0.1 8.821099493e-14 0)
(0.1 8.953849428e-14 0)
(0.1 9.910661251e-14 0)
(0.1 9.564044166e-14 0)
(0.1 1.008434559e-13 0)
(0.1 9.507131028e-14 0)
(0.1 9.741992363e-14 0)
(0.1 9.011456469e-14 0)
(0.1 9.439965807e-14 0)
(0.1 8.755412495e-14 0)
(0.1 9.220687276e-14 0)
(0.1 8.673936725e-14 0)
(0.1 9.147807316e-14 0)
(0.1 8.398316171e-14 0)
(0.1 8.622359186e-14 0)
(0.1 7.755599791e-14 0)
(0.1 7.769043427e-14 0)
(0.1 6.719729349e-14 0)
(0.1 6.857270962e-14 0)
(0.1 5.951256814e-14 0)
(0.1 6.470413731e-14 0)
(0.1 5.893190531e-14 0)
(0.1 6.500729816e-14 0)
(0.1 6.47104922e-14 0)
(0.1 7.316072809e-14 0)
(0.1 7.013305682e-14 0)
(0.1 7.604088346e-14 0)
(0.1 6.963570273e-14 0)
(0.1 7.177491404e-14 0)
(0.1 5.98828385e-14 0)
(0.1 5.727457215e-14 0)
(0.1 4.152886857e-14 0)
(0.1 4.088210643e-14 0)
(0.1 3.364368111e-14 0)
(0.1 4.098126708e-14 0)
(0.1 2.645115564e-14 0)
(0.1 3.621111899e-14 0)
(0.1 2.005305218e-14 0)
(0.1 1.950734407e-14 0)
(0.1 1.426370868e-14 0)
(0.1 6.826400291e-15 0)
(0.06957948145 5.217162786e-08 0)
(0.10496418 -3.196358115e-08 0)
(0.09934135172 -5.154489115e-09 0)
(0.1000784729 -7.30218764e-09 0)
(0.09999113284 -3.454589673e-09 0)
(0.1000009713 -1.997283588e-09 0)
(0.09999989583 -1.047779042e-09 0)
(0.100000011 -5.531394314e-10 0)
(0.09999999883 -2.883589468e-10 0)
(0.1000000001 -1.498514198e-10 0)
(0.09999999998 -7.763699836e-11 0)
(0.09999999998 -4.020971523e-11 0)
(0.09999999999 -2.083759011e-11 0)
(0.09999999999 -1.085015929e-11 0)
(0.09999999999 -5.691242018e-12 0)
(0.09999999999 -3.040469697e-12 0)
(0.09999999999 -1.663193567e-12 0)
(0.09999999999 -9.564036287e-13 0)
(0.09999999999 -5.77480761e-13 0)
(0.09999999999 -3.843901055e-13 0)
(0.09999999999 -2.733884305e-13 0)
(0.09999999999 -2.20371421e-13 0)
(0.09999999999 -1.804672232e-13 0)
(0.09999999999 -1.684851348e-13 0)
(0.09999999999 -1.501190951e-13 0)
(0.09999999999 -1.489699368e-13 0)
(0.09999999999 -1.32637089e-13 0)
(0.09999999999 -1.31614777e-13 0)
(0.09999999999 -1.152889252e-13 0)
(0.09999999999 -1.088472916e-13 0)
(0.09999999999 -8.947226392e-14 0)
(0.09999999999 -8.012969728e-14 0)
(0.09999999999 -6.19283998e-14 0)
(0.09999999999 -5.401504713e-14 0)
(0.09999999999 -4.132345072e-14 0)
(0.09999999999 -4.05298494e-14 0)
(0.09999999999 -3.031695e-14 0)
(0.09999999999 -3.442125302e-14 0)
(0.09999999999 -2.857965841e-14 0)
(0.09999999999 -3.363482117e-14 0)
(0.09999999999 -2.785248093e-14 0)
(0.09999999999 -3.155615909e-14 0)
(0.09999999999 -2.094654952e-14 0)
(0.09999999999 -2.163728255e-14 0)
(0.09999999999 -5.419087502e-15 0)
(0.09999999999 -1.016578755e-15 0)
(0.09999999999 1.416588347e-14 0)
(0.09999999999 1.985853013e-14 0)
(0.09999999999 3.376657166e-14 0)
(0.09999999999 3.734698464e-14 0)
(0.09999999999 5.112262334e-14 0)
(0.09999999999 5.537180665e-14 0)
(0.1 6.512455465e-14 0)
(0.1 6.776754378e-14 0)
(0.1 8.21621278e-14 0)
(0.1 8.780563683e-14 0)
(0.1 1.037429806e-13 0)
(0.1 1.094833077e-13 0)
(0.1 1.261041925e-13 0)
(0.1 1.3188668e-13 0)
(0.1 1.437672135e-13 0)
(0.1 1.438329113e-13 0)
(0.1 1.52645034e-13 0)
(0.1 1.470982829e-13 0)
(0.1 1.501391136e-13 0)
(0.1 1.421986225e-13 0)
(0.1 1.450896569e-13 0)
(0.1 1.388336171e-13 0)
(0.1 1.425074977e-13 0)
(0.1 1.359618084e-13 0)
(0.1 1.39956451e-13 0)
(0.1 1.347852822e-13 0)
(0.1 1.344617117e-13 0)
(0.1 1.242778841e-13 0)
(0.1 1.226240979e-13 0)
(0.1 1.106629737e-13 0)
(0.1 1.055106681e-13 0)
(0.1 9.468608306e-14 0)
(0.1 9.367030014e-14 0)
(0.1 8.85252178e-14 0)
(0.1 9.531771153e-14 0)
(0.1 9.574271782e-14 0)
(0.1 1.069490292e-13 0)
(0.1 1.096827572e-13 0)
(0.1 1.198475181e-13 0)
(0.1 1.19128018e-13 0)
(0.1 1.229787385e-13 0)
(0.1 1.164435426e-13 0)
(0.1 1.126465132e-13 0)
(0.1 9.614773509e-14 0)
(0.1 8.969533389e-14 0)
(0.1 7.929791096e-14 0)
(0.1 8.228953223e-14 0)
(0.1 8.12052511e-14 0)
(0.1 7.647891828e-14 0)
(0.1 6.424018758e-14 0)
(0.1 4.340414874e-14 0)
(0.1 3.680586185e-14 0)
(0.1 2.186791189e-14 0)
(0.1 6.503518112e-15 0)
(0.06957945378 2.689555906e-08 0)
(0.104964164 -1.335584339e-08 0)
(0.09934135829 -3.741640346e-09 0)
(0.1000784737 -4.374726748e-09 0)
(0.09999113449 -2.37633081e-09 0)
(0.1000009722 -1.411538136e-09 0)
(0.09999989632 -7.727143287e-10 0)
(0.1000000113 -4.182208168e-10 0)
(0.09999999898 -2.22376407e-10 0)
(0.1000000002 -1.172032418e-10 0)
(0.1 -6.139467276e-11 0)
(0.1 -3.209163286e-11 0)
(0.1 -1.678213085e-11 0)
(0.09999999999 -8.856529394e-12 0)
(0.09999999999 -4.718245401e-12 0)
(0.09999999999 -2.602888049e-12 0)
(0.09999999999 -1.466438568e-12 0)
(0.09999999999 -9.020876624e-13 0)
(0.09999999999 -5.618914062e-13 0)
(0.09999999999 -4.118710245e-13 0)
(0.09999999999 -2.873072104e-13 0)
(0.09999999999 -2.551180427e-13 0)
(0.09999999999 -1.934842302e-13 0)
(0.09999999999 -1.963994416e-13 0)
(0.09999999999 -1.545780261e-13 0)
(0.09999999999 -1.682183142e-13 0)
(0.09999999999 -1.324879057e-13 0)
(0.09999999999 -1.478634625e-13 0)
(0.09999999999 -1.054668294e-13 0)
(0.09999999999 -1.19070118e-13 0)
(0.09999999999 -7.520747173e-14 0)
(0.09999999999 -8.736432494e-14 0)
(0.09999999999 -4.612151521e-14 0)
(0.09999999999 -6.386252359e-14 0)
(0.09999999999 -2.56800381e-14 0)
(0.09999999999 -4.835583011e-14 0)
(0.09999999999 -1.725736093e-14 0)
(0.09999999999 -4.308691992e-14 0)
(0.09999999999 -1.489596725e-14 0)
(0.09999999999 -4.226204476e-14 0)
(0.09999999999 -1.281212394e-14 0)
(0.09999999999 -4.077611546e-14 0)
(0.09999999999 -7.297441005e-15 0)
(0.09999999999 -2.687921478e-14 0)
(0.09999999999 8.479679763e-15 0)
(0.09999999999 -7.596241351e-15 0)
(0.09999999999 3.20468056e-14 0)
(0.09999999999 1.623910643e-14 0)
(0.09999999999 5.589877632e-14 0)
(0.09999999999 3.873661219e-14 0)
(0.09999999999 7.492408859e-14 0)
(0.09999999999 5.889957085e-14 0)
(0.1 9.583557419e-14 0)
(0.1 8.053530567e-14 0)
(0.1 1.181944301e-13 0)
(0.1 1.056497678e-13 0)
(0.1 1.448366687e-13 0)
(0.1 1.350972967e-13 0)
(0.1 1.737819563e-13 0)
(0.1 1.619782973e-13 0)
(0.1 1.957906026e-13 0)
(0.1 1.769065263e-13 0)
(0.1 2.048552351e-13 0)
(0.1 1.822159551e-13 0)
(0.1 2.045092911e-13 0)
(0.1 1.781285669e-13 0)
(0.1 1.995103693e-13 0)
(0.1 1.740889118e-13 0)
(0.1 1.955309581e-13 0)
(0.1 1.711295778e-13 0)
(0.1 1.92973895e-13 0)
(0.1 1.658875249e-13 0)
(0.1 1.821436592e-13 0)
(0.1 1.526744859e-13 0)
(0.1 1.643775403e-13 0)
(0.1 1.325909174e-13 0)
(0.1 1.431327652e-13 0)
(0.1 1.129676652e-13 0)
(0.1 1.280154492e-13 0)
(0.1 1.049080234e-13 0)
(0.1 1.278506028e-13 0)
(0.1 1.123512551e-13 0)
(0.1 1.394963647e-13 0)
(0.1 1.279859378e-13 0)
(0.1 1.541944757e-13 0)
(0.1 1.383902779e-13 0)
(0.1 1.590784797e-13 0)
(0.1 1.364917481e-13 0)
(0.1 1.499797092e-13 0)
(0.1 1.196591631e-13 0)
(0.1 1.326636692e-13 0)
(0.1 1.073951116e-13 0)
(0.1 1.281690461e-13 0)
(0.1 1.077052811e-13 0)
(0.1 1.206480467e-13 0)
(0.1 8.267167253e-14 0)
(0.1 8.685622758e-14 0)
(0.1 6.420930913e-14 0)
(0.1 4.767324587e-14 0)
(0.1 1.656450523e-14 0)
(0.06957944619 6.421771166e-09 0)
(0.1049641588 -2.275909026e-09 0)
(0.0993413592 -1.031635653e-09 0)
(0.1000784739 -1.254082035e-09 0)
(0.09999113508 -7.674565474e-10 0)
(0.1000009725 -4.769710639e-10 0)
(0.09999989656 -2.716769722e-10 0)
(0.1000000115 -1.507023199e-10 0)
(0.09999999906 -8.160831209e-11 0)
(0.1000000002 -4.358588507e-11 0)
(0.1 -2.310588453e-11 0)
(0.1 -1.225095529e-11 0)
(0.1 -6.549928627e-12 0)
(0.1 -3.590152395e-12 0)
(0.09999999999 -2.02958602e-12 0)
(0.09999999999 -1.228663282e-12 0)
(0.09999999999 -7.801682089e-13 0)
(0.09999999999 -5.474857594e-13 0)
(0.09999999999 -3.906501797e-13 0)
(0.09999999999 -3.144314402e-13 0)
(0.09999999999 -2.405591072e-13 0)
(0.09999999999 -2.128937644e-13 0)
(0.09999999999 -1.691614621e-13 0)
(0.09999999999 -1.650626946e-13 0)
(0.09999999999 -1.350006684e-13 0)
(0.09999999999 -1.371780222e-13 0)
(0.09999999999 -1.115735427e-13 0)
(0.09999999999 -1.113197751e-13 0)
(0.09999999999 -8.285311718e-14 0)
(0.09999999999 -8.242016318e-14 0)
(0.09999999999 -5.394253842e-14 0)
(0.09999999999 -5.62187994e-14 0)
(0.09999999999 -2.926643828e-14 0)
(0.09999999999 -3.705930577e-14 0)
(0.09999999999 -1.858249622e-14 0)
(0.09999999999 -3.164886334e-14 0)
(0.09999999999 -2.095500331e-14 0)
(0.09999999999 -3.925101658e-14 0)
(0.09999999999 -3.023909905e-14 0)
(0.09999999999 -4.593009249e-14 0)
(0.09999999999 -3.40443073e-14 0)
(0.09999999999 -4.345722151e-14 0)
(0.09999999999 -2.237045427e-14 0)
(0.09999999999 -2.44315599e-14 0)
(0.09999999999 2.536251572e-15 0)
(0.09999999999 6.940875478e-15 0)
(0.09999999999 3.702354666e-14 0)
(0.09999999999 4.365557306e-14 0)
(0.09999999999 7.38774048e-14 0)
(0.09999999999 7.71300537e-14 0)
(0.09999999999 1.030752595e-13 0)
(0.09999999999 1.040280206e-13 0)
(0.1 1.318617429e-13 0)
(0.1 1.336099307e-13 0)
(0.1 1.601389942e-13 0)
(0.1 1.665481562e-13 0)
(0.1 1.967564305e-13 0)
(0.1 2.027181271e-13 0)
(0.1 2.301883092e-13 0)
(0.1 2.332680052e-13 0)
(0.1 2.558146172e-13 0)
(0.1 2.524875392e-13 0)
(0.1 2.644702487e-13 0)
(0.1 2.54384054e-13 0)
(0.1 2.618783075e-13 0)
(0.1 2.481234905e-13 0)
(0.1 2.540332992e-13 0)
(0.1 2.401794822e-13 0)
(0.1 2.477772324e-13 0)
(0.1 2.363999113e-13 0)
(0.1 2.42458877e-13 0)
(0.1 2.299684861e-13 0)
(0.1 2.322310621e-13 0)
(0.1 2.147600928e-13 0)
(0.1 2.112908947e-13 0)
(0.1 1.917674196e-13 0)
(0.1 1.885088058e-13 0)
(0.1 1.720474073e-13 0)
(0.1 1.744011363e-13 0)
(0.1 1.654052883e-13 0)
(0.1 1.743244021e-13 0)
(0.1 1.725145278e-13 0)
(0.1 1.842545294e-13 0)
(0.1 1.826208705e-13 0)
(0.1 1.918304537e-13 0)
(0.1 1.824153377e-13 0)
(0.1 1.813133347e-13 0)
(0.1 1.622753118e-13 0)
(0.1 1.526101369e-13 0)
(0.1 1.301568032e-13 0)
(0.1 1.224803785e-13 0)
(0.1 1.070969555e-13 0)
(0.1 1.088401823e-13 0)
(0.1 9.429968966e-14 0)
(0.1 8.491608016e-14 0)
(0.1 5.672320281e-14 0)
(0.1 5.830163321e-14 0)
(0.1 4.429868179e-14 0)
(0.1 2.781714364e-14 0)
(0.1 9.684840169e-15 0)
(0.06957944618 -6.41982155e-09 0)
(0.1049641588 2.277593132e-09 0)
(0.0993413592 1.03338161e-09 0)
(0.1000784739 1.255546032e-09 0)
(0.09999113508 7.687799694e-10 0)
(0.1000009725 4.778641989e-10 0)
(0.09999989656 2.722992964e-10 0)
(0.1000000115 1.510515777e-10 0)
(0.09999999906 8.179686732e-11 0)
(0.1000000002 4.362342748e-11 0)
(0.1 2.293750266e-11 0)
(0.1 1.193958157e-11 0)
(0.1 6.022282804e-12 0)
(0.1 3.004242405e-12 0)
(0.09999999999 1.32214783e-12 0)
(0.09999999999 5.786539063e-13 0)
(0.09999999999 9.175877473e-14 0)
(0.09999999999 -1.189304657e-14 0)
(0.09999999999 -1.701255186e-13 0)
(0.09999999999 -9.873788448e-14 0)
(0.09999999999 -1.782656336e-13 0)
(0.09999999999 -7.214323241e-14 0)
(0.09999999999 -1.440775829e-13 0)
(0.09999999999 -3.477111266e-14 0)
(0.09999999999 -1.13282146e-13 0)
(0.09999999999 -1.116231629e-14 0)
(0.09999999999 -9.012316253e-14 0)
(0.09999999999 1.332340744e-14 0)
(0.09999999999 -6.690921539e-14 0)
(0.09999999999 3.781236623e-14 0)
(0.09999999999 -4.505057638e-14 0)
(0.09999999999 5.815070198e-14 0)
(0.09999999999 -3.022818682e-14 0)
(0.09999999999 6.178745068e-14 0)
(0.09999999999 -3.542187556e-14 0)
(0.09999999999 5.062085544e-14 0)
(0.09999999999 -5.238287925e-14 0)
(0.09999999999 2.720006264e-14 0)
(0.09999999999 -7.485220089e-14 0)
(0.09999999999 9.533806448e-15 0)
(0.09999999999 -8.273208262e-14 0)
(0.09999999999 1.242969374e-14 0)
(0.09999999999 -6.899800542e-14 0)
(0.09999999999 3.971593812e-14 0)
(0.09999999999 -2.595871008e-14 0)
(0.09999999999 8.848392196e-14 0)
(0.09999999999 2.655575018e-14 0)
(0.09999999999 1.439429802e-13 0)
(0.09999999999 8.287581002e-14 0)
(0.09999999999 1.928643183e-13 0)
(0.09999999999 1.28623878e-13 0)
(0.09999999999 2.343490744e-13 0)
(0.1 1.698416478e-13 0)
(0.1 2.741952856e-13 0)
(0.1 2.116343967e-13 0)
(0.1 3.16110662e-13 0)
(0.1 2.596545941e-13 0)
(0.1 3.624799778e-13 0)
(0.1 3.045647872e-13 0)
(0.1 3.998460736e-13 0)
(0.1 3.360376989e-13 0)
(0.1 4.214642131e-13 0)
(0.1 3.482305041e-13 0)
(0.1 4.215495222e-13 0)
(0.1 3.428152068e-13 0)
(0.1 4.117250194e-13 0)
(0.1 3.327145133e-13 0)
(0.1 4.00591404e-13 0)
(0.1 3.276133832e-13 0)
(0.1 3.938352642e-13 0)
(0.1 3.204145522e-13 0)
(0.1 3.828825272e-13 0)
(0.1 3.085484487e-13 0)
(0.1 3.638450626e-13 0)
(0.1 2.853355174e-13 0)
(0.1 3.369836028e-13 0)
(0.1 2.609554554e-13 0)
(0.1 3.11404522e-13 0)
(0.1 2.424155347e-13 0)
(0.1 2.990645556e-13 0)
(0.1 2.37238576e-13 0)
(0.1 2.970458742e-13 0)
(0.1 2.360946354e-13 0)
(0.1 2.908749785e-13 0)
(0.1 2.238491912e-13 0)
(0.1 2.648676495e-13 0)
(0.1 1.841072719e-13 0)
(0.1 2.132563034e-13 0)
(0.1 1.239617154e-13 0)
(0.1 1.503751857e-13 0)
(0.1 6.463678099e-14 0)
(0.1 1.027912262e-13 0)
(0.1 2.820430935e-14 0)
(0.1 6.798766326e-14 0)
(0.1 -1.310299657e-14 0)
(0.1 2.416127059e-14 0)
(0.1 -1.279942185e-14 0)
(0.1 -6.857218859e-15 0)
(0.1 -2.289285445e-14 0)
(0.1 -1.175386919e-14 0)
(0.06957945378 -2.689364093e-08 0)
(0.104964164 1.335752024e-08 0)
(0.09934135829 3.743210635e-09 0)
(0.1000784737 4.375759879e-09 0)
(0.09999113449 2.377451051e-09 0)
(0.1000009722 1.412020265e-09 0)
(0.09999989632 7.734816155e-10 0)
(0.1000000113 4.185602317e-10 0)
(0.09999999898 2.230033152e-10 0)
(0.1000000002 1.173942393e-10 0)
(0.1 6.163966219e-11 0)
(0.1 3.205815151e-11 0)
(0.1 1.657809538e-11 0)
(0.09999999999 8.457537531e-12 0)
(0.09999999999 4.263689025e-12 0)
(0.09999999999 2.066270837e-12 0)
(0.09999999999 9.870168297e-13 0)
(0.09999999999 4.181248076e-13 0)
(0.09999999999 1.846919723e-13 0)
(0.09999999999 5.220251679e-14 0)
(0.09999999999 3.849136296e-14 0)
(0.09999999999 7.827485541e-15 0)
(0.09999999999 3.842843322e-14 0)
(0.09999999999 2.679635833e-14 0)
(0.09999999999 5.723234619e-14 0)
(0.09999999999 4.016970108e-14 0)
(0.09999999999 6.891097269e-14 0)
(0.09999999999 5.17418527e-14 0)
(0.09999999999 7.912082673e-14 0)
(0.09999999999 5.91563162e-14 0)
(0.09999999999 8.365007181e-14 0)
(0.09999999999 5.808460759e-14 0)
(0.09999999999 7.680684757e-14 0)
(0.09999999999 4.274947455e-14 0)
(0.09999999999 5.281018043e-14 0)
(0.09999999999 1.4822844e-14 0)
(0.09999999999 1.989530515e-14 0)
(0.09999999999 -1.975866922e-14 0)
(0.09999999999 -8.692201503e-15 0)
(0.09999999999 -3.848515087e-14 0)
(0.09999999999 -1.528317378e-14 0)
(0.09999999999 -3.279761374e-14 0)
(0.09999999999 5.401854371e-15 0)
(0.09999999999 7.119138268e-15 0)
(0.09999999999 5.804007522e-14 0)
(0.09999999999 6.800662338e-14 0)
(0.09999999999 1.262190464e-13 0)
(0.09999999999 1.407066384e-13 0)
(0.09999999999 1.96491704e-13 0)
(0.09999999999 2.067621971e-13 0)
(0.09999999999 2.59573384e-13 0)
(0.09999999999 2.703346433e-13 0)
(0.1 3.177565466e-13 0)
(0.1 3.261483902e-13 0)
(0.1 3.74099903e-13 0)
(0.1 3.859122073e-13 0)
(0.1 4.347547288e-13 0)
(0.1 4.42557517e-13 0)
(0.1 4.864063272e-13 0)
(0.1 4.898303821e-13 0)
(0.1 5.225639461e-13 0)
(0.1 5.124193223e-13 0)
(0.1 5.348180717e-13 0)
(0.1 5.165734031e-13 0)
(0.1 5.303349085e-13 0)
(0.1 5.088394499e-13 0)
(0.1 5.190104469e-13 0)
(0.1 5.003390135e-13 0)
(0.1 5.120414619e-13 0)
(0.1 4.917720445e-13 0)
(0.1 5.013419463e-13 0)
(0.1 4.799221219e-13 0)
(0.1 4.83999333e-13 0)
(0.1 4.554603636e-13 0)
(0.1 4.540106853e-13 0)
(0.1 4.237705894e-13 0)
(0.1 4.205206305e-13 0)
(0.1 3.90506954e-13 0)
(0.1 3.903206663e-13 0)
(0.1 3.672736982e-13 0)
(0.1 3.692168502e-13 0)
(0.1 3.449482033e-13 0)
(0.1 3.451206209e-13 0)
(0.1 3.146426226e-13 0)
(0.1 3.035852646e-13 0)
(0.1 2.585146515e-13 0)
(0.1 2.333320805e-13 0)
(0.1 1.77892043e-13 0)
(0.1 1.463016961e-13 0)
(0.1 8.944512116e-14 0)
(0.1 6.45424095e-14 0)
(0.1 2.030032121e-14 0)
(0.1 6.095674461e-15 0)
(0.1 -3.442832961e-14 0)
(0.1 -4.805805906e-14 0)
(0.1 -4.670830179e-14 0)
(0.1 -4.510054897e-14 0)
(0.1 -5.338412223e-14 0)
(0.1 -5.419643047e-14 0)
(0.1 -2.382259831e-14 0)
(0.06957948145 -5.217028772e-08 0)
(0.10496418 3.196597336e-08 0)
(0.09934135172 5.155447078e-09 0)
(0.1000784729 7.304068157e-09 0)
(0.09999113284 3.454723654e-09 0)
(0.1000009713 1.998279734e-09 0)
(0.09999989583 1.04777644e-09 0)
(0.100000011 5.539563894e-10 0)
(0.09999999883 2.885402201e-10 0)
(0.1000000001 1.501013056e-10 0)
(0.09999999998 7.778684131e-11 0)
(0.09999999998 4.022592121e-11 0)
(0.09999999999 2.075596844e-11 0)
(0.09999999999 1.054425462e-11 0)
(0.09999999999 5.398377376e-12 0)
(0.09999999999 2.618344899e-12 0)
(0.09999999999 1.345429941e-12 0)
(0.09999999999 5.693036014e-13 0)
(0.09999999999 3.486310654e-13 0)
(0.09999999999 1.071935845e-13 0)
(0.09999999999 1.53046797e-13 0)
(0.09999999999 4.075554107e-14 0)
(0.09999999999 1.475356086e-13 0)
(0.09999999999 5.125233492e-14 0)
(0.09999999999 1.617437093e-13 0)
(0.09999999999 6.298242496e-14 0)
(0.09999999999 1.719630151e-13 0)
(0.09999999999 6.633190905e-14 0)
(0.09999999999 1.681075177e-13 0)
(0.09999999999 5.796057659e-14 0)
(0.09999999999 1.594528049e-13 0)
(0.09999999999 4.386685281e-14 0)
(0.09999999999 1.341786483e-13 0)
(0.09999999999 1.38278475e-14 0)
(0.09999999999 1.011310546e-13 0)
(0.09999999999 -2.279538878e-14 0)
(0.09999999999 6.767143902e-14 0)
(0.09999999999 -5.266899831e-14 0)
(0.09999999999 4.547581678e-14 0)
(0.09999999999 -6.286587818e-14 0)
(0.09999999999 4.551658361e-14 0)
(0.09999999999 -4.524567465e-14 0)
(0.09999999999 8.049779285e-14 0)
(0.09999999999 3.695243985e-15 0)
(0.09999999999 1.35733709e-13 0)
(0.09999999999 7.016563593e-14 0)
(0.09999999999 2.096823218e-13 0)
(0.09999999999 1.486468092e-13 0)
(0.09999999999 2.857372267e-13 0)
(0.09999999999 2.252269883e-13 0)
(0.09999999999 3.603176403e-13 0)
(0.09999999999 2.990045311e-13 0)
(0.1 4.299800647e-13 0)
(0.1 3.697642994e-13 0)
(0.1 5.014860452e-13 0)
(0.1 4.419938865e-13 0)
(0.1 5.6563128e-13 0)
(0.1 5.042776304e-13 0)
(0.1 6.223778521e-13 0)
(0.1 5.539014058e-13 0)
(0.1 6.573277929e-13 0)
(0.1 5.791245459e-13 0)
(0.1 6.717792713e-13 0)
(0.1 5.888357851e-13 0)
(0.1 6.710313178e-13 0)
(0.1 5.840459136e-13 0)
(0.1 6.653110642e-13 0)
(0.1 5.799606979e-13 0)
(0.1 6.555698691e-13 0)
(0.1 5.712203362e-13 0)
(0.1 6.451980727e-13 0)
(0.1 5.576967333e-13 0)
(0.1 6.216533427e-13 0)
(0.1 5.294593883e-13 0)
(0.1 5.880408887e-13 0)
(0.1 4.934774812e-13 0)
(0.1 5.454749185e-13 0)
(0.1 4.532095318e-13 0)
(0.1 5.067059551e-13 0)
(0.1 4.162278644e-13 0)
(0.1 4.647551379e-13 0)
(0.1 3.729494124e-13 0)
(0.1 4.163117979e-13 0)
(0.1 3.170678677e-13 0)
(0.1 3.465831055e-13 0)
(0.1 2.354623563e-13 0)
(0.1 2.544099678e-13 0)
(0.1 1.365297491e-13 0)
(0.1 1.513281865e-13 0)
(0.1 3.539135269e-14 0)
(0.1 6.216843608e-14 0)
(0.1 -4.268630055e-14 0)
(0.1 -9.62616079e-15 0)
(0.1 -1.123081323e-13 0)
(0.1 -6.157426819e-14 0)
(0.1 -8.879766464e-14 0)
(0.1 -5.654529543e-14 0)
(0.1 -7.391990704e-14 0)
(0.1 -5.730395807e-14 0)
(0.1 -2.141908079e-14 0)
(0.06957952767 -1.808421501e-07 0)
(0.1049642034 1.595520366e-07 0)
(0.09934133816 -6.890030301e-10 0)
(0.1000784726 1.380394505e-08 0)
(0.09999113048 3.97990621e-09 0)
(0.1000009704 2.218127043e-09 0)
(0.09999989525 1.026313303e-09 0)
(0.1000000108 5.122671937e-10 0)
(0.09999999868 2.553947333e-10 0)
(0.1 1.295409916e-10 0)
(0.09999999994 6.626537659e-11 0)
(0.09999999996 3.436920713e-11 0)
(0.09999999998 1.779992716e-11 0)
(0.09999999998 9.276536098e-12 0)
(0.09999999999 4.768880194e-12 0)
(0.09999999999 2.486777242e-12 0)
(0.09999999999 1.234214291e-12 0)
(0.09999999999 6.720814381e-13 0)
(0.09999999999 3.211957248e-13 0)
(0.09999999999 2.341896289e-13 0)
(0.09999999999 1.271289777e-13 0)
(0.09999999999 1.610721539e-13 0)
(0.09999999999 1.117151105e-13 0)
(0.09999999999 1.668833717e-13 0)
(0.09999999999 1.21564396e-13 0)
(0.09999999999 1.769849769e-13 0)
(0.09999999999 1.262614992e-13 0)
(0.09999999999 1.759233062e-13 0)
(0.09999999999 1.180643427e-13 0)
(0.09999999999 1.632143692e-13 0)
(0.09999999999 9.965278055e-14 0)
(0.09999999999 1.349609809e-13 0)
(0.09999999999 6.536316797e-14 0)
(0.09999999999 9.893853711e-14 0)
(0.09999999999 3.058679142e-14 0)
(0.09999999999 6.220761864e-14 0)
(0.09999999999 -4.910684458e-15 0)
(0.09999999999 3.491775979e-14 0)
(0.09999999999 -2.220161057e-14 0)
(0.09999999999 2.63837427e-14 0)
(0.09999999999 -1.595933139e-14 0)
(0.09999999999 4.777890619e-14 0)
(0.09999999999 1.85799157e-14 0)
(0.09999999999 9.262634104e-14 0)
(0.09999999999 7.355763973e-14 0)
(0.09999999999 1.556909184e-13 0)
(0.09999999999 1.418707706e-13 0)
(0.09999999999 2.236552322e-13 0)
(0.09999999999 2.11168102e-13 0)
(0.09999999999 2.930358655e-13 0)
(0.09999999999 2.805537693e-13 0)
(0.09999999999 3.610668319e-13 0)
(0.1 3.491771522e-13 0)
(0.1 4.283725273e-13 0)
(0.1 4.177551996e-13 0)
(0.1 4.94320021e-13 0)
(0.1 4.801501226e-13 0)
(0.1 5.510725528e-13 0)
(0.1 5.318063272e-13 0)
(0.1 5.915694164e-13 0)
(0.1 5.62796656e-13 0)
(0.1 6.131568872e-13 0)
(0.1 5.763425439e-13 0)
(0.1 6.173921414e-13 0)
(0.1 5.779622088e-13 0)
(0.1 6.161381261e-13 0)
(0.1 5.77205618e-13 0)
(0.1 6.123639641e-13 0)
(0.1 5.712100673e-13 0)
(0.1 6.052132e-13 0)
(0.1 5.636476553e-13 0)
(0.1 5.891562023e-13 0)
(0.1 5.416386728e-13 0)
(0.1 5.623708469e-13 0)
(0.1 5.118439416e-13 0)
(0.1 5.266290844e-13 0)
(0.1 4.736974641e-13 0)
(0.1 4.876548012e-13 0)
(0.1 4.353487529e-13 0)
(0.1 4.459578765e-13 0)
(0.1 3.910707598e-13 0)
(0.1 3.977918513e-13 0)
(0.1 3.372407732e-13 0)
(0.1 3.334442542e-13 0)
(0.1 2.59700817e-13 0)
(0.1 2.472870786e-13 0)
(0.1 1.675836259e-13 0)
(0.1 1.475137646e-13 0)
(0.1 6.597681309e-14 0)
(0.1 5.426132797e-14 0)
(0.1 -1.726727957e-14 0)
(0.1 -1.971830272e-14 0)
(0.1 -9.05822975e-14 0)
(0.1 -9.603605509e-14 0)
(0.1 -1.023858932e-13 0)
(0.1 -7.365411854e-14 0)
(0.1 -8.671814637e-14 0)
(0.1 -9.604472409e-14 0)
(0.1 -6.484673087e-14 0)
(0.1 -2.164137157e-14 0)
(0.06957978171 -1.49141967e-07 0)
(0.1049643123 1.386640141e-07 0)
(0.09934123609 -3.134240126e-09 0)
(0.1000784779 9.620345391e-09 0)
(0.09999112403 2.13417231e-09 0)
(0.1000009692 1.154258327e-09 0)
(0.09999989457 4.798798903e-10 0)
(0.1000000105 2.259077391e-10 0)
(0.09999999855 1.080779708e-10 0)
(0.09999999996 5.318686221e-11 0)
(0.09999999991 2.710588849e-11 0)
(0.09999999994 1.415139512e-11 0)
(0.09999999997 7.435624241e-12 0)
(0.09999999998 4.016729232e-12 0)
(0.09999999998 2.114460013e-12 0)
(0.09999999999 1.186479443e-12 0)
(0.09999999999 5.972637683e-13 0)
(0.09999999999 3.815271088e-13 0)
(0.09999999999 1.756306129e-13 0)
(0.09999999999 1.668044054e-13 0)
(0.09999999999 7.141434317e-14 0)
(0.09999999999 1.25055867e-13 0)
(0.09999999999 5.660873827e-14 0)
(0.09999999999 1.200659032e-13 0)
(0.09999999999 5.629761781e-14 0)
(0.09999999999 1.241114799e-13 0)
(0.09999999999 5.655063247e-14 0)
(0.09999999999 1.187077092e-13 0)
(0.09999999999 4.943771613e-14 0)
(0.09999999999 1.101326024e-13 0)
(0.09999999999 3.806103838e-14 0)
(0.09999999999 9.58702629e-14 0)
(0.09999999999 1.955333919e-14 0)
(0.09999999999 7.574201007e-14 0)
(0.09999999999 -2.030956656e-15 0)
(0.09999999999 5.406662159e-14 0)
(0.09999999999 -2.235687197e-14 0)
(0.09999999999 3.856763669e-14 0)
(0.09999999999 -3.348855617e-14 0)
(0.09999999999 3.380675294e-14 0)
(0.09999999999 -2.972098913e-14 0)
(0.09999999999 4.28509698e-14 0)
(0.09999999999 -1.289437251e-14 0)
(0.09999999999 6.219755698e-14 0)
(0.09999999999 1.13524866e-14 0)
(0.09999999999 9.081593394e-14 0)
(0.09999999999 4.227675974e-14 0)
(0.09999999999 1.205297381e-13 0)
(0.09999999999 7.326962121e-14 0)
(0.09999999999 1.502478661e-13 0)
(0.09999999999 1.03585288e-13 0)
(0.09999999999 1.785687383e-13 0)
(0.1 1.331362431e-13 0)
(0.1 2.08873895e-13 0)
(0.1 1.634884456e-13 0)
(0.1 2.358420411e-13 0)
(0.1 1.915993009e-13 0)
(0.1 2.619915576e-13 0)
(0.1 2.142384712e-13 0)
(0.1 2.783137575e-13 0)
(0.1 2.274551174e-13 0)
(0.1 2.879483207e-13 0)
(0.1 2.334777374e-13 0)
(0.1 2.876479079e-13 0)
(0.1 2.327816399e-13 0)
(0.1 2.869268346e-13 0)
(0.1 2.320588661e-13 0)
(0.1 2.83494356e-13 0)
(0.1 2.308274727e-13 0)
(0.1 2.807070165e-13 0)
(0.1 2.27265242e-13 0)
(0.1 2.74047367e-13 0)
(0.1 2.183790788e-13 0)
(0.1 2.626506584e-13 0)
(0.1 2.054701645e-13 0)
(0.1 2.462598849e-13 0)
(0.1 1.89877402e-13 0)
(0.1 2.290235346e-13 0)
(0.1 1.732155939e-13 0)
(0.1 2.107039628e-13 0)
(0.1 1.544532545e-13 0)
(0.1 1.892038855e-13 0)
(0.1 1.293943079e-13 0)
(0.1 1.5884095e-13 0)
(0.1 9.463413104e-14 0)
(0.1 1.200792111e-13 0)
(0.1 5.13877859e-14 0)
(0.1 7.316497545e-14 0)
(0.1 4.921661599e-15 0)
(0.1 3.062262751e-14 0)
(0.1 -3.381804829e-14 0)
(0.1 -3.644970754e-15 0)
(0.1 -6.873723666e-14 0)
(0.1 -4.122699965e-14 0)
(0.1 -5.872620713e-14 0)
(0.1 -3.467218726e-14 0)
(0.1 -5.492962065e-14 0)
(0.1 -5.814332405e-14 0)
(0.1 -3.892926197e-14 0)
(0.1 -1.280948302e-14 0)
)
;

boundaryField
{
    inlet
    {
        type            fixedValue;
        value           uniform (0.1 0 0);
    }
    outlet
    {
        type            zeroGradient;
    }
    topBottom
    {
        type            symmetry;
    }
    frontAndBack
    {
        type            empty;
    }
}


// ************************************************************************* //
