/*--------------------------------*- C++ -*----------------------------------*\
  =========                 |
  \\      /  F ield         | OpenFOAM: The Open Source CFD Toolbox
   \\    /   O peration     | Website:  https://openfoam.org
    \\  /    A nd           | Version:  11
     \\/     M anipulation  |
\*---------------------------------------------------------------------------*/
FoamFile
{
    format      ascii;
    class       surfaceScalarField;
    location    "0.75";
    object      meshPhi;
}
// * * * * * * * * * * * * * * * * * * * * * * * * * * * * * * * * * * * * * //

dimensions      [0 3 -1 0 0 0 0];

internalField   nonuniform List<scalar> 
3485
(
-1.111914689e-09
-0.0001405609965
0.0001405610068
-1.119595592e-09
-0.0001460731802
0.0001460731879
-1.124412406e-09
-0.0001515853641
0.0001515853689
-1.126900594e-09
-0.0001570975475
0.00015709755
-1.126755714e-09
-0.0001626097312
0.0001626097311
-1.1240111e-09
-0.0001681219148
0.0001681219121
-1.11874931e-09
-0.0001736340985
0.0001736340932
-1.109447907e-09
-0.0001791462836
0.0001791462742
-1.100636283e-09
-0.0001846584641
0.0001846584553
-0.0001901706513
0.0001901706364
-1.085708616e-09
-8.891282983e-10
-0.0001405609959
-8.870914511e-10
-0.0001460731822
-8.825909018e-10
-0.0001515853686
-8.751939278e-10
-0.0001570975549
-8.6511864e-10
-0.0001626097413
-8.516439098e-10
-0.0001681219283
-8.378897073e-10
-0.0001736341122
-8.192997782e-10
-0.0001791463021
-7.986347231e-10
-0.0001846584848
-0.0001901706749
-7.750664948e-10
-6.614800229e-10
-0.0001405610048
-6.496363197e-10
-0.0001460731941
-6.352338674e-10
-0.000151585383
-6.17884275e-10
-0.0001570975723
-5.979900279e-10
-0.0001626097612
-5.756824901e-10
-0.0001681219506
-5.478521544e-10
-0.00017363414
-5.211067484e-10
-0.0001791463289
-4.876957115e-10
-0.0001846585182
-0.0001901707071
-4.554747344e-10
-4.291807305e-10
-0.0001405610234
-4.078408865e-10
-0.0001460732154
-3.835309403e-10
-0.0001515854073
-3.556886261e-10
-0.0001570976001
-3.278982887e-10
-0.000162609789
-2.94214743e-10
-0.0001681219843
-2.615607698e-10
-0.0001736341726
-2.222280671e-10
-0.0001791463682
-1.80103203e-10
-0.0001846585604
-0.0001901707481
-1.38972445e-10
-1.944510345e-10
-0.0001405610518
-1.63663481e-10
-0.0001460732462
-1.305602031e-10
-0.0001515854404
-9.463085355e-11
-0.000157097636
-5.279206278e-11
-0.0001626098308
-1.152543591e-11
-0.0001681220256
3.600210532e-11
-0.0001736342202
8.289897639e-11
-0.0001791464151
1.323189919e-10
-0.0001846586099
-0.0001901708002
1.844356965e-10
4.108655809e-11
-0.0001405610885
8.09558957e-11
-0.0001460732861
1.248679796e-10
-0.0001515854844
1.708641449e-10
-0.000157097682
2.197174662e-10
-0.0001626098796
2.715320222e-10
-0.0001681220774
3.22059833e-10
-0.0001736342707
3.793989479e-10
-0.0001791464724
4.395358946e-10
-0.00018465867
-0.0001901708677
5.070225563e-10
2.773020338e-10
-0.0001405611353
3.259082253e-10
-0.0001460733347
3.766504913e-10
-0.0001515855351
4.339866369e-10
-0.0001570977393
4.904491758e-10
-0.0001626099361
5.493457464e-10
-0.0001681221363
6.155234638e-10
-0.0001736343368
6.803613996e-10
-0.0001791465372
7.524184349e-10
-0.0001846587421
-0.0001901709382
8.228788245e-10
5.095707935e-10
-0.0001405611892
5.691351112e-10
-0.0001460733943
6.316364263e-10
-0.0001515855976
6.932974541e-10
-0.000157097801
7.575004388e-10
-0.0001626100003
8.286684071e-10
-0.0001681222075
9.027505048e-10
-0.0001736344109
9.797636445e-10
-0.0001791466142
1.050655187e-09
-0.0001846588129
-0.0001901710208
1.133254215e-09
7.441476221e-10
-0.0001405612551
8.070920302e-10
-0.0001460734572
8.764212933e-10
-0.0001515856669
9.485421129e-10
-0.0001570978731
1.023348794e-09
-0.0001626100751
1.101100672e-09
-0.0001681222853
1.181744709e-09
-0.0001736344915
1.265119353e-09
-0.0001791466976
1.351272239e-09
-0.0001846588991
-0.0001901711098
1.44029352e-09
9.664767091e-10
-0.0001405613252
1.043323995e-09
-0.000146073534
1.119239654e-09
-0.0001515857428
1.197844388e-09
-0.0001570979517
1.283206325e-09
-0.0001626101605
1.367260736e-09
-0.0001681223693
1.454010467e-09
-0.0001736345782
1.543399438e-09
-0.000179146787
1.640142261e-09
-0.0001846589958
1.734932146e-09
-0.0001901712047
9.548649653e-11
-0.0001405611806
0.0001405613252
-6.099305302e-11
-0.0001460733776
0.000146073534
-2.293097293e-10
-0.0001515855745
0.0001515857428
-4.095264763e-10
-0.0001570977715
0.0001570979517
-6.015529663e-10
-0.0001626099685
0.0001626101605
-8.011808239e-10
-0.0001681221697
0.0001681223693
-1.016833645e-09
-0.0001736343625
0.0001736345782
-1.244303297e-09
-0.0001791465595
0.000179146787
-1.483633377e-09
-0.0001846587565
0.0001846589958
-0.0001901709535
-1.73492096e-09
0.0001901712047
9.317315063e-11
-0.0001405610609
-3.819860158e-11
-0.0001460732462
-1.758400319e-10
-0.0001515854369
-3.271235023e-10
-0.0001570976202
-4.884721971e-10
-0.0001626098072
-6.597634611e-10
-0.0001681219984
-8.410500149e-10
-0.0001736341812
-1.032428781e-09
-0.0001791463682
-1.229027375e-09
-0.0001846585598
-0.0001901707423
-1.440244552e-09
8.797423916e-11
-0.000140560964
-1.431026651e-11
-0.0001460731438
-1.282490899e-10
-0.000151585323
-2.463001155e-10
-0.0001570975021
-3.722600711e-10
-0.0001626096813
-5.143100048e-10
-0.0001681218563
-6.561398363e-10
-0.0001736340394
-8.057670208e-10
-0.0001791462186
-9.678030389e-10
-0.0001846583978
-0.0001901705768
-1.133151102e-09
8.462555417e-11
-0.0001405608933
7.955925387e-12
-0.0001460730672
-7.641303077e-11
-0.0001515852386
-1.66865653e-10
-0.0001570974117
-2.594505891e-10
-0.0001626095887
-3.576926179e-10
-0.000168121758
-4.660597567e-10
-0.0001736339311
-5.803893073e-10
-0.0001791461042
-6.964982399e-10
-0.0001846582817
-0.0001901704505
-8.227797861e-10
7.956248518e-11
-0.0001405608479
2.916886216e-11
-0.0001460730168
-2.155873806e-11
-0.0001515851879
-7.970379354e-11
-0.0001570973536
-1.417336853e-10
-0.0001626095267
-2.077623113e-10
-0.000168121692
-2.736991079e-10
-0.0001736338652
-3.475272721e-10
-0.0001791460304
-4.254386672e-10
-0.0001846582038
-0.000190170369
-5.069655653e-10
7.383510834e-11
-0.0001405608281
5.234901072e-11
-0.0001460729953
2.757498042e-11
-0.0001515851631
4.576466478e-12
-0.0001570973306
-2.624049154e-11
-0.0001626094958
-5.120537675e-11
-0.000168121667
-8.179789254e-11
-0.0001736338346
-1.140681072e-10
-0.0001791459981
-1.482984586e-10
-0.0001846581696
-0.0001901703329
-1.843532561e-10
6.809104781e-11
-0.0001405608341
7.468507208e-11
-0.0001460730018
8.132431528e-11
-0.0001515851697
8.805679494e-11
-0.0001570973374
9.78286642e-11
-0.0001626095056
1.047851865e-10
-0.000168121674
1.082679492e-10
-0.000173633838
1.194254437e-10
-0.0001791460093
1.271089605e-10
-0.0001846581773
-0.0001901703449
1.390829113e-10
6.167143942e-11
-0.0001405608658
9.629051102e-11
-0.0001460730365
1.328504884e-10
-0.0001515852063
1.722254606e-10
-0.0001570973767
2.129210112e-10
-0.0001626095463
2.55271511e-10
-0.0001681217163
3.035961666e-10
-0.0001736338864
3.545263079e-10
-0.0001791460602
4.038989182e-10
-0.0001846582267
-0.0001901703965
4.555516658e-10
5.531060417e-11
-0.0001405609238
1.173232342e-10
-0.0001460730984
1.840356558e-10
-0.000151585273
2.548790229e-10
-0.0001570974476
3.306743632e-10
-0.0001626096221
4.108486746e-10
-0.0001681217964
4.960109345e-10
-0.0001736339716
5.803523846e-10
-0.0001791461445
6.737206282e-10
-0.00018465832
-0.0001901704979
7.751108023e-10
4.818869256e-11
1.376267753e-10
2.336121885e-10
3.359970911e-10
4.449689853e-10
5.606746734e-10
6.822534838e-10
8.119899237e-10
9.47363202e-10
1.085792925e-09
0
-0.0008563559617
0.000852021983
0
0
0
0
0
0
0
0
0
0
0
0
0
0
0
0
0
0
0
0
0
0
0
0
0
0
0
-0.0008570034493
0
0
0
0
0
0
0
0
0
0
0
0
0
0
0
0
0
0
-0.0008539514726
0
0
0
0
0
0
0
0
0
0
0
0
0
0
0
0
0
0
-0.0008471868208
0
0
0
0
0
0
0
0
0
0
0
0
0
0
0
0
0
0
-0.0008366963361
0
0
0
0
0
0
0
0
0
0
0
0
0
0
0
0
0
0
-0.0008224673211
0
0
0
0
0
0
0
0
0
0
0
0
0
0
0
0
0
0
-0.000804488105
0
0
0
0
0
0
0
0
0
0
0
0
0
0
0
0
0
0
-0.0007827487211
0
0
0
0
0
0
0
0
0
0
0
0
0
0
0
0
0
0
-0.000757241716
0
0
0
0
0
0
0
0
0
0
0
0
0
0
0
0
0
0
-0.000727963068
0
0
0
0
0
0
0
0
0
0
0
0
0
0
0
0
0
0
0
-0.0002212320274
0
0
0
0
0
0
0
0
0
0
0
0
0
0
0
0
0
0
0
0
0
0
0
0
0
0
0
0
0
0
0
0
0
0
0
0
0
0
0
0
0
0
0
0
0
0
0
0
0
0
0
0
0
0
0
0
0
0
0
0
0
0
0
0
0
0
0
0
0
0
0
0
0
0
0
0
0
0
0
0
0
0
0
0
0
0
0
0
0
0
0
0
0
0
0
0
0
0
0
0
0
0
0
0
0
0
0
0
0
0
0
0
0
0
0
0
0
0
0
0
0
0
0
0
0
0
0
0
0
0
0
0
0
0
0
0
0
0
0
0
0
0
0
0
0
0
0
0
0
0
0
0
0
0
0
0
0
0
0
0
0
0
0
0
0
0
0
0
0
0
0
0
0
0
0
0
0
0
0
0
0
0
0
0
0
0
0
0.0002493844499
0
-0.0002514183052
0.0002473550221
0
0.0002452826344
0
0.0002430977495
0
0.000240709626
0
0.0002380075097
0
0.0002348621004
0
0.0002311272426
0
0.0002266418484
0
0
0
0
0
0
0
0
0
0
0
0
0
0
0
0
0
0
0
0
0
0
0
0
0
0
0
0
0
0
0
0
0
0
0
0
0
0
0
0
0
0
0
0
0
0
0
0
0
0
0
0
0
0
0
0
0
0
0
0
0
0
0
0
0
0
0
0
0
0
0
0
0
0
0
0
0
0
0
0
0
0
0
0
0
0
0
0
0
0
0
0
0
0
0
0
0
0
0
0
0
0
0
0
0
0
0
0
0
0
0
0
0
0
0
0
0
0
0
0
0
0
0
0
0
0
0
0
0
0
0
0
0
0
0
0
0
0
0
0
0
0
0
0
0
0
0
0
0
0
0
0
0
0
0
0
0
0
0
0
0
0
0
0
0
0
0
0
0
0
0
0
-1.100719425e-09
0.0001901706513
-0.0001901706364
1.085780058e-09
-1.109469254e-09
0.0001846584641
-0.0001846584553
-1.118833729e-09
0.0001791462836
-0.0001791462742
-1.124085059e-09
0.0001736340985
-0.0001736340932
-1.126797201e-09
0.0001681219149
-0.0001681219121
-1.126931276e-09
0.0001626097312
-0.0001626097311
-1.124469262e-09
0.0001570975475
-0.00015709755
-1.119617851e-09
0.0001515853641
-0.0001515853689
-1.111932983e-09
0.0001460731802
-0.0001460731879
0.0001405609965
-0.0001405610068
-7.986641123e-10
0.0001901706749
7.750927327e-10
-8.193826547e-10
0.0001846584848
-8.379308695e-10
0.0001791463021
-8.517248377e-10
0.0001736341122
-8.651624604e-10
0.0001681219283
-8.752232076e-10
0.0001626097413
-8.826335395e-10
0.0001570975549
-8.871147379e-10
0.0001515853686
-8.89149068e-10
0.0001460731823
0.0001405609959
-4.877189655e-10
0.0001901707071
4.555477524e-10
-5.211534493e-10
0.0001846585182
-5.479074049e-10
0.0001791463289
-5.757078962e-10
0.00017363414
-5.980031502e-10
0.0001681219506
-6.179323159e-10
0.0001626097612
-6.352585222e-10
0.0001570975723
-6.496612013e-10
0.000151585383
-6.615114094e-10
0.0001460731941
0.0001405610048
-1.801069199e-10
0.0001901707481
1.390795696e-10
-2.222819748e-10
0.0001846585604
-2.616280705e-10
0.0001791463682
-2.942447549e-10
0.0001736341726
-3.279137724e-10
0.0001681219843
-3.557354221e-10
0.000162609789
-3.835595245e-10
0.0001570976001
-4.078885765e-10
0.0001515854073
-4.292134264e-10
0.0001460732154
0.0001405610233
1.322785539e-10
0.0001901708002
-1.843532561e-10
8.282095534e-11
0.0001846586099
3.588953492e-11
0.0001791464151
-1.160031504e-11
0.0001736342202
-5.286303908e-11
0.0001681220256
-9.467615559e-11
0.0001626098308
-1.306250933e-10
0.000157097636
-1.636954777e-10
0.0001515854404
-1.944554293e-10
0.0001460732462
0.0001405610518
4.394791134e-10
0.0001901708677
-5.069666354e-10
3.793349391e-10
0.00018465867
3.219722272e-10
0.0001791464724
2.714862703e-10
0.0001736342707
2.196223047e-10
0.0001681220774
1.708353481e-10
0.0001626098796
1.248587484e-10
0.000157097682
8.09148462e-11
0.0001515854844
4.102585652e-11
0.0001460732861
0.0001405610885
7.523234823e-10
0.0001901709382
-8.22795773e-10
6.803433158e-10
0.0001846587421
6.154636548e-10
0.0001791465372
5.49389598e-10
0.0001736343368
4.903563586e-10
0.0001681221363
4.339644832e-10
0.0001626099361
3.766376304e-10
0.0001570977393
3.258518379e-10
0.0001515855351
2.772836714e-10
0.0001460733347
0.0001405611354
1.050572266e-09
0.0001901710208
-1.133167056e-09
9.796645379e-10
0.000184658813
9.026981861e-10
0.0001791466142
8.286577607e-10
0.0001736344109
7.574670918e-10
0.0001681222075
6.932268895e-10
0.0001626100003
6.315782633e-10
0.000157097801
5.69104479e-10
0.0001515855976
5.095544839e-10
0.0001460733943
0.0001405611892
1.351237786e-09
0.0001901711098
-1.440244552e-09
1.265064461e-09
0.0001846588991
1.181627812e-09
0.0001791466976
1.101069052e-09
0.0001736344914
1.023329561e-09
0.0001681222853
9.484659377e-10
0.0001626100751
8.763712932e-10
0.0001570978731
8.070275139e-10
0.0001515856669
7.441175936e-10
0.0001460734572
0.0001405612551
1.640060049e-09
-1.734904706e-09
1.543311494e-09
1.453976534e-09
1.367248523e-09
1.283173944e-09
1.197791513e-09
1.119220619e-09
1.043261552e-09
9.664095813e-10
-1.640126331e-09
0.0001901711098
1.734948288e-09
-0.0001901712047
-1.54339968e-09
0.0001846588991
-0.0001846589958
-1.454010467e-09
0.0001791466976
-0.000179146787
-1.367231686e-09
0.0001736344915
-0.0001736345782
-1.283220162e-09
0.0001681222853
-0.0001681223693
-1.197844175e-09
0.0001626100751
-0.0001626101605
-1.11923986e-09
0.0001570978731
-0.0001570979517
-1.043336249e-09
0.0001515856669
-0.0001515857429
-9.664887007e-10
0.0001460734572
-0.000146073534
0.0001405612551
-0.0001405613252
-1.351272239e-09
0.0001901710208
1.440309451e-09
-1.265150176e-09
0.0001846588129
-1.181744709e-09
0.0001791466142
-1.101100672e-09
0.0001736344109
-1.023334783e-09
0.0001681222075
-9.485556566e-10
0.0001626100003
-8.764343699e-10
0.000157097801
-8.070926693e-10
0.0001515855976
-7.441482375e-10
0.0001460733943
0.0001405611892
-1.050637799e-09
0.0001901709382
1.133254215e-09
-9.797478414e-10
0.0001846587421
-9.027188156e-10
0.0001791465372
-8.286684071e-10
0.0001736343368
-7.575138294e-10
0.0001681221363
-6.932983973e-10
0.0001626099361
-6.316230176e-10
0.0001570977393
-5.691351112e-10
0.0001515855351
-5.095716392e-10
0.0001460733347
0.0001405611354
-7.524170348e-10
0.0001901708677
8.228817071e-10
-6.803613996e-10
0.00018465867
-6.155234638e-10
0.0001791464724
-5.493482996e-10
0.0001736342707
-4.904491758e-10
0.0001681220774
-4.339740285e-10
0.0001626098796
-3.766527974e-10
0.000157097682
-3.259199641e-10
0.0001515854844
-2.773133379e-10
0.0001460732861
0.0001405610885
-4.395501918e-10
0.0001901708002
5.070225563e-10
-3.793785264e-10
0.0001846586099
-3.220534867e-10
0.0001791464151
-2.715350963e-10
0.0001736342202
-2.197144914e-10
0.0001681220256
-1.708763397e-10
0.0001626098308
-1.248839186e-10
0.000157097636
-8.095155754e-11
0.0001515854404
-4.108109149e-11
0.0001460732462
0.0001405610518
-1.323189919e-10
0.0001901707481
1.844356965e-10
-8.289897639e-11
0.0001846585604
-3.599472273e-11
0.0001791463682
1.155046228e-11
0.0001736341726
5.28076329e-11
0.0001681219843
9.462750834e-11
0.000162609789
1.305747352e-10
0.0001570976001
1.636627012e-10
0.0001515854073
1.944345413e-10
0.0001460732154
0.0001405610233
1.801207177e-10
0.0001901707071
-1.389858958e-10
2.222067501e-10
0.0001846585182
2.615772543e-10
0.0001791463289
2.942066314e-10
0.00017363414
3.27896449e-10
0.0001681219506
3.55669893e-10
0.0001626097612
3.83527277e-10
0.0001570975723
4.078529185e-10
0.000151585383
4.291907225e-10
0.0001460731941
0.0001405610048
4.877006587e-10
0.0001901706749
-4.554823324e-10
5.210779385e-10
0.0001846584848
5.47862612e-10
0.0001791463021
5.756835997e-10
0.0001736341122
5.980009057e-10
0.0001681219283
6.178800553e-10
0.0001626097413
6.352430178e-10
0.0001570975549
6.496392819e-10
0.0001515853686
6.614847366e-10
0.0001460731822
0.0001405609959
7.986123782e-10
0.0001901706513
-7.750267683e-10
8.19294522e-10
0.0001846584641
8.378846103e-10
0.0001791462835
8.516439098e-10
0.0001736340985
8.651180375e-10
0.0001681219148
8.752037484e-10
0.0001626097312
8.826318838e-10
0.0001570975475
8.871003233e-10
0.0001515853641
8.891280372e-10
0.0001460731802
0.0001405609965
1.100647984e-09
-1.085708616e-09
1.109453065e-09
1.118732791e-09
1.124026614e-09
1.126740701e-09
1.126905584e-09
1.124421601e-09
1.119600664e-09
1.111906561e-09
0
0
0
0
0
0
0
0
0
0
0
0
0
0
0
0
0
0
0
0
0
0
0
0
0
0
0
0.0008440138464
-0.000852021983
0
0
0
0
0
0
0
0
0
0
0
0
0
0
0
0
0
0
0.00083234408
0
0
0
0
0
0
0
0
0
0
0
0
0
0
0
0
0
0
0.0008170247315
0
0
0
0
0
0
0
0
0
0
0
0
0
0
0
0
0
0
0.000798067934
0
0
0
0
0
0
0
0
0
0
0
0
0
0
0
0
0
0
0.0007754863492
0
0
0
0
0
0
0
0
0
0
0
0
0
0
0
0
0
0
0.0007492937206
0
0
0
0
0
0
0
0
0
0
0
0
0
0
0
0
0
0
0.0007195055727
0
0
0
0
0
0
0
0
0
0
0
0
0
0
0
0
0
0
0.0006861400083
0
0
0
0
0
0
0
0
0
0
0
0
0
0
0
0
0
0
0.0006492186204
0
0
0
0
0
0
0
0
0
0
0
0
0
0
0
0
0
0
0.0006087674939
0
0
0
0
0
0
0
0
0
0
0
0
0
0
0
0
0
0
0
0.0002661170913
0
0
0
0
0
0
0
0
0
0
0
0
0
0
0
0
0
0
0
0
0
0
0
0
0
0
0
0
0
0
0
0
0
0
0
0
0
0
0
0
0
0
0
0
0
0
0
0
0
0
0
0
0
0
0
0
0
0
0
0
0
0
0
0
0
0
0
0
0
0
0
0
0
0
0
0
0
0
0
0
0
0
0
0
0
0
0
0
0
0
0
0
0
0
0
0
0
0
0
0
0
0
0
0
0
0
0
0
0
0
0
0
0
0
0
0
0
0
0
0
0
0
0
0
0
0
0
0
0
0
0
0
0
0
0
0
0
0
0
0
0
0
0
0
0
0
0
0
0
0
0
0
0
0
0
0
0
0
0
0
0
0
0
0
0
0
0
0
0
0
0.0002664138545
0
0.0002659650732
0
0.0002649347922
0
0.0002634708463
0
0.000261703073
0
0.0002597417672
0
0.0002576763952
0
0.0002555745537
0
0.0002534812278
0
0
0
0
0
0
0
0
0
0
0
0
0
0
0
0
0
0
0
0
0
0
0
0
0
0
0
0
0
0
0
0
0
0
0
0
0
0
0
0
0
0
0
0
0
0
0
0
0
0
0
0
0
0
0
0
0
0
0
0
0
0
0
0
0
0
0
0
0
0
0
0
0
0
0
0
0
0
0
0
0
0
0
0
0
0
0
0
0
0
0
0
0
0
0
0
0
0
0
0
0
0
0
0
0
0
0
0
0
0
0
0
0
0
0
0
0
0
0
0
0
0
0
0
0
0
0
0
0
0
0
0
0
0
0
0
0
0
0
0
0
0
0
0
0
0
0
0
0
0
0
0
0
0
0
0
0
0
0
0
0
0
0
-9.66433748e-10
-0.0001405612551
0.0001405613252
-1.043286648e-09
-0.0001460734572
0.000146073534
-1.119220619e-09
-0.0001515856669
0.0001515857429
-1.197764578e-09
-0.0001570978731
0.0001570979517
-1.283173903e-09
-0.0001626100751
0.0001626101605
-1.367219731e-09
-0.0001681222853
0.0001681223693
-1.453976534e-09
-0.0001736344914
0.0001736345782
-1.543280844e-09
-0.0001791466976
0.000179146787
-1.640075838e-09
-0.0001846588991
0.0001846589958
-0.0001901711098
-1.73492096e-09
0.0001901712047
-7.441296646e-10
-0.0001405611892
-8.070149667e-10
-0.0001460733943
-8.763583061e-10
-0.0001515855976
-9.484524611e-10
-0.000157097801
-1.023315607e-09
-0.0001626100003
-1.101054618e-09
-0.0001681222075
-1.181627812e-09
-0.0001736344109
-1.265064461e-09
-0.0001791466142
-1.351253571e-09
-0.000184658813
-0.0001901710208
-1.440244552e-09
-5.095543193e-10
-0.0001405611354
-5.691045644e-10
-0.0001460733347
-6.31591204e-10
-0.0001515855351
-6.932265225e-10
-0.0001570977393
-7.574676612e-10
-0.0001626099361
-8.286577607e-10
-0.0001681221363
-9.026981861e-10
-0.0001736343368
-9.796799982e-10
-0.0001791465372
-1.050588195e-09
-0.0001846587421
-0.0001901709382
-1.133151102e-09
-2.772836714e-10
-0.0001405610885
-3.258644634e-10
-0.0001460732861
-3.76637934e-10
-0.0001515854844
-4.339780439e-10
-0.000157097682
-4.903560334e-10
-0.0001626098796
-5.493467823e-10
-0.0001681220774
-6.154928881e-10
-0.0001736342707
-6.80296307e-10
-0.0001791464724
-7.523227452e-10
-0.00018465867
-0.0001901708677
-8.227797861e-10
-4.103831392e-11
-0.0001405610518
-8.09148462e-11
-0.0001460732462
-1.24871308e-10
-0.0001515854404
-1.708353481e-10
-0.000157097636
-2.196223047e-10
-0.0001626098308
-2.714853225e-10
-0.0001681220256
-3.219856028e-10
-0.0001736342202
-3.793339302e-10
-0.0001791464151
-4.394943643e-10
-0.0001846586099
-0.0001901708002
-5.069655653e-10
1.944668064e-10
-0.0001405610234
1.637094133e-10
-0.0001460732154
1.306239935e-10
-0.0001515854073
9.47038133e-11
-0.0001570976001
5.284637675e-11
-0.000162609789
1.160031504e-11
-0.0001681219843
-3.587427548e-11
-0.0001736341726
-8.280521905e-11
-0.0001791463682
-1.32247463e-10
-0.0001846585604
-0.0001901707481
-1.843532561e-10
4.29210944e-10
-0.0001405610048
4.078516623e-10
-0.0001460731941
3.835463185e-10
-0.000151585383
3.5572036e-10
-0.0001570975723
3.279250574e-10
-0.0001626097612
2.942316139e-10
-0.0001681219506
2.616280705e-10
-0.00017363414
2.22267986e-10
-0.0001791463289
1.801213327e-10
-0.0001846585182
-0.0001901707071
1.390829113e-10
6.615220074e-10
-0.0001405609959
6.496697231e-10
-0.0001460731823
6.352819036e-10
-0.0001515853686
6.179408942e-10
-0.0001570975549
5.980065046e-10
-0.0001626097413
5.757135999e-10
-0.0001681219283
5.479145609e-10
-0.0001736341122
5.211460696e-10
-0.0001791463021
4.876912476e-10
-0.0001846584848
-0.0001901706749
4.555516658e-10
8.891591771e-10
-0.0001405609965
8.871252359e-10
-0.0001460731802
8.826425517e-10
-0.0001515853641
8.752306002e-10
-0.0001570975475
8.651741248e-10
-0.0001626097312
8.517129841e-10
-0.0001681219149
8.379349482e-10
-0.0001736340985
8.193826547e-10
-0.0001791462836
7.986727795e-10
-0.0001846584641
-0.0001901706513
7.751108023e-10
1.11194362e-09
-0.0001405610068
1.119612888e-09
-0.0001460731879
1.124464115e-09
-0.0001515853689
1.126941936e-09
-0.00015709755
1.126827797e-09
-0.0001626097311
1.124105278e-09
-0.0001681219121
1.118812857e-09
-0.0001736340932
1.109464557e-09
-0.0001791462742
1.100719425e-09
-0.0001846584553
-0.0001901706364
1.085792925e-09
-1.111914689e-09
-0.0001405609965
-1.119595592e-09
-0.0001460731802
-1.124412406e-09
-0.0001515853641
-1.126900594e-09
-0.0001570975475
-1.126755714e-09
-0.0001626097312
-1.1240111e-09
-0.0001681219148
-1.11874931e-09
-0.0001736340985
-1.109447907e-09
-0.0001791462836
-1.100636283e-09
-0.0001846584641
-0.0001901706513
-1.085708616e-09
-8.891282983e-10
-0.0001405609959
-8.870914511e-10
-0.0001460731822
-8.825909018e-10
-0.0001515853686
-8.751939278e-10
-0.0001570975549
-8.6511864e-10
-0.0001626097413
-8.516439098e-10
-0.0001681219283
-8.378897073e-10
-0.0001736341122
-8.192997782e-10
-0.0001791463021
-7.986347231e-10
-0.0001846584848
-0.0001901706749
-7.750664948e-10
-6.614800229e-10
-0.0001405610048
-6.496363197e-10
-0.0001460731941
-6.352338674e-10
-0.000151585383
-6.17884275e-10
-0.0001570975723
-5.979900279e-10
-0.0001626097612
-5.756824901e-10
-0.0001681219506
-5.478521544e-10
-0.00017363414
-5.211067484e-10
-0.0001791463289
-4.876957115e-10
-0.0001846585182
-0.0001901707071
-4.554747344e-10
-4.291807305e-10
-0.0001405610234
-4.078408865e-10
-0.0001460732154
-3.835309403e-10
-0.0001515854073
-3.556886261e-10
-0.0001570976001
-3.278982887e-10
-0.000162609789
-2.94214743e-10
-0.0001681219843
-2.615607698e-10
-0.0001736341726
-2.222280671e-10
-0.0001791463682
-1.80103203e-10
-0.0001846585604
-0.0001901707481
-1.38972445e-10
-1.944510345e-10
-0.0001405610518
-1.63663481e-10
-0.0001460732462
-1.305602031e-10
-0.0001515854404
-9.463085355e-11
-0.000157097636
-5.279206278e-11
-0.0001626098308
-1.152543591e-11
-0.0001681220256
3.600210532e-11
-0.0001736342202
8.289897639e-11
-0.0001791464151
1.323189919e-10
-0.0001846586099
-0.0001901708002
1.844356965e-10
4.108655809e-11
-0.0001405610885
8.09558957e-11
-0.0001460732861
1.248679796e-10
-0.0001515854844
1.708641449e-10
-0.000157097682
2.197174662e-10
-0.0001626098796
2.715320222e-10
-0.0001681220774
3.22059833e-10
-0.0001736342707
3.793989479e-10
-0.0001791464724
4.395358946e-10
-0.00018465867
-0.0001901708677
5.070225563e-10
2.773020338e-10
-0.0001405611353
3.259082253e-10
-0.0001460733347
3.766504913e-10
-0.0001515855351
4.339866369e-10
-0.0001570977393
4.904491758e-10
-0.0001626099361
5.493457464e-10
-0.0001681221363
6.155234638e-10
-0.0001736343368
6.803613996e-10
-0.0001791465372
7.524184349e-10
-0.0001846587421
-0.0001901709382
8.228788245e-10
5.095707935e-10
-0.0001405611892
5.691351112e-10
-0.0001460733943
6.316364263e-10
-0.0001515855976
6.932974541e-10
-0.000157097801
7.575004388e-10
-0.0001626100003
8.286684071e-10
-0.0001681222075
9.027505048e-10
-0.0001736344109
9.797636445e-10
-0.0001791466142
1.050655187e-09
-0.0001846588129
-0.0001901710208
1.133254215e-09
7.441476221e-10
-0.0001405612551
8.070920302e-10
-0.0001460734572
8.764212933e-10
-0.0001515856669
9.485421129e-10
-0.0001570978731
1.023348794e-09
-0.0001626100751
1.101100672e-09
-0.0001681222853
1.181744709e-09
-0.0001736344915
1.265119353e-09
-0.0001791466976
1.351272239e-09
-0.0001846588991
-0.0001901711098
1.44029352e-09
9.664763278e-10
1.043336447e-09
1.119226741e-09
1.197844388e-09
1.283206325e-09
1.367260281e-09
1.454010233e-09
1.54339968e-09
1.640126082e-09
1.734932146e-09
0
-0.0006492186204
0.0006087674939
0
0
0
0
0
0
0
0
0
0
0
0
0
0
0
0
0
0
0
0
0
0
0
0
0
0
0
-0.0006861400083
0
0
0
0
0
0
0
0
0
0
0
0
0
0
0
0
0
0
-0.0007195055727
0
0
0
0
0
0
0
0
0
0
0
0
0
0
0
0
0
0
-0.0007492937206
0
0
0
0
0
0
0
0
0
0
0
0
0
0
0
0
0
0
-0.0007754863492
0
0
0
0
0
0
0
0
0
0
0
0
0
0
0
0
0
0
-0.000798067934
0
0
0
0
0
0
0
0
0
0
0
0
0
0
0
0
0
0
-0.0008170247314
0
0
0
0
0
0
0
0
0
0
0
0
0
0
0
0
0
0
-0.00083234408
0
0
0
0
0
0
0
0
0
0
0
0
0
0
0
0
0
0
-0.0008440138464
0
0
0
0
0
0
0
0
0
0
0
0
0
0
0
0
0
0
0
0
0
0
0
0
0
0
0
0
0
0
0
0
0
0
0
0
0
0
0
0
0
0
0
0
0
0
0
0
0
0
0
0
0
0
0
0
0
0
0
0
0
0
0
0
0
0
0
0
0
0
0
0
0
0
0
0
0
0
0
0
0
0
0
0
0
0
0
0
0
0
0
0
0
0
0
0
0
0
0
0
0
0
0
0
0
0
0
0.0001756047016
0
0
0
0
0
0
0
0
0
0
0
0
0
0
0
0
0
0
0
0
0
0
0
0
0
0
0
0
0
0
0
0
0
0
0
0
0
0
0
0
0
0
0
0
0
0
0
0
0
0
0
0
0
0
0
0
0
0
0
0
0
0
0
0
0
0
0
0
-3.788349843e-05
-3.099356642e-06
3.551769741e-05
-4.341035435e-05
-9.249221186e-06
0
3.851562955e-05
0
0
0
0
0
0
0
0
0
0
0
0
0
-0.0001002537721
9.715268064e-05
-0.0001095044335
-5.118002506e-05
-6.237478525e-05
-7.62588271e-05
-9.259180354e-05
-0.0001110742257
-0.000131350521
-0.0001530127157
-1.100719425e-09
0.0001901706513
-0.0001901706364
1.085780058e-09
-1.109469254e-09
0.0001846584641
-0.0001846584553
-1.118833729e-09
0.0001791462836
-0.0001791462742
-1.124085059e-09
0.0001736340985
-0.0001736340932
-1.126797201e-09
0.0001681219149
-0.0001681219121
-1.126931276e-09
0.0001626097312
-0.0001626097311
-1.124469262e-09
0.0001570975475
-0.00015709755
-1.119617851e-09
0.0001515853641
-0.0001515853689
-1.111932983e-09
0.0001460731802
-0.0001460731879
0.0001405609965
-0.0001405610068
-7.986641123e-10
0.0001901706749
7.750927327e-10
-8.193826547e-10
0.0001846584848
-8.379308695e-10
0.0001791463021
-8.517248377e-10
0.0001736341122
-8.651624604e-10
0.0001681219283
-8.752232076e-10
0.0001626097413
-8.826335395e-10
0.0001570975549
-8.871147379e-10
0.0001515853686
-8.89149068e-10
0.0001460731823
0.0001405609959
-4.877189655e-10
0.0001901707071
4.555477524e-10
-5.211534493e-10
0.0001846585182
-5.479074049e-10
0.0001791463289
-5.757078962e-10
0.00017363414
-5.980031502e-10
0.0001681219506
-6.179323159e-10
0.0001626097612
-6.352585222e-10
0.0001570975723
-6.496612013e-10
0.000151585383
-6.615114094e-10
0.0001460731941
0.0001405610048
-1.801069199e-10
0.0001901707481
1.390795696e-10
-2.222819748e-10
0.0001846585604
-2.616280705e-10
0.0001791463682
-2.942447549e-10
0.0001736341726
-3.279137724e-10
0.0001681219843
-3.557354221e-10
0.000162609789
-3.835595245e-10
0.0001570976001
-4.078885765e-10
0.0001515854073
-4.292134264e-10
0.0001460732154
0.0001405610233
1.322785539e-10
0.0001901708002
-1.843532561e-10
8.282095534e-11
0.0001846586099
3.588953492e-11
0.0001791464151
-1.160031504e-11
0.0001736342202
-5.286303908e-11
0.0001681220256
-9.467615559e-11
0.0001626098308
-1.306250933e-10
0.000157097636
-1.636954777e-10
0.0001515854404
-1.944554293e-10
0.0001460732462
0.0001405610518
4.394791134e-10
0.0001901708677
-5.069666354e-10
3.793349391e-10
0.00018465867
3.219722272e-10
0.0001791464724
2.714862703e-10
0.0001736342707
2.196223047e-10
0.0001681220774
1.708353481e-10
0.0001626098796
1.248587484e-10
0.000157097682
8.09148462e-11
0.0001515854844
4.102585652e-11
0.0001460732861
0.0001405610885
7.523234823e-10
0.0001901709382
-8.22795773e-10
6.803433158e-10
0.0001846587421
6.154636548e-10
0.0001791465372
5.49389598e-10
0.0001736343368
4.903563586e-10
0.0001681221363
4.339644832e-10
0.0001626099361
3.766376304e-10
0.0001570977393
3.258518379e-10
0.0001515855351
2.772836714e-10
0.0001460733347
0.0001405611354
1.050572266e-09
0.0001901710208
-1.133167056e-09
9.796645379e-10
0.000184658813
9.026981861e-10
0.0001791466142
8.286577607e-10
0.0001736344109
7.574670918e-10
0.0001681222075
6.932268895e-10
0.0001626100003
6.315782633e-10
0.000157097801
5.69104479e-10
0.0001515855976
5.095544839e-10
0.0001460733943
0.0001405611892
1.351237786e-09
0.0001901711098
-1.440244552e-09
1.265064461e-09
0.0001846588991
1.181627812e-09
0.0001791466976
1.101069052e-09
0.0001736344914
1.023329561e-09
0.0001681222853
9.484659377e-10
0.0001626100751
8.763712932e-10
0.0001570978731
8.070275139e-10
0.0001515856669
7.441175936e-10
0.0001460734572
0.0001405612551
1.64004426e-09
-1.734904706e-09
1.54331154e-09
1.453931974e-09
1.367205313e-09
1.283146081e-09
1.197791533e-09
1.119220638e-09
1.043274147e-09
9.664216737e-10
-1.640126331e-09
0.0001901711098
1.734948288e-09
-1.543368514e-09
0.0001846588991
-1.454010467e-09
0.0001791466976
-1.367260509e-09
0.0001736344915
-1.283220382e-09
0.0001681222853
-1.1978446e-09
0.0001626100751
-1.11922633e-09
0.0001570978731
-1.043336447e-09
0.0001515856669
-9.664768999e-10
0.0001460734572
0.0001405612551
-1.351272239e-09
0.0001901710208
1.440309451e-09
-1.265150176e-09
0.0001846588129
-1.181744709e-09
0.0001791466142
-1.101100672e-09
0.0001736344109
-1.023334783e-09
0.0001681222075
-9.485556566e-10
0.0001626100003
-8.764343699e-10
0.000157097801
-8.070926693e-10
0.0001515855976
-7.441482375e-10
0.0001460733943
0.0001405611892
-1.050637799e-09
0.0001901709382
1.133254215e-09
-9.797478414e-10
0.0001846587421
-9.027188156e-10
0.0001791465372
-8.286684071e-10
0.0001736343368
-7.575138294e-10
0.0001681221363
-6.932983973e-10
0.0001626099361
-6.316230176e-10
0.0001570977393
-5.691351112e-10
0.0001515855351
-5.095716392e-10
0.0001460733347
0.0001405611354
-7.524170348e-10
0.0001901708677
8.228817071e-10
-6.803613996e-10
0.00018465867
-6.155234638e-10
0.0001791464724
-5.493482996e-10
0.0001736342707
-4.904491758e-10
0.0001681220774
-4.339740285e-10
0.0001626098796
-3.766527974e-10
0.000157097682
-3.259199641e-10
0.0001515854844
-2.773133379e-10
0.0001460732861
0.0001405610885
-4.395501918e-10
0.0001901708002
5.070225563e-10
-3.793785264e-10
0.0001846586099
-3.220534867e-10
0.0001791464151
-2.715350963e-10
0.0001736342202
-2.197144914e-10
0.0001681220256
-1.708763397e-10
0.0001626098308
-1.248839186e-10
0.000157097636
-8.095155754e-11
0.0001515854404
-4.108109149e-11
0.0001460732462
0.0001405610518
-1.323189919e-10
0.0001901707481
1.844356965e-10
-8.289897639e-11
0.0001846585604
-3.599472273e-11
0.0001791463682
1.155046228e-11
0.0001736341726
5.28076329e-11
0.0001681219843
9.462750834e-11
0.000162609789
1.305747352e-10
0.0001570976001
1.636627012e-10
0.0001515854073
1.944345413e-10
0.0001460732154
0.0001405610233
1.801207177e-10
0.0001901707071
-1.389858958e-10
2.222067501e-10
0.0001846585182
2.615772543e-10
0.0001791463289
2.942066314e-10
0.00017363414
3.27896449e-10
0.0001681219506
3.55669893e-10
0.0001626097612
3.83527277e-10
0.0001570975723
4.078529185e-10
0.000151585383
4.291907225e-10
0.0001460731941
0.0001405610048
4.877006587e-10
0.0001901706749
-4.554823324e-10
5.210779385e-10
0.0001846584848
5.47862612e-10
0.0001791463021
5.756835997e-10
0.0001736341122
5.980009057e-10
0.0001681219283
6.178800553e-10
0.0001626097413
6.352430178e-10
0.0001570975549
6.496392819e-10
0.0001515853686
6.614847366e-10
0.0001460731822
0.0001405609959
7.986123782e-10
0.0001901706513
-7.750267683e-10
8.19294522e-10
0.0001846584641
8.378846103e-10
0.0001791462835
8.516439098e-10
0.0001736340985
8.651180375e-10
0.0001681219148
8.752037484e-10
0.0001626097312
8.826318838e-10
0.0001570975475
8.871003233e-10
0.0001515853641
8.891280372e-10
0.0001460731802
0.0001405609965
1.100647984e-09
-1.085708616e-09
1.109453065e-09
1.118732791e-09
1.124026614e-09
1.126740701e-09
1.126905584e-09
1.124421601e-09
1.119600664e-09
1.111906561e-09
0
0
0
0
0
0
0
0
0
0
0
0
0
0
0
0
0
0
0
0
0
0
0
0
0
0
0
0.0007572417161
-0.000727963068
0
0
0
0
0
0
0
0
0
0
0
0
0
0
0
0
0
0
0.0007827487211
0
0
0
0
0
0
0
0
0
0
0
0
0
0
0
0
0
0
0.000804488105
0
0
0
0
0
0
0
0
0
0
0
0
0
0
0
0
0
0
0.0008224673211
0
0
0
0
0
0
0
0
0
0
0
0
0
0
0
0
0
0
0.0008366963361
0
0
0
0
0
0
0
0
0
0
0
0
0
0
0
0
0
0
0.0008471868208
0
0
0
0
0
0
0
0
0
0
0
0
0
0
0
0
0
0
0.0008539514726
0
0
0
0
0
0
0
0
0
0
0
0
0
0
0
0
0
0
0.0008570034493
0
0
0
0
0
0
0
0
0
0
0
0
0
0
0
0
0
0
0.0008563559616
0
0
0
0
0
0
0
0
0
0
0
0
0
0
0
0
0
0
0
0
0
0
0
0
0
0
0
0
0
0
0
0
0
0
0
0
0
0
0
0
0
0
0
0
0
0
0
0
0
0
0
0
0
0
0
0
0
0
0
0
0
0
0
0
0
0
0
0
0
0
0
0
0
0
0
0
0
0
0
0
0
0
0
0
0
0
0
0
0
0
0
0
0
0
0
0
0
0
-0.0001452829816
0
0
0
0
0
0
0
0
0
0
0
0
0
0
0
0
0
0
0
0
0
0
0
0
0
0
0
0
0
0
0
0
0
0
0
0
0
0
0
0
0
0
0
0
0
0
0
0
0
0
0
0
0
0
0
0
0
0
0
0
0
0
0
0
0
0
0
0
0
0
0
-4.012316135e-05
7.368749448e-06
-3.628621238e-05
9.249221099e-06
3.099356545e-06
-0.0001280695751
-0.0001110915658
-9.48567144e-05
-7.983334155e-05
-6.644516504e-05
-5.506664478e-05
-4.601888789e-05
-0.0001095044335
-0.0001002537721
)
;

boundaryField
{
    left
    {
        type            calculated;
        value           uniform 0;
    }
    right
    {
        type            calculated;
        value           uniform 0;
    }
    down
    {
        type            calculated;
        value           uniform 0;
    }
    up
    {
        type            calculated;
        value           uniform 0;
    }
    cylinder
    {
        type            calculated;
        value           nonuniform List<scalar> 
80
(
-2.400507081e-10
-2.128929349e-10
-1.848074543e-10
-1.553080187e-10
-1.250213052e-10
-9.357988403e-11
-6.214257658e-11
-2.993429949e-11
2.659987209e-12
3.479040573e-11
1.101660324e-09
8.885090224e-10
6.703886805e-10
4.477232439e-10
2.228600674e-10
-4.361243562e-12
-2.304466036e-10
-4.557089411e-10
-6.782789737e-10
-8.963661081e-10
-1.101656147e-09
-8.88541596e-10
-6.704168114e-10
-4.477706791e-10
-2.229066532e-10
4.337578815e-12
2.304143075e-10
4.556887289e-10
6.782679281e-10
8.963273792e-10
-8.963661081e-10
-6.782789737e-10
-4.557089411e-10
-2.304466036e-10
-4.36248309e-12
2.228643932e-10
4.477151693e-10
6.703895753e-10
8.885132555e-10
1.101660324e-09
-1.101656147e-09
-8.88541596e-10
-6.704168114e-10
-4.477706791e-10
-2.229066532e-10
4.337578815e-12
2.304143075e-10
4.556887289e-10
6.782679281e-10
8.963273792e-10
-8.963661081e-10
-6.782789737e-10
-4.557089411e-10
-2.304466036e-10
-4.36248309e-12
2.228643932e-10
4.477151693e-10
6.703895753e-10
8.885132555e-10
1.101660324e-09
8.963273617e-10
6.782562937e-10
4.556886498e-10
2.304148495e-10
4.337578815e-12
-2.228947317e-10
-4.477600815e-10
-6.704270019e-10
-8.885367359e-10
-1.101665338e-09
1.101660324e-09
8.885090224e-10
6.703886805e-10
4.477232439e-10
2.228600674e-10
-4.361243562e-12
-2.304466036e-10
-4.557089411e-10
-6.782789737e-10
-8.963661081e-10
)
;
    }
    defaultFaces
    {
        type            empty;
    }
}


// ************************************************************************* //
