/*--------------------------------*- C++ -*----------------------------------*\
  =========                 |
  \\      /  F ield         | OpenFOAM: The Open Source CFD Toolbox
   \\    /   O peration     | Website:  https://openfoam.org
    \\  /    A nd           | Version:  11
     \\/     M anipulation  |
\*---------------------------------------------------------------------------*/
FoamFile
{
    format      ascii;
    class       volVectorField;
    location    "15";
    object      U;
}
// * * * * * * * * * * * * * * * * * * * * * * * * * * * * * * * * * * * * * //

dimensions      [0 1 -1 0 0 0 0];

internalField   nonuniform List<vector> 
2500
(
(5.406177203e-05 -5.251840458e-05 0)
(0.000165888032 -6.292541773e-05 0)
(0.0002388843924 -3.944134173e-05 0)
(0.0002222314792 -1.177468881e-05 0)
(0.0001202125976 1.010266457e-05 0)
(-5.069410043e-05 2.553308755e-05 0)
(-0.0002789161552 3.743509292e-05 0)
(-0.000561172891 4.910136468e-05 0)
(-0.000902274017 6.309652029e-05 0)
(-0.001312470509 8.090347429e-05 0)
(-0.001804623894 0.0001030756448 0)
(-0.00239176218 0.0001295453576 0)
(-0.003085241408 0.0001598825941 0)
(-0.003893370714 0.0001934202538 0)
(-0.00482019483 0.0002292334431 0)
(-0.005864162106 0.0002660086911 0)
(-0.007016552121 0.0003018661172 0)
(-0.008259725854 0.0003342036949 0)
(-0.009565438512 0.0003596261671 0)
(-0.01089357704 0.0003740092168 0)
(-0.0121917162 0.0003727465103 0)
(-0.01339589269 0.0003512663917 0)
(-0.01443313695 0.0003058864863 0)
(-0.01522621108 0.0002347747532 0)
(-0.0156992005 0.0001380521234 0)
(-0.01577914219 1.502624396e-05 0)
(-0.01540728246 -0.0001348031241 0)
(-0.01455188952 -0.0002964737505 0)
(-0.01320798856 -0.0004577563889 0)
(-0.01140578488 -0.0006051350489 0)
(-0.009211667907 -0.0007242426406 0)
(-0.006726620677 -0.0008017399039 0)
(-0.004079513529 -0.0008274368506 0)
(-0.001413673981 -0.0007973369803 0)
(0.001112118408 -0.0007170686149 0)
(0.003352304527 -0.0005848271298 0)
(0.005194829486 -0.0004221119429 0)
(0.006557722513 -0.0002455089996 0)
(0.007404733378 -7.247017651e-05 0)
(0.007746303518 8.111325629e-05 0)
(0.007632666591 0.0002045790945 0)
(0.007140779991 0.0002941354347 0)
(0.006360447493 0.0003506119849 0)
(0.005382112637 0.0003789243201 0)
(0.004288084731 0.0003854151154 0)
(0.003151410802 0.0003738103302 0)
(0.002044271044 0.0003408604951 0)
(0.001048866994 0.0002720580091 0)
(0.0002714869313 0.0001426403582 0)
(-2.365756532e-05 -2.809853631e-05 0)
(6.897910019e-05 -0.0001699857653 0)
(0.0001562180848 -0.0001545538619 0)
(9.298683918e-05 -1.494747171e-05 0)
(-0.0001759514687 0.0001447641721 0)
(-0.000644699139 0.0002866581466 0)
(-0.00129040826 0.0004058545344 0)
(-0.002097711339 0.000513186658 0)
(-0.003065743501 0.0006229051599 0)
(-0.004208361196 0.000746794076 0)
(-0.005549652123 0.0008919261207 0)
(-0.007118116154 0.001060610081 0)
(-0.00894106847 0.001251237685 0)
(-0.01103983105 0.001459181432 0)
(-0.013425643 0.001677312168 0)
(-0.01609594684 0.001896041845 0)
(-0.0190307825 0.002103049997 0)
(-0.02218931227 0.00228299362 0)
(-0.02550685464 0.002417525404 0)
(-0.02889308362 0.002485881434 0)
(-0.03223214019 0.002466176811 0)
(-0.0353852234 0.002337379623 0)
(-0.03819600549 0.002081792738 0)
(-0.04049937552 0.001687993919 0)
(-0.04213402685 0.00115396102 0)
(-0.04295715885 0.0004882561566 0)
(-0.04284981604 -0.0002903736621 0)
(-0.04171447933 -0.001147318768 0)
(-0.03951154655 -0.002031456495 0)
(-0.03626836518 -0.002887388813 0)
(-0.03206732166 -0.003654230003 0)
(-0.02705083063 -0.004271029247 0)
(-0.02141793577 -0.004683114285 0)
(-0.01541471888 -0.004848949736 0)
(-0.009318412347 -0.004747974998 0)
(-0.003420850776 -0.004388278104 0)
(0.001986615526 -0.003788950591 0)
(0.006653777186 -0.003006158652 0)
(0.01039218196 -0.002113679846 0)
(0.01307888885 -0.001189870136 0)
(0.01467662235 -0.0003124548296 0)
(0.01523210962 0.0004585380878 0)
(0.0148577999 0.001083274586 0)
(0.01371183306 0.001547231827 0)
(0.01197813624 0.001853245964 0)
(0.009845893844 0.002015037588 0)
(0.007500599693 0.002042389638 0)
(0.005127860285 0.001925544927 0)
(0.002917264791 0.001623235941 0)
(0.00109742746 0.00106864149 0)
(0.0001592283066 0.0002776622196 0)
(4.03104105e-05 -0.0002446152198 0)
(-3.149529783e-05 -8.291917183e-05 0)
(-0.0004115497437 0.0003004319162 0)
(-0.001099767917 0.000717395044 0)
(-0.002078530411 0.001099062752 0)
(-0.003322785228 0.001438330304 0)
(-0.004819701328 0.00175920122 0)
(-0.006576712514 0.002093339813 0)
(-0.008619631812 0.002466911533 0)
(-0.01098576382 0.002895117418 0)
(-0.01371556676 0.003381352559 0)
(-0.01684452653 0.003918499833 0)
(-0.02039589727 0.004490616886 0)
(-0.02437433024 0.005074077099 0)
(-0.02876020204 0.005637988418 0)
(-0.03350464548 0.006144293027 0)
(-0.0385256824 0.006548237499 0)
(-0.04370621581 0.006799882241 0)
(-0.04889477146 0.006847056078 0)
(-0.05390970006 0.006639757669 0)
(-0.05854702938 0.006135554467 0)
(-0.06259131009 0.005305215031 0)
(-0.06582858384 0.004138015954 0)
(-0.06806183287 0.002646380295 0)
(-0.0691248143 0.0008685791966 0)
(-0.06888473058 -0.001130410247 0)
(-0.06724808974 -0.003262093157 0)
(-0.06419128897 -0.005419954927 0)
(-0.05975810349 -0.007483468679 0)
(-0.05405203058 -0.009324203868 0)
(-0.04724208227 -0.01081644099 0)
(-0.03955934665 -0.01184753501 0)
(-0.03129024537 -0.01232973928 0)
(-0.02276468759 -0.01221224804 0)
(-0.01434002033 -0.01149198052 0)
(-0.006380016171 -0.01021637518 0)
(0.0007734407226 -0.008478800369 0)
(0.006832143521 -0.00642350589 0)
(0.01158168099 -0.004215013882 0)
(0.01490549083 -0.002032580533 0)
(0.01679376186 -2.541972794e-05 0)
(0.01733243468 0.001689613112 0)
(0.01668624936 0.003048325147 0)
(0.01507446197 0.00402519687 0)
(0.0127486622 0.00462510156 0)
(0.009972043477 0.004855807973 0)
(0.007014138525 0.004698577997 0)
(0.004144843218 0.004086296877 0)
(0.001682630194 0.002907797375 0)
(0.0002997721126 0.001096012116 0)
(-9.829389477e-06 -0.0001833431857 0)
(-0.0003211281102 0.0003026123116 0)
(-0.00114340146 0.001053442457 0)
(-0.002379866578 0.001821543861 0)
(-0.003987178108 0.002523943449 0)
(-0.005936589217 0.003164179473 0)
(-0.008221048475 0.003787443182 0)
(-0.01086068603 0.00444707455 0)
(-0.01389665647 0.005184875145 0)
(-0.01738053431 0.006022717813 0)
(-0.02136313018 0.006961150448 0)
(-0.02588403811 0.007981338178 0)
(-0.03096241066 0.009047750621 0)
(-0.03658901826 0.01011026562 0)
(-0.04271963208 0.01110559065 0)
(-0.04927011894 0.01195876762 0)
(-0.05611403538 0.01258582725 0)
(-0.06308363931 0.01289839983 0)
(-0.06997495208 0.01281045315 0)
(-0.07655686138 0.01224658668 0)
(-0.08258339068 0.01115071373 0)
(-0.08780740156 0.00949377228 0)
(-0.09199411633 0.007279566599 0)
(-0.09493442119 0.004548871658 0)
(-0.09645663659 0.00138186654 0)
(-0.09643298191 -0.002106692802 0)
(-0.09476621716 -0.005785714834 0)
(-0.09142266948 -0.009483274597 0)
(-0.08644012377 -0.01301568672 0)
(-0.07990892351 -0.01618903647 0)
(-0.0719857714 -0.01881220731 0)
(-0.06289320831 -0.02070972232 0)
(-0.05291896643 -0.02173790138 0)
(-0.04240988345 -0.02180191492 0)
(-0.03176028346 -0.0208720502 0)
(-0.02139215483 -0.01899510256 0)
(-0.01172713735 -0.01629813783 0)
(-0.003149449183 -0.01298212198 0)
(0.004013677044 -0.009303235655 0)
(0.009543364376 -0.005540635815 0)
(0.01334820187 -0.001960907825 0)
(0.01545359736 0.001216837346 0)
(0.01599628082 0.003838480185 0)
(0.015197844 0.005828725216 0)
(0.01334387389 0.007160376318 0)
(0.01075077449 0.007823886366 0)
(0.007752732827 0.007784560044 0)
(0.004687712635 0.00694454609 0)
(0.001952502839 0.005130069927 0)
(0.0003623121093 0.002134790476 0)
(-6.965514036e-05 5.832517474e-05 0)
(-0.0006749251066 0.001093829453 0)
(-0.002033606693 0.002352675481 0)
(-0.003916159809 0.003565706064 0)
(-0.006245973606 0.004663619354 0)
(-0.008989378588 0.005679525213 0)
(-0.01214748234 0.006691034363 0)
(-0.01575678743 0.007777908314 0)
(-0.01987677396 0.008997472412 0)
(-0.02457434785 0.01037458179 0)
(-0.02990942349 0.01190062288 0)
(-0.03592235059 0.01353678751 0)
(-0.04262335137 0.01521832853 0)
(-0.04998399553 0.01685831575 0)
(-0.05793097342 0.01835107523 0)
(-0.06634287595 0.01957647578 0)
(-0.07505090462 0.02040628355 0)
(-0.08384411363 0.02071308164 0)
(-0.09247898212 0.02038118292 0)
(-0.1006921987 0.01931806956 0)
(-0.1082148303 0.01746448821 0)
(-0.1147855618 0.01480157387 0)
(-0.120161019 0.01135464778 0)
(-0.1241238426 0.007195505127 0)
(-0.1264928239 0.002444049283 0)
(-0.1271368976 -0.002739626204 0)
(-0.1259407066 -0.008179988525 0)
(-0.1228329912 -0.01365023236 0)
(-0.1178249116 -0.01891040691 0)
(-0.1109669531 -0.02370409663 0)
(-0.1023783634 -0.02777292386 0)
(-0.0922483384 -0.03087072652 0)
(-0.08084337778 -0.03278356355 0)
(-0.06850790542 -0.03335235457 0)
(-0.05565925088 -0.03249689641 0)
(-0.0427724934 -0.03023671018 0)
(-0.0303536234 -0.02670448876 0)
(-0.01890116453 -0.02214562091 0)
(-0.008864790762 -0.01690232095 0)
(-0.0005928153489 -0.01136123567 0)
(0.00570408663 -0.005925127485 0)
(0.009963964427 -0.0009447129718 0)
(0.01228031993 0.003309598473 0)
(0.01286770481 0.006674407541 0)
(0.01202441785 0.009066533081 0)
(0.01010941085 0.01044184473 0)
(0.007514213576 0.01073925355 0)
(0.004641405905 0.009823012138 0)
(0.001958496743 0.00744540812 0)
(0.0003655374549 0.003242524982 0)
(-0.0001389824318 0.0005100808339 0)
(-0.001079140491 0.002354263068 0)
(-0.003042167029 0.004278210129 0)
(-0.005644133735 0.006034553748 0)
(-0.008769399956 0.007602707503 0)
(-0.01237953648 0.009069382658 0)
(-0.01648652679 0.01055822569 0)
(-0.02114655747 0.0121804393 0)
(-0.02643970478 0.0140075509 0)
(-0.03244857471 0.01606178341 0)
(-0.03924053973 0.01831707804 0)
(-0.04685347943 0.02070490378 0)
(-0.05528471208 0.02312106205 0)
(-0.06448302236 0.02543212918 0)
(-0.07434415386 0.02748215588 0)
(-0.08471055307 0.0291010618 0)
(-0.0953760053 0.03011568665 0)
(-0.1060949746 0.03036317874 0)
(-0.1165953573 0.02970511214 0)
(-0.1265926666 0.02804013626 0)
(-0.1358036398 0.02531324009 0)
(-0.1439572173 0.02152055826 0)
(-0.1508008319 0.01671013647 0)
(-0.1561036166 0.01098134423 0)
(-0.1596669717 0.004485256855 0)
(-0.161346789 -0.002581408082 0)
(-0.1610068417 -0.00999803812 0)
(-0.1585250734 -0.01749110768 0)
(-0.153880713 -0.02477208526 0)
(-0.1470708946 -0.03152592228 0)
(-0.1381624387 -0.03742455563 0)
(-0.1272913513 -0.04214305073 0)
(-0.114679861 -0.04538191555 0)
(-0.1006450987 -0.04689467404 0)
(-0.08560449623 -0.04652049081 0)
(-0.07006999464 -0.04421709565 0)
(-0.05462765698 -0.04008810998 0)
(-0.0398991291 -0.03439565801 0)
(-0.02648652912 -0.02754920834 0)
(-0.0149052919 -0.02006118575 0)
(-0.005522968298 -0.01248731944 0)
(0.001479400151 -0.0053470244 0)
(0.006120200075 0.0009407076701 0)
(0.008590733256 0.006080514465 0)
(0.009206906976 0.009905041039 0)
(0.008369407311 0.01231623552 0)
(0.006528526676 0.01321529208 0)
(0.004153556498 0.01242326403 0)
(0.001777036333 0.009618420079 0)
(0.000331338243 0.004294757261 0)
(-0.0002165018878 0.001194188289 0)
(-0.001524013309 0.00413376136 0)
(-0.004142745698 0.006890108743 0)
(-0.007518453866 0.009290804184 0)
(-0.01149429349 0.0114051925 0)
(-0.0160292962 0.01340105485 0)
(-0.02114970896 0.01546275862 0)
(-0.02693430261 0.01773732105 0)
(-0.03348498267 0.02030750298 0)
(-0.04089924142 0.02318536025 0)
(-0.04924932717 0.02631750849 0)
(-0.05856698383 0.02959509707 0)
(-0.0688327928 0.03286442696 0)
(-0.07996975766 0.03593725033 0)
(-0.0918414104 0.03860186055 0)
(-0.1042550005 0.04063642301 0)
(-0.1169698049 0.04182482597 0)
(-0.1297094863 0.0419736578 0)
(-0.1421764792 0.04092785962 0)
(-0.1540662926 0.03858274603 0)
(-0.1650803241 0.03489117821 0)
(-0.1749359279 0.02986573126 0)
(-0.1833715646 0.02357633169 0)
(-0.1901475273 0.01614533563 0)
(-0.1950539678 0.007746063511 0)
(-0.1979341109 -0.001387651061 0)
(-0.198645578 -0.01095616858 0)
(-0.1970284143 -0.02070690781 0)
(-0.1930413578 -0.03029275637 0)
(-0.1866221261 -0.03934579627 0)
(-0.1777733467 -0.04747184921 0)
(-0.1665564547 -0.0542668586 0)
(-0.1531175889 -0.05933693796 0)
(-0.1377058073 -0.06232812875 0)
(-0.120693705 -0.06296628408 0)
(-0.1025877793 -0.06110333953 0)
(-0.08402348935 -0.05676369016 0)
(-0.065735441 -0.05017874458 0)
(-0.04849822838 -0.0417945396 0)
(-0.03304033558 -0.03223858108 0)
(-0.01994780503 -0.02224474376 0)
(-0.009584323496 -0.01254703978 0)
(-0.002053947524 -0.003776142569 0)
(0.002787761821 0.003600765985 0)
(0.00527174904 0.009288932653 0)
(0.005848497076 0.01311362042 0)
(0.005038373448 0.01492774918 0)
(0.003386008073 0.01450897917 0)
(0.00148889696 0.01147294524 0)
(0.0002802481011 0.005208856458 0)
(-0.0003014241763 0.002132283322 0)
(-0.00200203224 0.006471512193 0)
(-0.005313815992 0.01023266763 0)
(-0.009501001577 0.01338019484 0)
(-0.01436628632 0.01611958234 0)
(-0.01986993484 0.01872915439 0)
(-0.02605609526 0.02146847433 0)
(-0.03302817302 0.02452317777 0)
(-0.04090962567 0.02798220075 0)
(-0.04981032377 0.03183798433 0)
(-0.05980326408 0.03599865474 0)
(-0.07090909357 0.04030400141 0)
(-0.08308660966 0.04454119209 0)
(-0.09622846242 0.04845992604 0)
(-0.1101620928 0.05178862643 0)
(-0.124656117 0.05425289643 0)
(-0.1394316792 0.0555956619 0)
(-0.1541772744 0.05559671482 0)
(-0.1685649984 0.05408889835 0)
(-0.1822664502 0.05096899001 0)
(-0.1949672673 0.04620279643 0)
(-0.2063793094 0.03982485769 0)
(-0.2162476743 0.03193317736 0)
(-0.2243481993 0.02268069223 0)
(-0.230476711 0.01226995885 0)
(-0.23445371 0.0009604200292 0)
(-0.2362072313 -0.01093050108 0)
(-0.2356014115 -0.02311003 0)
(-0.2325178409 -0.03520474324 0)
(-0.2268611985 -0.04681424862 0)
(-0.2185632959 -0.05749895719 0)
(-0.2075910271 -0.06678894743 0)
(-0.1939773648 -0.07420020403 0)
(-0.1778500947 -0.07926130621 0)
(-0.1594705116 -0.08155648714 0)
(-0.1392662695 -0.08078312978 0)
(-0.1178529393 -0.07681980779 0)
(-0.09602812024 -0.06979213309 0)
(-0.07472530074 -0.06011612359 0)
(-0.05491924708 -0.04849412753 0)
(-0.03749200816 -0.03584440615 0)
(-0.02309156424 -0.0231670383 0)
(-0.01203262422 -0.01138421803 0)
(-0.004278262682 -0.001215474102 0)
(0.0004967658958 0.006858862574 0)
(0.002805045128 0.01255320345 0)
(0.003255161462 0.01566026407 0)
(0.002484710707 0.01592046193 0)
(0.00116624528 0.01290705241 0)
(0.0002296227903 0.005949129955 0)
(-0.0003927002814 0.003341877522 0)
(-0.002504809727 0.009395770858 0)
(-0.006532743383 0.01433540502 0)
(-0.01155282474 0.01833264825 0)
(-0.01733004035 0.0217793609 0)
(-0.02383030052 0.02509459535 0)
(-0.03111874068 0.02862618155 0)
(-0.03932390884 0.03259876494 0)
(-0.04858842355 0.03709990629 0)
(-0.05902972552 0.04209101726 0)
(-0.07071510497 0.04742935207 0)
(-0.08364666349 0.05289174982 0)
(-0.09775333159 0.05819647258 0)
(-0.1128887285 0.06302385412 0)
(-0.128834747 0.06703794773 0)
(-0.1453109993 0.06991015453 0)
(-0.1619896589 0.07134352751 0)
(-0.1785143578 0.07109491158 0)
(-0.1945212347 0.0689920419 0)
(-0.209659917 0.06494365718 0)
(-0.2236122357 0.0589420942 0)
(-0.2361064814 0.05105892027 0)
(-0.246923289 0.04143467599 0)
(-0.2558878305 0.03026540808 0)
(-0.2628521507 0.01778954802 0)
(-0.2676948183 0.00427747391 0)
(-0.2703520709 -0.009971184207 0)
(-0.2707390814 -0.02458824431 0)
(-0.2687427176 -0.03923208408 0)
(-0.2642279961 -0.05349204833 0)
(-0.2570581038 -0.06691688869 0)
(-0.2470923648 -0.07899894607 0)
(-0.2342221726 -0.08918597226 0)
(-0.2184037678 -0.09689722385 0)
(-0.1997132388 -0.1015623971 0)
(-0.1784036959 -0.1026834345 0)
(-0.1549617494 -0.09992012431 0)
(-0.1301423729 -0.09319118306 0)
(-0.1049612946 -0.08276942718 0)
(-0.08062026726 -0.06933559222 0)
(-0.05835424352 -0.0539484853 0)
(-0.03922097252 -0.03790542654 0)
(-0.02389849989 -0.02251731366 0)
(-0.01257881382 -0.008883542651 0)
(-0.005005346831 0.002230057983 0)
(-0.0006127632039 0.01036666717 0)
(0.0013205492 0.01523965343 0)
(0.0015551954 0.01655855882 0)
(0.0008623948822 0.01388130258 0)
(0.0001920030933 0.006517942153 0)
(-0.0004884083511 0.004835142908 0)
(-0.003021208619 0.01292262982 0)
(-0.007772493454 0.01921223883 0)
(-0.01362932802 0.02416135856 0)
(-0.02032288709 0.02840107989 0)
(-0.02782874398 0.0325207365 0)
(-0.0362346119 0.03696700102 0)
(-0.04569237744 0.04200079689 0)
(-0.05635869299 0.04769791971 0)
(-0.06835084422 0.05397520303 0)
(-0.0817208195 0.0606251594 0)
(-0.09644107607 0.06734891978 0)
(-0.112398085 0.07378487881 0)
(-0.1293922774 0.07953534023 0)
(-0.1471446051 0.08419423665 0)
(-0.1653103929 0.0873768181 0)
(-0.1835004633 0.088749342 0)
(-0.2013080665 0.08805517018 0)
(-0.2183385825 0.08513351764 0)
(-0.2342374971 0.07992784481 0)
(-0.2487119539 0.07248272926 0)
(-0.2615428022 0.06293055714 0)
(-0.2725842682 0.0514719874 0)
(-0.2817485821 0.03835412108 0)
(-0.2889803699 0.02384926462 0)
(-0.2942391493 0.008239962924 0)
(-0.2975046185 -0.008174140841 0)
(-0.2987631095 -0.02504975455 0)
(-0.2979345612 -0.0420752932 0)
(-0.2948605173 -0.05886737374 0)
(-0.2893574601 -0.07499932805 0)
(-0.2811879348 -0.08996923586 0)
(-0.2700985783 -0.1031967742 0)
(-0.2558486181 -0.1140249248 0)
(-0.2382728332 -0.1217437434 0)
(-0.2173571001 -0.1256453845 0)
(-0.1933293542 -0.1251138757 0)
(-0.1667459703 -0.119754149 0)
(-0.1385481161 -0.1095442393 0)
(-0.1100483776 -0.09497413244 0)
(-0.08280806237 -0.07710821494 0)
(-0.05838872608 -0.05749973495 0)
(-0.03802588707 -0.03792911118 0)
(-0.02235516893 -0.02004321364 0)
(-0.01133724578 -0.005070319556 0)
(-0.004408019855 0.006245138409 0)
(-0.0007221783832 0.01349229138 0)
(0.0006446716425 0.0163518292 0)
(0.0006048130471 0.01439341957 0)
(0.0001740777363 0.006941534711 0)
(-0.0005856029949 0.00661717299 0)
(-0.00353667045 0.01705369297 0)
(-0.009000112066 0.02485949044 0)
(-0.01567775154 0.03086068692 0)
(-0.02327116411 0.03598118295 0)
(-0.03176815981 0.04100811639 0)
(-0.04127822597 0.04649414884 0)
(-0.05197182396 0.05273010571 0)
(-0.06401133678 0.05976653453 0)
(-0.07750288252 0.06745976969 0)
(-0.09247000637 0.07552177561 0)
(-0.1088404231 0.08356335925 0)
(-0.126441194 0.09113027153 0)
(-0.1450014402 0.09773689937 0)
(-0.1641638329 0.1029018845 0)
(-0.1835064189 0.1061863432 0)
(-0.20257458 0.107231401 0)
(-0.2209197937 0.1057893202 0)
(-0.2381390291 0.101741903 0)
(-0.2539071262 0.09510214865 0)
(-0.2679958563 0.08599909363 0)
(-0.280277139 0.07465039764 0)
(-0.2907115296 0.06133066888 0)
(-0.2993241544 0.04634133522 0)
(-0.3061719815 0.0299843357 0)
(-0.3113119406 0.01254386047 0)
(-0.3147890785 -0.005708882217 0)
(-0.3166649528 -0.02448783073 0)
(-0.3169119612 -0.04351998253 0)
(-0.3153815087 -0.06249154194 0)
(-0.3118769883 -0.0810392902 0)
(-0.3061031499 -0.09872146451 0)
(-0.2976939862 -0.1149864387 0)
(-0.2862307815 -0.12916005 0)
(-0.2712972036 -0.1404423836 0)
(-0.2525592053 -0.1479424543 0)
(-0.2298770523 -0.1507543134 0)
(-0.2034397199 -0.1480931885 0)
(-0.1738968381 -0.1394889647 0)
(-0.1424439773 -0.12501643 0)
(-0.1107972089 -0.1054971065 0)
(-0.08098875593 -0.08255840755 0)
(-0.05496424199 -0.05843225325 0)
(-0.03408996094 -0.03548186441 0)
(-0.01882336604 -0.01566037769 0)
(-0.008755993408 -0.0002198444582 0)
(-0.002946206753 0.01019493308 0)
(-0.0002669260488 0.01521746613 0)
(0.0003918011015 0.01444605311 0)
(0.0001765819587 0.007253744148 0)
(-0.0006803288826 0.008683815166 0)
(-0.004033165937 0.02177323705 0)
(-0.01017642868 0.03125327299 0)
(-0.01763647049 0.03840330125 0)
(-0.02608899073 0.0444919569 0)
(-0.0355342453 0.05052829859 0)
(-0.04609963809 0.05717400115 0)
(-0.05796617628 0.06473952736 0)
(-0.07129050641 0.07323354699 0)
(-0.08615354637 0.08243350544 0)
(-0.1025343228 0.09195290236 0)
(-0.1202980609 0.1012958123 0)
(-0.1391939062 0.1099017333 0)
(-0.158862632 0.1171887579 0)
(-0.1788569386 0.1226006129 0)
(-0.198676042 0.1256567932 0)
(-0.2178122917 0.1259992122 0)
(-0.2358026424 0.1234258597 0)
(-0.2522741684 0.1179025853 0)
(-0.2669734164 0.109549981 0)
(-0.2797747346 0.09860970452 0)
(-0.2906689753 0.08540027169 0)
(-0.2997384809 0.07027369975 0)
(-0.307125231 0.05358051447 0)
(-0.3129963845 0.03564368564 0)
(-0.3175074086 0.01673905173 0)
(-0.3207760837 -0.002910199365 0)
(-0.3229251585 -0.02310624283 0)
(-0.3239743839 -0.04360166303 0)
(-0.3238302452 -0.06419440926 0)
(-0.3223217041 -0.08461727881 0)
(-0.3191560389 -0.1045395946 0)
(-0.3139182912 -0.1235019756 0)
(-0.3060782513 -0.1408904064 0)
(-0.2950201752 -0.1559001632 0)
(-0.2801100268 -0.1675356818 0)
(-0.2608041149 -0.1746515412 0)
(-0.2368064844 -0.1760647494 0)
(-0.2082628805 -0.1707565611 0)
(-0.17595742 -0.1581679309 0)
(-0.1414384576 -0.1385482816 0)
(-0.1069651623 -0.1132415963 0)
(-0.07516342601 -0.08470446874 0)
(-0.04837706523 -0.05606790999 0)
(-0.02796168343 -0.03032009312 0)
(-0.0139847227 -0.009585215126 0)
(-0.005533181171 0.005022451846 0)
(-0.001267723797 0.01301353892 0)
(0.0001919288544 0.01401892777 0)
(0.0001958039028 0.007480728484 0)
(-0.0007677481547 0.01101962163 0)
(-0.004489644633 0.02704549786 0)
(-0.01125682569 0.03834686955 0)
(-0.01943598003 0.04673718213 0)
(-0.02867948672 0.05387736988 0)
(-0.03899725211 0.06101789846 0)
(-0.0505274469 0.06892803574 0)
(-0.06345057759 0.07792389772 0)
(-0.07790365 0.0879528478 0)
(-0.09392658774 0.0986929997 0)
(-0.1114369541 0.1096400786 0)
(-0.1302204648 0.120174829 0)
(-0.1499334723 0.1296192374 0)
(-0.1701194193 0.1372932216 0)
(-0.1902427753 0.1425772225 0)
(-0.2097405136 0.144976166 0)
(-0.2280840171 0.144172947 0)
(-0.2448386668 0.1400574432 0)
(-0.2597070332 0.1327223257 0)
(-0.2725462647 0.1224272845 0)
(-0.2833591898 0.1095430886 0)
(-0.2922657148 0.09449115835 0)
(-0.299464481 0.07769209357 0)
(-0.3051952458 0.05953016505 0)
(-0.3097091733 0.04033278673 0)
(-0.3132429566 0.02035752452 0)
(-0.315983266 -0.0002185048272 0)
(-0.3180562951 -0.0212798654 0)
(-0.3195178754 -0.04263327251 0)
(-0.3203760245 -0.06418958505 0)
(-0.320509422 -0.08579822421 0)
(-0.3196886481 -0.1072637444 0)
(-0.3175309396 -0.1282718258 0)
(-0.3134962027 -0.1483447028 0)
(-0.3068794234 -0.1667781603 0)
(-0.2968454243 -0.1825962751 0)
(-0.2825078622 -0.1945380259 0)
(-0.263076271 -0.2011119432 0)
(-0.23807442 -0.2007583247 0)
(-0.2076175199 -0.1921534294 0)
(-0.1726966614 -0.1746617307 0)
(-0.1353545022 -0.1488639688 0)
(-0.09857018737 -0.1169429781 0)
(-0.06567025968 -0.08255565538 0)
(-0.03930192114 -0.0499316235 0)
(-0.02052222377 -0.02256804525 0)
(-0.008748946092 -0.002484570005 0)
(-0.002490543733 0.009504658493 0)
(-4.298741054e-05 0.01303588961 0)
(0.0002220080872 0.007626712012 0)
(-0.0008423969639 0.013596229 0)
(-0.00488297834 0.03281256499 0)
(-0.01219301155 0.04606867037 0)
(-0.02100148449 0.05578320711 0)
(-0.03093840125 0.06404977859 0)
(-0.04201730104 0.07237420459 0)
(-0.05437699544 0.08162767585 0)
(-0.06818434925 0.0921150008 0)
(-0.08354194212 0.1037009988 0)
(-0.100433464 0.1159432456 0)
(-0.1187005582 0.1282009967 0)
(-0.1380377821 0.139718127 0)
(-0.1580032294 0.1496947253 0)
(-0.1780482557 0.1573619782 0)
(-0.1975690578 0.1620631001 0)
(-0.215975575 0.16332963 0)
(-0.23276432 0.1609349398 0)
(-0.2475776056 0.1549081544 0)
(-0.2602344992 0.1455039633 0)
(-0.2707286246 0.1331386235 0)
(-0.2791986998 0.1183118818 0)
(-0.2858833591 0.1015345767 0)
(-0.2910728064 0.0832747559 0)
(-0.295068954 0.06392633398 0)
(-0.2981622256 0.04379746672 0)
(-0.3006216571 0.02311203802 0)
(-0.3026717707 0.00201621986 0)
(-0.3044191295 -0.0194062247 0)
(-0.3059383221 -0.04108783055 0)
(-0.3073182853 -0.06300449688 0)
(-0.3085101885 -0.08511995915 0)
(-0.309382929 -0.1073670929 0)
(-0.3096608943 -0.1295981368 0)
(-0.3088986689 -0.1515232664 0)
(-0.3064402483 -0.1726319076 0)
(-0.3014069854 -0.1921054109 0)
(-0.2927252418 -0.2087419059 0)
(-0.2792260977 -0.2209281235 0)
(-0.2598402325 -0.2267116898 0)
(-0.233900941 -0.2240389464 0)
(-0.2015357064 -0.2112187032 0)
(-0.1640666941 -0.1876181733 0)
(-0.1242351212 -0.1544530958 0)
(-0.08594722316 -0.115249885 0)
(-0.05325454305 -0.07531556177 0)
(-0.02879812866 -0.04000537239 0)
(-0.01289124909 -0.01293261089 0)
(-0.004098012014 0.00434137661 0)
(-0.0003721841133 0.01134349655 0)
(0.0002462838177 0.007661428306 0)
(-0.0008985750382 0.01637144918 0)
(-0.005189363081 0.03899330962 0)
(-0.01293567971 0.0543211774 0)
(-0.02225689411 0.06543398958 0)
(-0.03275987291 0.07488846828 0)
(-0.04445283745 0.08445375142 0)
(-0.0574630313 0.09509385621 0)
(-0.07192998253 0.1070837734 0)
(-0.08790838054 0.1201844971 0)
(-0.10531393 0.1338133381 0)
(-0.1239041115 0.1471780425 0)
(-0.1432803943 0.1593790056 0)
(-0.1629107253 0.1695009246 0)
(-0.182176058 0.1767095537 0)
(-0.2004405009 0.1803506748 0)
(-0.2171339002 0.1800330798 0)
(-0.2318274769 0.1756713529 0)
(-0.2442826758 0.1674731951 0)
(-0.2544615138 0.1558754665 0)
(-0.2625006104 0.1414502897 0)
(-0.2686615187 0.1248085998 0)
(-0.2732728373 0.1065225643 0)
(-0.2766776696 0.08707663213 0)
(-0.2791968969 0.06684650471 0)
(-0.2811135898 0.04610010522 0)
(-0.2826717797 0.02501456824 0)
(-0.2840641993 0.003702830895 0)
(-0.2853952766 -0.01776803586 0)
(-0.2867527238 -0.03942514037 0)
(-0.2882351238 -0.06128514607 0)
(-0.2898692798 -0.08338913151 0)
(-0.29162854 -0.1057714212 0)
(-0.2933825702 -0.1284324219 0)
(-0.2948541025 -0.1512807113 0)
(-0.2955548338 -0.1740507413 0)
(-0.2947283179 -0.1961901895 0)
(-0.2913165618 -0.2167308867 0)
(-0.2839865548 -0.2341722562 0)
(-0.2712557528 -0.2464330365 0)
(-0.2517545598 -0.2509542972 0)
(-0.2246444405 -0.2450594947 0)
(-0.1901631729 -0.2266699719 0)
(-0.1501703673 -0.1953790928 0)
(-0.1083911514 -0.1535994658 0)
(-0.06985492264 -0.1069432036 0)
(-0.03913595661 -0.06273554226 0)
(-0.01823625862 -0.02704532978 0)
(-0.006245405663 -0.002935135909 0)
(-0.0008543266462 0.008711986157 0)
(0.0002571724762 0.007523161588 0)
(-0.0009308446234 0.0192893306 0)
(-0.005386074273 0.0454836937 0)
(-0.01343781989 0.06298147637 0)
(-0.02312983387 0.07555450571 0)
(-0.03404368412 0.08624076277 0)
(-0.04617117189 0.09707478356 0)
(-0.05961501472 0.1091023458 0)
(-0.07447502267 0.1225506258 0)
(-0.09074819851 0.1370578478 0)
(-0.1082767563 0.1518855839 0)
(-0.1267348835 0.1660818899 0)
(-0.1456409482 0.1786071421 0)
(-0.1643946185 0.1884498984 0)
(-0.1823414122 0.1947465488 0)
(-0.1988585097 0.1968942711 0)
(-0.2134437126 0.1946311653 0)
(-0.2257843562 0.1880560601 0)
(-0.2357870195 0.1775793377 0)
(-0.2435624601 0.1638212345 0)
(-0.2493758925 0.1474904716 0)
(-0.2535809527 0.1292761236 0)
(-0.2565551543 0.1097730919 0)
(-0.2586497388 0.08944592253 0)
(-0.2601611893 0.06862451445 0)
(-0.2613247852 0.04752150937 0)
(-0.2623210176 0.02626270396 0)
(-0.2632792216 0.004920220033 0)
(-0.2642793487 -0.01647422734 0)
(-0.2653975429 -0.03795785917 0)
(-0.2667196162 -0.05957029766 0)
(-0.2683178642 -0.08138374188 0)
(-0.2702502793 -0.1034898892 0)
(-0.2725250921 -0.1259906539 0)
(-0.2750537989 -0.1489595594 0)
(-0.277578161 -0.1723720216 0)
(-0.2795829386 -0.1959901629 0)
(-0.2802087488 -0.219202531 0)
(-0.2781989629 -0.2408349346 0)
(-0.2719281834 -0.2589789729 0)
(-0.2595694958 -0.2709235505 0)
(-0.2394530756 -0.2733197294 0)
(-0.2106413316 -0.2627466737 0)
(-0.1736742995 -0.2368340201 0)
(-0.1312769434 -0.1959124512 0)
(-0.0885238799 -0.1445647114 0)
(-0.05161919121 -0.09139159035 0)
(-0.02498276022 -0.04559054587 0)
(-0.009064234178 -0.01287988155 0)
(-0.001542014738 0.004838607754 0)
(0.0002476187539 0.007121995007 0)
(-0.0009345885146 0.02228138423 0)
(-0.005453396571 0.05215869207 0)
(-0.01365832335 0.07190341928 0)
(-0.02355706562 0.08598480476 0)
(-0.03470303118 0.09792602878 0)
(-0.04705949417 0.1100238126 0)
(-0.06069244005 0.1233945793 0)
(-0.07565266597 0.1382026379 0)
(-0.09187523319 0.1539494145 0)
(-0.1091312524 0.1697321331 0)
(-0.1270223942 0.1844401626 0)
(-0.1450048768 0.196908568 0)
(-0.1624421931 0.2060604465 0)
(-0.1786857562 0.2110470498 0)
(-0.1931702451 0.211367489 0)
(-0.2055002028 0.2069343493 0)
(-0.215503626 0.1980592374 0)
(-0.2232370757 0.1853606047 0)
(-0.2289447116 0.1696245941 0)
(-0.2329887205 0.1516621213 0)
(-0.2357733792 0.1321976917 0)
(-0.2376809101 0.1118064782 0)
(-0.239029684 0.09089773552 0)
(-0.2400577236 0.06973170651 0)
(-0.2409271209 0.04845494389 0)
(-0.2417394446 0.02714116193 0)
(-0.2425530034 0.005825596201 0)
(-0.2434013088 -0.01548097868 0)
(-0.2443279212 -0.0368002277 0)
(-0.2453979142 -0.05816344754 0)
(-0.2466979083 -0.07963337128 0)
(-0.2483357581 -0.1013101576 0)
(-0.2504203422 -0.123338933 0)
(-0.2530239275 -0.1458966507 0)
(-0.2561158527 -0.1691479779 0)
(-0.259466443 -0.1931499023 0)
(-0.2625267897 -0.2176903954 0)
(-0.2643092056 -0.2420589799 0)
(-0.26331517 -0.264775952 0)
(-0.2575789161 -0.2833534764 0)
(-0.2449044779 -0.2942214855 0)
(-0.2233644086 -0.2930213886 0)
(-0.1920879764 -0.2755306915 0)
(-0.1522560564 -0.2394503146 0)
(-0.1079446363 -0.1868932409 0)
(-0.06594971522 -0.1261077388 0)
(-0.03321987396 -0.06926112534 0)
(-0.01264809699 -0.02610150721 0)
(-0.002470691766 -0.0006301793531 0)
(0.0002136473385 0.006343537553 0)
(-0.0009065630928 0.02526896087 0)
(-0.005376513114 0.05887578966 0)
(-0.01356545634 0.08092145475 0)
(-0.0234896206 0.09654468198 0)
(-0.03467169123 0.109742273 0)
(-0.04703460965 0.1230655275 0)
(-0.06059750717 0.1376924229 0)
(-0.07535715383 0.1537146783 0)
(-0.09118876058 0.1704900288 0)
(-0.1078026151 0.1869513244 0)
(-0.124747129 0.2018400684 0)
(-0.1414448047 0.2138906234 0)
(-0.1572594 0.2219985239 0)
(-0.1715879193 0.2253759355 0)
(-0.1839577002 0.2236686273 0)
(-0.1941026708 0.2169956043 0)
(-0.2019957274 0.2058919045 0)
(-0.207827911 0.1911710706 0)
(-0.2119450062 0.173752706 0)
(-0.2147647848 0.1545063866 0)
(-0.2166988501 0.1341468337 0)
(-0.2180955999 0.1131904597 0)
(-0.219211096 0.09196333545 0)
(-0.220206059 0.07064100119 0)
(-0.2211611973 0.04930020907 0)
(-0.2221005681 0.02796721938 0)
(-0.2230164385 0.006652136827 0)
(-0.2238957322 -0.01463681801 0)
(-0.2247454253 -0.03589770643 0)
(-0.2256021214 -0.05713133174 0)
(-0.2265435681 -0.07836297146 0)
(-0.227692304 -0.09966201684 0)
(-0.2292090114 -0.121163476 0)
(-0.2312710163 -0.1430791393 0)
(-0.2340243574 -0.1656851509 0)
(-0.2374996181 -0.1892628026 0)
(-0.2414853175 -0.2139651067 0)
(-0.2453681568 -0.239586029 0)
(-0.2479770815 -0.2652324208 0)
(-0.2475009022 -0.2889457208 0)
(-0.2415739197 -0.3073918386 0)
(-0.2276300855 -0.3158281132 0)
(-0.2036065849 -0.308663078 0)
(-0.1690168255 -0.2810171469 0)
(-0.1262295126 -0.2315911627 0)
(-0.08131299389 -0.1662033185 0)
(-0.04286124579 -0.09848839163 0)
(-0.01704358874 -0.04319170511 0)
(-0.003666427748 -0.008077774638 0)
(0.0001495955068 0.005057659515 0)
(-0.0008453534127 0.02816666856 0)
(-0.005147093973 0.06547989004 0)
(-0.01313976204 0.08985587709 0)
(-0.02289696666 0.1070399301 0)
(-0.03390954816 0.121474615 0)
(-0.04604984055 0.1359547299 0)
(-0.05928295596 0.151714568 0)
(-0.07355125102 0.1687707622 0)
(-0.08867810881 0.1863389677 0)
(-0.1043296213 0.2031965733 0)
(-0.1200255842 0.217956622 0)
(-0.13518608 0.2292838974 0)
(-0.1492097347 0.2360860334 0)
(-0.1615706262 0.2376775742 0)
(-0.1719096121 0.2338840465 0)
(-0.1800943859 0.2250462391 0)
(-0.1862283422 0.2119155263 0)
(-0.1906063409 0.195472689 0)
(-0.1936351747 0.1767292759 0)
(-0.1957455438 0.1565679022 0)
(-0.1973190006 0.13565271 0)
(-0.1986430433 0.1144115529 0)
(-0.1998966088 0.09307100006 0)
(-0.2011602108 0.07171784789 0)
(-0.202440401 0.05036368093 0)
(-0.2036980541 0.02899690355 0)
(-0.204875535 0.007614490966 0)
(-0.2059236087 -0.01376697715 0)
(-0.2068185124 -0.03511408174 0)
(-0.2075693117 -0.0563869878 0)
(-0.2082317552 -0.07756092924 0)
(-0.2089157082 -0.09865223589 0)
(-0.2097887207 -0.1197485061 0)
(-0.2110714651 -0.14103798 0)
(-0.2130136405 -0.1628273754 0)
(-0.2158357215 -0.1855261586 0)
(-0.2196200378 -0.2095625716 0)
(-0.2241434494 -0.2351894094 0)
(-0.2286684201 -0.2621485795 0)
(-0.2317515822 -0.2892038591 0)
(-0.2311729528 -0.313628968 0)
(-0.224112265 -0.3308471172 0)
(-0.2076932698 -0.3345519032 0)
(-0.1799825955 -0.3178030649 0)
(-0.1414292886 -0.2757203009 0)
(-0.09639247952 -0.2100299972 0)
(-0.05356072702 -0.1332111473 0)
(-0.02224524548 -0.06464764145 0)
(-0.005143585683 -0.01789396776 0)
(5.054719968e-05 0.003122755083 0)
(-0.0007516494829 0.03088666689 0)
(-0.004764363298 0.07180939563 0)
(-0.01237602902 0.0985191553 0)
(-0.02176967742 0.1172695991 0)
(-0.03240573932 0.13290464 0)
(-0.04409818157 0.1484486437 0)
(-0.05675417835 0.1651920365 0)
(-0.07026539275 0.1830821653 0)
(-0.08441588474 0.201203032 0)
(-0.0988479979 0.2181934734 0)
(-0.1130792904 0.2325634508 0)
(-0.1265570902 0.2429413989 0)
(-0.1387429427 0.2482832691 0)
(-0.1492076525 0.2480377583 0)
(-0.1577110352 0.2422284273 0)
(-0.1642427018 0.2314164262 0)
(-0.1690086195 0.216547577 0)
(-0.172368872 0.1987325851 0)
(-0.1747497246 0.1790309969 0)
(-0.1765580119 0.1582972706 0)
(-0.1781188705 0.1371137882 0)
(-0.1796456185 0.1158023001 0)
(-0.1812396408 0.0944856381 0)
(-0.1829112741 0.07316757852 0)
(-0.1846100454 0.0518057707 0)
(-0.1862545484 0.03036344368 0)
(-0.1877579338 0.008835893343 0)
(-0.1890494134 -0.01274380296 0)
(-0.1900852452 -0.03430964124 0)
(-0.190853674 -0.05578069691 0)
(-0.1913851346 -0.07708183968 0)
(-0.1917611971 -0.09817030311 0)
(-0.192124437 -0.1190683197 0)
(-0.1926872434 -0.1399022768 0)
(-0.1937303919 -0.1609431353 0)
(-0.1955762452 -0.1826316366 0)
(-0.1985142579 -0.205553916 0)
(-0.2026558569 -0.2303135982 0)
(-0.2077112569 -0.2572389013 0)
(-0.2127222191 -0.2858888173 0)
(-0.2158479309 -0.3143959879 0)
(-0.2143518639 -0.3388092109 0)
(-0.2049473937 -0.3527622827 0)
(-0.1846370665 -0.3479925626 0)
(-0.1521228407 -0.3164922407 0)
(-0.1096664275 -0.255189002 0)
(-0.06463525279 -0.1726648601 0)
(-0.0281705511 -0.09075146285 0)
(-0.00690127546 -0.03043447566 0)
(-8.794745272e-05 0.0003928249913 0)
(-0.0006283168212 0.03334343735 0)
(-0.004235548725 0.07770297808 0)
(-0.01128415282 0.106722788 0)
(-0.02012038564 0.1270334809 0)
(-0.03017921704 0.1438194576 0)
(-0.04121166155 0.1603179503 0)
(-0.05306603181 0.1778807218 0)
(-0.06558994191 0.1964000565 0)
(-0.07854306948 0.2148468877 0)
(-0.09156547543 0.2317445399 0)
(-0.1041973576 0.2455280594 0)
(-0.1159380061 0.2548205964 0)
(-0.126330889 0.2586551508 0)
(-0.1350508092 0.2566336977 0)
(-0.1419685655 0.2489807048 0)
(-0.1471722218 0.2364617014 0)
(-0.1509353393 0.2201849224 0)
(-0.153643767 0.2013502346 0)
(-0.1557070957 0.1810248507 0)
(-0.1574817686 0.1600031522 0)
(-0.1592230051 0.138766963 0)
(-0.1610696786 0.1175269817 0)
(-0.1630562238 0.09630856854 0)
(-0.1651405319 0.07504549558 0)
(-0.1672362406 0.05365637992 0)
(-0.1692410234 0.03209236084 0)
(-0.1710577257 0.01035647059 0)
(-0.172608867 -0.01149701797 0)
(-0.1738428748 -0.03337307206 0)
(-0.1747353735 -0.05515604183 0)
(-0.1752946176 -0.07672822217 0)
(-0.1755694362 -0.09799380235 0)
(-0.1756613258 -0.118908568 0)
(-0.1757411265 -0.1395205028 0)
(-0.1760645946 -0.1600222113 0)
(-0.176974475 -0.1808071153 0)
(-0.178866433 -0.2025022486 0)
(-0.1820870546 -0.2259219409 0)
(-0.1867340463 -0.2518592722 0)
(-0.1923585927 -0.2806312309 0)
(-0.1976390781 -0.3113510234 0)
(-0.2001828964 -0.3410309991 0)
(-0.1966527831 -0.3638167469 0)
(-0.1833982398 -0.3708901206 0)
(-0.1577320053 -0.3518883689 0)
(-0.1198741789 -0.2990934959 0)
(-0.07512083038 -0.2153460552 0)
(-0.03461370457 -0.1214371481 0)
(-0.008922159731 -0.04597772165 0)
(-0.0002681744214 -0.00327436318 0)
(-0.0004802392966 0.03545856307 0)
(-0.00357567261 0.08300651482 0)
(-0.009888874425 0.114284139 0)
(-0.01798308199 0.1361391184 0)
(-0.02727696898 0.1540195298 0)
(-0.03745753432 0.1713554187 0)
(-0.04831569034 0.1895698463 0)
(-0.05966307683 0.2085219313 0)
(-0.07125021979 0.2270949724 0)
(-0.08273488517 0.2437237491 0)
(-0.09370103119 0.2567962913 0)
(-0.1037179147 0.2649561719 0)
(-0.112420493 0.2673321349 0)
(-0.1195843008 0.2636850747 0)
(-0.1251736316 0.2544293561 0)
(-0.1293454331 0.2405081042 0)
(-0.132404913 0.2231549839 0)
(-0.1347288014 0.2036202674 0)
(-0.1366829911 0.182946618 0)
(-0.1385586616 0.1618483141 0)
(-0.1405393977 0.1407005353 0)
(-0.1426991228 0.1196088858 0)
(-0.1450222839 0.09851503708 0)
(-0.1474346697 0.07729941063 0)
(-0.1498343636 0.05585686151 0)
(-0.1521160256 0.03413769462 0)
(-0.1541864078 0.01215878096 0)
(-0.1559729632 -0.01000405939 0)
(-0.1574265567 -0.03223183471 0)
(-0.1585176683 -0.05438283588 0)
(-0.1592384628 -0.07630871015 0)
(-0.1596084765 -0.0978736243 0)
(-0.159685476 -0.1189775487 0)
(-0.1595845563 -0.1395917722 0)
(-0.1595032518 -0.15981294 0)
(-0.1597448249 -0.1799365298 0)
(-0.1607209792 -0.2005345516 0)
(-0.1629009073 -0.2224904501 0)
(-0.1666624425 -0.2469001366 0)
(-0.172011401 -0.2747151462 0)
(-0.1781929958 -0.3060273575 0)
(-0.1833308432 -0.3390155189 0)
(-0.1843265715 -0.3687923916 0)
(-0.1772541264 -0.3866870239 0)
(-0.1584387896 -0.3808445187 0)
(-0.1263406606 -0.3395627765 0)
(-0.08403269128 -0.25926714 0)
(-0.04120495203 -0.1561878991 0)
(-0.01117402188 -0.06467382376 0)
(-0.0004875236193 -0.008006373859 0)
(-0.0003139498057 0.03716514002 0)
(-0.002806723638 0.08757970263 0)
(-0.008228527433 0.1210328303 0)
(-0.01541105391 0.1444078508 0)
(-0.02377049307 0.1633246814 0)
(-0.0329323918 0.1813816244 0)
(-0.04263337344 0.2000862584 0)
(-0.05265710982 0.2192926619 0)
(-0.06275860098 0.23782715 0)
(-0.07263003973 0.254064731 0)
(-0.08191525014 0.266371628 0)
(-0.09026456035 0.2734303802 0)
(-0.09740594016 0.2744733404 0)
(-0.1032049152 0.2694135253 0)
(-0.107696697 0.2588331439 0)
(-0.1110765121 0.2438195166 0)
(-0.1136489526 0.2256944633 0)
(-0.115754542 0.2057259507 0)
(-0.1176986877 0.1849104685 0)
(-0.1197029275 0.1638744537 0)
(-0.1218862075 0.1428914441 0)
(-0.1242725698 0.121975749 0)
(-0.1268154161 0.101002919 0)
(-0.129427484 0.07981682216 0)
(-0.1320078725 0.05830158654 0)
(-0.134461102 0.03641469551 0)
(-0.1367071839 0.0141896476 0)
(-0.1386853312 -0.008278394612 0)
(-0.1403546246 -0.03085214077 0)
(-0.1416860801 -0.05337236268 0)
(-0.1426627644 -0.07567248814 0)
(-0.143282148 -0.09759175182 0)
(-0.1435643113 -0.1189906906 0)
(-0.1435693609 -0.1397776483 0)
(-0.1434251144 -0.1599563137 0)
(-0.1433620068 -0.1797028491 0)
(-0.1437429465 -0.1994707398 0)
(-0.1450596477 -0.2200930798 0)
(-0.147847162 -0.2427988704 0)
(-0.1524579769 -0.2689965513 0)
(-0.1586689121 -0.299652696 0)
(-0.1652038099 -0.3341802297 0)
(-0.1694127293 -0.3689813037 0)
(-0.1674110575 -0.396131412 0)
(-0.154922195 -0.4031221097 0)
(-0.1290106972 -0.375151312 0)
(-0.0906681765 -0.3024010196 0)
(-0.04743819206 -0.1940292794 0)
(-0.01360157279 -0.08649560765 0)
(-0.0007378408446 -0.01390210918 0)
(-0.0001372041359 0.03841199794 0)
(-0.001956292912 0.09130171607 0)
(-0.006352977611 0.1268164475 0)
(-0.01247388513 0.1516797002 0)
(-0.01975124616 0.1715781718 0)
(-0.0277552627 0.1902478844 0)
(-0.03617244036 0.2092950926 0)
(-0.04476524917 0.2286011905 0)
(-0.05330383374 0.2469697879 0)
(-0.06152724901 0.2627452822 0)
(-0.0691499153 0.2742934036 0)
(-0.07590819054 0.2803464999 0)
(-0.08161870723 0.2802379709 0)
(-0.08622226009 0.2740156125 0)
(-0.08980154984 0.2623997243 0)
(-0.09256244505 0.2465858272 0)
(-0.09478317866 0.2279499626 0)
(-0.09674977713 0.20775345 0)
(-0.09869957627 0.1869360222 0)
(-0.1007878352 0.1660393886 0)
(-0.1030808176 0.1452487285 0)
(-0.1055694176 0.1245052721 0)
(-0.1081936019 0.103636602 0)
(-0.1108685649 0.08246458917 0)
(-0.1135061958 0.06087202905 0)
(-0.1160286674 0.03882784341 0)
(-0.1183739003 0.01638216612 0)
(-0.1204956222 -0.006353528796 0)
(-0.1223633718 -0.02922920834 0)
(-0.1239517503 -0.05207609505 0)
(-0.125240365 -0.07471976749 0)
(-0.1262125024 -0.0969880853 0)
(-0.1268604679 -0.1187191562 0)
(-0.1271990714 -0.1397774729 0)
(-0.1272908222 -0.1600900445 0)
(-0.1272837541 -0.1797164096 0)
(-0.1274566067 -0.198962462 0)
(-0.1282510759 -0.2185277688 0)
(-0.130247604 -0.239624377 0)
(-0.1340153246 -0.2639199768 0)
(-0.13976584 -0.2930791985 0)
(-0.1468247896 -0.3276985194 0)
(-0.1531195287 -0.3656508359 0)
(-0.1550528708 -0.4002351348 0)
(-0.148085917 -0.4190489179 0)
(-0.1282592477 -0.405129359 0)
(-0.0947413215 -0.3430609927 0)
(-0.05280408327 -0.2336640421 0)
(-0.01610583108 -0.1112151811 0)
(-0.001010129432 -0.02101515311 0)
(4.045658336e-05 0.03916842936 0)
(-0.001056458699 0.09407578254 0)
(-0.004320809171 0.1315054484 0)
(-0.009254047875 0.1578171083 0)
(-0.01532581049 0.1786486952 0)
(-0.02206090131 0.1978365249 0)
(-0.02910069528 0.217097687 0)
(-0.03619108332 0.2363752563 0)
(-0.04312404241 0.2544865883 0)
(-0.04969318113 0.269773803 0)
(-0.05568927583 0.2806189778 0)
(-0.06093516422 0.2858078307 0)
(-0.06532870765 0.2847639416 0)
(-0.06887037685 0.2776451447 0)
(-0.07166911015 0.2652757272 0)
(-0.07391914844 0.2489237449 0)
(-0.07585419835 0.2299906926 0)
(-0.07769568341 0.2097156082 0)
(-0.07961234276 0.1889805738 0)
(-0.08170104083 0.1682541556 0)
(-0.083988754 0.1476517542 0)
(-0.08644860677 0.1270613467 0)
(-0.08902140337 0.1062792254 0)
(-0.0916359668 0.08511648464 0)
(-0.09422427962 0.06346007137 0)
(-0.09672992582 0.04129119213 0)
(-0.09910983913 0.01867447644 0)
(-0.1013320142 -0.004266188452 0)
(-0.1033767333 -0.02737338571 0)
(-0.1052229664 -0.05047468269 0)
(-0.1068501356 -0.07339532361 0)
(-0.1082338238 -0.09596214092 0)
(-0.1093486031 -0.1180051757 0)
(-0.1101769759 -0.1393640576 0)
(-0.1107293623 -0.1599110485 0)
(-0.1110786215 -0.1796073105 0)
(-0.1114097096 -0.1986108629 0)
(-0.1120735085 -0.2174446956 0)
(-0.1136116421 -0.2371917357 0)
(-0.1166856582 -0.2595925902 0)
(-0.1218125803 -0.2867941924 0)
(-0.1288521382 -0.3204326092 0)
(-0.1363618086 -0.3599005884 0)
(-0.1412067123 -0.4000627003 0)
(-0.1388641177 -0.4292767854 0)
(-0.1246951547 -0.4293284148 0)
(-0.09634653009 -0.3800832531 0)
(-0.05693898985 -0.2737146811 0)
(-0.01853142748 -0.1384259515 0)
(-0.001301320263 -0.02933765792 0)
(0.0002055888182 0.03941026715 0)
(-0.0001458360971 0.09583523229 0)
(-0.002194980331 0.1349981713 0)
(-0.005843175543 0.1627072735 0)
(-0.01061151311 0.1844312589 0)
(-0.015993506 0.2040603628 0)
(-0.02159231816 0.2234286082 0)
(-0.02713927826 0.2425746058 0)
(-0.03245081354 0.260366935 0)
(-0.03737827234 0.2751735749 0)
(-0.04179008808 0.2854067302 0)
(-0.04559261789 0.2899032264 0)
(-0.04875619788 0.2881586756 0)
(-0.05132718731 0.2804108658 0)
(-0.05342416441 0.267552296 0)
(-0.05521422674 0.2508904228 0)
(-0.056875883 0.2318295526 0)
(-0.05856267624 0.2115785491 0)
(-0.06037855097 0.1909688628 0)
(-0.06237115373 0.1704131363 0)
(-0.06454032163 0.1499780224 0)
(-0.06685357019 0.1295176661 0)
(-0.06926264657 0.1088113147 0)
(-0.07171703299 0.08766711063 0)
(-0.07417257667 0.06597827302 0)
(-0.07659523631 0.04373658223 0)
(-0.07896017964 0.02101759826 0)
(-0.08124838225 -0.002047465708 0)
(-0.08344972793 -0.0253007023 0)
(-0.08554629425 -0.04856665232 0)
(-0.08751920391 -0.07167586089 0)
(-0.08934067639 -0.09446130116 0)
(-0.09097555359 -0.1167552977 0)
(-0.09238629032 -0.1383881805 0)
(-0.09354702653 -0.1591990502 0)
(-0.09447145608 -0.1790757536 0)
(-0.09525922957 -0.1980472602 0)
(-0.09615752326 -0.2164518685 0)
(-0.09761796873 -0.235176344 0)
(-0.1002950381 -0.2558824126 0)
(-0.1048773059 -0.2809783324 0)
(-0.1116451429 -0.3129318348 0)
(-0.1197696729 -0.3525925963 0)
(-0.1266853312 -0.3965943046 0)
(-0.128101168 -0.4345922721 0)
(-0.1190015932 -0.4479589816 0)
(-0.09582584158 -0.4128090974 0)
(-0.05970554881 -0.3129434285 0)
(-0.02069914659 -0.1675993425 0)
(-0.001615156461 -0.03879329829 0)
(0.0003636023264 0.03914794106 0)
(0.0007531058616 0.09654751267 0)
(-4.709191943e-05 0.1372221638 0)
(-0.002341114347 0.166267768 0)
(-0.005731438619 0.18884637 0)
(-0.009701915471 0.2088588189 0)
(-0.01382394184 0.2282497115 0)
(-0.01781293385 0.2471849297 0)
(-0.02150773867 0.2646217429 0)
(-0.02481585792 0.2789798871 0)
(-0.02768182982 0.2887118179 0)
(-0.03009185593 0.292699267 0)
(-0.03208111136 0.2904896006 0)
(-0.03373065981 0.2823690336 0)
(-0.0351572831 0.269263212 0)
(-0.03649221866 0.2524890813 0)
(-0.03785511669 0.233435937 0)
(-0.03933278675 0.2132806106 0)
(-0.04096990309 0.1928142651 0)
(-0.04277379927 0.1724141161 0)
(-0.04472666403 0.1521198026 0)
(-0.04679837981 0.1317698464 0)
(-0.04895741315 0.1111383263 0)
(-0.05117731839 0.09003550866 0)
(-0.05343890529 0.0683605054 0)
(-0.05572965458 0.0461117722 0)
(-0.05804227238 0.02337031021 0)
(-0.06037265789 0.0002700509572 0)
(-0.06271296301 -0.02303017114 0)
(-0.06504717028 -0.04636007231 0)
(-0.06736111714 -0.06955778365 0)
(-0.06962566944 -0.09246555422 0)
(-0.07180104219 -0.114924164 0)
(-0.07383919014 -0.136765508 0)
(-0.07569238916 -0.1578132336 0)
(-0.0773333446 -0.177906981 0)
(-0.07879431366 -0.1969745704 0)
(-0.08022589974 -0.2151861174 0)
(-0.08196841543 -0.2332073824 0)
(-0.08460264403 -0.2525161647 0)
(-0.08887202523 -0.2755844659 0)
(-0.09534466864 -0.3054727363 0)
(-0.1037325329 -0.3443358056 0)
(-0.1120850047 -0.3906529476 0)
(-0.1164996938 -0.4357878478 0)
(-0.111834834 -0.4614462149 0)
(-0.09361990037 -0.4409648294 0)
(-0.06117866193 -0.3503780817 0)
(-0.02248714173 -0.1981508928 0)
(-0.001952174065 -0.04924954577 0)
(0.0004998500378 0.03841082232 0)
(0.001605537739 0.0962091649 0)
(0.002063085047 0.1381304075 0)
(0.001150700857 0.1684260401 0)
(-0.0008173654117 0.1918427783 0)
(-0.00333519638 0.212199707 0)
(-0.005967667936 0.2315506731 0)
(-0.008404223762 0.2502140364 0)
(-0.01050218109 0.2672704378 0)
(-0.01222112231 0.2812202576 0)
(-0.01357595458 0.2905711486 0)
(-0.01462606137 0.2942370024 0)
(-0.01546456405 0.291792868 0)
(-0.01620158381 0.2835420548 0)
(-0.01694714718 0.2704100928 0)
(-0.01779473903 0.2536964527 0)
(-0.01880594925 0.2347633829 0)
(-0.0200061918 0.2147546777 0)
(-0.02138807162 0.1944354055 0)
(-0.02292416568 0.1741705808 0)
(-0.02458493216 0.1539923597 0)
(-0.02634627006 0.1337398699 0)
(-0.02819528236 0.1131918966 0)
(-0.03013019739 0.09216412228 0)
(-0.03215654409 0.07055988993 0)
(-0.03428267561 0.04837967952 0)
(-0.03651669421 0.02570390353 0)
(-0.03886453817 0.002665156495 0)
(-0.04132372601 -0.02057796184 0)
(-0.04388329577 -0.04386723174 0)
(-0.046527537 -0.06704856453 0)
(-0.04922786488 -0.08997461354 0)
(-0.05194357195 -0.1124976427 0)
(-0.0546227848 -0.1344576075 0)
(-0.05720720779 -0.1556754016 0)
(-0.05964465685 -0.1759635961 0)
(-0.06192032438 -0.1951774749 0)
(-0.06410673939 -0.2133492907 0)
(-0.06643351857 -0.2309315745 0)
(-0.06937304204 -0.2491611018 0)
(-0.07363618564 -0.2704181954 0)
(-0.07994889884 -0.2981174733 0)
(-0.08845505188 -0.3355054307 0)
(-0.09781093329 -0.3828759933 0)
(-0.1046057797 -0.4335827157 0)
(-0.103769354 -0.4703092628 0)
(-0.09018465464 -0.4645539111 0)
(-0.06159103515 -0.3853937252 0)
(-0.02388637877 -0.229501334 0)
(-0.002292437488 -0.06054675106 0)
(0.0006108684193 0.03723897901 0)
(0.002373059314 0.09485835856 0)
(0.004054430268 0.1377198396 0)
(0.004544346761 0.1691572952 0)
(0.004019140793 0.1933907618 0)
(0.002954488486 0.2140639995 0)
(0.001803543082 0.2333318416 0)
(0.0008934549331 0.251683025 0)
(0.0003588809262 0.2683517571 0)
(0.0002016005207 0.2819442425 0)
(0.0003376608206 0.2910231122 0)
(0.0006338752496 0.2945345094 0)
(0.000949298188 0.2920609618 0)
(0.001149450114 0.2838955904 0)
(0.001129652396 0.2709353402 0)
(0.0008322774113 0.2544389824 0)
(0.0002447645762 0.2357290392 0)
(-0.0006074624647 0.2159159523 0)
(-0.001663824735 0.1957563129 0)
(-0.00286681284 0.1756141825 0)
(-0.004181032607 0.155535203 0)
(-0.005587382027 0.1353753451 0)
(-0.007089867158 0.1149272867 0)
(-0.008709442521 0.0940150812 0)
(-0.01047458333 0.07254458495 0)
(-0.01241330688 0.05051405405 0)
(-0.01454810015 0.02799854477 0)
(-0.01689345525 0.005123668233 0)
(-0.01945330784 -0.0179603858 0)
(-0.02222041226 -0.04110402998 0)
(-0.02517784496 -0.06416269174 0)
(-0.02829802151 -0.0869998782 0)
(-0.03154129408 -0.1094802927 0)
(-0.03485625629 -0.1314549896 0)
(-0.03818202957 -0.1527502023 0)
(-0.04145313051 -0.1731673006 0)
(-0.0446262338 -0.1925127436 0)
(-0.0477190245 -0.210716675 0)
(-0.05086357292 -0.2280475756 0)
(-0.05441411743 -0.2454831893 0)
(-0.05899400325 -0.2652074851 0)
(-0.06537609628 -0.2907764051 0)
(-0.07401301393 -0.3262821855 0)
(-0.08411470527 -0.3737148295 0)
(-0.09281830221 -0.4285788204 0)
(-0.09527813878 -0.4750738485 0)
(-0.08595477415 -0.4837468182 0)
(-0.06123351123 -0.4176453913 0)
(-0.02496697493 -0.2611148452 0)
(-0.002606252079 -0.07252596678 0)
(0.0006948764541 0.03568732924 0)
(0.003033574957 0.09255804574 0)
(0.005866196757 0.1360291043 0)
(0.007731745961 0.1684727082 0)
(0.008643242636 0.193476068 0)
(0.009023991563 0.2144552035 0)
(0.00933555503 0.2336175791 0)
(0.009917348479 0.2516283308 0)
(0.01090329656 0.2679021813 0)
(0.01226169993 0.2811757953 0)
(0.01385848655 0.2900762595 0)
(0.01550339714 0.2935822182 0)
(0.01700320262 0.29126855 0)
(0.01819777224 0.2833898967 0)
(0.01898216595 0.2707864249 0)
(0.01932343852 0.2546553714 0)
(0.01924703629 0.2362641715 0)
(0.01882765077 0.2166993775 0)
(0.01816594631 0.1967178573 0)
(0.01734277277 0.176696019 0)
(0.01640895409 0.1567101579 0)
(0.01538110591 0.1366466929 0)
(0.01424183322 0.1163206169 0)
(0.01295130712 0.09556752585 0)
(0.0114609633 0.07429471702 0)
(0.009724731375 0.05249456147 0)
(0.007706194953 0.03023220132 0)
(0.005381678865 0.007621545082 0)
(0.002740749736 -0.01519976873 0)
(-0.0002123774882 -0.0380916354 0)
(-0.00346066237 -0.06092025911 0)
(-0.006978170412 -0.08356074944 0)
(-0.01072795504 -0.1058888607 0)
(-0.01466223836 -0.127766972 0)
(-0.0187232794 -0.1490301043 0)
(-0.02283813456 -0.1694789643 0)
(-0.02695052831 -0.1888912552 0)
(-0.03104792959 -0.2071287015 0)
(-0.0351798707 -0.2243163303 0)
(-0.03958921731 -0.2411804013 0)
(-0.04478777829 -0.2596550576 0)
(-0.05151057162 -0.2832655893 0)
(-0.06039834388 -0.3166987687 0)
(-0.07113072673 -0.3634547795 0)
(-0.08141063338 -0.4212458775 0)
(-0.08673344576 -0.4762186215 0)
(-0.08132246068 -0.498787911 0)
(-0.06040169089 -0.4469551708 0)
(-0.02585026708 -0.2925866285 0)
(-0.002880015925 -0.08506130499 0)
(0.0007503708451 0.03382261585 0)
(0.003569884991 0.08940171523 0)
(0.007444858915 0.1331230037 0)
(0.01061807824 0.1664031162 0)
(0.01293095588 0.1921268115 0)
(0.01473060139 0.2134054106 0)
(0.01646677614 0.2324480062 0)
(0.01849068689 0.250089195 0)
(0.02094446229 0.2659470509 0)
(0.02377568576 0.2789157264 0)
(0.02681096557 0.2877142993 0)
(0.02981489968 0.2913438977 0)
(0.03254612296 0.2893570965 0)
(0.03481291621 0.2819478112 0)
(0.03650131063 0.2698749631 0)
(0.03758876944 0.2542543464 0)
(0.03812961151 0.236289974 0)
(0.03823481643 0.2170432757 0)
(0.0380347046 0.1972703957 0)
(0.03763654944 0.1773812936 0)
(0.03710837622 0.1574957293 0)
(0.03646967443 0.1375414245 0)
(0.0356962666 0.1173637165 0)
(0.03473540659 0.09681368965 0)
(0.03352278792 0.075800292 0)
(0.0319967536 0.0543076177 0)
(0.03010759647 0.03238717729 0)
(0.02782171403 0.01013738933 0)
(0.02512205627 -0.01231925546 0)
(0.02200894734 -0.03485523062 0)
(0.01849632868 -0.05734806887 0)
(0.01460811839 -0.07968418682 0)
(0.01037844013 -0.1017495983 0)
(0.005848891814 -0.1234168568 0)
(0.001069570741 -0.1445277474 0)
(-0.003884109441 -0.1648838362 0)
(-0.008953931084 -0.1842647998 0)
(-0.0141193818 -0.2024813355 0)
(-0.01935661842 -0.2195541865 0)
(-0.02481385282 -0.235995212 0)
(-0.03089288104 -0.2534724774 0)
(-0.0382317874 -0.2753527601 0)
(-0.0475539492 -0.3066832687 0)
(-0.05890853305 -0.3522444542 0)
(-0.07055218408 -0.4119246424 0)
(-0.07840736829 -0.4741442603 0)
(-0.07661188081 -0.5099360641 0)
(-0.05939026402 -0.4732723555 0)
(-0.0267260505 -0.3237019983 0)
(-0.003125128878 -0.0981006503 0)
(0.0007774184275 0.03171933433 0)
(0.003968869191 0.08551197968 0)
(0.008743550707 0.1291029216 0)
(0.01311950262 0.1630127807 0)
(0.01676702082 0.1893881742 0)
(0.01993468582 0.2109572436 0)
(0.02304015312 0.2298746544 0)
(0.02644273744 0.2471256838 0)
(0.03030131891 0.2625432012 0)
(0.03456003551 0.2752037558 0)
(0.03901692312 0.2839399824 0)
(0.04339655186 0.2877831407 0)
(0.04741507586 0.2862533899 0)
(0.05084529701 0.2794675688 0)
(0.05355362486 0.2680835627 0)
(0.05551394636 0.2531178665 0)
(0.05679410038 0.2357014477 0)
(0.05752672717 0.2168599158 0)
(0.05786584439 0.1973551187 0)
(0.05794390984 0.1776371715 0)
(0.05784714111 0.1578785644 0)
(0.05760438186 0.1380581982 0)
(0.05719285027 0.1180600076 0)
(0.05655443805 0.09775597679 0)
(0.05561490955 0.07705902748 0)
(0.05430063417 0.05594466819 0)
(0.05255009515 0.03444871342 0)
(0.05031968492 0.0126514407 0)
(0.04758382017 -0.00934210372 0)
(0.04433750443 -0.03142058493 0)
(0.04059015871 -0.05347350556 0)
(0.03636118036 -0.07539704489 0)
(0.03167962412 -0.0970868136 0)
(0.02658222521 -0.1184243522 0)
(0.02111432771 -0.1392586866 0)
(0.01533313625 -0.1593957949 0)
(0.009294574129 -0.1786227924 0)
(0.003027537025 -0.196723434 0)
(-0.003396038404 -0.2136211832 0)
(-0.01004719233 -0.2297202398 0)
(-0.01722180811 -0.2464006349 0)
(-0.02542995088 -0.2667924977 0)
(-0.03539687213 -0.2960996679 0)
(-0.04743874607 -0.3401290399 0)
(-0.06032968491 -0.400840384 0)
(-0.07047986869 -0.4691584013 0)
(-0.07206865446 -0.5174145293 0)
(-0.05845862804 -0.4965957915 0)
(-0.02783043794 -0.3543738835 0)
(-0.003391732911 -0.1117034276 0)
(0.0007778731821 0.02945602405 0)
(0.004223258835 0.08103465619 0)
(0.009724492567 0.124107806 0)
(0.01516060559 0.1584038269 0)
(0.0200423098 0.1853305438 0)
(0.02450240709 0.2071700569 0)
(0.02890683028 0.225961261 0)
(0.0336146002 0.2428079689 0)
(0.03880601455 0.2577577871 0)
(0.04443663358 0.2700888714 0)
(0.05029091062 0.2787659337 0)
(0.0560616411 0.2828660226 0)
(0.06142607108 0.2818785571 0)
(0.06611821025 0.275834512 0)
(0.06997425626 0.2652767262 0)
(0.07295005183 0.2511070201 0)
(0.07510957254 0.234369904 0)
(0.07659257267 0.216045902 0)
(0.07756824806 0.1969001638 0)
(0.0781892607 0.177422239 0)
(0.07856102597 0.1578421237 0)
(0.07872786017 0.1381973066 0)
(0.07867667815 0.118418016 0)
(0.07835244891 0.09840364371 0)
(0.07767812627 0.07807549443 0)
(0.07657309698 0.05740254117 0)
(0.07496671039 0.03640494535 0)
(0.07280614432 0.01514363488 0)
(0.07005526844 -0.006295636653 0)
(0.06670265735 -0.02781871446 0)
(0.06275124205 -0.04932774122 0)
(0.05821314221 -0.07072894718 0)
(0.05310999095 -0.09192567622 0)
(0.0474703917 -0.1128063636 0)
(0.04132973995 -0.1332294866 0)
(0.03473144199 -0.1530138488 0)
(0.02772401442 -0.1719447391 0)
(0.02036057147 -0.1898020472 0)
(0.01269576471 -0.2064550305 0)
(0.004718588939 -0.2222139027 0)
(-0.003717292546 -0.2382214241 0)
(-0.01301186961 -0.2573510304 0)
(-0.02383232743 -0.2847821234 0)
(-0.03666865685 -0.3270841709 0)
(-0.05076068224 -0.3881242213 0)
(-0.06304544827 -0.4614762864 0)
(-0.06785657443 -0.5213875834 0)
(-0.05782110955 -0.5169318823 0)
(-0.02942090693 -0.3846046556 0)
(-0.003779202665 -0.1260807476 0)
(0.0007546752756 0.02711184107 0)
(0.004331559982 0.07613278775 0)
(0.01036049496 0.1183106274 0)
(0.01667654489 0.152716622 0)
(0.02265586438 0.1800564012 0)
(0.02830647262 0.2021251481 0)
(0.03392397995 0.2207846571 0)
(0.03985423944 0.2372133869 0)
(0.04629819298 0.2516611321 0)
(0.05323382174 0.2636197122 0)
(0.06044792378 0.2722062214 0)
(0.06761399406 0.2765618967 0)
(0.07437586631 0.2761552384 0)
(0.08042670964 0.2709312991 0)
(0.08556309344 0.2613106484 0)
(0.08970848831 0.2480688757 0)
(0.09290590828 0.2321502809 0)
(0.09528640087 0.2144787752 0)
(0.09702218245 0.1958129393 0)
(0.09827875972 0.176675921 0)
(0.09917979739 0.1573547943 0)
(0.09978913597 0.1379491793 0)
(0.1001105327 0.1184415858 0)
(0.1001004074 0.09876556826 0)
(0.09968679412 0.0788568316 0)
(0.09878833843 0.0586821301 0)
(0.09732930655 0.03824827495 0)
(0.09524978795 0.01759737476 0)
(0.09250191421 -0.003205290475 0)
(0.08906725732 -0.02407878818 0)
(0.08493925566 -0.04494168969 0)
(0.0801202995 -0.06571077234 0)
(0.07462231033 -0.0862959015 0)
(0.06846311284 -0.1065913083 0)
(0.06166600036 -0.1264629603 0)
(0.05426138577 -0.1457391778 0)
(0.04628899297 -0.1642130728 0)
(0.03780135991 -0.1816704161 0)
(0.02886020853 -0.1979858859 0)
(0.0195029814 -0.2133590448 0)
(0.009671183264 -0.2287693705 0)
(-0.0008994498173 -0.2468244352 0)
(-0.012759681 -0.2725607939 0)
(-0.02651102575 -0.3130466766 0)
(-0.04180178761 -0.3738395892 0)
(-0.05611581846 -0.4512292519 0)
(-0.06405002815 -0.5219411226 0)
(-0.05762545204 -0.5342452832 0)
(-0.03173795293 -0.4144215031 0)
(-0.0044381947 -0.1416227712 0)
(0.000711197781 0.02476381566 0)
(0.004296742881 0.07098129176 0)
(0.01063467417 0.1119143861 0)
(0.01761476295 0.1461295506 0)
(0.02451702692 0.1737025074 0)
(0.03122655422 0.1959274227 0)
(0.03795322547 0.2144349112 0)
(0.04501345202 0.2304268897 0)
(0.05262206026 0.2443302642 0)
(0.06078553896 0.2558531519 0)
(0.06930721379 0.2642838739 0)
(0.07785545853 0.2688496658 0)
(0.08604948119 0.2690142949 0)
(0.09354300083 0.264644794 0)
(0.1000865978 0.2560392778 0)
(0.105558961 0.2438402022 0)
(0.109966 0.2288795472 0)
(0.1134134016 0.2120105978 0)
(0.1160620606 0.1939712974 0)
(0.1180802694 0.1753075832 0)
(0.119605432 0.1563575372 0)
(0.1207215272 0.137281824 0)
(0.1214537823 0.1181184106 0)
(0.1217770983 0.09884087771 0)
(0.1216322756 0.07940606824 0)
(0.1209440841 0.05978464385 0)
(0.1196366503 0.03997467642 0)
(0.1176451776 0.02000238948 0)
(0.1149158107 -8.563242569e-05 0)
(0.1114196291 -0.02022054069 0)
(0.1071353745 -0.04033874212 0)
(0.1020563131 -0.06036605849 0)
(0.09618274796 -0.08021817371 0)
(0.0895192139 -0.09979464341 0)
(0.08207546086 -0.118968452 0)
(0.07386906874 -0.1375782879 0)
(0.06492995838 -0.1554312579 0)
(0.05530630969 -0.172330014 0)
(0.04506524696 -0.1881553584 0)
(0.03427747374 -0.2030638845 0)
(0.02296288432 -0.2179114679 0)
(0.01098295436 -0.2350435797 0)
(-0.002071570885 -0.2592763318 0)
(-0.01684861984 -0.2979449965 0)
(-0.03335129063 -0.3580127494 0)
(-0.04961873225 -0.4384857703 0)
(-0.06062605734 -0.5190830131 0)
(-0.0579290012 -0.5484276242 0)
(-0.03495566211 -0.4438080374 0)
(-0.005561264334 -0.1589056518 0)
(0.0006506446128 0.02248514855 0)
(0.004124123178 0.06576218112 0)
(0.0105381105 0.1051476925 0)
(0.01793414024 0.1388580453 0)
(0.02554591492 0.1664414243 0)
(0.03314989988 0.1887075365 0)
(0.04086084815 0.2070166167 0)
(0.04894797698 0.2225415514 0)
(0.05762725173 0.2358505302 0)
(0.06693305288 0.2468591468 0)
(0.07669555414 0.2550397496 0)
(0.08659204603 0.259728353 0)
(0.09622856107 0.2604058145 0)
(0.1052250359 0.256876585 0)
(0.1132842487 0.2493233799 0)
(0.120231483 0.2382540708 0)
(0.1260219314 0.2243792361 0)
(0.1307200944 0.2084674027 0)
(0.1344602255 0.1912194464 0)
(0.137400672 0.1731888752 0)
(0.1396841124 0.1547534007 0)
(0.1414110319 0.1361287123 0)
(0.1426289871 0.1174076599 0)
(0.1433356263 0.09860757958 0)
(0.1434907038 0.07971270895 0)
(0.1430317007 0.06070463666 0)
(0.1418885168 0.04157917138 0)
(0.1399950149 0.02235213453 0)
(0.1372959102 0.0030566412 0)
(0.1337493278 -0.01625636134 0)
(0.1293205627 -0.03553401611 0)
(0.1239933381 -0.05470955605 0)
(0.11775401 -0.07370463612 0)
(0.1105923622 -0.09242439371 0)
(0.102504262 -0.1107492324 0)
(0.09349486261 -0.1285297508 0)
(0.08358437822 -0.145591487 0)
(0.07281618238 -0.1617618093 0)
(0.06126310772 -0.176943605 0)
(0.04902272711 -0.1912859035 0)
(0.036178809 -0.2055589647 0)
(0.02270627548 -0.2218864193 0)
(0.008342574936 -0.2448013045 0)
(-0.007540130438 -0.2817238119 0)
(-0.02524636012 -0.3406609832 0)
(-0.04339272704 -0.4232798674 0)
(-0.05745078929 -0.5127537622 0)
(-0.05866289505 -0.5592732009 0)
(-0.03912411497 -0.4726377806 0)
(-0.00735844543 -0.178667802 0)
(0.000575330176 0.02034496083 0)
(0.003818255174 0.06066131601 0)
(0.0100651177 0.09826009856 0)
(0.0176012786 0.1311522832 0)
(0.02567188474 0.1584826004 0)
(0.03397149183 0.1806247171 0)
(0.04251861532 0.1986510126 0)
(0.05151844368 0.2136584479 0)
(0.06117024055 0.2263135967 0)
(0.07152787227 0.2367188048 0)
(0.08245244097 0.2445338955 0)
(0.0936418897 0.2492231174 0)
(0.1047019704 0.2503091861 0)
(0.1152285624 0.2475557203 0)
(0.1248801337 0.2410443437 0)
(0.1334252199 0.2311533131 0)
(0.1407590444 0.2184673473 0)
(0.1468917478 0.2036581352 0)
(0.1519161078 0.1873725218 0)
(0.1559662007 0.1701535434 0)
(0.1591782026 0.1524029308 0)
(0.161661169 0.1343806733 0)
(0.1634813536 0.1162296256 0)
(0.1646594783 0.09801138882 0)
(0.1651775797 0.07974205362 0)
(0.1649908833 0.06142074184 0)
(0.1640407184 0.04304812608 0)
(0.162265074 0.02463593361 0)
(0.1596070605 0.006209062238 0)
(0.1560153638 -0.01219593886 0)
(0.1514478854 -0.03053453021 0)
(0.1458759833 -0.04874590164 0)
(0.1392714161 -0.0667573865 0)
(0.1316096473 -0.08447997902 0)
(0.1228735501 -0.1018025419 0)
(0.1130571984 -0.1185898824 0)
(0.1021728048 -0.1346901222 0)
(0.09026091984 -0.1499623293 0)
(0.07740077425 -0.1643448879 0)
(0.06371371603 -0.1780071214 0)
(0.04934021958 -0.1916756629 0)
(0.03435700022 -0.2072936235 0)
(0.01861221074 -0.2290778822 0)
(0.001590860621 -0.264328941 0)
(-0.01726073423 -0.3218203964 0)
(-0.0371853479 -0.4056530815 0)
(-0.0542662426 -0.5028577059 0)
(-0.05959382195 -0.5664760841 0)
(-0.04411391438 -0.500630277 0)
(-0.01000882829 -0.2017488392 0)
(0.0004856505313 0.01841017604 0)
(0.003378424497 0.05586813221 0)
(0.009205452324 0.09151823989 0)
(0.01658298767 0.1232932063 0)
(0.02482885609 0.1500711518 0)
(0.03359248878 0.1718680499 0)
(0.04280416077 0.1894774535 0)
(0.05259139149 0.2038860033 0)
(0.06311565915 0.2158139831 0)
(0.07443435257 0.2255194459 0)
(0.08643550768 0.2328417332 0)
(0.09884454711 0.2373853862 0)
(0.111279176 0.2387386358 0)
(0.1233237983 0.2366496551 0)
(0.134601322 0.2311195136 0)
(0.1448263343 0.2224086005 0)
(0.1538306311 0.2109772188 0)
(0.1615612385 0.197392109 0)
(0.1680570379 0.1822308145 0)
(0.1734137459 0.1660072376 0)
(0.1777474069 0.1491289685 0)
(0.1811642483 0.131885771 0)
(0.1837412371 0.1144614071 0)
(0.1855180308 0.09695840397 0)
(0.18649839 0.07942626008 0)
(0.1866574299 0.06188650129 0)
(0.1859518169 0.04435116578 0)
(0.1843279786 0.02683434262 0)
(0.181732365 0.009358092937 0)
(0.1781059539 -0.008046101945 0)
(0.1734026771 -0.02534189495 0)
(0.1675851256 -0.042473129 0)
(0.160611847 -0.05937249062 0)
(0.1524458747 -0.07595685765 0)
(0.1430592568 -0.09212491403 0)
(0.1324375922 -0.1077584369 0)
(0.1205881802 -0.1227324554 0)
(0.1075520694 -0.1369446604 0)
(0.09341741792 -0.150381037 0)
(0.07832876782 -0.1632526103 0)
(0.06247408676 -0.1762786501 0)
(0.04601547084 -0.1912673197 0)
(0.02892496375 -0.2121162859 0)
(0.01078757076 -0.2458047625 0)
(-0.009131082246 -0.3015984345 0)
(-0.03065530218 -0.3856957526 0)
(-0.0506800144 -0.489304791 0)
(-0.06029576518 -0.5696483787 0)
(-0.0495765273 -0.5273358321 0)
(-0.01357543139 -0.2289827156 0)
(0.0003783109134 0.01675057588 0)
(0.002791841269 0.051580079 0)
(0.007932409871 0.08520424698 0)
(0.0148335271 0.115587017 0)
(0.02294584372 0.1414828542 0)
(0.03191554917 0.1626541476 0)
(0.04160018142 0.1796527757 0)
(0.05204046646 0.1933386616 0)
(0.06333816125 0.204445308 0)
(0.07553226675 0.2133485345 0)
(0.08852523738 0.2200475149 0)
(0.1020697181 0.2242886871 0)
(0.1158042362 0.2257438595 0)
(0.1293149012 0.2241710775 0)
(0.1422018858 0.21951533 0)
(0.1541346593 0.2119369081 0)
(0.1648847044 0.2017795767 0)
(0.1743330937 0.1895025459 0)
(0.1824567971 0.1756026512 0)
(0.1893014889 0.1605477217 0)
(0.1949496746 0.1447326025 0)
(0.1994916014 0.1284600589 0)
(0.2030037345 0.1119422609 0)
(0.205536498 0.09531551967 0)
(0.2071107051 0.07866080641 0)
(0.2077199071 0.06202418215 0)
(0.2073373713 0.04543395358 0)
(0.2059209756 0.02891203167 0)
(0.2034263358 0.01248405044 0)
(0.1997883274 -0.003824077019 0)
(0.1949619088 -0.01996425518 0)
(0.1889043846 -0.0358932828 0)
(0.181565723 -0.05155001147 0)
(0.172901004 -0.06685655482 0)
(0.1628750888 -0.08172291283 0)
(0.1514692196 -0.09605082064 0)
(0.1386904237 -0.1097466614 0)
(0.1245850247 -0.1227534076 0)
(0.1092539141 -0.1351147435 0)
(0.09286542991 -0.1471000578 0)
(0.07564839233 -0.1594497703 0)
(0.05783699479 -0.1738744561 0)
(0.0395117566 -0.1939591841 0)
(0.02034047542 -0.2262570116 0)
(-0.0004914733262 -0.2801438792 0)
(-0.02335624355 -0.3635741688 0)
(-0.04616942742 -0.4720594016 0)
(-0.06015060266 -0.5683551082 0)
(-0.05493554139 -0.5521276418 0)
(-0.01789064185 -0.2610355571 0)
(0.000243213244 0.01544728677 0)
(0.00202305348 0.04801462767 0)
(0.006185492909 0.07961814669 0)
(0.01227532394 0.1083585833 0)
(0.0199313619 0.1330141981 0)
(0.02883584052 0.1532192232 0)
(0.03879165264 0.1693465825 0)
(0.04974765017 0.182133693 0)
(0.06172529636 0.1922961021 0)
(0.07472003556 0.2002870455 0)
(0.0886291283 0.2062357989 0)
(0.1032242245 0.2100204311 0)
(0.1181677771 0.2114050005 0)
(0.1330586443 0.2101785186 0)
(0.147488789 0.2062549475 0)
(0.1610960778 0.1997163216 0)
(0.1736011344 0.1908036849 0)
(0.1848229198 0.1798724313 0)
(0.1946744401 0.1673327697 0)
(0.2031441287 0.1535933516 0)
(0.210270109 0.139019444 0)
(0.2161140372 0.1239097616 0)
(0.2207393951 0.1084904251 0)
(0.2241966069 0.09292134244 0)
(0.2265154946 0.07730958194 0)
(0.2277033011 0.06172464753 0)
(0.2277476604 0.04621335086 0)
(0.2266193222 0.03080970402 0)
(0.2242804337 0.01554749601 0)
(0.2206801333 0.0004537340702 0)
(0.2157720269 -0.01441099401 0)
(0.2094998766 -0.02901645062 0)
(0.2018206764 -0.0433033545 0)
(0.1926888995 -0.05719944395 0)
(0.1820670156 -0.07062855281 0)
(0.169937914 -0.08351569452 0)
(0.1563147169 -0.09580316228 0)
(0.1412550537 -0.1074853813 0)
(0.1248767276 -0.1186715974 0)
(0.1073719858 -0.1297009841 0)
(0.08900202746 -0.1413547002 0)
(0.07005355501 -0.1552786701 0)
(0.05068836064 -0.1747705746 0)
(0.03066619508 -0.2058759233 0)
(0.009133533957 -0.2577174842 0)
(-0.01475601939 -0.3395699115 0)
(-0.04009972595 -0.4511767408 0)
(-0.05837524193 -0.5621385761 0)
(-0.05942224191 -0.5741591288 0)
(-0.02247675077 -0.2982031085 0)
(6.050337706e-05 0.0146046718 0)
(0.0009995824396 0.04543374183 0)
(0.00384546536 0.07508606988 0)
(0.008772222219 0.1019447013 0)
(0.01565141784 0.1249667301 0)
(0.02422750802 0.1438043696 0)
(0.03426060534 0.1587305931 0)
(0.04560425156 0.1703844436 0)
(0.05818163657 0.17944446 0)
(0.07191937244 0.1864027052 0)
(0.08668592825 0.1914820059 0)
(0.1022569746 0.1946705375 0)
(0.1183152175 0.1958219115 0)
(0.1344787435 0.1947692786 0)
(0.1503445817 0.1914173819 0)
(0.1655347242 0.185792951 0)
(0.1797332207 0.1780523878 0)
(0.192707043 0.1684569137 0)
(0.2043097784 0.1573303992 0)
(0.2144713953 0.1450145548 0)
(0.2231794496 0.1318319523 0)
(0.2304573514 0.1180619528 0)
(0.2363442627 0.1039300031 0)
(0.2408793789 0.08960771588 0)
(0.2440917651 0.07522013062 0)
(0.2459952353 0.06085606645 0)
(0.2465872786 0.04657975166 0)
(0.2458511398 0.0324396828 0)
(0.2437564032 0.01847933339 0)
(0.2402710678 0.00473848706 0)
(0.2353424428 -0.008729100316 0)
(0.2289168565 -0.02189010112 0)
(0.2209661329 -0.03468392933 0)
(0.2114486659 -0.04704841931 0)
(0.2003319641 -0.05892373672 0)
(0.1876094471 -0.07026109578 0)
(0.1733084072 -0.081042872 0)
(0.1575045242 -0.09131964502 0)
(0.1403355657 -0.1012703151 0)
(0.1220150586 -0.1113085583 0)
(0.1028233207 -0.1222652957 0)
(0.08307474141 -0.1357443971 0)
(0.06297528089 -0.1547822883 0)
(0.04236372026 -0.1848723762 0)
(0.02038649302 -0.2346132563 0)
(-0.004149642598 -0.3140403333 0)
(-0.03170271301 -0.4268147869 0)
(-0.05404065906 -0.5505150761 0)
(-0.06216260225 -0.5922783263 0)
(-0.02660989 -0.3402257899 0)
(-0.0002005238165 0.01440858513 0)
(-0.000406364624 0.04416972979 0)
(0.0006957990697 0.0719680803 0)
(0.004093913678 0.09668457513 0)
(0.009901896523 0.1176237686 0)
(0.01792708078 0.1346305922 0)
(0.02787852026 0.1479586401 0)
(0.03951130403 0.158187455 0)
(0.05263399248 0.165950057 0)
(0.06708176726 0.1717431212 0)
(0.08267097588 0.1758434915 0)
(0.09916285644 0.1783192154 0)
(0.1162510118 0.1790996863 0)
(0.1335735947 0.1780653288 0)
(0.1507421992 0.175126938 0)
(0.1673778899 0.1702766214 0)
(0.1831446492 0.1636058146 0)
(0.197772143 0.1552955734 0)
(0.2110650405 0.1455894962 0)
(0.2228999982 0.13476049 0)
(0.2332137713 0.1230803093 0)
(0.241986756 0.1107970975 0)
(0.2492259006 0.09812261848 0)
(0.2549498159 0.08522820552 0)
(0.2591775192 0.07224722987 0)
(0.2619214835 0.05928135465 0)
(0.263183413 0.04640826501 0)
(0.2629558018 0.03369013289 0)
(0.2612174527 0.02117750964 0)
(0.2579542522 0.008923730029 0)
(0.2531087564 -0.003041755697 0)
(0.2466476492 -0.01463238892 0)
(0.238558011 -0.02581200212 0)
(0.2288105743 -0.03653951956 0)
(0.2173910221 -0.04677257098 0)
(0.2043136222 -0.05648993659 0)
(0.1896275208 -0.06571598764 0)
(0.1734317871 -0.07455833979 0)
(0.155882813 -0.08326315193 0)
(0.1372065487 -0.09231466316 0)
(0.1176800416 -0.1025907029 0)
(0.0976132833 -0.1156645305 0)
(0.07720651407 -0.134338992 0)
(0.05635240754 -0.1635558713 0)
(0.03421318989 -0.2111783799 0)
(0.009417717473 -0.2874243837 0)
(-0.02001173186 -0.3992742256 0)
(-0.04602070103 -0.5329576237 0)
(-0.0622841102 -0.6049927342 0)
(-0.02954608907 -0.3861433465 0)
(-0.0006454479126 0.0151470353 0)
(-0.002462069922 0.04466658885 0)
(-0.003616054701 0.07066575976 0)
(-0.002120458175 0.09286899016 0)
(0.002379682249 0.1112365966 0)
(0.009718898663 0.125874875 0)
(0.01950119656 0.1371407953 0)
(0.03138214272 0.1456032211 0)
(0.04503860767 0.1518427722 0)
(0.06019720653 0.156328813 0)
(0.07660348995 0.1593525738 0)
(0.09398687946 0.1610267262 0)
(0.1120399469 0.1613340142 0)
(0.1304170392 0.1601954064 0)
(0.1487489423 0.1575347115 0)
(0.1666674395 0.1533249822 0)
(0.1838321682 0.147610969 0)
(0.1999520096 0.1405094802 0)
(0.2147972131 0.1321941376 0)
(0.2282016805 0.1228725205 0)
(0.2400571081 0.1127627626 0)
(0.2503019009 0.1020743534 0)
(0.2589079393 0.09099537465 0)
(0.2658677909 0.07968628673 0)
(0.2711839179 0.06827907915 0)
(0.2748609129 0.0568802865 0)
(0.2769003215 0.0455753201 0)
(0.2772984067 0.03443534489 0)
(0.2760458577 0.02351798419 0)
(0.2731263029 0.01288125847 0)
(0.2685360334 0.002559668813 0)
(0.262261578 -0.007366748838 0)
(0.2542642567 -0.0168629974 0)
(0.2445598111 -0.02590067992 0)
(0.2331724556 -0.0344591632 0)
(0.2201464153 -0.04254835094 0)
(0.2055559979 -0.05023492633 0)
(0.1895235315 -0.05767941352 0)
(0.1722131645 -0.06518397905 0)
(0.1538451431 -0.07328950268 0)
(0.1346580377 -0.08290480665 0)
(0.1149195722 -0.09557253359 0)
(0.09475898774 -0.1138852657 0)
(0.07409360644 -0.1422743955 0)
(0.0520735044 -0.1877532898 0)
(0.02731929979 -0.2601930796 0)
(-0.003666259509 -0.3689666834 0)
(-0.03283200312 -0.5088972207 0)
(-0.05893260994 -0.610676059 0)
(-0.0306608328 -0.4341192133 0)
(-0.001441052469 0.01731434864 0)
(-0.005602447096 0.04758638549 0)
(-0.009675130478 0.0716641753 0)
(-0.01037658409 0.0907922306 0)
(-0.007295580653 0.1059346746 0)
(-0.0006922093699 0.1175965406 0)
(0.008958519091 0.1263138218 0)
(0.02114587037 0.1326321154 0)
(0.03539116173 0.1371068125 0)
(0.05130607097 0.1401452147 0)
(0.06855738404 0.1420118333 0)
(0.08683149294 0.1428271403 0)
(0.1058097416 0.1426000946 0)
(0.1251568025 0.141278089 0)
(0.1445231442 0.1387969411 0)
(0.1635584686 0.1351197264 0)
(0.1819305893 0.1302590082 0)
(0.1993430511 0.1242825442 0)
(0.2155474716 0.1173062238 0)
(0.2303489371 0.1094795331 0)
(0.2436047419 0.1009687347 0)
(0.2552181113 0.09194163319 0)
(0.2651290476 0.08255620225 0)
(0.273304441 0.07295370817 0)
(0.2797288948 0.06325599789 0)
(0.2843973939 0.05356594918 0)
(0.2873100635 0.04396972891 0)
(0.2884688188 0.03454030914 0)
(0.2878774126 0.02534058815 0)
(0.2855399121 0.01642570889 0)
(0.2814697413 0.007849771333 0)
(0.275681081 -0.0003615863485 0)
(0.2681833219 -0.008162868759 0)
(0.2590170041 -0.01552981571 0)
(0.2482406226 -0.02246401979 0)
(0.2359311603 -0.02899910588 0)
(0.222182821 -0.03524054243 0)
(0.2071337177 -0.04139166765 0)
(0.1909311424 -0.04778902833 0)
(0.17376417 -0.05500688201 0)
(0.1557822937 -0.06395560424 0)
(0.1371758175 -0.07613803845 0)
(0.1179144831 -0.09394938112 0)
(0.09792085636 -0.1213832433 0)
(0.07620270521 -0.1646008838 0)
(0.05159367871 -0.232760705 0)
(0.01938398825 -0.3363485558 0)
(-0.01255564413 -0.4778944764 0)
(-0.05101499321 -0.6073443903 0)
(-0.02903722563 -0.4811426188 0)
(-0.002908791858 0.02180223883 0)
(-0.01055793771 0.05386558609 0)
(-0.01833815617 0.07547565065 0)
(-0.02144986041 0.09063320604 0)
(-0.01967791538 0.1016750638 0)
(-0.01359450869 0.1096857104 0)
(-0.003895309587 0.1153509434 0)
(0.008756463657 0.1191923009 0)
(0.02373735055 0.1216661581 0)
(0.04050949329 0.1231347049 0)
(0.05866778233 0.1237910335 0)
(0.07785738967 0.123726148 0)
(0.09774470073 0.1229472524 0)
(0.1180004809 0.121410414 0)
(0.1382937024 0.1190567561 0)
(0.1582957127 0.1158423828 0)
(0.177691376 0.1117572305 0)
(0.1961919254 0.1068323381 0)
(0.2135457915 0.1011375736 0)
(0.2295452203 0.09477301359 0)
(0.2440280116 0.08785754975 0)
(0.256875035 0.080517509 0)
(0.2680047408 0.07287738393 0)
(0.2773663845 0.0650532314 0)
(0.2849329162 0.05714931618 0)
(0.2906950509 0.04925668985 0)
(0.2946561897 0.04145425904 0)
(0.2968295879 0.03380946089 0)
(0.2972364367 0.02638166555 0)
(0.2959057783 0.01921988043 0)
(0.2928738175 0.01236935581 0)
(0.2881864646 0.00585507733 0)
(0.2818990595 -0.0002962004554 0)
(0.2740860729 -0.006080311853 0)
(0.2648365957 -0.0115286934 0)
(0.2542449539 -0.01667262391 0)
(0.2423932395 -0.02163944585 0)
(0.2294228026 -0.02665483698 0)
(0.2154231078 -0.03205781922 0)
(0.2005339868 -0.03842739222 0)
(0.1847461274 -0.04663197815 0)
(0.168165269 -0.05811657936 0)
(0.150469344 -0.0750679494 0)
(0.1316104307 -0.1011200507 0)
(0.110140228 -0.1416549554 0)
(0.08544050137 -0.2049857957 0)
(0.05203679947 -0.3015333965 0)
(0.01736494882 -0.440065485 0)
(-0.03698272994 -0.5929769821 0)
(-0.02334496106 -0.5231887631 0)
(-0.005677635355 0.0303425853 0)
(-0.01858271371 0.0648703222 0)
(-0.03090357743 0.08258608084 0)
(-0.03630458342 0.09233317843 0)
(-0.03537826331 0.09822315061 0)
(-0.02931299202 0.1018503768 0)
(-0.01911809083 0.1039727727 0)
(-0.005685744895 0.1050529547 0)
(0.01025240691 0.1053772867 0)
(0.02806967334 0.10520277 0)
(0.04725829245 0.1046367787 0)
(0.06744128875 0.103710528 0)
(0.08827805373 0.1024038366 0)
(0.1094474989 0.1006637663 0)
(0.1306387669 0.09842754737 0)
(0.1515490146 0.09564304771 0)
(0.1718882076 0.0922824267 0)
(0.1913874643 0.08834839044 0)
(0.2098075991 0.08387406112 0)
(0.2269456096 0.07891805729 0)
(0.2426378509 0.07355717628 0)
(0.2567600801 0.0678781845 0)
(0.269224508 0.06197093091 0)
(0.2799758234 0.05592242373 0)
(0.2889854928 0.04981389218 0)
(0.2962479373 0.04371792251 0)
(0.3017745685 0.03769941126 0)
(0.3055932049 0.03181350742 0)
(0.307741526 0.02610965574 0)
(0.3082716889 0.0206262571 0)
(0.3072401257 0.01539886497 0)
(0.3047197786 0.01044668182 0)
(0.3007802375 0.005788657899 0)
(0.2954985023 0.001410492705 0)
(0.2890029679 -0.00270191244 0)
(0.2813885054 -0.006671624517 0)
(0.2726715765 -0.0105759892 0)
(0.2629953194 -0.01462045108 0)
(0.2523256553 -0.01910643507 0)
(0.2407831234 -0.02459165775 0)
(0.2280916393 -0.03184314515 0)
(0.2143548146 -0.04221799061 0)
(0.1987184702 -0.05763845133 0)
(0.1813346489 -0.0814222249 0)
(0.1597466287 -0.1182310279 0)
(0.1345558938 -0.1755303626 0)
(0.09836703946 -0.2627115711 0)
(0.06031195353 -0.3934328318 0)
(-0.01364179862 -0.5642153354 0)
(-0.010948993 -0.5537437318 0)
(-0.01118508199 0.04615754564 0)
(-0.03205725113 0.08156383532 0)
(-0.04931482513 0.09224311131 0)
(-0.05584567883 0.0949549024 0)
(-0.05430181872 0.09481523897 0)
(-0.04688753537 0.09352127145 0)
(-0.0349943867 0.09177337438 0)
(-0.01974794867 0.08989489763 0)
(-0.002007305025 0.08800372483 0)
(0.01753910585 0.08619592897 0)
(0.03834481955 0.08444679724 0)
(0.06002289124 0.08271119101 0)
(0.08224771989 0.08092464236 0)
(0.1047241477 0.07901126513 0)
(0.1271760071 0.07689593335 0)
(0.1493398706 0.0745153108 0)
(0.1709650081 0.07182560727 0)
(0.1918179524 0.06880637291 0)
(0.2116884693 0.06546078517 0)
(0.2303952457 0.06181264333 0)
(0.247788989 0.05790200051 0)
(0.263754331 0.053779261 0)
(0.2782076803 0.04950079196 0)
(0.2910966082 0.04512352208 0)
(0.3023931756 0.04070347716 0)
(0.3120950863 0.03629130207 0)
(0.3202142839 0.03193473868 0)
(0.3267855029 0.02767293838 0)
(0.3318457364 0.02354371028 0)
(0.3354584333 0.01957260779 0)
(0.3376726152 0.01578773672 0)
(0.3385778376 0.01219670506 0)
(0.3382198015 0.008815633547 0)
(0.3367158869 0.005620855516 0)
(0.3340713855 0.002616679733 0)
(0.3304208223 -0.0003285827222 0)
(0.3257469085 -0.003265364518 0)
(0.3202272994 -0.006385850825 0)
(0.3135639673 -0.009903358992 0)
(0.3060186493 -0.014329314 0)
(0.2968228163 -0.02025194142 0)
(0.2863881112 -0.02889463478 0)
(0.2728243563 -0.04179823496 0)
(0.2570194859 -0.06190717142 0)
(0.2343920525 -0.09310860482 0)
(0.2077269931 -0.1421099571 0)
(0.165534654 -0.2175283211 0)
(0.1217282965 -0.3346057054 0)
(0.02427662831 -0.5143108012 0)
(0.01301444234 -0.5624062217 0)
(-0.02400011064 0.06705469067 0)
(-0.0581602503 0.1089193221 0)
(-0.07447529701 0.1088975154 0)
(-0.07392407614 0.09930654736 0)
(-0.06489251673 0.09036108643 0)
(-0.05032179424 0.08294830865 0)
(-0.0319391041 0.07689183432 0)
(-0.01104344665 0.07197588711 0)
(0.01154071523 0.0679839909 0)
(0.03522839198 0.06470336198 0)
(0.05954740497 0.06195096286 0)
(0.08424055681 0.05957700614 0)
(0.1090865275 0.0574538011 0)
(0.133886611 0.05547120657 0)
(0.1584554681 0.05353556208 0)
(0.1826135918 0.05157062034 0)
(0.2061850539 0.04951901745 0)
(0.2290005239 0.04734263148 0)
(0.2509012112 0.04502214715 0)
(0.2717452381 0.0425545368 0)
(0.2914095972 0.03995076844 0)
(0.3097961451 0.03723123842 0)
(0.3268271633 0.0344238936 0)
(0.3424531327 0.03155879601 0)
(0.3566384978 0.02866905454 0)
(0.3693785569 0.02578413106 0)
(0.3806685756 0.02293557067 0)
(0.3905433486 0.0201463885 0)
(0.3990135199 0.01744432755 0)
(0.406152577 0.01484220381 0)
(0.4119663395 0.01236378895 0)
(0.4165744967 0.0100066403 0)
(0.4199454033 0.007788877361 0)
(0.4222635085 0.005682645598 0)
(0.4233993501 0.003688392676 0)
(0.4236502881 0.001742265112 0)
(0.4226994124 -0.0001905709705 0)
(0.4210340261 -0.002307181734 0)
(0.4178410369 -0.00469957824 0)
(0.4139480276 -0.007810333527 0)
(0.4075628999 -0.01197008222 0)
(0.4001826167 -0.01819048534 0)
(0.3878485291 -0.02747628381 0)
(0.3735112794 -0.04218947198 0)
(0.3484116962 -0.0652494329 0)
(0.3195435743 -0.1022475055 0)
(0.2669127952 -0.16147099 0)
(0.2134305867 -0.2571110204 0)
(0.08734992729 -0.4305827905 0)
(0.05672835458 -0.5302772089 0)
(-0.07280094782 0.1589237304 0)
(-0.08141779857 0.119305431 0)
(-0.05253056186 0.08844767007 0)
(-0.0192722624 0.07312440629 0)
(0.0150589993 0.06189090781 0)
(0.04885220137 0.05308655927 0)
(0.08162891847 0.04644541969 0)
(0.1132423235 0.04152515248 0)
(0.1437164126 0.03785181044 0)
(0.1731786471 0.03498743515 0)
(0.2017089919 0.03269610207 0)
(0.2293977782 0.03081496805 0)
(0.2563086645 0.02922331998 0)
(0.2824729705 0.02782730053 0)
(0.3078917977 0.02655211349 0)
(0.3325394922 0.02533841216 0)
(0.3563664387 0.02414083551 0)
(0.3793068357 0.02292655163 0)
(0.4012826984 0.02167471553 0)
(0.422215602 0.02037441836 0)
(0.4420259147 0.01902422271 0)
(0.4606486646 0.01762867933 0)
(0.4780210451 0.01619879477 0)
(0.4941085368 0.01474682738 0)
(0.5088706757 0.01328957727 0)
(0.5223123685 0.01184032341 0)
(0.5344088122 0.01041746272 0)
(0.5452115304 0.009030493046 0)
(0.5546934217 0.007697959398 0)
(0.5629663327 0.006421566549 0)
(0.5699676256 0.005220421344 0)
(0.5758998172 0.004083277716 0)
(0.5806020039 0.003031397968 0)
(0.5844290237 0.002033590917 0)
(0.5869949678 0.001118124859 0)
(0.588929457 0.000225456757 0)
(0.5894325261 -0.0006169445688 0)
(0.5896274167 -0.001594026427 0)
(0.5877712188 -0.002701714149 0)
(0.5859235288 -0.004272092828 0)
(0.5804629326 -0.006377929837 0)
(0.5752258435 -0.009687403491 0)
(0.5626612191 -0.01462500685 0)
(0.5500519688 -0.02257032917 0)
(0.5214491729 -0.03524046228 0)
(0.4917838394 -0.05588230798 0)
(0.4262728592 -0.09220755087 0)
(0.3640119659 -0.1549889622 0)
(0.2035021869 -0.295542095 0)
(0.1396756615 -0.4190777522 0)
(0.1850854787 0.1429743459 0)
(0.2226472108 0.1046757643 0)
(0.3185779104 0.07184664612 0)
(0.3908548333 0.05229584327 0)
(0.4434248731 0.0396240506 0)
(0.4847694739 0.03065525323 0)
(0.5192845189 0.024150619 0)
(0.5490073779 0.01943250203 0)
(0.5751193152 0.01599777296 0)
(0.5984976964 0.01345737563 0)
(0.6197802217 0.01154600047 0)
(0.63941874 0.01008345658 0)
(0.6577284465 0.008943887463 0)
(0.6749273261 0.008036708304 0)
(0.6911616555 0.007295361667 0)
(0.70652464 0.006670247497 0)
(0.7210668082 0.006124537981 0)
(0.7348096431 0.005630903348 0)
(0.7477502306 0.005169940854 0)
(0.7598764678 0.004728006814 0)
(0.7711639708 0.00429695823 0)
(0.7815965209 0.003871798342 0)
(0.791149039 0.003451590015 0)
(0.7998212467 0.003036085147 0)
(0.8075954773 0.002628531863 0)
(0.8145002334 0.002230262577 0)
(0.8205208836 0.001846811005 0)
(0.8257259734 0.001478584632 0)
(0.8300865088 0.001132673075 0)
(0.8337291706 0.000806296027 0)
(0.8365749143 0.0005083231485 0)
(0.8388459231 0.0002300966487 0)
(0.8403443598 -1.654716574e-05 0)
(0.8414664858 -0.0002489551497 0)
(0.8417594739 -0.0004478505347 0)
(0.8419461335 -0.0006390248936 0)
(0.8410317723 -0.0007909147152 0)
(0.8403597564 -0.0009869794205 0)
(0.837849791 -0.001206164887 0)
(0.8361386991 -0.001573469096 0)
(0.8308258827 -0.002076000225 0)
(0.827116071 -0.002923328571 0)
(0.8156786196 -0.004206865821 0)
(0.8070565186 -0.006277642493 0)
(0.780978208 -0.009642217711 0)
(0.7594050981 -0.015072686 0)
(0.6954180153 -0.02525565662 0)
(0.6385468844 -0.04381206108 0)
(0.4590525058 -0.08679028511 0)
(0.3311116949 -0.1523248829 0)
)
;

boundaryField
{
    movingWall
    {
        type            fixedValue;
        value           uniform (1 0 0);
    }
    fixedWalls
    {
        type            noSlip;
    }
    frontAndBack
    {
        type            empty;
    }
}


// ************************************************************************* //
