/*--------------------------------*- C++ -*----------------------------------*\
  =========                 |
  \\      /  F ield         | OpenFOAM: The Open Source CFD Toolbox
   \\    /   O peration     | Website:  https://openfoam.org
    \\  /    A nd           | Version:  11
     \\/     M anipulation  |
\*---------------------------------------------------------------------------*/
FoamFile
{
    format      ascii;
    class       surfaceScalarField;
    location    "30";
    object      phi;
}
// * * * * * * * * * * * * * * * * * * * * * * * * * * * * * * * * * * * * * //

dimensions      [0 3 -1 0 0 0 0];

internalField   nonuniform List<scalar> 
4900
(
1.335621714e-08
-1.335689884e-08
2.538706897e-08
-1.203085195e-08
2.324254305e-08
2.144525672e-09
3.257380117e-09
1.998516267e-08
-3.446983497e-08
3.772721492e-08
-8.822864965e-08
5.375881463e-08
-1.55563592e-07
6.733494227e-08
-2.338998974e-07
7.833630527e-08
-3.207983358e-07
8.689843807e-08
-4.14045964e-07
9.324762782e-08
-5.116729871e-07
9.762702302e-08
-6.119309247e-07
1.002579375e-07
-7.132513925e-07
1.013204679e-07
-8.141977329e-07
1.009463402e-07
-9.134173839e-07
9.921965074e-08
-1.009600158e-06
9.618277389e-08
-1.101445777e-06
9.184561899e-08
-1.187642693e-06
8.619691562e-08
-1.266859216e-06
7.921652297e-08
-1.337747193e-06
7.088797699e-08
-1.398957838e-06
6.121064502e-08
-1.449168804e-06
5.021096564e-08
-1.487121124e-06
3.795231954e-08
-1.511664242e-06
2.454311748e-08
-1.521807004e-06
1.014276193e-08
-1.516772132e-06
-5.034870929e-09
-1.496050341e-06
-2.072179131e-08
-1.459453215e-06
-3.659712612e-08
-1.407158849e-06
-5.229436685e-08
-1.339748211e-06
-6.741063847e-08
-1.258228726e-06
-8.151948628e-08
-1.16404203e-06
-9.418669533e-08
-1.059053614e-06
-1.049884142e-07
-9.455228896e-07
-1.135307239e-07
-8.260533247e-07
-1.194695655e-07
-7.035235326e-07
-1.225297939e-07
-5.810014392e-07
-1.225220952e-07
-4.616447843e-07
-1.193566551e-07
-3.485920347e-07
-1.130527478e-07
-2.448480103e-07
-1.037440221e-07
-1.531679194e-07
-9.168009043e-08
-7.594140696e-08
-7.722651468e-08
-1.50711104e-08
-6.087029975e-08
2.817437633e-08
-4.324548791e-08
5.330105543e-08
-2.51266769e-08
6.087362751e-08
-7.57256833e-09
5.294275883e-08
7.930870309e-09
3.38857863e-08
1.905697006e-08
1.183004423e-08
2.205573682e-08
1.183004027e-08
1.233612456e-08
-2.569302355e-08
9.105166335e-09
-8.799893997e-09
-2.754725739e-08
3.879694916e-08
-1.048555913e-07
9.729349625e-08
-2.235746353e-07
1.564462584e-07
-3.807107081e-07
2.10894887e-07
-5.714621948e-07
2.580864287e-07
-7.902600098e-07
2.971341202e-07
-1.031412928e-06
3.280513563e-07
-1.28944772e-06
3.512824197e-07
-1.559255243e-06
3.674345448e-07
-1.836119149e-06
3.771218432e-07
-2.115677146e-06
3.808784652e-07
-2.393848569e-06
3.791177633e-07
-2.666751462e-06
3.721225438e-07
-2.930625113e-06
3.600564246e-07
-3.181768772e-06
3.429892777e-07
-3.416503387e-06
3.209315295e-07
-3.631160156e-06
2.938732913e-07
-3.822097323e-06
2.618251444e-07
-3.985744706e-06
2.24858028e-07
-4.118673876e-06
1.83140136e-07
-4.217690614e-06
1.369690574e-07
-4.279945103e-06
8.679760612e-08
-4.303053867e-06
3.3251525e-08
-4.28523114e-06
-2.285759962e-08
-4.225409004e-06
-8.054392726e-08
-4.123363458e-06
-1.386426708e-07
-3.979812019e-06
-1.95845806e-07
-3.796491883e-06
-2.507307743e-07
-3.576205571e-06
-3.018057989e-07
-3.322828509e-06
-3.4756376e-07
-3.041273645e-06
-3.865432786e-07
-2.737410118e-06
-4.173942508e-07
-2.417935241e-06
-4.389444406e-07
-2.09020166e-06
-4.502633738e-07
-1.762003991e-06
-4.507197648e-07
-1.441331469e-06
-4.400291801e-07
-1.136094535e-06
-4.182896842e-07
-8.53833506e-07
-3.860050518e-07
-6.014157687e-07
-3.44097825e-07
-3.847236615e-07
-2.939186185e-07
-2.083294629e-07
-2.372644978e-07
-7.515280518e-08
-1.764221489e-07
1.398469927e-08
-1.142641855e-07
6.089248145e-08
-5.448035142e-08
7.073278885e-08
-1.909432975e-09
5.284747883e-08
3.694228661e-08
2.199031981e-08
5.291290077e-08
3.382035633e-08
-1.826832958e-09
-2.386619085e-08
-3.90965116e-08
2.846978429e-08
-1.283220997e-07
1.28022537e-07
-2.759851932e-07
2.449565896e-07
-4.822912523e-07
3.627523171e-07
-7.433052722e-07
4.719089065e-07
-1.052662866e-06
5.674440221e-07
-1.402803426e-06
6.472746801e-07
-1.785766615e-06
7.110145453e-07
-2.193669298e-06
7.591851027e-07
-2.618952194e-06
7.927174399e-07
-3.054470562e-06
8.126402106e-07
-3.493486718e-06
8.198946211e-07
-3.929607971e-06
8.152390161e-07
-4.35670228e-06
7.992168522e-07
-4.768815068e-06
7.721692131e-07
-5.160103623e-06
7.342778325e-07
-5.524799886e-06
6.856277924e-07
-5.857207932e-06
6.262813366e-07
-6.151738731e-06
5.563559429e-07
-6.402981813e-06
4.761011092e-07
-6.605810987e-06
3.859693102e-07
-6.755519273e-06
2.866773439e-07
-6.847976477e-06
1.792548103e-07
-6.879802198e-06
6.507724542e-08
-6.84854222e-06
-5.411757839e-08
-6.752844868e-06
-1.762412805e-07
-6.592619454e-06
-2.988680847e-07
-6.369171144e-06
-4.192941161e-07
-6.085300029e-06
-5.346018877e-07
-5.745355291e-06
-6.417505369e-07
-5.355236012e-06
-7.376830396e-07
-4.922332263e-06
-8.194470299e-07
-4.455402468e-06
-8.843240469e-07
-3.964385965e-06
-9.299609437e-07
-3.460152773e-06
-9.544965635e-07
-2.954195753e-06
-9.566767829e-07
-2.458273061e-06
-9.359518732e-07
-1.984010743e-06
-8.925520047e-07
-1.542475917e-06
-8.275398806e-07
-1.143729689e-06
-7.428440536e-07
-7.963655144e-07
-6.412827903e-07
-5.070335585e-07
-5.265964501e-07
-2.799411501e-07
-4.035145565e-07
-1.163093922e-07
-2.778959465e-07
-1.378066563e-08
-1.570090827e-07
3.431041018e-08
-5.000051099e-08
3.970391896e-08
3.154878016e-08
1.984271966e-08
7.277410514e-08
5.366307456e-08
-2.055320074e-08
-3.312990315e-09
-1.016229141e-07
1.095394971e-07
-2.537682191e-07
2.801678417e-07
-4.80408629e-07
4.715969993e-07
-7.797722063e-07
6.621158942e-07
-1.1463517e-06
8.384883999e-07
-1.57226502e-06
9.933573413e-07
-2.048332632e-06
1.123342292e-06
-2.564845135e-06
1.227527048e-06
-3.11206175e-06
1.306401718e-06
-3.680494502e-06
1.361150191e-06
-4.261034528e-06
1.393180236e-06
-4.844971921e-06
1.403832014e-06
-5.423952422e-06
1.394219517e-06
-5.989905673e-06
1.365170103e-06
-6.53497164e-06
1.31723518e-06
-7.051444634e-06
1.250750827e-06
-7.531748089e-06
1.165931247e-06
-7.968447923e-06
1.062981171e-06
-8.354307866e-06
9.422158853e-07
-8.682386378e-06
8.041796201e-07
-8.946171794e-06
6.497547263e-07
-9.13974983e-06
4.802553793e-07
-9.257995657e-06
2.975006375e-07
-9.296781482e-06
1.038630715e-07
-9.253185208e-06
-9.771385277e-08
-9.125700194e-06
-3.037262958e-07
-8.914416442e-06
-5.101518381e-07
-8.621176449e-06
-7.12534109e-07
-8.249686415e-06
-9.060919208e-07
-7.805573758e-06
-1.085863194e-06
-7.296381305e-06
-1.246875492e-06
-6.731490669e-06
-1.384337667e-06
-6.121969892e-06
-1.493844826e-06
-5.480343534e-06
-1.571587303e-06
-4.820286785e-06
-1.614553313e-06
-4.156248663e-06
-1.620714903e-06
-3.503012667e-06
-1.589187867e-06
-2.875205812e-06
-1.52035886e-06
-2.286768537e-06
-1.415977158e-06
-1.75039803e-06
-1.279214564e-06
-1.276975919e-06
-1.114704903e-06
-8.749883862e-07
-9.285839803e-07
-5.499423226e-07
-7.285606162e-07
-3.037770532e-07
-5.240612146e-07
-1.342752948e-07
-3.265108439e-07
-3.448592528e-08
-1.497898848e-07
7.885867728e-09
-1.082301452e-08
1.09581901e-08
6.970178572e-08
6.462126571e-08
-4.068896435e-08
3.737597392e-08
-1.698480984e-07
2.386986306e-07
-3.903975105e-07
5.007172533e-07
-7.01095646e-07
7.822951345e-07
-1.09702483e-06
1.058045078e-06
-1.570441185e-06
1.311904755e-06
-2.11169114e-06
1.534607296e-06
-2.710019775e-06
1.721670926e-06
-3.35419664e-06
1.871703913e-06
-4.032949084e-06
1.985154162e-06
-4.735224195e-06
2.063425302e-06
-5.45031458e-06
2.108270621e-06
-6.167887215e-06
2.121404649e-06
-6.877952606e-06
2.104284908e-06
-7.570806549e-06
2.058024045e-06
-8.236970631e-06
1.983399261e-06
-8.867151259e-06
1.880931455e-06
-9.452230935e-06
1.751010923e-06
-9.983300031e-06
1.594050267e-06
-1.045173255e-05
1.410648407e-06
-1.084930538e-05
1.201752448e-06
-1.116835715e-05
9.688064941e-07
-1.140198029e-05
7.138785202e-07
-1.154423769e-05
4.397580348e-07
-1.159039368e-05
1.500190601e-07
-1.153714757e-05
-1.509599631e-07
-1.138285964e-05
-4.580142188e-07
-1.112775311e-05
-7.652583691e-07
-1.077408272e-05
-1.066204505e-06
-1.032625579e-05
-1.353918849e-06
-9.790894438e-06
-1.621224547e-06
-9.176828359e-06
-1.860941569e-06
-8.495009727e-06
-2.066156298e-06
-7.758343965e-06
-2.230510588e-06
-6.981433374e-06
-2.348497896e-06
-6.180234036e-06
-2.415752653e-06
-5.371630306e-06
-2.429318633e-06
-4.572935055e-06
-2.387883115e-06
-3.801327392e-06
-2.291966519e-06
-3.07324245e-06
-2.1440621e-06
-2.403729657e-06
-1.94872736e-06
-1.805796646e-06
-1.712637917e-06
-1.289755712e-06
-1.444624915e-06
-8.625891057e-07
-1.15572722e-06
-5.273493989e-07
-8.593009173e-07
-2.82614471e-07
-5.712457703e-07
-1.220121876e-07
-3.103921707e-07
-3.387227225e-08
-9.89629335e-08
-9.688085743e-10
3.679832164e-08
6.3652459e-08
-6.08583024e-08
9.823427625e-08
-2.393015479e-07
4.171418757e-07
-5.304200037e-07
7.918357085e-07
-9.274305647e-07
1.179305695e-06
-1.421502415e-06
1.552116928e-06
-2.002090015e-06
1.892492355e-06
-2.657444101e-06
2.189961381e-06
-3.375127567e-06
2.439354392e-06
-4.142448594e-06
2.639024939e-06
-4.946775541e-06
2.789481108e-06
-5.775731566e-06
2.892381326e-06
-6.61728642e-06
2.949825476e-06
-7.459772069e-06
2.963890298e-06
-8.291851118e-06
2.936363957e-06
-9.102465281e-06
2.868638207e-06
-9.880787094e-06
2.761721074e-06
-1.061619297e-05
2.616337333e-06
-1.129827036e-05
2.433088311e-06
-1.19168666e-05
2.212646503e-06
-1.24621825e-05
1.95596431e-06
-1.292490974e-05
1.664479684e-06
-1.329640779e-05
1.340304546e-06
-1.356891374e-05
9.863844727e-07
-1.373577612e-05
6.066204177e-07
-1.379170247e-05
2.059454024e-07
-1.373300928e-05
-2.096531515e-07
-1.355786223e-05
-6.331612683e-07
-1.326649372e-05
-1.05662688e-06
-1.286138503e-05
-1.471313193e-06
-1.234740011e-05
-1.867903767e-06
-1.17318586e-05
-2.236766064e-06
-1.10245365e-05
-2.568263669e-06
-1.023758454e-05
-2.853108252e-06
-9.385356219e-06
-3.082738909e-06
-8.484140508e-06
-3.249713607e-06
-7.551797893e-06
-3.34809527e-06
-6.607302501e-06
-3.373814028e-06
-5.670197855e-06
-3.324987762e-06
-4.759978508e-06
-3.202185864e-06
-3.895414279e-06
-3.008626325e-06
-3.093837688e-06
-2.75030395e-06
-2.370418135e-06
-2.436057473e-06
-1.737448594e-06
-2.077594461e-06
-1.203672252e-06
-1.689503563e-06
-7.736785148e-07
-1.289294653e-06
-4.474003518e-07
-8.975239295e-07
-2.197466425e-07
-5.380458788e-07
-8.042163297e-08
-2.382879453e-07
-1.396356756e-08
-2.965974595e-08
4.96888922e-08
-8.038028707e-08
1.786145631e-07
-3.07690833e-07
6.444524213e-07
-6.693971411e-07
1.153542016e-06
-1.152900148e-06
1.662808701e-06
-1.745032641e-06
2.14424942e-06
-2.432054687e-06
2.579514401e-06
-3.199841446e-06
2.95774814e-06
-4.034130314e-06
3.27364326e-06
-4.920751247e-06
3.525645871e-06
-5.845798237e-06
3.714528098e-06
-6.795728387e-06
3.842311475e-06
-7.757394292e-06
3.911491381e-06
-8.718026195e-06
3.9245222e-06
-9.665184836e-06
3.883522598e-06
-1.058670632e-05
3.790159695e-06
-1.147065796e-05
3.645672709e-06
-1.230532018e-05
3.450999551e-06
-1.307920527e-05
3.206973407e-06
-1.378111909e-05
2.914560323e-06
-1.440026775e-05
2.575112969e-06
-1.492640784e-05
2.190619767e-06
-1.535003564e-05
1.76393235e-06
-1.566260871e-05
1.298957545e-06
-1.585679118e-05
8.008028831e-07
-1.592671304e-05
2.75867259e-07
-1.586823276e-05
-2.681334292e-07
-1.567919119e-05
-8.222028417e-07
-1.535964526e-05
-1.376172809e-06
-1.491206791e-05
-1.918890541e-06
-1.434150159e-05
-2.438470089e-06
-1.365565194e-05
-2.922615715e-06
-1.286490872e-05
-3.359006884e-06
-1.198228187e-05
-3.735735103e-06
-1.102324221e-05
-4.04177857e-06
-1.000545906e-05
-4.267496753e-06
-8.94843059e-06
-4.405123742e-06
-7.873007441e-06
-4.449237179e-06
-6.800815941e-06
-4.397179264e-06
-5.753593258e-06
-4.249408548e-06
-4.752453315e-06
-4.009766266e-06
-3.817108254e-06
-3.685649008e-06
-2.965075476e-06
-3.28809025e-06
-2.210904505e-06
-2.831765434e-06
-1.565461164e-06
-2.334946908e-06
-1.035309204e-06
-1.819446615e-06
-6.222318716e-07
-1.31060126e-06
-3.229391766e-07
-8.373385707e-07
-1.290176746e-07
-4.322094467e-07
-2.719443696e-08
-1.314829851e-07
2.249445454e-08
-9.904329484e-08
2.776578576e-07
-3.739024028e-07
9.19311529e-07
-8.048701014e-07
1.584509715e-06
-1.373568298e-06
2.231506898e-06
-2.062335809e-06
2.83301693e-06
-2.854023028e-06
3.37120162e-06
-3.73194218e-06
3.835667292e-06
-4.679888609e-06
4.221589689e-06
-5.682180869e-06
4.527938131e-06
-6.723683568e-06
4.756030797e-06
-7.789797162e-06
4.908425069e-06
-8.866414638e-06
4.988108857e-06
-9.93985461e-06
4.997962172e-06
-1.099678519e-05
4.940453179e-06
-1.202415427e-05
4.817528771e-06
-1.300914053e-05
4.630658968e-06
-1.393913681e-05
4.380995838e-06
-1.48017738e-05
4.069610395e-06
-1.558498825e-05
3.697774774e-06
-1.627713666e-05
3.267261379e-06
-1.686715212e-05
2.780635223e-06
-1.734473979e-05
2.241520018e-06
-1.770060464e-05
1.654822394e-06
-1.792670361e-05
1.026901862e-06
-1.801651343e-05
3.656770776e-07
-1.796530454e-05
-3.193423254e-07
-1.777040966e-05
-1.017097718e-06
-1.743147775e-05
-1.71510472e-06
-1.695069827e-05
-2.399670016e-06
-1.63329842e-05
-3.056184163e-06
-1.558609879e-05
-3.669501127e-06
-1.472071141e-05
-4.224394263e-06
-1.375036755e-05
-4.70607896e-06
-1.269135918e-05
-5.100786949e-06
-1.156248378e-05
-5.396372147e-06
-1.038468428e-05
-5.582923241e-06
-9.180566974e-06
-5.653354483e-06
-7.973801743e-06
-5.603944497e-06
-6.788416412e-06
-5.434793882e-06
-5.648005832e-06
-5.150176847e-06
-4.574884576e-06
-4.758770262e-06
-3.589219788e-06
-4.273755035e-06
-2.708186837e-06
-3.712798383e-06
-1.945194835e-06
-3.097938911e-06
-1.309231687e-06
-2.455409767e-06
-8.043797061e-07
-1.815453242e-06
-4.295548007e-07
-1.212163474e-06
-1.785296197e-07
-6.832346254e-07
-4.031422482e-08
-2.696983795e-07
-1.781977137e-08
-1.16791435e-07
3.944492922e-07
-4.373904572e-07
1.239910551e-06
-9.354339368e-07
2.082553194e-06
-1.586976058e-06
2.883049018e-06
-2.369887962e-06
3.615928834e-06
-3.26354532e-06
4.264858978e-06
-4.248611476e-06
4.820733447e-06
-5.30687764e-06
5.279855853e-06
-6.421135191e-06
5.642195682e-06
-7.575056516e-06
5.909952122e-06
-8.753072391e-06
6.086440944e-06
-9.940244629e-06
6.175281094e-06
-1.112213974e-05
6.179857283e-06
-1.22847132e-05
6.103026639e-06
-1.341421511e-05
5.947030678e-06
-1.449712726e-05
5.713571123e-06
-1.552013955e-05
5.404008126e-06
-1.647017074e-05
5.019641581e-06
-1.733443584e-05
4.562039875e-06
-1.810055955e-05
4.033385087e-06
-1.875673293e-05
3.436808609e-06
-1.929190894e-05
2.776696024e-06
-1.96960309e-05
2.058944358e-06
-1.996028748e-05
1.291158444e-06
-2.007738656e-05
4.827761513e-07
-2.00418404e-05
-3.548884865e-07
-1.985025114e-05
-1.20868698e-06
-1.950159033e-05
-2.063765526e-06
-1.899745585e-05
-2.903804494e-06
-1.834229563e-05
-3.711344383e-06
-1.754358165e-05
-4.468215108e-06
-1.661191705e-05
-5.156058861e-06
-1.556105812e-05
-5.756937896e-06
-1.440783291e-05
-6.254012164e-06
-1.317193997e-05
-6.632265088e-06
-1.187561412e-05
-6.879249084e-06
-1.054315205e-05
-6.98581655e-06
-9.200298415e-06
-6.946798133e-06
-7.873503056e-06
-6.761589243e-06
-6.589070877e-06
-6.434609029e-06
-5.372237186e-06
-5.975603955e-06
-4.246211627e-06
-5.399780592e-06
-3.231242115e-06
-4.727767892e-06
-2.343755627e-06
-3.985425397e-06
-1.595635005e-06
-3.203530391e-06
-9.936902069e-07
-2.417398043e-06
-5.393809831e-07
-1.666472699e-06
-2.288507447e-07
-9.937648624e-07
-5.33349075e-08
-4.452142151e-07
-7.115467913e-08
-1.336059953e-07
5.280552872e-07
-4.978443933e-07
1.604148948e-06
-1.060198265e-06
2.644907065e-06
-1.791455001e-06
3.614305754e-06
-2.665165922e-06
4.489639755e-06
-3.657283042e-06
5.256976097e-06
-4.745826424e-06
5.909276828e-06
-5.910582067e-06
6.444611495e-06
-7.132831065e-06
6.86444468e-06
-8.395101049e-06
7.172222105e-06
-9.680934819e-06
7.372274715e-06
-1.097467673e-05
7.469023004e-06
-1.226128117e-05
7.466461727e-06
-1.352614971e-05
7.367895175e-06
-1.475500385e-05
7.175884819e-06
-1.593379975e-05
6.892367022e-06
-1.704868925e-05
6.518897628e-06
-1.808602962e-05
6.056981952e-06
-1.903244208e-05
5.508452329e-06
-1.987491734e-05
4.875860346e-06
-2.060096502e-05
4.162856287e-06
-2.119880265e-05
3.374533654e-06
-2.16575796e-05
2.517721313e-06
-2.196763075e-05
1.601209596e-06
-2.212075431e-05
6.358997081e-07
-2.211050826e-05
-3.651345342e-07
-2.193251518e-05
-1.386680058e-06
-2.158477331e-05
-2.411507403e-06
-2.10679544e-05
-3.4206234e-06
-2.038568014e-05
-4.393618646e-06
-1.954475813e-05
-5.309137118e-06
-1.855535784e-05
-6.145459146e-06
-1.743110412e-05
-6.881191621e-06
-1.618906473e-05
-7.496051549e-06
-1.484960924e-05
-7.97172058e-06
-1.343611944e-05
-8.292738892e-06
-1.197453791e-05
-8.447398072e-06
-1.049275042e-05
-8.428585625e-06
-9.019809543e-06
-8.234530117e-06
-7.585021315e-06
-7.869397258e-06
-6.216930834e-06
-7.343694438e-06
-4.942256804e-06
-6.674454625e-06
-3.784835818e-06
-5.885188876e-06
-2.764644227e-06
-5.005616985e-06
-1.896967247e-06
-4.07120737e-06
-1.191781583e-06
-3.122583707e-06
-6.534113817e-07
-2.204842902e-06
-2.805150873e-07
-1.366661157e-06
-6.645130548e-08
-6.592779959e-07
-1.376059839e-07
-1.494657069e-07
6.775209939e-07
-5.550298663e-07
2.009713107e-06
-1.178492825e-06
3.268370023e-06
-1.9857204e-06
4.421533328e-06
-2.946170349e-06
5.450089704e-06
-4.032507283e-06
6.343313031e-06
-5.220188489e-06
7.096958034e-06
-6.487050097e-06
7.711473103e-06
-7.812916136e-06
8.190310718e-06
-9.179235397e-06
8.538541366e-06
-1.056874894e-05
8.761788256e-06
-1.196519217e-05
8.865466235e-06
-1.335303616e-05
8.854305717e-06
-1.471727297e-05
8.732131983e-06
-1.604324929e-05
8.501861136e-06
-1.731655149e-05
8.165669228e-06
-1.852294365e-05
7.725289787e-06
-1.964835822e-05
7.182396516e-06
-2.067893776e-05
6.539031875e-06
-2.160112493e-05
5.798047516e-06
-2.240179717e-05
4.963528529e-06
-2.306844269e-05
4.041179169e-06
-2.358937409e-05
3.038652718e-06
-2.395397653e-05
1.965812027e-06
-2.415298681e-05
8.349099961e-07
-2.417880081e-05
-3.393205373e-07
-2.402579887e-05
-1.539681993e-06
-2.369069407e-05
-2.746612205e-06
-2.317287835e-05
-3.938439123e-06
-2.247476291e-05
-5.091734093e-06
-2.160209094e-05
-6.181809078e-06
-2.056420041e-05
-7.183349678e-06
-1.937420982e-05
-8.071182215e-06
-1.804909753e-05
-8.821163839e-06
-1.660964418e-05
-9.411173925e-06
-1.508021025e-05
-9.822172826e-06
-1.34883268e-05
-1.003928152e-05
-1.18640878e-05
-1.005282462e-05
-1.023934638e-05
-9.859271531e-06
-8.64673475e-06
-9.46200889e-06
-7.11854623e-06
-8.871882959e-06
-5.685536026e-06
-8.107464832e-06
-4.375712036e-06
-7.195012868e-06
-3.21319649e-06
-6.168132531e-06
-2.217241075e-06
-5.067162782e-06
-1.401471831e-06
-3.938352951e-06
-7.734280383e-07
-2.832886696e-06
-3.34451901e-07
-1.805637296e-06
-7.996229408e-08
-9.137676032e-07
-2.175682772e-07
-1.643320809e-07
8.418530747e-07
-6.087130311e-07
2.454094056e-06
-1.289709412e-06
3.949366403e-06
-2.168635161e-06
5.300459077e-06
-3.211131913e-06
6.492586455e-06
-4.386773839e-06
7.518954957e-06
-5.66859349e-06
8.378777685e-06
-7.032579369e-06
9.075458981e-06
-8.457184996e-06
9.614916345e-06
-9.922866253e-06
1.000422262e-05
-1.141165736e-05
1.025057936e-05
-1.290679342e-05
1.036060229e-05
-1.439238529e-05
1.033989759e-05
-1.585315096e-05
1.019289765e-05
-1.727420563e-05
9.922915801e-06
-1.864091136e-05
9.532374958e-06
-1.993878524e-05
9.023163668e-06
-2.115346376e-05
8.397075036e-06
-2.227072017e-05
7.656288284e-06
-2.327653127e-05
6.803858616e-06
-2.415719022e-05
5.844187487e-06
-2.489946267e-05
4.78345161e-06
-2.549078411e-05
3.629974163e-06
-2.591949758e-05
2.394525496e-06
-2.617513058e-05
1.090542995e-06
-2.62487122e-05
-2.657389144e-07
-2.613311728e-05
-1.655276915e-06
-2.582345806e-05
-3.056271427e-06
-2.531748237e-05
-4.444414806e-06
-2.461598826e-05
-5.793228205e-06
-2.372322694e-05
-7.074570399e-06
-2.264726992e-05
-8.259306702e-06
-2.14003087e-05
-9.318143433e-06
-1.999885067e-05
-1.022262186e-05
-1.846377208e-05
-1.094625252e-05
-1.682018981e-05
-1.146575509e-05
-1.509711926e-05
-1.176235208e-05
-1.33268961e-05
-1.182304778e-05
-1.154435628e-05
-1.164181135e-05
-9.785789327e-06
-1.122057584e-05
-8.087703977e-06
-1.056996831e-05
-6.485468947e-06
-9.709699863e-06
-5.011911958e-06
-8.668569859e-06
-3.695973423e-06
-7.484071067e-06
-2.561514436e-06
-6.201621768e-06
-1.626369724e-06
-4.873497661e-06
-9.017183502e-07
-3.557538068e-06
-3.918323605e-07
-2.315523286e-06
-9.422557253e-08
-1.211374392e-06
-3.117938496e-07
-1.781454102e-07
1.019998485e-06
-6.586277364e-07
2.934576382e-06
-1.393223156e-06
4.683961822e-06
-2.339081854e-06
6.246317775e-06
-3.458341928e-06
7.611846529e-06
-4.717726705e-06
8.778339734e-06
-6.088024076e-06
9.749075056e-06
-7.543513078e-06
1.053094798e-05
-9.061390294e-06
1.113279356e-05
-1.062122215e-05
1.156405447e-05
-1.220443989e-05
1.183379711e-05
-1.379388908e-05
1.195005148e-05
-1.537344084e-05
1.191944935e-05
-1.692766895e-05
1.174712576e-05
-1.844159388e-05
1.143684073e-05
-1.990049261e-05
1.09912737e-05
-2.12897714e-05
1.041244245e-05
-2.259489734e-05
9.702200973e-06
-2.380138452e-05
8.862775474e-06
-2.489483058e-05
7.897304671e-06
-2.586100046e-05
6.81035737e-06
-2.668595589e-05
5.608407043e-06
-2.735623018e-05
4.300248449e-06
-2.785904952e-05
2.897344841e-06
-2.818260265e-05
1.414096119e-06
-2.831636663e-05
-1.319749347e-07
-2.825146071e-05
-1.720182832e-06
-2.798109123e-05
-3.326640908e-06
-2.750099787e-05
-4.924508165e-06
-2.680995179e-05
-6.48427428e-06
-2.591025972e-05
-7.974262471e-06
-2.480825153e-05
-9.361314893e-06
-2.351471533e-05
-1.061167964e-05
-2.204523648e-05
-1.169210071e-05
-2.042039182e-05
-1.257109717e-05
-1.866574862e-05
-1.322039829e-05
-1.681162161e-05
-1.361647909e-05
-1.489255214e-05
-1.374211726e-05
-1.294649111e-05
-1.358787238e-05
-1.101369251e-05
-1.315337445e-05
-9.135353858e-06
-1.244830695e-05
-7.352071559e-06
-1.149298216e-05
-5.702206748e-06
-1.031843467e-05
-4.220277333e-06
-8.966000484e-06
-2.935498169e-06
-7.486400933e-06
-1.870581099e-06
-5.938414731e-06
-1.040883074e-06
-4.387236092e-06
-4.539725856e-07
-2.902433774e-06
-1.096312278e-07
-1.55571575e-06
-4.214250777e-07
-1.908260926e-07
1.210824577e-06
-7.044665514e-07
3.44821684e-06
-1.488361717e-06
5.467856987e-06
-2.49590481e-06
7.253860867e-06
-3.686068937e-06
8.802010655e-06
-5.022995786e-06
1.011526658e-05
-6.475437749e-06
1.120151702e-05
-8.016127785e-06
1.207163802e-05
-9.621138481e-06
1.273780426e-05
-1.126926313e-05
1.321217912e-05
-1.294144068e-05
1.350597466e-05
-1.462023967e-05
1.362885047e-05
-1.628941019e-05
1.358861987e-05
-1.793350805e-05
1.339122362e-05
-1.953759167e-05
1.304092435e-05
-2.108698914e-05
1.254067116e-05
-2.256713117e-05
1.189258448e-05
-2.396344467e-05
1.109851448e-05
-2.52613016e-05
1.01606324e-05
-2.64460188e-05
9.082021871e-06
-2.750290623e-05
7.867244804e-06
-2.841736293e-05
6.522863744e-06
-2.917502241e-05
5.057907933e-06
-2.976195108e-05
3.484273506e-06
-3.016490389e-05
1.817048926e-06
-3.037165017e-05
7.477135362e-08
-3.037134313e-05
-1.720489874e-06
-3.015499857e-05
-3.542985467e-06
-2.971599907e-05
-5.363507666e-06
-2.905067565e-05
-7.149597697e-06
-2.815892022e-05
-8.866017905e-06
-2.704480701e-05
-1.04754281e-05
-2.571718322e-05
-1.193930343e-05
-2.419017863e-05
-1.321910531e-05
-2.248357511e-05
-1.427770069e-05
-2.062297185e-05
-1.508100156e-05
-1.863968262e-05
-1.559976831e-05
-1.657031084e-05
-1.581148905e-05
-1.445596615e-05
-1.570221706e-05
-1.234111555e-05
-1.526822505e-05
-1.027209791e-05
-1.451732459e-05
-8.295372199e-06
-1.346970787e-05
-6.455607913e-06
-1.215819895e-05
-4.793756178e-06
-1.062785222e-05
-3.345252757e-06
-8.934904356e-06
-2.138494824e-06
-7.145172664e-06
-1.193704966e-06
-5.332025949e-06
-5.222719298e-07
-3.573866809e-06
-1.265868669e-07
-1.951400812e-06
-5.480119447e-07
-2.022786652e-07
1.413103242e-06
-7.458854438e-07
3.991823619e-06
-1.574404082e-06
6.296375625e-06
-2.637898369e-06
8.317355154e-06
-3.892535326e-06
1.005664761e-05
-5.300164216e-06
1.152289547e-05
-6.827729557e-06
1.272908236e-05
-8.446597136e-06
1.36905056e-05
-1.013186007e-05
1.442306719e-05
-1.186166211e-05
1.494198116e-05
-1.361656375e-05
1.52608763e-05
-1.537896896e-05
1.539125568e-05
-1.713262318e-05
1.534227408e-05
-1.886218721e-05
1.512078765e-05
-2.055288725e-05
1.473162439e-05
-2.219023759e-05
1.417802151e-05
-2.375983084e-05
1.346217772e-05
-2.524718917e-05
1.258587281e-05
-2.663767109e-05
1.155111432e-05
-2.79164291e-05
1.036077989e-05
-2.906841624e-05
9.019231936e-06
-3.007844204e-05
7.532889549e-06
-3.093128153e-05
5.910747421e-06
-3.161184314e-05
4.164835117e-06
-3.210540448e-05
2.31061027e-06
-3.239791214e-05
3.672790065e-07
-3.247640754e-05
-1.641994471e-06
-3.232946432e-05
-3.689928689e-06
-3.194779363e-05
-5.745178359e-06
-3.13248893e-05
-7.772502023e-06
-3.045775274e-05
-9.733154457e-06
-2.934765723e-05
-1.158552362e-05
-2.800091122e-05
-1.328604944e-05
-2.642956532e-05
-1.47904512e-05
-2.465199372e-05
-1.605527228e-05
-2.269327075e-05
-1.703972453e-05
-2.058525933e-05
-1.770777973e-05
-1.836633335e-05
-1.803041502e-05
-1.608067383e-05
-1.798787658e-05
-1.377710981e-05
-1.757178908e-05
-1.150751894e-05
-1.678691545e-05
-9.324855066e-06
-1.565237175e-05
-7.280922813e-06
-1.420213121e-05
-5.424063891e-06
-1.248471114e-05
-3.796943602e-06
-1.056202465e-05
-2.434621287e-06
-8.507494981e-06
-1.363056644e-06
-6.403590593e-06
-5.981732302e-07
-4.338750222e-06
-1.455092582e-07
-2.404064783e-06
-6.935212027e-07
-2.123973812e-07
1.625500623e-06
-7.825168154e-07
4.561943052e-06
-1.650598558e-06
7.164457367e-06
-2.763826652e-06
9.430583248e-06
-4.075937043e-06
1.1368758e-05
-5.546788194e-06
1.299374662e-05
-7.141753999e-06
1.432404816e-05
-8.831018955e-06
1.537977055e-05
-1.058884546e-05
1.61808937e-05
-1.239285278e-05
1.674598848e-05
-1.422333581e-05
1.709135933e-05
-1.60626435e-05
1.723056337e-05
-1.789462909e-05
1.717425967e-05
-1.970417747e-05
1.693033603e-05
-2.147680973e-05
1.650425665e-05
-2.319836133e-05
1.589957311e-05
-2.485472769e-05
1.511854408e-05
-2.643167052e-05
1.416281564e-05
-2.791467872e-05
1.303412252e-05
-2.928887943e-05
1.17349806e-05
-3.053899772e-05
1.026935023e-05
-3.164936656e-05
8.643258394e-06
-3.260399222e-05
6.865373082e-06
-3.338668333e-05
4.947526224e-06
-3.398125425e-05
2.905181189e-06
-3.437181256e-05
7.578373134e-07
-3.454315885e-05
-1.470648174e-06
-3.448126796e-05
-3.751819585e-06
-3.417391319e-05
-6.052533123e-06
-3.361139038e-05
-8.335024836e-06
-3.278734794e-05
-1.055719689e-05
-3.169969619e-05
-1.267317537e-05
-3.035155534e-05
-1.463419029e-05
-2.875218358e-05
-1.638982296e-05
-2.691780748e-05
-1.788964839e-05
-2.487226014e-05
-1.908527187e-05
-2.264732155e-05
-1.993271833e-05
-2.028265472e-05
-2.039508185e-05
-1.78252455e-05
-2.04452858e-05
-1.532828571e-05
-2.006874887e-05
-1.284949027e-05
-1.92657109e-05
-1.044890422e-05
-1.80529578e-05
-8.186327494e-06
-1.646470793e-05
-6.118549788e-06
-1.455248885e-05
-4.296630409e-06
-1.238394402e-05
-2.763462947e-06
-1.004066244e-05
-1.55183264e-06
-7.615220901e-06
-6.831364055e-07
-5.207446456e-06
-1.668197595e-07
-2.920381429e-06
-8.603409617e-07
-2.210728454e-07
1.846573468e-06
-8.139881786e-07
5.154858385e-06
-1.716194035e-06
8.066663224e-06
-2.872465927e-06
1.058685514e-05
-4.234495439e-06
1.273078752e-05
-5.760457577e-06
1.451970876e-05
-7.414394839e-06
1.597798542e-05
-9.165495808e-06
1.713087152e-05
-1.098733847e-05
1.800273636e-05
-1.285713869e-05
1.86157887e-05
-1.475503337e-05
1.8989254e-05
-1.666342002e-05
1.913895002e-05
-1.85663661e-05
1.907720575e-05
-2.044909433e-05
1.881306427e-05
-2.229754447e-05
1.835270679e-05
-2.409800765e-05
1.770003629e-05
-2.583682712e-05
1.685736355e-05
-2.750015811e-05
1.582614662e-05
-2.907378062e-05
1.460774503e-05
-3.054296075e-05
1.320416073e-05
-3.189235951e-05
1.161874899e-05
-3.31059915e-05
9.856890383e-06
-3.416724e-05
7.926621579e-06
-3.505893851e-05
5.839224737e-06
-3.576353201e-05
3.609774687e-06
-3.626333311e-05
1.257638417e-06
-3.654089377e-05
-1.193087511e-06
-3.657949551e-05
-3.713217849e-06
-3.636378858e-05
-6.26824005e-06
-3.588057219e-05
-8.818241225e-06
-3.511971787e-05
-1.131805122e-05
-3.407521745e-05
-1.371767579e-05
-3.274631985e-05
-1.596308789e-05
-3.113869814e-05
-1.799744466e-05
-2.926556366e-05
-1.976278287e-05
-2.714861845e-05
-2.120221707e-05
-2.481871724e-05
-2.226261954e-05
-2.231609928e-05
-2.289769981e-05
-1.969005748e-05
-2.30713276e-05
-1.699794151e-05
-2.276086483e-05
-1.430344733e-05
-2.196020508e-05
-1.167422522e-05
-2.06821799e-05
-9.178933102e-06
-1.896000005e-05
-6.883954533e-06
-1.684746741e-05
-4.850070979e-06
-1.441782758e-05
-3.129401305e-06
-1.176133211e-05
-1.762894865e-06
-8.981727341e-06
-7.786196755e-07
-6.191721647e-06
-1.909419203e-07
-3.508059184e-06
-1.051282882e-06
-2.281994907e-07
2.074772958e-06
-8.399449982e-07
5.766603892e-06
-1.770481087e-06
8.997199312e-06
-2.962664004e-06
1.177903806e-05
-4.366533951e-06
1.413465746e-05
-5.938888913e-06
1.609206372e-05
-7.642674282e-06
1.768177079e-05
-9.446260994e-06
1.893445823e-05
-1.132268072e-05
1.987915609e-05
-1.324885811e-05
2.054196609e-05
-1.520487064e-05
2.094526654e-05
-1.7173259e-05
2.110733839e-05
-1.913840298e-05
2.104234973e-05
-2.108596999e-05
2.076063127e-05
-2.300243743e-05
2.026917423e-05
-2.487468535e-05
1.957228421e-05
-2.668965306e-05
1.867233126e-05
-2.843405264e-05
1.75705462e-05
-3.009413275e-05
1.626782514e-05
-3.165548869e-05
1.476551667e-05
-3.310291759e-05
1.306617789e-05
-3.442032179e-05
1.117429458e-05
-3.559066763e-05
9.096967415e-06
-3.659601107e-05
6.844568182e-06
-3.741760545e-05
4.431369066e-06
-3.80361097e-05
1.876142664e-06
-3.843191941e-05
-7.972777973e-07
-3.858563597e-05
-3.559501287e-06
-3.847870254e-05
-6.375173476e-06
-3.809421395e-05
-9.202729821e-06
-3.741791069e-05
-1.199435448e-05
-3.643934868e-05
-1.469623779e-05
-3.515321784e-05
-1.724921874e-05
-3.356075645e-05
-1.958990604e-05
-3.167117709e-05
-2.165236223e-05
-2.950298495e-05
-2.337040922e-05
-2.708503698e-05
-2.468056751e-05
-2.445716615e-05
-2.552557065e-05
-2.167018905e-05
-2.585830469e-05
-1.878513711e-05
-2.564591678e-05
-1.587160784e-05
-2.487373435e-05
-1.30052261e-05
-2.354856165e-05
-1.026432586e-05
-2.170090029e-05
-7.726093582e-06
-1.93856997e-05
-5.462523104e-06
-1.668139805e-05
-3.536587842e-06
-1.368726738e-05
-1.999023346e-06
-1.051929184e-05
-8.860643357e-07
-7.304680657e-06
-2.183001863e-07
-4.175823334e-06
-1.269583068e-06
-2.336837691e-07
2.308456727e-06
-8.600768128e-07
6.392996935e-06
-1.812840683e-06
9.949963182e-06
-3.033412946e-06
1.299961032e-05
-4.470574501e-06
1.557181902e-05
-6.08004476e-06
1.770153398e-05
-7.823894736e-06
1.942562077e-05
-9.669843029e-06
2.078040653e-05
-1.15904999e-05
2.179981295e-05
-1.356259822e-05
2.251406442e-05
-1.556624238e-05
2.294891069e-05
-1.758419953e-05
2.312529553e-05
-1.960124966e-05
2.305939986e-05
-2.160360316e-05
2.276298478e-05
-2.357838796e-05
2.224395903e-05
-2.551320333e-05
2.150709958e-05
-2.739573462e-05
2.055486256e-05
-2.921342167e-05
1.938823325e-05
-3.095317446e-05
1.800757793e-05
-3.260113188e-05
1.641347409e-05
-3.414246226e-05
1.460750828e-05
-3.556120899e-05
1.259304131e-05
-3.684018827e-05
1.03759467e-05
-3.796095133e-05
7.965331238e-06
-3.890382739e-05
5.374245123e-06
-3.964806814e-05
2.620383415e-06
-4.017211891e-05
-2.732270203e-07
-4.045403975e-05
-3.277580449e-06
-4.04721095e-05
-6.357103725e-06
-4.020563239e-05
-9.469206931e-06
-3.963596972e-05
-1.256401715e-05
-3.874780173e-05
-1.558440578e-05
-3.753060716e-05
-1.846641331e-05
-3.598031932e-05
-2.114019388e-05
-3.410108012e-05
-2.353160143e-05
-3.190696883e-05
-2.556452051e-05
-2.942353514e-05
-2.716400119e-05
-2.668892385e-05
-2.826018193e-05
-2.375435374e-05
-2.879287481e-05
-2.068371937e-05
-2.871655115e-05
-1.755213535e-05
-2.800531836e-05
-1.444334497e-05
-2.665735203e-05
-1.144606463e-05
-2.469818062e-05
-8.649512076e-06
-2.218225225e-05
-6.138530794e-06
-1.919237934e-05
-3.988828639e-06
-1.583696953e-05
-2.262865727e-06
-1.224525475e-05
-1.00687996e-06
-8.560666423e-06
-2.493189172e-07
-4.933384376e-06
-1.518901985e-06
-2.374529488e-07
2.545909676e-06
-8.741460031e-07
7.029689989e-06
-1.842798997e-06
1.091861618e-05
-3.083932406e-06
1.424074373e-05
-4.545449748e-06
1.703333636e-05
-6.182274334e-06
1.933835857e-05
-7.955807334e-06
2.119915377e-05
-9.833262124e-06
2.265786132e-05
-1.178693531e-05
2.375348614e-05
-1.379345168e-05
2.452058079e-05
-1.583301463e-05
2.498847364e-05
-1.78886882e-05
2.518096911e-05
-1.994572917e-05
2.511644083e-05
-2.199097953e-05
2.480823514e-05
-2.401232307e-05
2.426530257e-05
-2.599820423e-05
2.349298074e-05
-2.793720387e-05
2.24938622e-05
-2.981766537e-05
2.126869474e-05
-3.16273644e-05
1.981727696e-05
-3.335321803e-05
1.813932772e-05
-3.498103156e-05
1.623532181e-05
-3.649528554e-05
1.410729529e-05
-3.787896982e-05
1.175963098e-05
-3.911347638e-05
9.199837798e-06
-4.017856755e-05
6.43933629e-06
-4.105244175e-05
3.49425762e-06
-4.171192284e-05
3.86254069e-07
-4.21328085e-05
-2.856694786e-06
-4.229040392e-05
-6.199508305e-06
-4.216028862e-05
-9.599322236e-06
-4.171934117e-05
-1.300496459e-05
-4.094705019e-05
-1.635669677e-05
-3.982711753e-05
-1.958634597e-05
-3.834933208e-05
-2.261797933e-05
-3.651165037e-05
-2.536928314e-05
-3.432236614e-05
-2.775380474e-05
-3.180218726e-05
-2.968418007e-05
-2.898597437e-05
-3.107639482e-05
-2.592384397e-05
-3.185500521e-05
-2.268132e-05
-3.195907512e-05
-1.933825175e-05
-3.134838661e-05
-1.598631938e-05
-3.00092844e-05
-1.272512511e-05
-2.795937489e-05
-9.657098516e-06
-2.525027885e-05
-6.881683358e-06
-2.19677945e-05
-4.489453998e-06
-1.822919889e-05
-2.556880114e-06
-1.417782863e-05
-1.14242745e-06
-9.975119087e-06
-2.844210455e-07
-5.79139078e-06
-1.803323031e-06
-2.394644047e-07
2.78537408e-06
-8.820187081e-07
7.672244292e-06
-1.860087138e-06
1.189668461e-05
-3.113761534e-06
1.549441812e-05
-4.590428083e-06
1.851000291e-05
-6.244471269e-06
2.099240175e-05
-8.03680192e-06
2.299148442e-05
-9.934252322e-06
2.455531172e-05
-1.190889303e-05
2.572812685e-05
-1.393730702e-05
2.654899478e-05
-1.599985384e-05
2.705102046e-05
-1.807995191e-05
2.726106717e-05
-2.016339993e-05
2.719988885e-05
-2.223775034e-05
2.688258554e-05
-2.429174013e-05
2.631929236e-05
-2.631477894e-05
2.551601955e-05
-2.829648994e-05
2.44755732e-05
-3.022629727e-05
2.319850208e-05
-3.209305371e-05
2.16840334e-05
-3.388470349e-05
1.993097751e-05
-3.558797815e-05
1.793859646e-05
-3.718812649e-05
1.570744363e-05
-3.86686844e-05
1.32401889e-05
-4.001129477e-05
1.054244817e-05
-4.119559329e-05
7.623634806e-06
-4.219918207e-05
4.497846398e-06
-4.299771925e-05
1.184791255e-06
-4.356516139e-05
-2.28925265e-06
-4.387419768e-05
-5.890472015e-06
-4.389692657e-05
-9.576593335e-06
-4.36058229e-05
-1.329606826e-05
-4.297504095e-05
-1.698747872e-05
-4.198208586e-05
-2.057930106e-05
-4.060985887e-05
-2.399020632e-05
-3.884903883e-05
-2.713010319e-05
-3.670069977e-05
-2.990214379e-05
-3.417898519e-05
-3.220589464e-05
-3.131356917e-05
-3.394181084e-05
-2.815155001e-05
-3.501702437e-05
-2.47583652e-05
-3.535225993e-05
-2.121731876e-05
-3.488943305e-05
-1.76274023e-05
-3.359920086e-05
-1.409928641e-05
-3.148749078e-05
-1.074964873e-05
-2.859991653e-05
-7.694338432e-06
-2.502310479e-05
-5.041165936e-06
-2.088237138e-05
-2.883266703e-06
-1.633572787e-05
-1.293997748e-06
-1.156438804e-05
-3.240258001e-07
-6.761362727e-06
-2.127348831e-06
-2.397152964e-07
3.025089377e-06
-8.836974816e-07
8.316226477e-06
-1.864704869e-06
1.287769199e-05
-3.122857794e-06
1.675257105e-05
-4.605348775e-06
1.999249389e-05
-6.266244783e-06
2.265329776e-05
-8.066113458e-06
2.47913531e-05
-9.971502829e-06
2.646070109e-05
-1.195432283e-05
2.771094685e-05
-1.399116335e-05
2.858583531e-05
-1.606258315e-05
2.912244026e-05
-1.815240095e-05
2.935088497e-05
-2.024701283e-05
2.929450073e-05
-2.233475188e-05
2.897032459e-05
-2.440529803e-05
2.838983852e-05
-2.644913981e-05
2.755986133e-05
-2.845708472e-05
2.64835181e-05
-3.041981282e-05
2.516123017e-05
-3.232746704e-05
2.359168762e-05
-3.416927473e-05
2.177278521e-05
-3.59331971e-05
1.970251883e-05
-3.760560599e-05
1.737985252e-05
-3.917099156e-05
1.480557447e-05
-4.061170886e-05
1.198316547e-05
-4.190777688e-05
8.919702826e-06
-4.303675033e-05
5.626819848e-06
-4.397369228e-05
2.121733208e-06
-4.469128563e-05
-1.571659296e-06
-4.516013163e-05
-5.42162602e-06
-4.53492879e-05
-9.387437064e-06
-4.522711952e-05
-1.341823664e-05
-4.476252542e-05
-1.745207281e-05
-4.392660394e-05
-2.141522254e-05
-4.269479866e-05
-2.522201159e-05
-4.104952482e-05
-2.877537703e-05
-3.898321006e-05
-3.196845855e-05
-3.650159e-05
-3.468751471e-05
-3.36269822e-05
-3.681641864e-05
-3.040113714e-05
-3.824286943e-05
-2.688715717e-05
-3.88662399e-05
-2.316992565e-05
-3.860666457e-05
-1.93545432e-05
-3.74145833e-05
-1.556246483e-05
-3.527956915e-05
-1.192537729e-05
-3.223700407e-05
-8.577303394e-06
-2.837117869e-05
-5.645858332e-06
-2.381381645e-05
-3.243884611e-06
-1.873770159e-05
-1.462784428e-06
-1.334548822e-05
-3.685449959e-07
-7.855602159e-06
-2.495893826e-06
-2.382525552e-07
3.263341932e-06
-8.793554434e-07
8.957329365e-06
-1.856987764e-06
1.385532431e-05
-3.111701544e-06
1.800728483e-05
-4.590765233e-06
2.147155758e-05
-6.248101005e-06
2.431063353e-05
-8.044040162e-06
2.658729225e-05
-9.94491203e-06
2.836157296e-05
-1.19225084e-05
2.968854322e-05
-1.395345854e-05
3.061678545e-05
-1.601855229e-05
3.118753401e-05
-1.810204661e-05
3.143437928e-05
-2.019098409e-05
3.138343821e-05
-2.227454311e-05
3.10538836e-05
-2.43434307e-05
3.045872612e-05
-2.638932213e-05
2.960575275e-05
-2.840434544e-05
2.849854142e-05
-3.038060636e-05
2.71374911e-05
-3.230974708e-05
2.552082834e-05
-3.418253271e-05
2.364557084e-05
-3.59884607e-05
2.150844683e-05
-3.771539048e-05
1.91067823e-05
-3.934919403e-05
1.643937802e-05
-4.087343218e-05
1.350740362e-05
-4.226906669e-05
1.031533734e-05
-4.351422534e-05
6.871978501e-06
-4.45840459e-05
3.191553771e-06
-4.545063374e-05
-7.050714537e-07
-4.608319897e-05
-4.789060786e-06
-4.644840027e-05
-9.022235769e-06
-4.651102443e-05
-1.335561248e-05
-4.62350569e-05
-1.772804034e-05
-4.558525138e-05
-2.206502806e-05
-4.452928003e-05
-2.627798295e-05
-4.304051452e-05
-3.026414253e-05
-4.110142391e-05
-3.390754916e-05
-3.870747271e-05
-3.708146591e-05
-3.587126198e-05
-3.965262937e-05
-3.262648638e-05
-4.148764502e-05
-2.903111001e-05
-4.246161627e-05
-2.516904024e-05
-4.246873434e-05
-2.114956797e-05
-4.143405556e-05
-1.710401079e-05
-3.932512633e-05
-1.317938104e-05
-3.616163382e-05
-9.529474104e-06
-3.202108562e-05
-6.304407053e-06
-2.70388835e-05
-3.640151714e-06
-2.140195692e-05
-1.649848952e-06
-1.533579099e-05
-4.183775145e-07
-9.087073596e-06
-2.91427134e-06
-2.35183181e-07
3.498525113e-06
-8.693719514e-07
9.591518135e-06
-1.837677718e-06
1.482363008e-05
-3.081405943e-06
1.925101305e-05
-4.548095146e-06
2.293824678e-05
-6.191631951e-06
2.595417034e-05
-7.972169074e-06
2.836782938e-05
-9.855847792e-06
3.024525168e-05
-1.181436168e-05
3.164705711e-05
-1.3824399e-05
3.262682277e-05
-1.58670063e-05
3.323014131e-05
-1.792691452e-05
3.34942875e-05
-1.999186142e-05
3.344838512e-05
-2.205193479e-05
3.311395697e-05
-2.409895119e-05
3.250574251e-05
-2.612587682e-05
3.163267839e-05
-2.812629074e-05
3.049895533e-05
-3.009388635e-05
2.910508671e-05
-3.202200498e-05
2.744894697e-05
-3.390319452e-05
2.552676037e-05
-3.57287865e-05
2.333403881e-05
-3.748848673e-05
2.086648253e-05
-3.916997658e-05
1.812086787e-05
-4.075852571e-05
1.509595275e-05
-4.223662187e-05
1.179343349e-05
-4.358363009e-05
8.218986721e-06
-4.477550391e-05
4.383427592e-06
-4.578457231e-05
3.039969531e-07
-4.657949706e-05
-3.994136037e-06
-4.712537389e-05
-8.476358932e-06
-4.738418733e-05
-1.309679904e-05
-4.731564174e-05
-1.779658592e-05
-4.687853385e-05
-2.250213595e-05
-4.603278821e-05
-2.712372859e-05
-4.474226721e-05
-3.155466353e-05
-4.297841193e-05
-3.567140444e-05
-4.072466785e-05
-3.933520998e-05
-3.798149117e-05
-4.239580605e-05
-3.477151863e-05
-4.469761756e-05
-3.114424121e-05
-4.608889369e-05
-2.717930023e-05
-4.643367533e-05
-2.298740918e-05
-4.562594661e-05
-1.870799828e-05
-4.360453724e-05
-1.450306825e-05
-4.036656385e-05
-1.054743567e-05
-3.59767182e-05
-7.016430799e-06
-3.056988836e-05
-4.072927077e-06
-2.434546065e-05
-1.856078206e-06
-1.755263985e-05
-4.739018073e-07
-1.046924999e-05
-3.388173147e-06
-2.306849957e-07
3.729210108e-06
-8.543702869e-07
1.021520343e-05
-1.807997567e-06
1.577725736e-05
-3.033832772e-06
2.047684826e-05
-4.479777404e-06
2.438419141e-05
-6.09971071e-06
2.757410364e-05
-7.853605661e-06
3.012172433e-05
-9.707408078e-06
3.209905409e-05
-1.163271264e-05
3.357236167e-05
-1.360627877e-05
3.460038889e-05
-1.560943677e-05
3.523329932e-05
-1.762743356e-05
3.551228429e-05
-1.964875852e-05
3.546971009e-05
-2.166447988e-05
3.512967834e-05
-2.366761034e-05
3.450887298e-05
-2.565251166e-05
3.361757971e-05
-2.761434017e-05
3.246078384e-05
-2.954853011e-05
3.103927665e-05
-3.145030847e-05
2.935072533e-05
-3.331423345e-05
2.739068536e-05
-3.51337482e-05
2.515355356e-05
-3.690074199e-05
2.263347633e-05
-3.860511258e-05
1.982523846e-05
-4.023432569e-05
1.672516586e-05
-4.1772972e-05
1.333207981e-05
-4.320232777e-05
9.648342488e-06
-4.449993385e-05
5.681033677e-06
-4.563923033e-05
1.443293436e-06
-4.658925643e-05
-3.044109939e-06
-4.731456752e-05
-7.751047839e-06
-4.777534893e-05
-1.263601764e-05
-4.792795432e-05
-1.764398053e-05
-4.772597213e-05
-2.270411814e-05
-4.712201044e-05
-2.772769028e-05
-4.607037741e-05
-3.260629656e-05
-4.453080051e-05
-3.721098134e-05
-4.247323782e-05
-4.139277267e-05
-3.98836713e-05
-4.498537257e-05
-3.677052487e-05
-4.781076399e-05
-3.317103209e-05
-4.968838647e-05
-2.91565378e-05
-5.044816962e-05
-2.483545442e-05
-4.994702998e-05
-2.035255023e-05
-4.808744142e-05
-1.588357762e-05
-4.483553647e-05
-1.162503676e-05
-4.023525906e-05
-7.780027666e-06
-3.441489746e-05
-4.542378041e-06
-2.758311027e-05
-2.082135043e-06
-2.001288285e-05
-5.354665607e-07
-1.201591848e-05
-3.923639708e-06
-2.250182278e-07
3.954228336e-06
-8.35258556e-07
1.082544375e-05
-1.769731774e-06
1.671173058e-05
-2.971716368e-06
2.167883285e-05
-4.389437342e-06
2.580191239e-05
-5.976692862e-06
2.916135916e-05
-7.693205157e-06
3.183823662e-05
-9.504676572e-06
3.391052551e-05
-1.138258544e-05
3.545027055e-05
-1.330377517e-05
3.652157862e-05
-1.524989879e-05
3.717942293e-05
-1.72067787e-05
3.74691642e-05
-1.916373132e-05
3.74266627e-05
-2.111289307e-05
3.707884009e-05
-2.304857173e-05
3.644455164e-05
-2.496663541e-05
3.553564338e-05
-2.686394316e-05
3.43580916e-05
-2.873781477e-05
3.291314825e-05
-3.058553315e-05
3.119844372e-05
-3.240387061e-05
2.920902281e-05
-3.418862849e-05
2.693831144e-05
-3.593417994e-05
2.437902779e-05
-3.763300547e-05
2.152406398e-05
-3.927521265e-05
1.836737305e-05
-4.084803438e-05
1.490490154e-05
-4.233530479e-05
1.11356129e-05
-4.371692065e-05
7.062649539e-06
-4.496830997e-05
2.694682763e-06
-4.605992994e-05
-1.952489975e-06
-4.695691093e-05
-6.854066841e-06
-4.761884184e-05
-1.197408673e-05
-4.799993704e-05
-1.726288532e-05
-4.804969623e-05
-2.265435895e-05
-4.771429621e-05
-2.806309031e-05
-4.693895881e-05
-3.338163395e-05
-4.567153628e-05
-3.847840387e-05
-4.386749334e-05
-4.319681561e-05
-4.149631532e-05
-4.735655058e-05
-3.854910784e-05
-5.075797148e-05
-3.504676828e-05
-5.319072603e-05
-3.104763858e-05
-5.444729932e-05
-2.665309274e-05
-5.434157582e-05
-2.200925515e-05
-5.273127901e-05
-1.730322096e-05
-4.954157065e-05
-1.275295635e-05
-4.478552367e-05
-8.591497247e-06
-3.857635656e-05
-5.047836969e-06
-3.112677055e-05
-2.328404084e-06
-2.273231574e-05
-6.033800888e-07
-1.374094247e-05
-4.527019796e-06
-2.185386522e-07
4.172766988e-06
-8.132760569e-07
1.142018116e-05
-1.725316855e-06
1.762377138e-05
-2.898799959e-06
2.285231595e-05
-4.282064108e-06
2.718517654e-05
-5.828626159e-06
3.070792121e-05
-7.497804821e-06
3.350741528e-05
-9.254968918e-06
3.566768961e-05
-1.107145257e-05
3.72667542e-05
-1.292420804e-05
3.837433409e-05
-1.479527575e-05
3.905049065e-05
-1.667114539e-05
3.934503384e-05
-1.854206841e-05
3.929758572e-05
-2.040136633e-05
3.893813802e-05
-2.224476329e-05
3.82879486e-05
-2.406975834e-05
3.736063844e-05
-2.587504271e-05
3.616337597e-05
-2.765995986e-05
3.46980654e-05
-2.942400148e-05
3.296248534e-05
-3.116632916e-05
3.095135049e-05
-3.288530972e-05
2.8657292e-05
-3.457805089e-05
2.607176895e-05
-3.623992363e-05
2.318593673e-05
-3.786405781e-05
1.999150723e-05
-3.944079949e-05
1.648164322e-05
-4.095712183e-05
1.265193523e-05
-4.23959883e-05
8.501516005e-06
-4.373567874e-05
4.034373209e-06
-4.494908385e-05
-7.39084859e-07
-4.600310851e-05
-5.800042184e-06
-4.685807889e-05
-1.111911635e-05
-4.746751672e-05
-1.665344749e-05
-4.777829986e-05
-2.234357581e-05
-4.773152605e-05
-2.810986412e-05
-4.726437416e-05
-3.384878584e-05
-4.631330612e-05
-3.94294719e-05
-4.481893466e-05
-4.469118707e-05
-4.273276924e-05
-4.9442716e-05
-4.002579993e-05
-5.346494079e-05
-3.669844999e-05
-5.651807597e-05
-3.279082976e-05
-5.835491955e-05
-2.839154297e-05
-5.874086261e-05
-2.364273868e-05
-5.74800833e-05
-1.873899179e-05
-5.444531754e-05
-1.391828815e-05
-4.960622731e-05
-9.445062982e-06
-4.304958173e-05
-5.587655943e-06
-3.498417759e-05
-2.594936797e-06
-2.572503488e-05
-6.778995836e-07
-1.565797968e-05
-5.20491938e-06
-2.117135194e-07
4.384480508e-06
-7.900488495e-07
1.199851649e-05
-1.677947633e-06
1.851167016e-05
-2.819991602e-06
2.399435992e-05
-4.164206708e-06
2.852939164e-05
-5.663472772e-06
3.220718728e-05
-7.27645783e-06
3.512040034e-05
-8.968065803e-06
3.735929758e-05
-1.070945828e-05
3.900814668e-05
-1.247774881e-05
4.014262461e-05
-1.425547365e-05
4.082821549e-05
-1.602993172e-05
4.111949191e-05
-1.779246709e-05
4.10601211e-05
-1.953774668e-05
4.06834176e-05
-2.126306639e-05
4.001326831e-05
-2.296770348e-05
3.906527553e-05
-2.465232069e-05
3.784799318e-05
-2.631841988e-05
3.63641646e-05
-2.796783703e-05
3.461190248e-05
-2.960226694e-05
3.25857804e-05
-3.122280365e-05
3.027782871e-05
-3.282948063e-05
2.767844594e-05
-3.442079403e-05
2.477725012e-05
-3.599319117e-05
2.156390438e-05
-3.75405075e-05
1.802895955e-05
-3.905333637e-05
1.416476411e-05
-4.051832132e-05
9.966500954e-06
-4.191736912e-05
5.433421003e-06
-4.322678132e-05
5.703273464e-07
-4.44163945e-05
-4.610429e-06
-4.544868633e-05
-1.008682452e-05
-4.627809071e-05
-1.582404311e-05
-4.68506185e-05
-2.177104801e-05
-4.710407838e-05
-2.785640424e-05
-4.696924425e-05
-3.398361996e-05
-4.637240509e-05
-4.002631107e-05
-4.523977513e-05
-4.582381702e-05
-4.350419558e-05
-5.117829555e-05
-4.111435397e-05
-5.58547824e-05
-3.804631618e-05
-5.958611375e-05
-3.43164673e-05
-6.208476843e-05
-2.999403777e-05
-6.306329214e-05
-2.521045254e-05
-6.226366853e-05
-2.016218492e-05
-5.949358517e-05
-1.510417254e-05
-5.466423969e-05
-1.033261359e-05
-4.782114068e-05
-6.159071098e-06
-3.915772008e-05
-2.881401998e-06
-2.900270398e-05
-7.592220595e-07
-1.778015962e-05
-5.964141439e-06
-2.051422384e-07
4.589622746e-06
-7.676603201e-07
1.256103457e-05
-1.631708556e-06
1.93757184e-05
-2.741550492e-06
2.510420186e-05
-4.04419859e-06
2.983203974e-05
-5.49135071e-06
3.36543394e-05
-7.040670545e-06
3.666972018e-05
-8.656428825e-06
3.897505586e-05
-1.030960123e-05
4.066131908e-05
-1.197756362e-05
4.1810587e-05
-1.364352318e-05
4.249417506e-05
-1.529580231e-05
4.277177104e-05
-1.692706409e-05
4.269138288e-05
-1.853354082e-05
4.228989432e-05
-2.011430243e-05
4.159402993e-05
-2.167058359e-05
4.062155669e-05
-2.320517422e-05
3.93825838e-05
-2.472186942e-05
3.78808598e-05
-2.62249689e-05
3.611500197e-05
-2.77188121e-05
3.407962361e-05
-2.920733294e-05
3.176634955e-05
-3.069361596e-05
2.916472897e-05
-3.217943441e-05
2.626306857e-05
-3.36647491e-05
2.304921907e-05
-3.514714644e-05
1.951135689e-05
-3.662119404e-05
1.563881172e-05
-3.807769416e-05
1.142300108e-05
-3.950281905e-05
6.8585459e-06
-4.087714489e-05
1.944653188e-06
-4.217450234e-05
-3.31307155e-06
-4.336091306e-05
-8.900413799e-06
-4.439339041e-05
-1.479156575e-05
-4.521902783e-05
-2.094541059e-05
-4.577449772e-05
-2.730093435e-05
-4.598636696e-05
-3.377175073e-05
-4.57727318e-05
-4.023994622e-05
-4.504679397e-05
-4.654975485e-05
-4.372304464e-05
-5.250204488e-05
-4.172661266e-05
-5.785121438e-05
-3.900595754e-05
-6.230676887e-05
-3.554834529e-05
-6.554238069e-05
-3.139641033e-05
-6.72152271e-05
-2.666273057e-05
-6.699734828e-05
-2.153816789e-05
-6.461814785e-05
-1.628950526e-05
-5.991290232e-05
-1.124348449e-05
-5.286716144e-05
-6.758091195e-06
-4.364311338e-05
-3.187050222e-06
-3.257374496e-05
-8.474797157e-07
-2.011973013e-05
-6.811621154e-06
-1.995848166e-07
4.789207563e-06
-7.487453651e-07
1.311019512e-05
-1.591743472e-06
2.02187165e-05
-2.671318792e-06
2.618377718e-05
-3.932424006e-06
3.109314496e-05
-5.324802661e-06
3.504671805e-05
-6.804644337e-06
3.814956185e-05
-8.335392476e-06
4.0505804e-05
-9.887861751e-06
4.221378835e-05
-1.143986877e-05
4.336259402e-05
-1.297556235e-05
4.402986864e-05
-1.448460101e-05
4.42808097e-05
-1.596128419e-05
4.416806606e-05
-1.740370638e-05
4.373231651e-05
-1.881297334e-05
4.300329689e-05
-2.019249727e-05
4.200108063e-05
-2.154737287e-05
4.07374594e-05
-2.288382674e-05
3.921731367e-05
-2.420872701e-05
3.743990224e-05
-2.552913654e-05
3.540003315e-05
-2.685189132e-05
3.308910432e-05
-2.818318362e-05
3.049602128e-05
-2.952812845e-05
2.76080134e-05
-3.08902895e-05
2.441138013e-05
-3.227113989e-05
2.089220727e-05
-3.366943081e-05
1.703710264e-05
-3.508044129e-05
1.283401156e-05
-3.649508371e-05
8.273188321e-06
-3.789884917e-05
3.348418648e-06
-3.927054518e-05
-1.941375537e-06
-4.058096441e-05
-7.589994561e-06
-4.179132743e-05
-1.358120273e-05
-4.285183435e-05
-1.988490367e-05
-4.370041846e-05
-2.645235023e-05
-4.426210323e-05
-3.321006595e-05
-4.444949661e-05
-4.005255284e-05
-4.416515722e-05
-4.683409424e-05
-4.330672706e-05
-5.336047503e-05
-4.177575679e-05
-5.938218465e-05
-3.949090319e-05
-6.459162247e-05
-3.640548262e-05
-6.862780127e-05
-3.252808496e-05
-7.109262476e-05
-2.79431341e-05
-7.158229913e-05
-2.282632992e-05
-6.973495204e-05
-1.744874564e-05
-6.529048659e-05
-1.216429888e-05
-5.815160821e-05
-7.379427072e-06
-4.842798518e-05
-3.510702958e-06
-3.644246907e-05
-9.427435727e-07
-2.268768951e-05
-7.754364727e-06
-1.960025541e-07
4.985210118e-06
-7.366206627e-07
1.365081323e-05
-1.564482501e-06
2.104657834e-05
-2.619018964e-06
2.723831364e-05
-3.841642138e-06
3.231576813e-05
-5.179100059e-06
3.638417598e-05
-6.585519274e-06
3.955598107e-05
-8.02331838e-06
4.194360311e-05
-9.463249713e-06
4.365371969e-05
-1.088386547e-05
4.478320977e-05
-1.227065901e-05
4.541666218e-05
-1.361506695e-05
4.562521765e-05
-1.491345714e-05
4.546645624e-05
-1.616617727e-05
4.498503665e-05
-1.737670182e-05
4.421382144e-05
-1.855088851e-05
4.317526732e-05
-1.969634017e-05
4.188291106e-05
-2.082185824e-05
4.034283174e-05
-2.193696967e-05
3.855501367e-05
-2.305150701e-05
3.651457049e-05
-2.417522008e-05
3.421281739e-05
-2.531739717e-05
3.163819837e-05
-2.648647254e-05
2.877708877e-05
-2.768959521e-05
2.561450279e-05
-2.893213218e-05
2.213474425e-05
-3.021707646e-05
1.832204692e-05
-3.154432734e-05
1.416126244e-05
-3.290980895e-05
9.63866993e-06
-3.430439493e-05
4.743004638e-06
-3.571257163e-05
-5.331988382e-07
-3.711096857e-05
-6.191597617e-06
-3.84664744e-05
-1.22256969e-05
-3.973435807e-05
-1.861702e-05
-4.085630098e-05
-2.533040733e-05
-4.175876177e-05
-3.230760516e-05
-4.23521728e-05
-3.945914181e-05
-4.253176517e-05
-4.665450187e-05
-4.21811035e-05
-5.371113671e-05
-4.117962807e-05
-6.038366008e-05
-3.941546792e-05
-6.635578262e-05
-3.68042588e-05
-7.123901039e-05
-3.331340871e-05
-7.458347484e-05
-2.898906393e-05
-7.590664391e-05
-2.398020493e-05
-7.474381104e-05
-1.855183029e-05
-7.071886123e-05
-1.307888141e-05
-6.362455709e-05
-8.016478879e-06
-5.349038771e-05
-3.850780539e-06
-4.060816741e-05
-1.045040755e-06
-2.549342929e-05
-8.799405481e-06
-1.95617657e-07
5.180827775e-06
-7.354687604e-07
1.419066433e-05
-1.557951118e-06
2.18690607e-05
-2.596641359e-06
2.827700388e-05
-3.787385597e-06
3.350651237e-05
-5.072585299e-06
3.766937568e-05
-6.403606311e-06
4.088700208e-05
-7.741682203e-06
4.3281679e-05
-9.057728661e-06
4.496976615e-05
-1.033149786e-05
4.605697897e-05
-1.155040864e-05
4.663557296e-05
-1.270828251e-05
4.678309152e-05
-1.380412758e-05
4.656230131e-05
-1.48410458e-05
4.602195487e-05
-1.582529296e-05
4.51980686e-05
-1.676549181e-05
4.411546617e-05
-1.767198281e-05
4.278940207e-05
-1.85562894e-05
4.122713832e-05
-1.943067214e-05
3.942939642e-05
-2.03077462e-05
3.739164456e-05
-2.12001373e-05
3.510520848e-05
-2.212015211e-05
3.255821318e-05
-2.307943894e-05
2.97363756e-05
-2.408861339e-05
2.662367725e-05
-2.515682176e-05
2.320295262e-05
-2.629121137e-05
1.945643652e-05
-2.749627278e-05
1.536632385e-05
-2.877301319e-05
1.091541035e-05
-3.011791403e-05
6.087905472e-06
-3.15216377e-05
8.705248416e-07
-3.296737028e-05
-4.745865037e-06
-3.442892412e-05
-1.076414307e-05
-3.586838975e-05
-1.717755436e-05
-3.723360077e-05
-2.396519631e-05
-3.845554926e-05
-3.108565666e-05
-3.944622359e-05
-3.846846748e-05
-4.009765288e-05
-4.600307258e-05
-4.028334496e-05
-5.352544462e-05
-3.986373955e-05
-6.080326549e-05
-3.869755437e-05
-6.752196779e-05
-3.666068212e-05
-7.327588264e-05
-3.3673186e-05
-7.757097097e-05
-2.973255756e-05
-7.984727235e-05
-2.494772257e-05
-7.952864603e-05
-1.956416969e-05
-7.610241411e-05
-1.396824346e-05
-6.922048332e-05
-8.661395753e-06
-5.879723542e-05
-4.205385674e-06
-4.506417749e-05
-1.154392982e-06
-2.854442199e-05
-9.953798463e-06
-2.000016535e-07
5.380829428e-06
-7.506008775e-07
1.474126356e-05
-1.582194179e-06
2.2700654e-05
-2.618950211e-06
2.931375992e-05
-3.788445463e-06
3.467600762e-05
-5.027041198e-06
3.890797141e-05
-6.28257168e-06
4.214253256e-05
-7.51503288e-06
4.45141402e-05
-8.695935536e-06
4.61506688e-05
-9.806937423e-06
4.716798086e-05
-1.083819848e-05
4.766683402e-05
-1.178673655e-05
4.773162959e-05
-1.265493631e-05
4.743050107e-05
-1.34492774e-05
4.681629597e-05
-1.41792931e-05
4.59280843e-05
-1.485674036e-05
4.479291343e-05
-1.549494836e-05
4.342761007e-05
-1.610830833e-05
4.184049829e-05
-1.671186905e-05
4.003295714e-05
-1.732100555e-05
3.800078106e-05
-1.795113215e-05
3.573533509e-05
-1.861743414e-05
3.322451517e-05
-1.933459329e-05
3.045353475e-05
-2.011648295e-05
2.740556691e-05
-2.097580633e-05
2.4062276e-05
-2.192364833e-05
2.040427852e-05
-2.296890563e-05
1.641158115e-05
-2.411755181e-05
1.206405653e-05
-2.537168446e-05
7.342038129e-06
-2.672830374e-05
2.227144118e-06
-2.817768041e-05
-3.296488363e-06
-2.970140615e-05
-9.240417322e-06
-3.126983788e-05
-1.560912264e-05
-3.283911225e-05
-2.239592194e-05
-3.434775314e-05
-2.957701577e-05
-3.571320624e-05
-3.710301439e-05
-3.682900102e-05
-4.488727779e-05
-3.75637094e-05
-5.279073624e-05
-3.776354375e-05
-6.060343114e-05
-3.726103826e-05
-6.802447328e-05
-3.589249543e-05
-7.464442546e-05
-3.352619977e-05
-7.993726663e-05
-3.010112013e-05
-8.327235198e-05
-2.567148334e-05
-8.395828282e-05
-2.044666334e-05
-8.132723412e-05
-1.481061416e-05
-7.485653249e-05
-9.305216296e-06
-6.430263328e-05
-4.572463651e-06
-4.979693013e-05
-1.270887282e-06
-3.184599835e-05
-1.122468575e-05
-2.112073793e-07
5.592036808e-06
-7.888332471e-07
1.531888943e-05
-1.649856015e-06
2.356167677e-05
-2.704135372e-06
3.036803927e-05
-3.867440084e-06
3.583931233e-05
-5.068046214e-06
4.010857754e-05
-6.249492142e-06
4.332397849e-05
-7.370706886e-06
4.563535494e-05
-8.404549161e-06
4.718451108e-05
-9.335624483e-06
4.809905618e-05
-1.015795277e-05
4.84891623e-05
-1.0872807e-05
4.844648382e-05
-1.148687066e-05
4.804456473e-05
-1.20107531e-05
4.734017841e-05
-1.245784093e-05
4.637517213e-05
-1.284343511e-05
4.517850761e-05
-1.318411506e-05
4.376829002e-05
-1.349727366e-05
4.215365689e-05
-1.380077408e-05
4.033645755e-05
-1.411268785e-05
3.831269484e-05
-1.445108055e-05
3.607372779e-05
-1.483381803e-05
3.360725265e-05
-1.52783687e-05
3.089808542e-05
-1.580157885e-05
2.792877707e-05
-1.641939775e-05
2.468009489e-05
-1.714652536e-05
2.113140614e-05
-1.799594989e-05
1.726100568e-05
-1.897833305e-05
1.304643969e-05
-2.010118863e-05
8.464893715e-06
-2.136778487e-05
3.493740357e-06
-2.27756592e-05
-1.888614029e-06
-2.431469347e-05
-7.701383056e-06
-2.596454278e-05
-1.395927332e-05
-2.769139307e-05
-2.066907165e-05
-2.944397829e-05
-2.782443055e-05
-3.114898676e-05
-3.539800592e-05
-3.270641276e-05
-4.332985179e-05
-3.398583638e-05
-5.151131262e-05
-3.482554218e-05
-5.976372535e-05
-3.50373395e-05
-6.781267596e-05
-3.442077192e-05
-7.526099305e-05
-3.27904348e-05
-8.156760374e-05
-3.001836395e-05
-8.604442283e-05
-2.608888208e-05
-8.788776469e-05
-2.115560665e-05
-8.626050954e-05
-1.558145163e-05
-8.04306875e-05
-9.938085229e-06
-6.994599969e-05
-4.950065622e-06
-5.478494974e-05
-1.394795734e-06
-3.540126824e-05
-1.261948148e-05
-2.319671328e-07
5.824003941e-06
-8.590256966e-07
1.594594799e-05
-1.776965489e-06
2.447961657e-05
-2.874626636e-06
3.146570042e-05
-4.051429338e-06
3.701611504e-05
-5.225212695e-06
4.12823609e-05
-6.334616009e-06
4.44333818e-05
-7.338078976e-06
4.663881791e-05
-8.211046789e-06
4.805747889e-05
-8.942575106e-06
4.88305845e-05
-9.532045835e-06
4.907863303e-05
-9.986335541e-06
4.890077353e-05
-1.031754892e-05
4.837577811e-05
-1.054130146e-05
4.756393095e-05
-1.067547416e-05
4.650934483e-05
-1.073934336e-05
4.524237682e-05
-1.075299159e-05
4.378193824e-05
-1.073691843e-05
4.213758373e-05
-1.07117864e-05
4.031132553e-05
-1.069825174e-05
3.829916018e-05
-1.071684133e-05
3.609231738e-05
-1.07878488e-05
3.367826012e-05
-1.093122521e-05
3.104146183e-05
-1.116644456e-05
2.816399642e-05
-1.151232451e-05
2.502597485e-05
-1.198677981e-05
2.160586143e-05
-1.260647982e-05
1.788070569e-05
-1.338637246e-05
1.382633233e-05
-1.433902289e-05
9.41754415e-06
-1.54736941e-05
4.628411568e-06
-1.679506063e-05
-5.672475034e-07
-1.830144951e-05
-6.194994169e-06
-1.998239183e-05
-1.2278331e-05
-2.181535539e-05
-1.883610809e-05
-2.37614466e-05
-2.587833934e-05
-2.575997874e-05
-3.339947377e-05
-2.772226894e-05
-4.136756159e-05
-2.952528224e-05
-4.970829932e-05
-3.100689526e-05
-5.828211233e-05
-3.196581153e-05
-6.68537597e-05
-3.217064085e-05
-7.505616372e-05
-3.138367265e-05
-8.235457194e-05
-2.940416188e-05
-8.80239336e-05
-2.613182111e-05
-9.116010546e-05
-2.164227939e-05
-9.075005127e-05
-1.625330434e-05
-8.581966255e-05
-1.054951696e-05
-7.564978706e-05
-5.3367488e-06
-5.99977179e-05
-1.526771438e-06
-3.921124561e-05
-1.414625292e-05
-2.659926283e-07
6.08999657e-06
-9.72850914e-07
1.665280628e-05
-1.983978985e-06
2.549074464e-05
-3.158056319e-06
3.263977775e-05
-4.37246134e-06
3.823052006e-05
-5.532088881e-06
4.244198844e-05
-6.570513948e-06
4.547180687e-05
-7.446954507e-06
4.751525847e-05
-8.141394522e-06
4.875191891e-05
-8.649457474e-06
4.933864746e-05
-8.977859829e-06
4.940703539e-05
-9.140755148e-06
4.906366885e-05
-9.15699227e-06
4.839201523e-05
-9.048173652e-06
4.745511234e-05
-8.837351472e-06
4.629852265e-05
-8.54819903e-06
4.495322438e-05
-8.204517052e-06
4.343825627e-05
-7.829964163e-06
4.176303085e-05
-7.447928014e-06
3.992928938e-05
-7.08147811e-06
3.793271028e-05
-6.753355299e-06
3.576419457e-05
-6.485974841e-06
3.341087966e-05
-6.301417515e-06
3.08569045e-05
-6.221393597e-06
2.808397251e-05
-6.267165584e-06
2.507174684e-05
-6.459412884e-06
2.179810873e-05
-6.818015458e-06
1.823930827e-05
-7.361724077e-06
1.437004095e-05
-8.107675434e-06
1.016349551e-05
-9.070682019e-06
5.591418154e-06
-1.026219772e-05
6.242682033e-07
-1.168879931e-05
-4.768392584e-06
-1.335002511e-05
-1.06171052e-05
-1.523528459e-05
-1.695084861e-05
-1.731956975e-05
-2.379405419e-05
-1.955752921e-05
-3.11615143e-05
-2.187617309e-05
-3.904891771e-05
-2.416619007e-05
-4.741828234e-05
-2.62733239e-05
-5.61749785e-05
-2.799266522e-05
-6.513441838e-05
-2.907081732e-05
-7.397801162e-05
-2.92231141e-05
-8.220227516e-05
-2.817396281e-05
-8.907308489e-05
-2.572566058e-05
-9.360840769e-05
-2.185189278e-05
-9.462381907e-05
-1.67952948e-05
-9.087626053e-05
-1.112863037e-05
-8.131645149e-05
-5.732156773e-06
-6.53941915e-05
-1.668167165e-06
-4.327523521e-05
-1.581442008e-05
-3.184352214e-07
6.408431791e-06
-1.145891437e-06
1.748026249e-05
-2.297126923e-06
2.664198012e-05
-3.588281959e-06
3.393093279e-05
-4.867789837e-06
3.951002794e-05
-6.025289927e-06
4.359948853e-05
-6.990037001e-06
4.643655395e-05
-7.724407267e-06
4.824962873e-05
-8.215895515e-06
4.924340716e-05
-8.469609968e-06
4.959236191e-05
-8.502129888e-06
4.943955531e-05
-8.336901081e-06
4.889844004e-05
-8.001016135e-06
4.805613029e-05
-7.523105904e-06
4.697720211e-05
-6.932056433e-06
4.570747318e-05
-6.256302021e-06
4.427746996e-05
-5.523497901e-06
4.270545215e-05
-4.760428537e-06
4.099996149e-05
-3.993048109e-06
3.916190895e-05
-3.246595114e-06
3.718625728e-05
-2.545709159e-06
3.506330862e-05
-1.914566895e-06
3.27797374e-05
-1.37698219e-06
3.03193198e-05
-9.564755322e-07
2.766346585e-05
-6.763018042e-07
2.479157311e-05
-5.594249336e-07
2.168123186e-05
-6.284282034e-07
1.830831154e-05
-9.05339754e-07
1.46469525e-05
-1.411325177e-06
1.066948093e-05
-2.166192111e-06
6.346285089e-06
-3.187625256e-06
1.645701349e-06
-4.489997762e-06
-3.466020077e-06
-6.082560893e-06
-9.024542065e-06
-7.966676947e-06
-1.506673255e-05
-1.013221213e-05
-2.1628519e-05
-1.255078713e-05
-2.87429393e-05
-1.516871323e-05
-3.643099161e-05
-1.789619298e-05
-4.469080259e-05
-2.059526914e-05
-5.347590234e-05
-2.306827658e-05
-6.266141094e-05
-2.505169125e-05
-7.199459695e-05
-2.622370797e-05
-8.103025844e-05
-2.623687624e-05
-8.905991662e-05
-2.478694666e-05
-9.505833726e-05
-2.172141333e-05
-9.76893524e-05
-1.717183619e-05
-9.542583767e-05
-1.166418678e-05
-8.682410089e-05
-6.13783017e-06
-7.092054811e-05
-1.82155875e-06
-4.759150663e-05
-1.763597883e-05
-3.966069309e-07
6.805038723e-06
-1.399202689e-06
1.848285825e-05
-2.750072394e-06
2.799284983e-05
-4.206219957e-06
3.538708035e-05
-5.579212236e-06
4.088302022e-05
-6.742030802e-06
4.47623071e-05
-7.622034703e-06
4.731655785e-05
-8.188859938e-06
4.881645397e-05
-8.441894841e-06
4.949644206e-05
-8.39964786e-06
4.955011493e-05
-8.091707146e-06
4.91316146e-05
-7.553146219e-06
4.835987911e-05
-6.820913327e-06
4.73238974e-05
-5.931690004e-06
4.608797878e-05
-4.920765746e-06
4.469654892e-05
-3.821572601e-06
4.317827682e-05
-2.665619805e-06
4.154949935e-05
-1.482656674e-06
3.981699835e-05
-3.009326642e-07
3.798018494e-05
8.52509603e-07
3.603281502e-05
1.95151099e-06
3.396430723e-05
2.970556896e-06
3.17606915e-05
3.884546681e-06
2.940533002e-05
4.668610506e-06
2.687940203e-05
5.29797492e-06
2.41622087e-05
5.747876885e-06
2.12313299e-05
5.99353385e-06
1.806265458e-05
6.010184997e-06
1.463030136e-05
5.773225383e-06
1.090644055e-05
5.258479861e-06
6.861030612e-06
4.442696198e-06
2.461485014e-06
3.304377482e-06
-2.327701361e-06
1.825112049e-06
-7.545276632e-06
-8.261803661e-09
-1.32333587e-05
-2.199234863e-06
-1.943754594e-05
-4.738561017e-06
-2.620361315e-05
-7.593975932e-06
-3.357557669e-05
-1.069986315e-05
-4.158491538e-05
-1.39424745e-05
-5.023329099e-05
-1.714289371e-05
-5.946099172e-05
-2.004185067e-05
-6.909563999e-05
-2.229492288e-05
-7.877718623e-05
-2.349210885e-05
-8.786273065e-05
-2.321933316e-05
-9.533111296e-05
-2.117555437e-05
-9.973313119e-05
-1.733991703e-05
-9.926147501e-05
-1.214407695e-05
-9.201994097e-05
-6.558287505e-06
-7.650633756e-05
-1.991620762e-06
-5.215817338e-05
-1.962759959e-05
-5.111428487e-07
7.316181571e-06
-1.761536913e-06
1.973325232e-05
-3.385779536e-06
2.961709245e-05
-5.059899713e-06
3.706120053e-05
-6.550424291e-06
4.237354479e-05
-7.714524557e-06
4.592640737e-05
-8.482985071e-06
4.808501836e-05
-8.8393661e-06
4.9172835e-05
-8.801206087e-06
4.945828205e-05
-8.405505778e-06
4.915441462e-05
-7.698625133e-06
4.842473395e-05
-6.729825939e-06
4.739107992e-05
-5.54750411e-06
4.614157557e-05
-4.197259043e-06
4.473773372e-05
-2.721136556e-06
4.322042644e-05
-1.157575518e-06
4.161471578e-05
4.582824719e-07
3.993364136e-05
2.094090671e-06
3.818119016e-05
3.719740827e-06
3.635453479e-05
5.306838154e-06
3.444571769e-05
6.828226807e-06
3.244291858e-05
8.257560437e-06
3.033135787e-05
9.568951569e-06
2.809393889e-05
1.07366794e-05
2.57116742e-05
1.173495128e-05
2.316393682e-05
1.253771393e-05
2.042856724e-05
1.311851304e-05
1.748185547e-05
1.345040587e-05
1.429840853e-05
1.350594121e-05
1.085090521e-05
1.32572377e-05
7.109734125e-06
1.267621744e-05
3.042505273e-06
1.173509903e-05
-1.386582951e-06
1.040734385e-05
-6.217521453e-06
8.669281393e-06
-1.149529624e-05
6.50244293e-06
-1.727070748e-05
3.899083122e-06
-2.360025334e-05
8.685179456e-07
-3.054501152e-05
-2.551240144e-06
-3.816515729e-05
-6.277362023e-06
-4.650716912e-05
-1.016094122e-05
-5.557741252e-05
-1.396305988e-05
-6.529352133e-05
-1.733578799e-05
-7.540445812e-05
-1.982332799e-05
-8.537519065e-05
-2.090695546e-05
-9.424748548e-05
-2.011989691e-05
-0.0001005201897
-1.724384566e-05
-0.0001021375263
-1.255353248e-05
-9.671025415e-05
-7.002341979e-06
-8.205752807e-05
-2.186615714e-06
-5.697389964e-05
-2.181421531e-05
-6.779403493e-07
7.994121921e-06
-2.272484677e-06
2.132779665e-05
-4.258193853e-06
3.160280163e-05
-6.202427489e-06
3.900543417e-05
-7.820221924e-06
4.399133923e-05
-8.958430625e-06
4.706461607e-05
-9.561322412e-06
4.868791015e-05
-9.636698678e-06
4.924821127e-05
-9.22885222e-06
4.905043559e-05
-8.399618105e-06
4.832518051e-05
-7.216365556e-06
4.72414814e-05
-5.745098259e-06
4.591981262e-05
-4.046983481e-06
4.444346079e-05
-2.17702303e-06
4.286777327e-05
-1.839671834e-07
4.122737059e-05
1.889137332e-06
3.954161127e-05
4.004064344e-06
3.781871435e-05
6.12650702e-06
3.605874748e-05
8.225184598e-06
3.425585721e-05
1.027103925e-05
3.239986304e-05
1.223655293e-05
3.04774049e-05
1.409516664e-05
2.847274416e-05
1.582079763e-05
2.636830789e-05
1.73874389e-05
2.414503293e-05
1.876882495e-05
2.178255077e-05
1.99381511e-05
1.92592411e-05
2.08678368e-05
1.655216977e-05
2.15293294e-05
1.363691593e-05
2.189295215e-05
1.048728247e-05
2.19278133e-05
7.07487297e-06
2.160181123e-05
3.368507348e-06
2.088180741e-05
-6.665791348e-07
1.973417888e-05
-5.069892925e-06
1.812568467e-05
-9.886802026e-06
1.602541691e-05
-1.517043972e-05
1.3408403e-05
-2.098323943e-05
1.026154471e-05
-2.739815323e-05
6.593786646e-06
-3.449739922e-05
2.452218934e-06
-4.23656014e-05
-2.054264503e-06
-5.107092909e-05
-6.723859319e-06
-6.062392651e-05
-1.122813806e-05
-7.090017938e-05
-1.509054915e-05
-8.151277956e-05
-1.770432854e-05
-9.163370609e-05
-1.842961374e-05
-9.979490454e-05
-1.680557822e-05
-0.0001037615618
-1.287058247e-05
-0.0001006452499
-7.484341016e-06
-8.744376953e-05
-2.420927645e-06
-6.203731301e-05
-2.423514295e-05
-9.215019592e-07
8.91562388e-06
-2.986789851e-06
2.339308454e-05
-5.432575529e-06
3.404858731e-05
-7.685014669e-06
4.125787331e-05
-9.407317471e-06
4.571364203e-05
-1.045023969e-05
4.810753829e-05
-1.078896073e-05
4.902663118e-05
-1.047074419e-05
4.892999473e-05
-9.577897615e-06
4.815758901e-05
-8.204470322e-06
4.695175321e-05
-6.443117162e-06
4.548012824e-05
-4.378644477e-06
4.385533994e-05
-2.08559565e-06
4.215041196e-05
3.71906819e-07
4.04102708e-05
2.939195109e-06
3.86600823e-05
5.569594691e-06
3.691121169e-05
8.222909308e-06
3.516539974e-05
1.086395825e-05
3.341769854e-05
1.346130505e-05
3.165851042e-05
1.59861743e-05
2.987499378e-05
1.841155503e-05
2.805202418e-05
2.071146455e-05
2.617283464e-05
2.286034661e-05
2.421942584e-05
2.483257551e-05
2.217280403e-05
2.660204106e-05
2.001308522e-05
2.814179274e-05
1.771948942e-05
2.942372663e-05
1.527023588e-05
3.041830327e-05
1.264233929e-05
3.109429141e-05
9.811294326e-06
3.141854164e-05
6.750622745e-06
3.135580579e-05
3.431243203e-06
3.086858405e-05
-1.793574028e-07
2.991751035e-05
-4.118819219e-06
2.846131857e-05
-8.43061025e-06
2.645818731e-05
-1.316730846e-05
2.386798597e-05
-1.839303809e-05
2.065665231e-05
-2.418681957e-05
1.680439591e-05
-3.064514282e-05
1.232009348e-05
-3.788129898e-05
7.264936993e-06
-4.60157726e-05
1.787919335e-06
-5.514690886e-05
-3.828035795e-06
-6.528422425e-05
-9.119195215e-06
-7.622162014e-05
-1.34216968e-05
-8.733120451e-05
-1.593159139e-05
-9.728500995e-05
-1.59074853e-05
-0.0001037856679
-1.30557588e-05
-0.0001034969764
-8.024156565e-06
-9.247537176e-05
-2.719239394e-06
-6.734223019e-05
-2.695438235e-05
-1.280817161e-06
1.019644104e-05
-3.979745436e-06
2.609201281e-05
-6.981367197e-06
3.705020907e-05
-9.538906401e-06
4.381541251e-05
-1.127851771e-05
4.745325334e-05
-1.208439068e-05
4.891341127e-05
-1.199080375e-05
4.893304425e-05
-1.110565037e-05
4.804484135e-05
-9.562874951e-06
4.66148136e-05
-7.496280435e-06
4.48851587e-05
-5.027101722e-06
4.301094953e-05
-2.259567211e-06
4.108780543e-05
7.193134643e-07
3.917153129e-05
3.837981432e-06
3.729160283e-05
7.037809802e-06
3.546025393e-05
1.027052615e-05
3.367849533e-05
1.349583953e-05
3.194008636e-05
1.66794094e-05
3.023412866e-05
1.979116548e-05
2.854675434e-05
2.280394741e-05
2.686221185e-05
2.569241732e-05
2.516355427e-05
2.843219226e-05
2.34330597e-05
3.09991491e-05
2.1652469e-05
3.336885956e-05
1.980309357e-05
3.551611967e-05
1.786582511e-05
3.741454457e-05
1.582106452e-05
3.903620522e-05
1.364857523e-05
4.035128903e-05
1.132725549e-05
4.132777119e-05
8.834812166e-06
4.193108989e-05
6.147304044e-06
4.212383266e-05
3.238500432e-06
4.186526191e-05
7.921334719e-08
4.111175202e-05
-3.36530932e-06
3.981570874e-05
-7.13456697e-06
3.792650949e-05
-1.127810921e-05
3.539137633e-05
-1.585790492e-05
3.215793518e-05
-2.095337843e-05
2.817982831e-05
-2.666703594e-05
2.342795054e-05
-3.312942121e-05
1.791133916e-05
-4.049916122e-05
1.171289177e-05
-4.894846147e-05
5.044029196e-06
-5.861536168e-05
-1.685402312e-06
-6.949218863e-05
-7.804686312e-06
-8.121192051e-05
-1.237689871e-05
-9.271279755e-05
-1.436241648e-05
-0.0001018001501
-1.303017292e-05
-0.00010482922
-8.642547743e-06
-9.686299694e-05
-3.122891463e-06
-7.286188647e-05
-3.007727381e-05
-1.81972293e-06
1.201616397e-05
-5.351929897e-06
2.962421978e-05
-8.967401812e-06
4.066568098e-05
-1.17327467e-05
4.65807574e-05
-1.328416063e-05
4.900466726e-05
-1.359380743e-05
4.922305807e-05
-1.279742044e-05
4.813665727e-05
-1.109035878e-05
4.633777968e-05
-8.672283457e-06
4.419673828e-05
-5.722145595e-06
4.193502083e-05
-2.389951267e-06
3.96787552e-05
1.203202922e-06
3.749465124e-05
4.961594691e-06
3.541313952e-05
8.810263697e-06
3.344293383e-05
1.26905064e-05
3.158001123e-05
1.655592068e-05
2.981308105e-05
2.036914283e-05
2.812686421e-05
2.409924084e-05
2.650403066e-05
2.771967481e-05
2.492632037e-05
3.120671767e-05
2.3375169e-05
3.453823708e-05
2.183203485e-05
3.769275282e-05
2.027854396e-05
4.064869905e-05
1.869652278e-05
4.338383516e-05
1.706795746e-05
4.587476014e-05
1.537490013e-05
4.80964948e-05
1.359932985e-05
5.002210368e-05
1.172296634e-05
5.162233369e-05
9.727025478e-06
5.286525076e-05
7.591895096e-06
5.371585724e-05
5.296697565e-06
5.413565181e-05
2.818705863e-06
5.408207038e-05
1.327947776e-07
5.35086911e-05
-2.791930038e-06
5.236362974e-05
-5.98950561e-06
5.058985592e-05
-9.504335396e-06
4.812495371e-05
-1.339300271e-05
4.490180886e-05
-1.773023358e-05
4.085131371e-05
-2.261654079e-05
3.590937178e-05
-2.818747929e-05
3.003249559e-05
-3.462228503e-05
2.322896276e-05
-4.214492863e-05
1.561458699e-05
-5.100098592e-05
7.499704239e-06
-6.137730588e-05
-5.021030786e-07
-7.321011319e-05
-7.399679006e-06
-8.581522162e-05
-1.186289763e-05
-9.733693147e-05
-1.263101479e-05
-0.0001040611028
-9.34356558e-06
-0.0001001504462
-3.697867883e-06
-7.850758416e-05
-3.377514169e-05
-2.644505994e-06
1.466066996e-05
-7.225604076e-06
3.420531786e-05
-1.139305643e-05
4.483313334e-05
-1.40757087e-05
4.926340968e-05
-1.502958902e-05
4.995854758e-05
-1.440591453e-05
4.859938358e-05
-1.249878737e-05
4.62295301e-05
-9.619085332e-06
4.345807765e-05
-6.041114396e-06
4.061876734e-05
-1.987185098e-06
3.788109154e-05
2.37078095e-06
3.532078915e-05
6.903384715e-06
3.296204747e-05
1.151470334e-05
3.08018209e-05
1.613405457e-05
2.882358259e-05
2.070919984e-05
2.700486597e-05
2.520102554e-05
2.532125534e-05
2.957949916e-05
2.37483906e-05
3.382064591e-05
2.22628839e-05
3.790430907e-05
2.084265721e-05
4.181249518e-05
1.946698289e-05
4.55281484e-05
1.811638163e-05
4.903423444e-05
1.677245792e-05
5.231304414e-05
1.541771308e-05
5.534564939e-05
1.403535222e-05
5.81114604e-05
1.260908912e-05
6.058784561e-05
1.112294464e-05
6.274978364e-05
9.561028322e-06
6.456952244e-05
7.907286673e-06
6.601622304e-05
6.145194499e-06
6.705557274e-05
4.257347862e-06
6.764943665e-05
2.22484196e-06
6.775415762e-05
2.807380576e-08
6.732340445e-05
-2.361176865e-06
6.630244738e-05
-4.968548547e-06
6.463074151e-05
-7.83262952e-06
6.223965225e-05
-1.100191345e-05
5.905162326e-05
-1.454220459e-05
5.498000697e-05
-1.85449245e-05
4.993133273e-05
-2.313880505e-05
4.381373225e-05
-2.850468455e-05
3.655886236e-05
-3.489005874e-05
2.816981945e-05
-4.261194301e-05
1.881155895e-05
-5.201904538e-05
8.954688342e-06
-6.335324259e-05
-4.492316549e-07
-7.641130163e-05
-7.896404179e-06
-8.988975895e-05
-1.152424674e-05
-0.0001004332602
-1.006392461e-05
-0.0001016107683
-4.538046041e-06
-8.403346273e-05
-3.831318774e-05
-3.927784942e-06
1.858845491e-05
-9.703761234e-06
3.998129416e-05
-1.405923665e-05
4.918860876e-05
-1.600147026e-05
5.120564329e-05
-1.562437196e-05
4.958144927e-05
-1.339033112e-05
4.636534274e-05
-9.811723385e-06
4.265092237e-05
-5.329343465e-06
3.897569773e-05
-2.831116207e-07
3.55725355e-05
5.079668426e-06
3.251831149e-05
1.058515543e-05
2.981530215e-05
1.611395096e-05
2.743325195e-05
2.158531274e-05
2.533045911e-05
2.694516007e-05
2.346373526e-05
3.21573391e-05
2.179268693e-05
3.719741446e-05
2.028117999e-05
4.204831669e-05
1.889748837e-05
4.66973112e-05
1.761388939e-05
5.113389115e-05
1.640607726e-05
5.534830868e-05
1.525256537e-05
5.933054343e-05
1.413414687e-05
6.306956798e-05
1.303343338e-05
6.65528118e-05
1.193446926e-05
6.976575514e-05
1.082240889e-05
7.269160311e-05
9.683241148e-06
7.531100377e-05
8.503543979e-06
7.760178146e-05
7.270250639e-06
7.953866133e-05
5.970406803e-06
8.109296187e-05
4.590893957e-06
8.223222108e-05
3.118088656e-06
8.291965083e-05
1.537412209e-06
8.311460487e-05
-1.668802378e-07
8.276892888e-05
-2.015500873e-06
8.182985549e-05
-4.029475161e-06
8.023587963e-05
-6.238653654e-06
7.79159269e-05
-8.681960719e-06
7.478690291e-05
-1.141318061e-05
7.075097857e-05
-1.450900015e-05
6.569328159e-05
-1.808110807e-05
5.948237231e-05
-2.229377527e-05
5.19795036e-05
-2.738719004e-05
4.30696064e-05
-3.370204581e-05
3.273746733e-05
-4.168690632e-05
2.122128289e-05
-5.183705815e-05
9.262256416e-06
-6.445227515e-05
-1.607057699e-06
-7.902044483e-05
-9.035473435e-06
-9.300484451e-05
-1.053934529e-05
-0.0001001068964
-5.734199705e-06
-8.883860832e-05
-4.404738744e-05
-5.905729083e-06
2.449418399e-05
-1.268427391e-05
4.675983898e-05
-1.618670955e-05
5.269104439e-05
-1.609745491e-05
5.111638865e-05
-1.321234998e-05
4.669634434e-05
-8.445065461e-06
4.159805822e-05
-2.545201715e-06
3.675105862e-05
3.951031362e-06
3.247946465e-05
1.068823382e-05
2.883533304e-05
1.744208198e-05
2.576446333e-05
2.407663344e-05
2.318075068e-05
3.051309985e-05
2.099678554e-05
3.670854377e-05
1.913501519e-05
4.264180359e-05
1.753047544e-05
4.830439477e-05
1.613009576e-05
5.369470775e-05
1.4890867e-05
5.881433853e-05
1.377785759e-05
6.366577972e-05
1.276244821e-05
6.825097225e-05
1.182088472e-05
7.257039778e-05
1.093313985e-05
7.6622508e-05
1.008203665e-05
8.040336154e-05
9.252579839e-06
8.390638542e-05
8.431445374e-06
8.712220735e-05
7.606586952e-06
9.003852274e-05
6.766925766e-06
9.263997063e-05
5.902096085e-06
9.490799848e-05
5.002222797e-06
9.682069782e-05
4.057707463e-06
9.835258826e-05
3.05900351e-06
9.947431731e-05
1.996359612e-06
0.0001001522432
8.594863216e-07
0.0001003484653
-3.631023481e-07
0.0001000184489
-1.685484475e-06
9.911193971e-05
-3.122965963e-06
9.757013497e-05
-4.696848917e-06
9.532371294e-05
-6.435538688e-06
9.228952249e-05
-8.378990164e-06
8.836593783e-05
-1.058541549e-05
8.342674036e-05
-1.31419106e-05
7.731420548e-05
-1.61812404e-05
6.983461502e-05
-1.990759957e-05
6.076585464e-05
-2.463328543e-05
4.99005347e-05
-3.082158638e-05
3.717127297e-05
-3.910779642e-05
2.292683813e-05
-5.020784032e-05
8.396238744e-06
-6.448984544e-05
-3.829470264e-06
-8.07791355e-05
-9.983229064e-06
-9.395313763e-05
-7.228868412e-06
-9.159296897e-05
-5.127625585e-05
-8.716237345e-06
3.321042134e-05
-1.516892443e-05
5.321252607e-05
-1.543161464e-05
5.29537346e-05
-1.112602694e-05
4.681080096e-05
-4.161708387e-06
3.973202578e-05
4.095223639e-06
3.334112619e-05
1.278648292e-05
2.805979934e-05
2.142287395e-05
2.384307362e-05
2.975102657e-05
2.050718043e-05
3.765547293e-05
1.786001697e-05
4.509684441e-05
1.573937921e-05
5.207555359e-05
1.401807636e-05
5.861109693e-05
1.259947184e-05
6.473054283e-05
1.141102954e-05
7.046232978e-05
1.03983088e-05
7.583306916e-05
9.520127626e-06
8.086600584e-05
8.74492091e-06
8.558036936e-05
8.048084693e-06
8.999118659e-05
7.410067496e-06
9.410931981e-05
6.815006625e-06
9.794160236e-05
6.249754098e-06
0.0001014910042
5.703177977e-06
0.0001047567926
5.165656974e-06
0.0001077346699
4.6287097e-06
0.0001104168793
4.084716338e-06
0.000112792273
3.526702394e-06
0.0001148463345
2.948161333e-06
0.0001165611525
2.342889403e-06
0.0001179153272
1.704828817e-06
0.0001188837743
1.027912531e-06
0.0001194371384
3.061222659e-07
0.0001195426649
-4.68628846e-07
0.0001191611417
-1.303961284e-06
0.0001182478768
-2.209701128e-06
0.0001167502059
-3.199177978e-06
0.0001146051048
-4.290437632e-06
0.0001117354167
-5.509302072e-06
0.0001080440904
-6.894089175e-06
0.0001034055593
-8.503379443e-06
9.765331492e-05
-1.042899605e-05
9.056354e-05
-1.281782465e-05
8.183830622e-05
-1.590805165e-05
7.110318134e-05
-2.008646151e-05
5.796260919e-05
-2.596722426e-05
4.22118117e-05
-3.445704283e-05
2.436564905e-05
-4.66436828e-05
6.591969511e-06
-6.300545597e-05
-6.412555537e-06
-8.094861258e-05
-8.48333168e-06
-8.952219283e-05
-5.975958754e-05
-1.163981541e-05
4.485023674e-05
-1.300413551e-05
5.457684618e-05
-5.509020748e-06
4.545861983e-05
5.80692851e-06
3.54948517e-05
1.809780846e-05
2.744114583e-05
3.006235385e-05
2.137658081e-05
4.116655414e-05
1.695559905e-05
5.125696914e-05
1.375265862e-05
6.035701496e-05
1.140713461e-05
6.855903803e-05
9.6579939e-06
7.597274644e-05
8.32567079e-06
8.270316665e-05
7.287656158e-06
8.884250385e-05
6.460134635e-06
9.446824856e-05
5.785284837e-06
9.964391781e-05
5.22263955e-06
0.0001044207179
4.743327499e-06
0.0001088393516
4.326287239e-06
0.0001129316568
3.955779508e-06
0.0001167219825
3.619741823e-06
0.0001202282992
3.308689877e-06
0.0001234630774
3.014975925e-06
0.0001264339736
2.73228175e-06
0.0001291443637
2.455266877e-06
0.0001315937533
2.179320092e-06
0.0001337780901
1.900379602e-06
0.0001356899944
1.614798099e-06
0.0001373189205
1.319235182e-06
0.0001386512475
1.010562387e-06
0.0001396702911
6.857852007e-07
0.0001403562874
3.419162383e-07
0.0001406855416
-2.313192255e-08
0.000140632495
-4.155822316e-07
0.0001401649907
-8.364569229e-07
0.0001392471109
-1.291821345e-06
0.0001378359777
-1.78804484e-06
0.000135879698
-2.334157927e-06
0.0001333137001
-2.94330415e-06
0.0001300548954
-3.635284423e-06
0.0001259923887
-4.440872786e-06
0.0001209726961
-5.409303466e-06
0.0001147765475
-6.621676003e-06
0.0001070841142
-8.215618367e-06
9.742915838e-05
-1.043150572e-05
8.516059089e-05
-1.369865678e-05
6.948771461e-05
-1.878416655e-05
4.982537212e-05
-2.69813403e-05
2.68723667e-05
-4.005245055e-05
4.773028524e-06
-5.884927441e-05
-7.048145148e-06
-7.770101916e-05
-6.680773268e-05
-6.058512623e-06
5.090874936e-05
8.133704695e-06
4.038462886e-05
2.866704694e-05
2.492527759e-05
4.769635147e-05
1.646554718e-05
6.384527319e-05
1.129222411e-05
7.726096563e-05
7.960888365e-06
8.839131903e-05
5.825245643e-06
9.76999298e-05
4.444047842e-06
0.0001055830745
3.52398988e-06
0.0001123529601
2.888108287e-06
0.0001182466744
2.431956495e-06
0.000123441683
2.092647642e-06
0.0001280704194
1.831398142e-06
0.0001322319736
1.6237307e-06
0.000136000847
1.453766144e-06
0.0001394333094
1.310865042e-06
0.0001425719478
1.187648875e-06
0.0001454489071
1.078820213e-06
0.000148088204
9.804449036e-07
0.0001505073885
8.895054513e-07
0.0001527187476
8.036168064e-07
0.0001547301879
7.208413906e-07
0.0001565458889
6.3956591e-07
0.0001581667917
5.584172618e-07
0.000159590968
4.762033378e-07
0.0001608138967
3.91869368e-07
0.0001618286689
3.044630029e-07
0.0001626261279
2.131033649e-07
0.0001631949461
1.169670422e-07
0.0001635208842
1.597810898e-08
0.0001635905845
-9.283218953e-08
0.00016338301
-2.080077071e-07
0.0001628782618
-3.317087907e-07
0.0001620515889
-4.651484487e-07
0.0001608737043
-6.10160196e-07
0.0001593089034
-7.693570777e-07
0.0001573122051
-9.466057763e-07
0.0001548247351
-1.147814474e-06
0.0001517661332
-1.382270821e-06
0.0001480218463
-1.665016631e-06
0.0001434214578
-2.021287481e-06
0.0001377011533
-2.495313841e-06
0.0001304386335
-3.168985993e-06
0.0001209442147
-4.204237957e-06
0.0001081025932
-5.942545026e-06
9.025532159e-05
-9.134068685e-06
6.561436215e-05
-1.541149112e-05
3.463565853e-05
-2.787057079e-05
6.387218221e-06
-4.945257885e-05
-6.042051446e-05
5.090874936e-05
9.129337822e-05
0.0001162186558
0.000132684203
0.0001439764271
0.0001519373155
0.0001577625611
0.0001622066089
0.0001657305988
0.0001686187071
0.0001710506636
0.0001731433112
0.0001749747094
0.0001765984401
0.0001780522062
0.0001793630713
0.0001805507202
0.0001816295404
0.0001826099853
0.0001834994907
0.0001843031075
0.0001850239489
0.0001856635148
0.0001862219321
0.0001866981354
0.0001870900048
0.0001873944678
0.0001876075712
0.0001877245382
0.0001877405163
0.0001876476841
0.0001874396764
0.0001871079676
0.0001866428192
0.000186032659
0.0001852633019
0.0001843166961
0.0001831688817
0.0001817866108
0.0001801215942
0.0001781003067
0.0001756049929
0.0001724360069
0.0001682317689
0.0001622892239
0.0001531551552
0.0001377436641
0.0001098730933
6.042051446e-05
)
;

boundaryField
{
    movingWall
    {
        type            calculated;
        value           uniform 0;
    }
    fixedWalls
    {
        type            calculated;
        value           uniform 0;
    }
    frontAndBack
    {
        type            empty;
    }
}


// ************************************************************************* //
