/*--------------------------------*- C++ -*----------------------------------*\
  =========                 |
  \\      /  F ield         | OpenFOAM: The Open Source CFD Toolbox
   \\    /   O peration     | Website:  https://openfoam.org
    \\  /    A nd           | Version:  11
     \\/     M anipulation  |
\*---------------------------------------------------------------------------*/
FoamFile
{
    format      ascii;
    class       volVectorField;
    location    "30";
    object      U;
}
// * * * * * * * * * * * * * * * * * * * * * * * * * * * * * * * * * * * * * //

dimensions      [0 1 -1 0 0 0 0];

internalField   nonuniform List<vector> 
2500
(
(3.710773661e-05 -3.695784145e-05 0)
(0.0001075624597 -4.203244032e-05 0)
(0.00013806754 -1.791017407e-05 0)
(8.580658384e-05 1.420445325e-05 0)
(-5.909711173e-05 4.517957188e-05 0)
(-0.0002902483642 7.230921501e-05 0)
(-0.0005955875796 9.450915202e-05 0)
(-0.0009624271369 0.0001119185541 0)
(-0.001378083906 0.0001250854019 0)
(-0.001830828404 0.0001346252674 0)
(-0.002310180391 0.0001411044617 0)
(-0.002806862227 0.0001449932962 0)
(-0.003312618764 0.0001466494177 0)
(-0.003819981239 0.0001463180667 0)
(-0.004322019314 0.0001441423017 0)
(-0.004812112252 0.0001401792601 0)
(-0.005283759917 0.0001344200598 0)
(-0.005730446579 0.0001268116864 0)
(-0.00614556483 0.0001172796255 0)
(-0.006522402539 0.0001057502819 0)
(-0.006854192276 9.217241771e-05 0)
(-0.007134219842 7.653695343e-05 0)
(-0.007355986089 5.889453742e-05 0)
(-0.007513414037 3.937031971e-05 0)
(-0.007601091606 1.81754377e-05 0)
(-0.007614538855 -4.385648523e-06 0)
(-0.007550481918 -2.791571135e-05 0)
(-0.007407124242 -5.192210819e-05 0)
(-0.007184397383 -7.582988104e-05 0)
(-0.006884168784 -9.899589757e-05 0)
(-0.006510395037 -0.0001207296282 0)
(-0.006069203023 -0.0001403196458 0)
(-0.005568885303 -0.0001570644931 0)
(-0.005019800266 -0.0001703063286 0)
(-0.004434172373 -0.000179465315 0)
(-0.00382579368 -0.0001840723691 0)
(-0.003209634162 -0.0001837977901 0)
(-0.002601374722 -0.0001784735184 0)
(-0.002016881742 -0.000168107213 0)
(-0.001471645023 -0.0001528874767 0)
(-0.0009801997625 -0.0001331811495 0)
(-0.0005555375401 -0.0001095274281 0)
(-0.0002084972166 -8.264720298e-05 0)
(5.273037153e-05 -5.349347434e-05 0)
(0.0002234772139 -2.321372661e-05 0)
(0.0003036679008 6.486146089e-06 0)
(0.0002991405579 3.279728304e-05 0)
(0.0002245818226 5.113957262e-05 0)
(0.0001126587903 5.292518511e-05 0)
(2.650490772e-05 2.657014179e-05 0)
(4.315661943e-05 -0.0001082391796 0)
(8.614943584e-05 -8.457711881e-05 0)
(-1.457424712e-06 4.595995404e-05 0)
(-0.0002817131157 0.0002117873827 0)
(-0.0007731382606 0.0003783995231 0)
(-0.001467458481 0.0005301961021 0)
(-0.002343354135 0.0006600649859 0)
(-0.003373939965 0.0007662210574 0)
(-0.004530512127 0.0008494196113 0)
(-0.005784866426 0.0009114638701 0)
(-0.007110434924 0.0009544488377 0)
(-0.00848265205 0.0009803519368 0)
(-0.009878879859 0.0009908203555 0)
(-0.01127809685 0.000987083217 0)
(-0.01266048644 0.0009699450466 0)
(-0.01400702 0.0009398328528 0)
(-0.01529909926 0.0008968781485 0)
(-0.01651830093 0.0008410203855 0)
(-0.01764624919 0.0007721215406 0)
(-0.01866462849 0.0006900838435 0)
(-0.0195553384 0.0005949642415 0)
(-0.02030078372 0.000487080319 0)
(-0.02088428587 0.0003671031483 0)
(-0.02129059523 0.0002361329933 0)
(-0.02150648001 9.575376145e-05 0)
(-0.02152136551 -5.193758177e-05 0)
(-0.02132797283 -0.0002043247344 0)
(-0.02092294363 -0.0003583046113 0)
(-0.02030740743 -0.000510345327 0)
(-0.01948743118 -0.0006565780058 0)
(-0.01847433544 -0.0007929198651 0)
(-0.01728483438 -0.0009152244716 0)
(-0.01594097076 -0.001019453344 0)
(-0.01446982621 -0.00110186079 0)
(-0.0129029972 -0.001159181906 0)
(-0.01127583942 -0.001188812434 0)
(-0.009626495985 -0.001188969029 0)
(-0.007994737504 -0.001158819903 0)
(-0.006420650993 -0.001098578729 0)
(-0.00494321972 -0.001009560361 0)
(-0.003598832613 -0.0008942051135 0)
(-0.002419745769 -0.0007560924407 0)
(-0.001432498847 -0.000599995196 0)
(-0.0006562707532 -0.0004320480213 0)
(-0.0001008989371 -0.0002599459923 0)
(0.0002352935299 -9.390739316e-05 0)
(0.0003684505133 5.197243117e-05 0)
(0.0003326825492 0.0001571560961 0)
(0.0001915442771 0.0001910533809 0)
(5.251811207e-05 0.0001120875804 0)
(1.984030469e-05 -0.0001410709627 0)
(-4.495129116e-05 2.38679849e-06 0)
(-0.0003494915909 0.0003452284958 0)
(-0.0009385725451 0.0007609653613 0)
(-0.001825986455 0.001182160749 0)
(-0.003000719093 0.001571851251 0)
(-0.004435264383 0.001911485028 0)
(-0.006093566996 0.002193970381 0)
(-0.00793606749 0.002418617305 0)
(-0.009922731267 0.002587978463 0)
(-0.01201475148 0.00270595184 0)
(-0.01417531775 0.002776637396 0)
(-0.01636976507 0.002803682688 0)
(-0.01856535444 0.002789961066 0)
(-0.02073087347 0.002737478434 0)
(-0.02283619344 0.00264743708 0)
(-0.02485188091 0.002520405276 0)
(-0.02674893027 0.002356554056 0)
(-0.02849865907 0.002155931234 0)
(-0.03007278743 0.001918748969 0)
(-0.03144370614 0.001645665821 0)
(-0.03258492497 0.001338047681 0)
(-0.03347168134 0.000998194485 0)
(-0.03408168074 0.0006295212939 0)
(-0.03439593327 0.0002366831407 0)
(-0.03439963891 -0.0001743640545 0)
(-0.03408308136 -0.0005963642315 0)
(-0.03344247766 -0.001020863282 0)
(-0.03248072494 -0.001438366682 0)
(-0.03120799599 -0.001838585871 0)
(-0.02964213335 -0.002210759135 0)
(-0.02780879537 -0.002544036948 0)
(-0.02574131703 -0.002827917749 0)
(-0.02348025899 -0.003052714691 0)
(-0.02107263185 -0.003210029822 0)
(-0.01857079775 -0.003293209673 0)
(-0.0160310675 -0.003297756322 0)
(-0.01351202675 -0.003221671308 0)
(-0.01107263671 -0.003065717132 0)
(-0.008770161945 -0.002833593607 0)
(-0.006657976404 -0.002532044648 0)
(-0.004783287597 -0.002170937323 0)
(-0.003184799469 -0.001763392477 0)
(-0.001890292777 -0.001326083984 0)
(-0.0009139973634 -0.0008798527981 0)
(-0.0002537715757 -0.0004510495703 0)
(0.0001116740817 -7.351046769e-05 0)
(0.0002262205978 0.0002079673591 0)
(0.0001660424458 0.0003341276107 0)
(5.214379479e-05 0.0002245689191 0)
(-1.312998854e-05 -8.955954102e-05 0)
(-0.0002206924987 0.0002899190377 0)
(-0.0007954974254 0.000939856652 0)
(-0.001743888586 0.00169053871 0)
(-0.00306369135 0.002444558376 0)
(-0.004736870019 0.003144143597 0)
(-0.006728779721 0.003758054696 0)
(-0.008995506924 0.004272527323 0)
(-0.01148904246 0.004684325995 0)
(-0.01416030045 0.004996040611 0)
(-0.01696096484 0.005213017614 0)
(-0.01984445665 0.005341389205 0)
(-0.02276624505 0.005386879185 0)
(-0.02568374082 0.005354169999 0)
(-0.02855597119 0.005246674055 0)
(-0.0313431885 0.005066592906 0)
(-0.03400652646 0.004815175588 0)
(-0.03650778443 0.004493106539 0)
(-0.03880939102 0.004100967507 0)
(-0.04087457417 0.003639728649 0)
(-0.04266774431 0.00311123245 0)
(-0.04415508038 0.002518640669 0)
(-0.04530529512 0.001866819629 0)
(-0.04609054519 0.001162643038 0)
(-0.04648744205 0.0004151948396 0)
(-0.04647810668 -0.0003641416164 0)
(-0.04605122983 -0.001161722595 0)
(-0.04520306405 -0.001961817667 0)
(-0.04393828117 -0.002746919019 0)
(-0.04227065249 -0.003498188373 0)
(-0.0402234833 -0.004196030869 0)
(-0.03782975208 -0.004820779163 0)
(-0.0351319116 -0.005353463168 0)
(-0.03218132041 -0.005776632974 0)
(-0.02903728734 -0.006075196023 0)
(-0.02576572811 -0.006237225799 0)
(-0.02243745073 -0.006254699226 0)
(-0.01912610395 -0.006124125071 0)
(-0.01590583768 -0.005847036985 0)
(-0.0128487356 -0.005430343739 0)
(-0.0100220842 -0.004886556258 0)
(-0.007485538883 -0.00423394723 0)
(-0.005288238058 -0.003496743688 0)
(-0.003465891772 -0.002705500566 0)
(-0.002037830589 -0.001897865805 0)
(-0.001004063211 -0.001120062802 0)
(-0.0003425696435 -0.0004292487641 0)
(-6.496747923e-06 0.0001034267419 0)
(8.184932768e-05 0.0003886163709 0)
(3.80037938e-05 0.0003073154612 0)
(-4.742542425e-05 6.239163553e-05 0)
(-0.000411096564 0.0008121792308 0)
(-0.00128320125 0.001867113802 0)
(-0.002619335063 0.003029660388 0)
(-0.004394075562 0.004179968219 0)
(-0.006578139198 0.005243467045 0)
(-0.009127611279 0.006177814924 0)
(-0.01199033598 0.006962936059 0)
(-0.01511065485 0.007592862846 0)
(-0.01843190439 0.008069867438 0)
(-0.02189803926 0.008400408451 0)
(-0.02545456562 0.008592404185 0)
(-0.029048886 0.008653512195 0)
(-0.03263025072 0.008590176121 0)
(-0.03614949873 0.008407248788 0)
(-0.03955873512 0.008108038883 0)
(-0.04281105929 0.007694657721 0)
(-0.04586042741 0.007168564905 0)
(-0.0486617029 0.006531229589 0)
(-0.0511709238 0.00578483886 0)
(-0.05334579322 0.004932997051 0)
(-0.05514638131 0.003981369933 0)
(-0.05653601218 0.002938235951 0)
(-0.05748229757 0.001814913315 0)
(-0.0579582695 0.0006260376958 0)
(-0.05794355555 -0.0006103306192 0)
(-0.05742554359 -0.001872791776 0)
(-0.05640046734 -0.00313687789 0)
(-0.0548743473 -0.00437553399 0)
(-0.05286372961 -0.005559794114 0)
(-0.05039615735 -0.006659641067 0)
(-0.04751031923 -0.007645026618 0)
(-0.04425582744 -0.008487017329 0)
(-0.04069258719 -0.009159020605 0)
(-0.03688973439 -0.009638036579 0)
(-0.03292413431 -0.009905875588 0)
(-0.0288784529 -0.009950280093 0)
(-0.02483883221 -0.009765895671 0)
(-0.02089222004 -0.009355049606 0)
(-0.01712342055 -0.008728319053 0)
(-0.01361194466 -0.007904904018 0)
(-0.0104287454 -0.006912863396 0)
(-0.007632923872 -0.00578932209 0)
(-0.005268487449 -0.004580807341 0)
(-0.003361245284 -0.003343931208 0)
(-0.001915943906 -0.0021467254 0)
(-0.0009136513054 -0.001070840576 0)
(-0.0003093829219 -0.0002142243337 0)
(-3.105431828e-05 0.0003051015565 0)
(1.866156208e-05 0.0003348505345 0)
(-8.082177663e-05 0.0003167425224 0)
(-0.000603124469 0.00158072254 0)
(-0.001781931624 0.003145060705 0)
(-0.003517905651 0.004797490669 0)
(-0.00575798083 0.006403994623 0)
(-0.008458230929 0.007878547105 0)
(-0.01156325464 0.009170825457 0)
(-0.01501162877 0.01025607305 0)
(-0.01873999635 0.01112631825 0)
(-0.02268475992 0.01178374381 0)
(-0.02678322752 0.012235904 0)
(-0.03097431509 0.0124923929 0)
(-0.03519878836 0.01256268175 0)
(-0.03939918669 0.01245488992 0)
(-0.04351958333 0.01217528284 0)
(-0.04750531024 0.01172831917 0)
(-0.051302751 0.01111709472 0)
(-0.05485927878 0.01034405307 0)
(-0.05812339008 0.009411852638 0)
(-0.06104505983 0.008324297778 0)
(-0.06357632233 0.007087257436 0)
(-0.06567206423 0.00570950856 0)
(-0.06729100138 0.004203453022 0)
(-0.06839680006 0.002585666408 0)
(-0.068959294 0.0008772452159 0)
(-0.06895574272 -0.000896074631 0)
(-0.06837207232 -0.002704049744 0)
(-0.06720403551 -0.004512317851 0)
(-0.06545822615 -0.006283056629 0)
(-0.06315288424 -0.007975902003 0)
(-0.06031842701 -0.009549110762 0)
(-0.05699764597 -0.01096093827 0)
(-0.05324551502 -0.01217118783 0)
(-0.04912856411 -0.01314287452 0)
(-0.04472378515 -0.01384393423 0)
(-0.04011705337 -0.01424889972 0)
(-0.03540106703 -0.01434046232 0)
(-0.03067283104 -0.01411084309 0)
(-0.02603073377 -0.01356291105 0)
(-0.02157129001 -0.01271101285 0)
(-0.01738564435 -0.01158151478 0)
(-0.01355594607 -0.01021310612 0)
(-0.0101517174 -0.008656966637 0)
(-0.00722634803 -0.00697695216 0)
(-0.004813890749 -0.005250007618 0)
(-0.002926308492 -0.003567100122 0)
(-0.001550875969 -0.002034887211 0)
(-0.0006479783242 -0.0007776400678 0)
(-0.0001558577931 5.998180671e-05 0)
(-1.870666745e-06 0.000298544581 0)
(-0.0001123115997 0.0006704895357 0)
(-0.0007903305556 0.002596087062 0)
(-0.002275068893 0.004777990676 0)
(-0.004411840414 0.006999595534 0)
(-0.007118010691 0.009120592028 0)
(-0.01033281555 0.011049274 0)
(-0.01398761963 0.0127312743 0)
(-0.01801067299 0.01413965279 0)
(-0.02233054657 0.01526590704 0)
(-0.0268769134 0.01611292084 0)
(-0.03158107494 0.01668970815 0)
(-0.03637629396 0.01700765832 0)
(-0.04119781791 0.01707805421 0)
(-0.04598268829 0.01691064757 0)
(-0.05066945892 0.01651308287 0)
(-0.05519792634 0.0158909768 0)
(-0.05950895816 0.01504847867 0)
(-0.06354448439 0.01398915721 0)
(-0.06724769355 0.01271707905 0)
(-0.07056345372 0.01123796433 0)
(-0.07343895891 0.00956032391 0)
(-0.07582458504 0.007696499491 0)
(-0.07767492675 0.005663543155 0)
(-0.07894997612 0.003483884965 0)
(-0.07961639725 0.001185747938 0)
(-0.0796488449 -0.00119672187 0)
(-0.07903127016 -0.003623634551 0)
(-0.07775815461 -0.006049857336 0)
(-0.07583561008 -0.008425848987 0)
(-0.07328227756 -0.01069881879 0)
(-0.07012996066 -0.01281419401 0)
(-0.06642392696 -0.01471736326 0)
(-0.06222281374 -0.01635564597 0)
(-0.0575980809 -0.01768042141 0)
(-0.05263296425 -0.01864933361 0)
(-0.04742089802 -0.01922847623 0)
(-0.04206339654 -0.01939445329 0)
(-0.03666741111 -0.01913621416 0)
(-0.03134220823 -0.01845657351 0)
(-0.02619584693 -0.01737335337 0)
(-0.02133136527 -0.01592012424 0)
(-0.01684281354 -0.01414657345 0)
(-0.01281129164 -0.01211858731 0)
(-0.00930117206 -0.009918188001 0)
(-0.006356765015 -0.007643521893 0)
(-0.003999614556 -0.00540917832 0)
(-0.002225779255 -0.003347039037 0)
(-0.001003578542 -0.001607108458 0)
(-0.0002841214878 -0.0003588558578 0)
(-2.17998902e-05 0.000196034938 0)
(-0.0001418182301 0.001119885103 0)
(-0.0009701589463 0.003853311656 0)
(-0.002754044402 0.006761847486 0)
(-0.005285100579 0.009632438977 0)
(-0.008450805445 0.01232539877 0)
(-0.01217244016 0.01474896905 0)
(-0.01636703836 0.01684897926 0)
(-0.02095173629 0.01859930096 0)
(-0.02584665821 0.01999289547 0)
(-0.03097479087 0.02103459337 0)
(-0.03626183483 0.02173558679 0)
(-0.0416360873 0.02210943031 0)
(-0.04702816453 0.02216937579 0)
(-0.0523706234 0.02192685042 0)
(-0.05759757681 0.02139087496 0)
(-0.06264438064 0.02056822069 0)
(-0.06744745751 0.01946411467 0)
(-0.0719443068 0.0180833184 0)
(-0.07607373151 0.01643142474 0)
(-0.07977629426 0.01451623932 0)
(-0.0829949981 0.01234913419 0)
(-0.08567617466 0.009946281754 0)
(-0.08777055138 0.007329694643 0)
(-0.0892344618 0.004528012612 0)
(-0.09003115715 0.001576989539 0)
(-0.09013217337 -0.001480356327 0)
(-0.08951870042 -0.00459395711 0)
(-0.08818290291 -0.007707291111 0)
(-0.08612913132 -0.01075837595 0)
(-0.08337495619 -0.01368115201 0)
(-0.07995195975 -0.01640724303 0)
(-0.07590621009 -0.0188680616 0)
(-0.07129834273 -0.0209972072 0)
(-0.06620317699 -0.02273308333 0)
(-0.06070880171 -0.0240216379 0)
(-0.05491507979 -0.02481911216 0)
(-0.04893154301 -0.02509466944 0)
(-0.04287467908 -0.02483277097 0)
(-0.03686464984 -0.0240351748 0)
(-0.03102152125 -0.02272245796 0)
(-0.02546112957 -0.02093500315 0)
(-0.02029074831 -0.01873344636 0)
(-0.0156047489 -0.0161986461 0)
(-0.01148048399 -0.01343129581 0)
(-0.007974728526 -0.01055136231 0)
(-0.005120899271 -0.00769761846 0)
(-0.002926034626 -0.00502745523 0)
(-0.001368230549 -0.002716372544 0)
(-0.0004126240186 -0.0009575898464 0)
(-4.062737957e-05 2.745379988e-05 0)
(-0.0001695028838 0.001660433366 0)
(-0.001141650195 0.00534424865 0)
(-0.003214334719 0.009087402266 0)
(-0.006128127816 0.01268646154 0)
(-0.00974130076 0.01600828394 0)
(-0.0139569125 0.01896627141 0)
(-0.01867720081 0.02151067309 0)
(-0.02380778265 0.02361938221 0)
(-0.02926012606 0.0252891325 0)
(-0.03495058413 0.02652827321 0)
(-0.04079957505 0.02735118181 0)
(-0.04673098135 0.0277741774 0)
(-0.05267152139 0.02781280282 0)
(-0.0585501291 0.02748030754 0)
(-0.06429741434 0.02678713561 0)
(-0.06984525849 0.02574121273 0)
(-0.07512658998 0.02434883012 0)
(-0.08007537278 0.02261593455 0)
(-0.08462682601 0.02054965281 0)
(-0.08871787836 0.01815990137 0)
(-0.09228784832 0.01546095571 0)
(-0.09527933151 0.01247287691 0)
(-0.09763926883 0.009222713581 0)
(-0.09932016395 0.00574541409 0)
(-0.1002814153 0.002084397962 0)
(-0.1004907246 -0.001708254721 0)
(-0.09992553441 -0.005572028474 0)
(-0.09857445418 -0.009438632242 0)
(-0.09643861718 -0.01323311935 0)
(-0.09353289859 -0.01687546421 0)
(-0.0898869292 -0.0202825908 0)
(-0.0855458194 -0.02337082576 0)
(-0.0805705037 -0.02605872598 0)
(-0.07503761338 -0.02827020405 0)
(-0.0690387884 -0.02993784609 0)
(-0.06267935181 -0.03100628877 0)
(-0.05607629355 -0.03143549904 0)
(-0.04935554453 -0.03120378722 0)
(-0.04264856733 -0.03031038522 0)
(-0.03608834242 -0.02877744195 0)
(-0.02980488688 -0.02665132836 0)
(-0.02392049644 -0.02400320444 0)
(-0.01854494093 -0.02092887334 0)
(-0.01377089122 -0.01754801966 0)
(-0.009669992872 -0.01400300209 0)
(-0.006289837208 -0.01045746592 0)
(-0.003650427121 -0.007094957624 0)
(-0.001741025338 -0.004116912945 0)
(-0.0005412356691 -0.001740404389 0)
(-5.848815609e-05 -0.0002064081007 0)
(-0.0001955136239 0.002287460068 0)
(-0.001304363292 0.007058958041 0)
(-0.003653243619 0.01174203408 0)
(-0.006934683744 0.01614771164 0)
(-0.01097902506 0.02015446341 0)
(-0.01567145714 0.02368556948 0)
(-0.02089948989 0.02669973299 0)
(-0.02655719824 0.0291821042 0)
(-0.03254741253 0.03113564792 0)
(-0.03878000361 0.03257400774 0)
(-0.04517043021 0.03351596297 0)
(-0.05163865445 0.03398138187 0)
(-0.0581081398 0.03398856621 0)
(-0.0645049541 0.0335528352 0)
(-0.07075703448 0.03268615758 0)
(-0.0767936494 0.03139762283 0)
(-0.08254508376 0.02969453942 0)
(-0.08794256446 0.02758395774 0)
(-0.09291843227 0.02507443282 0)
(-0.09740655561 0.0221778664 0)
(-0.1013429729 0.0189112934 0)
(-0.1046667445 0.01529850375 0)
(-0.107320992 0.01137141276 0)
(-0.1092540984 0.007171111984 0)
(-0.1104210449 0.002748546475 0)
(-0.110784855 -0.001835226506 0)
(-0.110318106 -0.006509234973 0)
(-0.1090044812 -0.01119327 0)
(-0.106840308 -0.01579908601 0)
(-0.1038360103 -0.02023212382 0)
(-0.1000174118 -0.02439376743 0)
(-0.0954267907 -0.02818411813 0)
(-0.09012358154 -0.03150524386 0)
(-0.08418460554 -0.03426482943 0)
(-0.07770371327 -0.03638011621 0)
(-0.07079072915 -0.03778198037 0)
(-0.06356961159 -0.03841896362 0)
(-0.05617578039 -0.0382610438 0)
(-0.04875261623 -0.03730292312 0)
(-0.04144720335 -0.03556662405 0)
(-0.03440545987 -0.03310322159 0)
(-0.02776687226 -0.02999360528 0)
(-0.02165910351 -0.0263482487 0)
(-0.0161928068 -0.02230605332 0)
(-0.0114571472 -0.01803242665 0)
(-0.007516316284 -0.01371687 0)
(-0.004405245189 -0.009570276926 0)
(-0.002125585815 -0.005821311251 0)
(-0.0006716321063 -0.002712259375 0)
(-7.581108622e-05 -0.0005053671022 0)
(-0.0002199313694 0.002996234943 0)
(-0.001457939031 0.008986341535 0)
(-0.004068765655 0.01471070628 0)
(-0.007700049691 0.01999886213 0)
(-0.01215583121 0.02474529526 0)
(-0.01730421552 0.02888740804 0)
(-0.0230184677 0.03239612667 0)
(-0.02918143188 0.03526700249 0)
(-0.03568754989 0.0375117206 0)
(-0.04244049439 0.0391510971 0)
(-0.04935113959 0.04020966328 0)
(-0.05633601477 0.04071175611 0)
(-0.06331592644 0.0406790211 0)
(-0.07021476654 0.04012918139 0)
(-0.07695855359 0.0390758822 0)
(-0.08347472668 0.03752939685 0)
(-0.08969170235 0.03549797424 0)
(-0.09553869769 0.03298961573 0)
(-0.1009458146 0.03001408763 0)
(-0.1058443732 0.0265850012 0)
(-0.1101674784 0.02272182026 0)
(-0.1138508015 0.01845168434 0)
(-0.1168335588 0.01381095943 0)
(-0.1190596702 0.008846447757 0)
(-0.1204790824 0.003616201491 0)
(-0.121049241 -0.001810108191 0)
(-0.1207366774 -0.007351310862 0)
(-0.1195187044 -0.01291536954 0)
(-0.1173851681 -0.01840060172 0)
(-0.1143401803 -0.02369748466 0)
(-0.1104037764 -0.02869108476 0)
(-0.1056133845 -0.03326411152 0)
(-0.10002498 -0.03730056915 0)
(-0.09371378561 -0.04068994106 0)
(-0.08677436148 -0.04333179495 0)
(-0.07931993696 -0.04514064333 0)
(-0.07148085388 -0.04605084218 0)
(-0.06340203234 -0.04602126646 0)
(-0.05523943125 -0.04503947498 0)
(-0.04715555574 -0.04312507718 0)
(-0.03931415676 -0.04033204819 0)
(-0.03187436184 -0.03674980745 0)
(-0.02498454832 -0.03250297562 0)
(-0.01877635333 -0.02774983747 0)
(-0.01335942246 -0.02267966197 0)
(-0.008817228783 -0.01750917966 0)
(-0.005201771105 -0.01247846424 0)
(-0.002528412077 -0.007845611277 0)
(-0.0008065458059 -0.003880688319 0)
(-9.316666783e-05 -0.0008705476805 0)
(-0.0002427645274 0.003781897668 0)
(-0.001601919685 0.01111433383 0)
(-0.004459011239 0.01797643074 0)
(-0.008420022096 0.0242198006 0)
(-0.01326453973 0.02975882626 0)
(-0.01884466497 0.03454885102 0)
(-0.02502020878 0.03857650151 0)
(-0.03166336317 0.04185071472 0)
(-0.03866063252 0.04439433407 0)
(-0.04590990687 0.0462372514 0)
(-0.05331791941 0.04741116992 0)
(-0.06079827248 0.04794590305 0)
(-0.0682696964 0.04786711088 0)
(-0.07565455803 0.04719532417 0)
(-0.0828776608 0.04594605944 0)
(-0.08986534443 0.04413080428 0)
(-0.0965448817 0.04175864491 0)
(-0.1028441634 0.03883831624 0)
(-0.1086916573 0.03538047491 0)
(-0.1140166234 0.03140002339 0)
(-0.1187495672 0.02691834457 0)
(-0.1228229152 0.02196533552 0)
(-0.1261719013 0.01658115517 0)
(-0.1287356554 0.01081761954 0)
(-0.130458492 0.004739190257 0)
(-0.1312913984 -0.001576494831 0)
(-0.1311936879 -0.008038602411 0)
(-0.1301348497 -0.01454361404 0)
(-0.1280965391 -0.02097649317 0)
(-0.1250746244 -0.02721249091 0)
(-0.1210812582 -0.03311967396 0)
(-0.1161468376 -0.03856219907 0)
(-0.1103217121 -0.04340433084 0)
(-0.1036774681 -0.04751515713 0)
(-0.09630759941 -0.05077389706 0)
(-0.08832736371 -0.05307562774 0)
(-0.07987264231 -0.0543371824 0)
(-0.07109765935 -0.05450290591 0)
(-0.06217148358 -0.05354990361 0)
(-0.0532733316 -0.05149240096 0)
(-0.04458680632 -0.04838485508 0)
(-0.03629332609 -0.04432353057 0)
(-0.0285650993 -0.03944636885 0)
(-0.0215581111 -0.03393112455 0)
(-0.01540584352 -0.02799190899 0)
(-0.01021412756 -0.02187448036 0)
(-0.006054537125 -0.01585060236 0)
(-0.002957804555 -0.01021091411 0)
(-0.0009493247292 -0.005256937401 0)
(-0.0001111918564 -0.001304758336 0)
(-0.0002639568767 0.004639347458 0)
(-0.001735686026 0.01342988873 0)
(-0.00482193993 0.02152042644 0)
(-0.009090390719 0.02878790671 0)
(-0.01429817976 0.03517008545 0)
(-0.0202826839 0.04064368626 0)
(-0.02689127025 0.04521421642 0)
(-0.03398625776 0.04890678509 0)
(-0.04144682366 0.05175772687 0)
(-0.04916560184 0.05380788155 0)
(-0.05704569228 0.05509756458 0)
(-0.06499830158 0.05566312274 0)
(-0.07294066072 0.05553496058 0)
(-0.08079423947 0.05473687358 0)
(-0.08848329744 0.05328648061 0)
(-0.09593377145 0.05119652476 0)
(-0.1030724865 0.0484768062 0)
(-0.1098266724 0.04513652111 0)
(-0.1161237633 0.04118680414 0)
(-0.1218914601 0.03664330254 0)
(-0.1270580339 0.03152864412 0)
(-0.1315528618 0.02587469311 0)
(-0.1353071863 0.0197245144 0)
(-0.138255104 0.0131339849 0)
(-0.1403347928 0.006173000646 0)
(-0.1414899964 -0.001073770538 0)
(-0.1416717237 -0.008506649941 0)
(-0.140840251 -0.01601127811 0)
(-0.1389673627 -0.02345960569 0)
(-0.1360387288 -0.03071161052 0)
(-0.132056437 -0.03761783096 0)
(-0.1270415116 -0.04402277775 0)
(-0.1210362675 -0.04976925901 0)
(-0.1141063017 -0.05470360264 0)
(-0.1063418873 -0.05868169003 0)
(-0.09785851738 -0.06157562763 0)
(-0.08879634766 -0.06328078507 0)
(-0.07931832386 -0.06372283071 0)
(-0.0696068476 -0.06286431499 0)
(-0.05985894501 -0.06071030425 0)
(-0.0502800422 -0.05731257326 0)
(-0.04107660769 -0.05277193345 0)
(-0.03244805847 -0.04723840825 0)
(-0.0245784804 -0.04090915027 0)
(-0.01762902859 -0.03402421894 0)
(-0.01173150364 -0.02686060853 0)
(-0.006980112503 -0.01972495234 0)
(-0.003423162417 -0.01294442154 0)
(-0.001103668919 -0.00685667096 0)
(-0.0001305520247 -0.001812701013 0)
(-0.0002833998203 0.005563134704 0)
(-0.001858454482 0.01591888096 0)
(-0.005155271079 0.02532211964 0)
(-0.009706717988 0.03367814267 0)
(-0.01524962947 0.04095120666 0)
(-0.02160807673 0.04714250424 0)
(-0.02861814399 0.05227930552 0)
(-0.03613319576 0.05640545754 0)
(-0.04402580563 0.05957297847 0)
(-0.05218395836 0.06183545841 0)
(-0.06050767666 0.06324324939 0)
(-0.06890632226 0.06384030835 0)
(-0.07729620175 0.06366255216 0)
(-0.08559850032 0.06273753927 0)
(-0.09373758378 0.06108525422 0)
(-0.101639663 0.05871975091 0)
(-0.1092318002 0.05565140914 0)
(-0.1164412326 0.05188957364 0)
(-0.1231949841 0.04744537187 0)
(-0.129419743 0.0423345424 0)
(-0.1350419836 0.0365801424 0)
(-0.1399883275 0.03021503725 0)
(-0.1441861433 0.02328410211 0)
(-0.1475644011 0.01584608209 0)
(-0.1500548043 0.007975064005 0)
(-0.1515932313 -0.0002384836599 0)
(-0.1521214775 -0.008687152002 0)
(-0.1515893725 -0.01724670643 0)
(-0.1499572431 -0.02577673168 0)
(-0.1471986493 -0.0341221672 0)
(-0.1433033932 -0.04211572882 0)
(-0.1382806452 -0.04958134716 0)
(-0.1321620284 -0.05633871024 0)
(-0.1250044351 -0.06220893853 0)
(-0.1168923003 -0.06702134081 0)
(-0.1079390179 -0.07062109257 0)
(-0.09828717186 -0.07287755232 0)
(-0.08810727585 -0.07369279624 0)
(-0.07759478363 -0.07300982837 0)
(-0.06696524969 -0.07081983543 0)
(-0.0564476882 -0.06716782901 0)
(-0.04627637454 -0.06215607478 0)
(-0.03668152084 -0.055944857 0)
(-0.02787946927 -0.04875035507 0)
(-0.02006344471 -0.04083970635 0)
(-0.01339549858 -0.03252369821 0)
(-0.007996251693 -0.02414764602 0)
(-0.003934524664 -0.01608007925 0)
(-0.001273475307 -0.008700395135 0)
(-0.0001519242064 -0.002401087438 0)
(-0.00030094577 0.006547368564 0)
(-0.001969306197 0.01856599049 0)
(-0.005456499222 0.02935908257 0)
(-0.01026430971 0.03886305575 0)
(-0.01611152672 0.04707146113 0)
(-0.02281042876 0.05401270606 0)
(-0.03018707473 0.0597384033 0)
(-0.03808688059 0.0643134666 0)
(-0.04637660841 0.06780762631 0)
(-0.05494024809 0.07028892909 0)
(-0.06367532635 0.07181914722 0)
(-0.07248991747 0.07245092389 0)
(-0.08129997098 0.07222647983 0)
(-0.09002698433 0.07117766876 0)
(-0.09859606267 0.06932713647 0)
(-0.1069343564 0.06669032394 0)
(-0.1149698509 0.06327805887 0)
(-0.1226304786 0.05909950048 0)
(-0.1298435204 0.05416523509 0)
(-0.1365352717 0.04849036033 0)
(-0.1426309539 0.04209743635 0)
(-0.1480548693 0.03501921944 0)
(-0.1527308079 0.02730112043 0)
(-0.1565827321 0.01900334612 0)
(-0.1595357707 0.01020268476 0)
(-0.1615175577 0.0009938923877 0)
(-0.16246003 -0.008509380411 0)
(-0.1623015813 -0.01817428132 0)
(-0.1609896775 -0.02784904433 0)
(-0.1584839873 -0.03736417171 0)
(-0.1547598397 -0.04653459881 0)
(-0.1498119837 -0.05516301966 0)
(-0.1436584665 -0.06304452029 0)
(-0.1363443842 -0.06997261046 0)
(-0.1279451933 -0.07574665737 0)
(-0.1185692061 -0.08018059984 0)
(-0.1083588543 -0.08311266385 0)
(-0.09749030504 -0.08441562105 0)
(-0.0861710667 -0.08400695435 0)
(-0.07463534654 -0.08185814866 0)
(-0.06313711143 -0.0780022484 0)
(-0.05194104925 -0.07253885151 0)
(-0.04131187776 -0.06563586336 0)
(-0.0315027434 -0.05752760975 0)
(-0.02274396007 -0.04850929668 0)
(-0.01523290469 -0.0389283016 0)
(-0.00912127933 -0.02917300552 0)
(-0.004502265215 -0.01965892364 0)
(-0.001462746624 -0.01081369394 0)
(-0.0001759911817 -0.003078700197 0)
(-0.0003164217797 0.00758564959 0)
(-0.002067234588 0.02135461063 0)
(-0.005722974904 0.0336069745 0)
(-0.01075831243 0.04431276333 0)
(-0.01687636853 0.05349726393 0)
(-0.02387920327 0.06121848992 0)
(-0.03158416094 0.06755466299 0)
(-0.03982975702 0.07259384216 0)
(-0.04847776253 0.07642531858 0)
(-0.05740884068 0.07913318857 0)
(-0.06651860421 0.08079197178 0)
(-0.0757143867 0.08146406038 0)
(-0.08491232973 0.08119878638 0)
(-0.09403481885 0.08003286289 0)
(-0.1030083136 0.07799192902 0)
(-0.1117615605 0.07509292091 0)
(-0.120224161 0.07134700231 0)
(-0.1283254598 0.06676281537 0)
(-0.13599372 0.06134985219 0)
(-0.1431555571 0.05512179286 0)
(-0.1497356165 0.04809970155 0)
(-0.1556564939 0.04031501077 0)
(-0.1608389161 0.03181225227 0)
(-0.1652022162 0.02265150737 0)
(-0.1686651488 0.01291054956 0)
(-0.1711471028 0.002686634354 0)
(-0.1725698112 -0.007902140606 0)
(-0.172859537 -0.01871595501 0)
(-0.1719498325 -0.0295931224 0)
(-0.1697849212 -0.04035075214 0)
(-0.1663236013 -0.05078648989 0)
(-0.1615436316 -0.06068155522 0)
(-0.1554464336 -0.06980529305 0)
(-0.1480618642 -0.0779214124 0)
(-0.1394527159 -0.08479599629 0)
(-0.1297185112 -0.09020722734 0)
(-0.1189980803 -0.09395658428 0)
(-0.1074703784 -0.09588103571 0)
(-0.09535302483 -0.095865512 0)
(-0.08289816109 -0.093854712 0)
(-0.07038543234 -0.08986314881 0)
(-0.05811219364 -0.08398231158 0)
(-0.04638136945 -0.07638396045 0)
(-0.03548779947 -0.06731888979 0)
(-0.02570456304 -0.05711099037 0)
(-0.01727033897 -0.04614710373 0)
(-0.01037362167 -0.03486354182 0)
(-0.005136882711 -0.02372920047 0)
(-0.001675538389 -0.01322733789 0)
(-0.0002034414001 -0.003856423649 0)
(-0.0003296434477 0.008671033469 0)
(-0.002151205221 0.0242668069 0)
(-0.00595202981 0.03803952981 0)
(-0.01118389952 0.04999497316 0)
(-0.01753674798 0.06019220626 0)
(-0.02480402255 0.06872086076 0)
(-0.03279567932 0.07568770316 0)
(-0.04134438463 0.08120575299 0)
(-0.05030773119 0.08538551944 0)
(-0.0595637073 0.08832861802 0)
(-0.06900657008 0.09012357741 0)
(-0.07854343039 0.09084358187 0)
(-0.08809113987 0.09054589546 0)
(-0.09757351848 0.0892726889 0)
(-0.106918972 0.08705297106 0)
(-0.1160584887 0.0839053273 0)
(-0.1249239863 0.07984118617 0)
(-0.1334469716 0.07486837127 0)
(-0.1415574799 0.06899474228 0)
(-0.1491832639 0.06223178113 0)
(-0.1562492189 0.05459802943 0)
(-0.1626770466 0.04612232498 0)
(-0.1683851797 0.03684681417 0)
(-0.1732890098 0.02682973046 0)
(-0.1773014761 0.01614792546 0)
(-0.1803340893 0.004899116812 0)
(-0.1822984853 -0.006796216108 0)
(-0.1831085595 -0.01879337202 0)
(-0.1826832771 -0.03092263208 0)
(-0.1809502235 -0.04298927889 0)
(-0.1778498726 -0.05477472707 0)
(-0.1733405465 -0.06603905959 0)
(-0.1674039332 -0.07652527353 0)
(-0.1600509303 -0.08596551098 0)
(-0.1513274634 -0.09408946851 0)
(-0.1413197977 -0.1006350323 0)
(-0.1301587388 -0.1053609703 0)
(-0.1180220381 -0.1080612302 0)
(-0.1051342964 -0.1085800679 0)
(-0.09176374657 -0.1068269031 0)
(-0.07821550677 -0.1027895377 0)
(-0.06482123938 -0.09654425127 0)
(-0.05192556693 -0.08826138095 0)
(-0.03987014371 -0.07820533606 0)
(-0.02897714049 -0.06672861112 0)
(-0.01953350104 -0.05426023141 0)
(-0.01177141769 -0.04128965894 0)
(-0.005848844337 -0.02834629572 0)
(-0.001915927873 -0.01597730123 0)
(-0.0002349722268 -0.004747259041 0)
(-0.0003404292862 0.009796030374 0)
(-0.002220225031 0.0272833456 0)
(-0.006141134378 0.04262862494 0)
(-0.01153652317 0.05587507922 0)
(-0.01808569562 0.06711715644 0)
(-0.02557509281 0.07647770392 0)
(-0.03380858984 0.0840936181 0)
(-0.04261402416 0.09010441893 0)
(-0.05184558373 0.09464329182 0)
(-0.06137919047 0.09783071203 0)
(-0.07110825902 0.09977041004 0)
(-0.08094014992 0.1005473845 0)
(-0.09079289896 0.1002276672 0)
(-0.1005922677 0.0988595247 0)
(-0.1102691695 0.09647576681 0)
(-0.1197574637 0.0930968445 0)
(-0.128992087 0.08873444348 0)
(-0.1379074884 0.08339532721 0)
(-0.1464363288 0.07708523698 0)
(-0.1545084204 0.06981271601 0)
(-0.1620498882 0.06159277977 0)
(-0.1689825617 0.05245039968 0)
(-0.1752236183 0.04242379748 0)
(-0.1806855292 0.03156756033 0)
(-0.1852763719 0.01995558061 0)
(-0.1889005964 0.007683799083 0)
(-0.1914603502 -0.005127307986 0)
(-0.1928574518 -0.01833060186 0)
(-0.1929961327 -0.031750716 0)
(-0.1917866394 -0.04518327056 0)
(-0.1891497421 -0.05839519158 0)
(-0.1850221635 -0.07112650227 0)
(-0.1793628454 -0.0830939873 0)
(-0.1721598629 -0.09399712748 0)
(-0.1634376455 -0.1035266396 0)
(-0.1532640016 -0.1113758158 0)
(-0.141756262 -0.1172546245 0)
(-0.1290857102 -0.1209062015 0)
(-0.1154793781 -0.1221249473 0)
(-0.1012183153 -0.1207749921 0)
(-0.0866316311 -0.1168073764 0)
(-0.07208598108 -0.1102740284 0)
(-0.05797068395 -0.1013366097 0)
(-0.04467937513 -0.09026863397 0)
(-0.03259022504 -0.07744999189 0)
(-0.02204644219 -0.06335413621 0)
(-0.01333215814 -0.04852906752 0)
(-0.006648454038 -0.0335724965 0)
(-0.002187994178 -0.01910470659 0)
(-0.0002712950403 -0.005766331571 0)
(-0.0003486156865 0.0109526437 0)
(-0.002273419145 0.03038380647 0)
(-0.006288080676 0.04734444887 0)
(-0.01181221749 0.06191636487 0)
(-0.01851710307 0.07423046489 0)
(-0.02618374423 0.08444395822 0)
(-0.03461118857 0.0927250856 0)
(-0.04362340213 0.09924112243 0)
(-0.05307187556 0.1041491857 0)
(-0.06283100745 0.1075898215 0)
(-0.07279382035 0.1096830869 0)
(-0.08286833764 0.1105267991 0)
(-0.092974199 0.1101966132 0)
(-0.103039567 0.1087475769 0)
(-0.1129983864 0.1062167995 0)
(-0.1227879921 0.1026268932 0)
(-0.1323470393 0.09798988029 0)
(-0.1416137194 0.09231131286 0)
(-0.150524228 0.08559441814 0)
(-0.1590114544 0.07784414622 0)
(-0.1670038796 0.06907105948 0)
(-0.1744246855 0.05929505091 0)
(-0.181191102 0.04854891063 0)
(-0.1872140399 0.03688177276 0)
(-0.1923980818 0.02436246731 0)
(-0.1966419233 0.01108277504 0)
(-0.1998393823 -0.002839460175 0)
(-0.2018810969 -0.01725746315 0)
(-0.202657056 -0.0319931013 0)
(-0.2020600992 -0.04683513693 0)
(-0.1999904961 -0.06153852877 0)
(-0.1963616818 -0.07582521037 0)
(-0.1911071409 -0.08938684816 0)
(-0.1841883156 -0.101890114 0)
(-0.1756032499 -0.1129849801 0)
(-0.165395472 -0.1223164274 0)
(-0.1536623808 -0.1295397283 0)
(-0.1405621668 -0.1343390905 0)
(-0.1263181138 -0.136448948 0)
(-0.1112190653 -0.135676578 0)
(-0.09561496828 -0.131924116 0)
(-0.07990678221 -0.1252075527 0)
(-0.0645306425 -0.1156701088 0)
(-0.04993708971 -0.1035876401 0)
(-0.03656763442 -0.08936453888 0)
(-0.02483078429 -0.07352001302 0)
(-0.01507231067 -0.05666589108 0)
(-0.00754572201 -0.03947658142 0)
(-0.002495801335 -0.02265570281 0)
(-0.0003131411748 -0.006930892659 0)
(-0.0003540724879 0.01213245141 0)
(-0.002310114002 0.03354679057 0)
(-0.006391185514 0.05215579607 0)
(-0.01200794235 0.06808033851 0)
(-0.0188262123 0.08148830186 0)
(-0.02662306385 0.09257191859 0)
(-0.03519388077 0.1015316016 0)
(-0.0443596226 0.1085633477 0)
(-0.05396970098 0.1138492596 0)
(-0.06389745186 0.1175510397 0)
(-0.07403588109 0.1198061342 0)
(-0.08429402042 0.12072617 0)
(-0.0945934725 0.1203973079 0)
(-0.1048652074 0.1188821187 0)
(-0.1150466811 0.1162225877 0)
(-0.1250792785 0.1124438801 0)
(-0.1349060577 0.1075585427 0)
(-0.1444697634 0.1015708845 0)
(-0.1537110731 0.09448134961 0)
(-0.1625670497 0.08629077165 0)
(-0.1709697802 0.07700446319 0)
(-0.1788452059 0.06663614872 0)
(-0.1861121638 0.05521178233 0)
(-0.192681687 0.04277330614 0)
(-0.1984566348 0.02938239832 0)
(-0.2033317475 0.0151242321 0)
(-0.2071942504 0.0001112216903 0)
(-0.2099251574 -0.01551333185 0)
(-0.2114014336 -0.03157187354 0)
(-0.2114992043 -0.04784976145 0)
(-0.2100981973 -0.06409334864 0)
(-0.2070875619 -0.08000947024 0)
(-0.2023731604 -0.09526693203 0)
(-0.1958863081 -0.1095006813 0)
(-0.1875937641 -0.1223193675 0)
(-0.1775085334 -0.1333169331 0)
(-0.1657007395 -0.1420886704 0)
(-0.1523074928 -0.148251792 0)
(-0.1375403745 -0.1514699832 0)
(-0.1216889516 -0.1514806314 0)
(-0.105118757 -0.1481225796 0)
(-0.08826248949 -0.141361458 0)
(-0.07160384623 -0.1313091719 0)
(-0.05565454201 -0.1182341884 0)
(-0.04092693959 -0.1025601046 0)
(-0.02790483689 -0.08485169928 0)
(-0.01700689554 -0.06578943067 0)
(-0.008550216341 -0.04613322448 0)
(-0.002843377727 -0.02668127134 0)
(-0.0003612678066 -0.008260317121 0)
(-0.0003567190531 0.01332673279 0)
(-0.002329925595 0.03675023265 0)
(-0.006449509934 0.05703049722 0)
(-0.01212196005 0.07432722195 0)
(-0.01901015771 0.08884515136 0)
(-0.02688860317 0.1008116929 0)
(-0.03555005064 0.1104598667 0)
(-0.04481319688 0.1180150716 0)
(-0.05452588458 0.1236852582 0)
(-0.0645607541 0.1276542555 0)
(-0.0748110897 0.1300779079 0)
(-0.08518720755 0.1310826398 0)
(-0.09561297172 0.1307660341 0)
(-0.1060225132 0.129198991 0)
(-0.1163572341 0.1264290379 0)
(-0.1265631078 0.1224843936 0)
(-0.1365882579 0.1173784447 0)
(-0.1463807873 0.1111143687 0)
(-0.1558868234 0.1036897164 0)
(-0.1650487492 0.09510085304 0)
(-0.1738036011 0.08534722493 0)
(-0.1820816294 0.07443548014 0)
(-0.1898050395 0.06238350552 0)
(-0.1968869496 0.04922446102 0)
(-0.2032306338 0.03501088648 0)
(-0.2087291403 0.01981893075 0)
(-0.2132654118 0.003752707552 0)
(-0.2167130692 -0.01305128102 0)
(-0.2189380508 -0.03041979604 0)
(-0.2198013296 -0.04813885514 0)
(-0.219162965 -0.06595041858 0)
(-0.2168877307 -0.08355031578 0)
(-0.2128525239 -0.1005880818 0)
(-0.2069556721 -0.1166695264 0)
(-0.1991280762 -0.1313629617 0)
(-0.1893458707 -0.1442100216 0)
(-0.1776439184 -0.1547418689 0)
(-0.1641290243 -0.1625012202 0)
(-0.1489912907 -0.1670699858 0)
(-0.1325116507 -0.1681013968 0)
(-0.115063447 -0.1653543504 0)
(-0.09710611195 -0.1587265253 0)
(-0.07916965742 -0.1482819006 0)
(-0.06183002657 -0.1342680225 0)
(-0.04567771428 -0.117119098 0)
(-0.03128257027 -0.09744298826 0)
(-0.01914898238 -0.07599253892 0)
(-0.00967088055 -0.05362218331 0)
(-0.003234686089 -0.03123694794 0)
(-0.0004164629637 -0.009776091949 0)
(-0.0003565406943 0.01452664268 0)
(-0.002332851837 0.03997182524 0)
(-0.006463092068 0.06193600026 0)
(-0.01215423877 0.08061660773 0)
(-0.01906855071 0.09625447972 0)
(-0.02697914461 0.1091118321 0)
(-0.03567700599 0.1194543425 0)
(-0.04497916256 0.127537224 0)
(-0.05473227499 0.1335949641 0)
(-0.06480855673 0.1378343913 0)
(-0.07510178758 0.1404307187 0)
(-0.08552378146 0.1415261631 0)
(-0.09600090984 0.141230689 0)
(-0.1064707726 0.1396244044 0)
(-0.1168791125 0.1367611406 0)
(-0.1271769942 0.1326727886 0)
(-0.1373182406 0.1273740302 0)
(-0.1472571002 0.1208671839 0)
(-0.1569461144 0.11314698 0)
(-0.166334153 0.1042051671 0)
(-0.1753645948 0.0940349315 0)
(-0.1839736414 0.0826351723 0)
(-0.1920887722 0.07001471725 0)
(-0.1996273674 0.0561965825 0)
(-0.206495552 0.04122238024 0)
(-0.212587345 0.02515695564 0)
(-0.2177842309 0.008093294625 0)
(-0.2219553195 -0.009842315109 0)
(-0.2249583112 -0.02848496903 0)
(-0.226641513 -0.04762592376 0)
(-0.2268472282 -0.06700775626 0)
(-0.2254168742 -0.08632049641 0)
(-0.2221981451 -0.105199436 0)
(-0.2170545102 -0.1232255626 0)
(-0.2098771764 -0.1399297607 0)
(-0.2005993828 -0.1548020428 0)
(-0.1892124944 -0.1673070401 0)
(-0.1757828281 -0.1769067018 0)
(-0.1604675149 -0.183090517 0)
(-0.1435270825 -0.1854125245 0)
(-0.125332003 -0.183532933 0)
(-0.106360398 -0.1772605082 0)
(-0.08718462754 -0.1665903528 0)
(-0.06844597718 -0.1517308284 0)
(-0.05081953981 -0.1331137672 0)
(-0.03497241482 -0.1113842837 0)
(-0.02150908498 -0.08736954338 0)
(-0.01091580395 -0.06202723205 0)
(-0.003673579203 -0.03638243881 0)
(-0.0004795488778 -0.0115017906 0)
(-0.0003536053052 0.01572343486 0)
(-0.002319368364 0.04318956074 0)
(-0.006433191555 0.06684011172 0)
(-0.01210687867 0.08690829834 0)
(-0.01900409925 0.1036695925 0)
(-0.02689751427 0.117420147 0)
(-0.03557697814 0.1284579902 0)
(-0.04485826423 0.1370683275 0)
(-0.05458710389 0.1435127315 0)
(-0.06463545652 0.1480218331 0)
(-0.07489774826 0.1507911675 0)
(-0.08528745787 0.1519797601 0)
(-0.09573367614 0.1517109684 0)
(-0.1061777512 0.1500750629 0)
(-0.1165701329 0.1471330393 0)
(-0.1268674524 0.1429212013 0)
(-0.1370298359 0.1374561248 0)
(-0.1470184354 0.1307397116 0)
(-0.156793146 0.1227641403 0)
(-0.1663104761 0.1135166197 0)
(-0.1755215423 0.1029839344 0)
(-0.1843701683 0.09115683937 0)
(-0.1927910829 0.07803440646 0)
(-0.2007082288 0.06362844741 0)
(-0.2080332181 0.04796814608 0)
(-0.2146640002 0.03110501545 0)
(-0.2204838458 0.01311826346 0)
(-0.2253608006 -0.005879398291 0)
(-0.2291478566 -0.02573553966 0)
(-0.2316840655 -0.04625158959 0)
(-0.2327969928 -0.06717641858 0)
(-0.2323069835 -0.08820050088 0)
(-0.230033653 -0.1089513636 0)
(-0.2258050989 -0.1289913564 0)
(-0.2194701991 -0.1478190767 0)
(-0.2109141257 -0.1648760491 0)
(-0.2000767955 -0.1795603869 0)
(-0.1869733664 -0.1912490314 0)
(-0.1717150931 -0.1993296197 0)
(-0.1545279613 -0.2032419222 0)
(-0.1357657247 -0.2025270766 0)
(-0.1159135339 -0.1968806201 0)
(-0.0955785996 -0.1862029908 0)
(-0.07546582779 -0.1706393892 0)
(-0.05633976774 -0.1506006095 0)
(-0.03897587334 -0.1267585257 0)
(-0.02409444025 -0.1000136536 0)
(-0.01229193598 -0.07143479194 0)
(-0.004163737742 -0.0421811051 0)
(-0.0005513830074 -0.01346302447 0)
(-0.0003480801692 0.01690873614 0)
(-0.002290527913 0.0463823972 0)
(-0.006362545703 0.07171190772 0)
(-0.01198455993 0.09316333771 0)
(-0.01882325852 0.1110446899 0)
(-0.02665143207 0.1256847186 0)
(-0.03525816087 0.137413195 0)
(-0.04445816958 0.1465453164 0)
(-0.05409637218 0.1533701986 0)
(-0.06404456188 0.1581430485 0)
(-0.07419791767 0.1610806875 0)
(-0.08447173231 0.1623600058 0)
(-0.09479802344 0.1621188255 0)
(-0.1051221659 0.1604586124 0)
(-0.1153996793 0.1574484842 0)
(-0.1255932225 0.153130013 0)
(-0.1356698058 0.147522407 0)
(-0.1455982088 0.1406277598 0)
(-0.1553465767 0.1324361642 0)
(-0.1648801596 0.1229305964 0)
(-0.1741591591 0.1120915645 0)
(-0.1831366528 0.09990158646 0)
(-0.1917565761 0.08634961569 0)
(-0.1999517539 0.07143555798 0)
(-0.2076419971 0.05517503788 0)
(-0.2147323064 0.03760456622 0)
(-0.2211112616 0.01878723936 0)
(-0.2266497259 -0.001180941625 0)
(-0.2312001291 -0.02216410788 0)
(-0.234596522 -0.04397891408 0)
(-0.2366558496 -0.0663866615 0)
(-0.2371810141 -0.08908537332 0)
(-0.2359662355 -0.1117026365 0)
(-0.2328054185 -0.1337902355 0)
(-0.2275041566 -0.1548220489 0)
(-0.2198958388 -0.1741971184 0)
(-0.209861948 -0.1912501409 0)
(-0.1973559931 -0.205271741 0)
(-0.1824295796 -0.2155405311 0)
(-0.165257943 -0.2213679273 0)
(-0.1461610355 -0.2221547769 0)
(-0.1256152838 -0.2174560664 0)
(-0.1042508778 -0.2070466579 0)
(-0.08283073465 -0.1909779519 0)
(-0.06221107894 -0.1696139012 0)
(-0.04328595492 -0.1436363315 0)
(-0.02690816959 -0.1140137873 0)
(-0.01380474165 -0.08193220987 0)
(-0.004708588699 -0.04869928672 0)
(-0.000632856319 -0.0156873618 0)
(-0.0003402491823 0.01807487278 0)
(-0.002248064788 0.04953105414 0)
(-0.006255640782 0.07652282383 0)
(-0.0117950167 0.09934524432 0)
(-0.01853691494 0.1183361257 0)
(-0.02625439616 0.1338551033 0)
(-0.03473577671 0.1462628704 0)
(-0.04379469798 0.155904523 0)
(-0.05327522653 0.1630971619 0)
(-0.06304901266 0.1681213697 0)
(-0.07301208467 0.1712162684 0)
(-0.08308172194 0.1725777299 0)
(-0.0931931151 0.1723591813 0)
(-0.1032959835 0.1706743937 0)
(-0.1133513085 0.16760165 0)
(-0.1233282509 0.1631887489 0)
(-0.1332012765 0.1574583925 0)
(-0.1429474839 0.1504136236 0)
(-0.1525441089 0.1420430973 0)
(-0.1619661682 0.1323260849 0)
(-0.1711841999 0.1212372046 0)
(-0.18016206 0.1087509516 0)
(-0.188854738 0.09484615134 0)
(-0.1972061645 0.0795104976 0)
(-0.2051469994 0.06274535558 0)
(-0.2125924135 0.04457101394 0)
(-0.2194399163 0.02503256441 0)
(-0.2255673382 0.004206560318 0)
(-0.2308311078 -0.01779143386 0)
(-0.2350651998 -0.0407982852 0)
(-0.2380810709 -0.06459402897 0)
(-0.2396691272 -0.08889190916 0)
(-0.2396025355 -0.1133284992 0)
(-0.2376441349 -0.1374548403 0)
(-0.2335573981 -0.1607301265 0)
(-0.227122297 -0.182520082 0)
(-0.2181566406 -0.20210278 0)
(-0.2065428374 -0.2186850837 0)
(-0.192259013 -0.2314328796 0)
(-0.1754119712 -0.2395174747 0)
(-0.1562677656 -0.2421785935 0)
(-0.1352739757 -0.2388011357 0)
(-0.1130667394 -0.2289984295 0)
(-0.09045632057 -0.2126899821 0)
(-0.06838891991 -0.1901583916 0)
(-0.04788546562 -0.1620703199 0)
(-0.02994833704 -0.1294507615 0)
(-0.01545780361 -0.09360563783 0)
(-0.005311205841 -0.05600543699 0)
(-0.0007248888616 -0.018204204 0)
(-0.0003305311478 0.01921525211 0)
(-0.002194508102 0.05261894789 0)
(-0.006119006729 0.08124793552 0)
(-0.01154954817 0.1054214549 0)
(-0.01816111375 0.1255038735 0)
(-0.02572660664 0.1418837258 0)
(-0.03403316601 0.1549517258 0)
(-0.04289304334 0.1650828064 0)
(-0.05214929156 0.1726225794 0)
(-0.06167340888 0.1778779051 0)
(-0.07136240799 0.1811113194 0)
(-0.08113580713 0.1825388812 0)
(-0.09093231187 0.1823308398 0)
(-0.1007063966 0.1806144493 0)
(-0.110424971 0.1774782713 0)
(-0.1200642198 0.1729773666 0)
(-0.1296066504 0.1671388864 0)
(-0.1390383489 0.1599676999 0)
(-0.1483464205 0.1514518238 0)
(-0.1575165729 0.1415675423 0)
(-0.1665307942 0.1302842086 0)
(-0.1753650724 0.117568798 0)
(-0.1839871024 0.1033903444 0)
(-0.1923539345 0.08772443046 0)
(-0.2004095234 0.07055792766 0)
(-0.208082161 0.05189420172 0)
(-0.2152818067 0.03175900309 0)
(-0.2218973756 0.01020726524 0)
(-0.2277940937 -0.01266897274 0)
(-0.2328112742 -0.03673137679 0)
(-0.2367607482 -0.06178483955 0)
(-0.2394265538 -0.08756568386 0)
(-0.2405667773 -0.1137291149 0)
(-0.2399183999 -0.1398366815 0)
(-0.2372063958 -0.1653452219 0)
(-0.2321583487 -0.1895995521 0)
(-0.22452572 -0.2118320452 0)
(-0.2141124099 -0.2311730945 0)
(-0.2008102441 -0.246676933 0)
(-0.184639386 -0.2573669557 0)
(-0.1657894764 -0.2623029997 0)
(-0.1446547979 -0.260669487 0)
(-0.1218546287 -0.2518778148 0)
(-0.09822966014 -0.235669591 0)
(-0.07480894087 -0.2122012769 0)
(-0.05274522136 -0.1820886291 0)
(-0.03320693738 -0.1463928127 0)
(-0.01725238684 -0.1065374768 0)
(-0.00597419771 -0.06416904526 0)
(-0.0008284233598 -0.02104461115 0)
(-0.0003195004815 0.02032480505 0)
(-0.002133310798 0.05563328102 0)
(-0.005961550639 0.08586744624 0)
(-0.01126358787 0.1113649902 0)
(-0.01771785203 0.1325131994 0)
(-0.02509594445 0.1497274455 0)
(-0.03318290271 0.1634276705 0)
(-0.04178897897 0.1740187818 0)
(-0.05075592572 0.1818756499 0)
(-0.05995509509 0.1873325163 0)
(-0.06928472344 0.1906766055 0)
(-0.07866697287 0.1921454875 0)
(-0.08804457407 0.1919275313 0)
(-0.09737732546 0.1901647083 0)
(-0.1066386636 0.1869570134 0)
(-0.1158124113 0.1823678463 0)
(-0.1248897489 0.176429815 0)
(-0.1338664131 0.1691505655 0)
(-0.1427400971 0.1605183799 0)
(-0.1515080093 0.1505074176 0)
(-0.1601645313 0.1390825826 0)
(-0.1686989126 0.1262040822 0)
(-0.1770929325 0.1118318096 0)
(-0.1853184607 0.0959297241 0)
(-0.1933348529 0.07847043843 0)
(-0.2010861282 0.05944024918 0)
(-0.2084979036 0.03884486936 0)
(-0.2154740895 0.01671614614 0)
(-0.2218934046 -0.006879941763 0)
(-0.227606044 -0.03183373411 0)
(-0.2324305723 -0.05798051639 0)
(-0.2361516924 -0.0850872806 0)
(-0.2385198213 -0.1128377165 0)
(-0.2392533262 -0.1408160501 0)
(-0.2380449383 -0.1684909742 0)
(-0.2345739989 -0.1952018575 0)
(-0.228526286 -0.2201506055 0)
(-0.219622903 -0.2424038538 0)
(-0.2076588468 -0.2609112997 0)
(-0.1925502028 -0.2745463899 0)
(-0.1743863106 -0.2821745055 0)
(-0.1534798665 -0.2827503564 0)
(-0.1304044085 -0.2754398986 0)
(-0.1060067677 -0.259753026 0)
(-0.08138459815 -0.2356636516 0)
(-0.05782227693 -0.2036876863 0)
(-0.03666886795 -0.1648904417 0)
(-0.01918699453 -0.1208033657 0)
(-0.006699593962 -0.07325933591 0)
(-0.0009444185363 -0.0242410724 0)
(-0.0003079126827 0.02140049962 0)
(-0.002069006157 0.05856631067 0)
(-0.005794954384 0.09036840921 0)
(-0.01095736641 0.1171563582 0)
(-0.01723597339 0.1393365382 0)
(-0.02439903444 0.1573492728 0)
(-0.03222795086 0.1716433068 0)
(-0.04053003748 0.1826540883 0)
(-0.04914537032 0.1907868952 0)
(-0.05794524447 0.19640478 0)
(-0.06682955043 0.1998211677 0)
(-0.07572374424 0.2012966142 0)
(-0.08457534858 0.2010389884 0)
(-0.0933502924 0.1992062447 0)
(-0.1020293345 0.1959109688 0)
(-0.110604694 0.1912259673 0)
(-0.1190769383 0.1851903088 0)
(-0.1274521339 0.1778153803 0)
(-0.13573923 0.169090675 0)
(-0.1439476239 0.1589891706 0)
(-0.1520848419 0.1474722663 0)
(-0.1601542621 0.13449434 0)
(-0.1681527937 0.1200070509 0)
(-0.1760684286 0.1039635631 0)
(-0.1838775751 0.08632290241 0)
(-0.191542092 0.06705469804 0)
(-0.1990059541 0.04614459648 0)
(-0.206191507 0.02360068102 0)
(-0.2129953103 -0.0005387443776 0)
(-0.2192837542 -0.02619562928 0)
(-0.2248885686 -0.0532402434 0)
(-0.2296027089 -0.08147706061 0)
(-0.2331774225 -0.1106276965 0)
(-0.2353214995 -0.1403114586 0)
(-0.2357042687 -0.1700243176 0)
(-0.2339643357 -0.1991181926 0)
(-0.2297264159 -0.2267838817 0)
(-0.2226286762 -0.2520427564 0)
(-0.2123624507 -0.2737542195 0)
(-0.1987246874 -0.2906473581 0)
(-0.18168068 -0.3013852214 0)
(-0.161430448 -0.3046674337 0)
(-0.1384670234 -0.2993701021 0)
(-0.1136108617 -0.2847107211 0)
(-0.08800510444 -0.2604117206 0)
(-0.0630582876 -0.226824345 0)
(-0.0403109577 -0.1849706103 0)
(-0.02125695794 -0.1364687219 0)
(-0.007488747492 -0.08334374985 0)
(-0.001073845227 -0.0278272244 0)
(-0.0002967384281 0.02244194358 0)
(-0.002007410296 0.06141683562 0)
(-0.005634175316 0.09474672336 0)
(-0.01065672033 0.1227857174 0)
(-0.01675221906 0.1459555677 0)
(-0.02368243607 0.1647201977 0)
(-0.03122288407 0.1795574498 0)
(-0.03917666065 0.1909346102 0)
(-0.04738175601 0.1992891432 0)
(-0.055709677 0.2050148229 0)
(-0.06406270382 0.2084531096 0)
(-0.07237059633 0.2098892041 0)
(-0.08058679761 0.2095519281 0)
(-0.08868450059 0.2076164798 0)
(-0.09665285133 0.2042091412 0)
(-0.1044934217 0.1994131204 0)
(-0.1122170019 0.1932748754 0)
(-0.1198407095 0.1858104376 0)
(-0.1273853773 0.1770114243 0)
(-0.1348731583 0.1668505771 0)
(-0.1423252716 0.1552867856 0)
(-0.1497598033 0.1422696445 0)
(-0.1571894672 0.1277436658 0)
(-0.1646192236 0.1116523123 0)
(-0.1720436488 0.09394206835 0)
(-0.1794439441 0.07456679971 0)
(-0.1867844799 0.05349270992 0)
(-0.19400879 0.03070425711 0)
(-0.2010349698 0.006211458535 0)
(-0.2077503733 -0.0199409138 0)
(-0.2140060077 -0.0476615316 0)
(-0.2196107191 -0.07679788168 0)
(-0.2243256833 -0.1071178644 0)
(-0.2278605027 -0.1382876931 0)
(-0.2298722275 -0.1698463548 0)
(-0.2299695533 -0.2011779959 0)
(-0.2277250621 -0.2314851837 0)
(-0.2226988485 -0.2597681981 0)
(-0.2144768279 -0.2848182058 0)
(-0.2027259447 -0.3052348459 0)
(-0.1872658099 -0.3194803507 0)
(-0.1681515392 -0.3259810953 0)
(-0.1457558384 -0.3232812688 0)
(-0.1208316402 -0.3102404743 0)
(-0.09453390289 -0.2862481236 0)
(-0.06837812715 -0.2514075576 0)
(-0.04410114166 -0.2066303559 0)
(-0.02345411789 -0.1535848692 0)
(-0.008342277927 -0.09448624041 0)
(-0.001217690219 -0.03183753224 0)
(-0.0002872123762 0.02345210622 0)
(-0.001955898654 0.06419196547 0)
(-0.005498107355 0.09900946436 0)
(-0.01039412255 0.1282553314 0)
(-0.0163125103 0.1523634681 0)
(-0.02300401855 0.1718210741 0)
(-0.03023519322 0.1871365798 0)
(-0.03780330592 0.198811531 0)
(-0.04554391371 0.207318277 0)
(-0.05332932104 0.2130838874 0)
(-0.06106538747 0.2164801094 0)
(-0.06868768702 0.2178186541 0)
(-0.07615719472 0.217350797 0)
(-0.08345592585 0.2152701807 0)
(-0.09058282242 0.2117177622 0)
(-0.09755001796 0.2067879893 0)
(-0.1043795177 0.2005354767 0)
(-0.1111002743 0.1929816567 0)
(-0.1177456034 0.1841210623 0)
(-0.1243508621 0.173927062 0)
(-0.1309513023 0.1623569932 0)
(-0.1375800007 0.1493567335 0)
(-0.1442657606 0.1348648212 0)
(-0.1510308732 0.1188162876 0)
(-0.1578886159 0.1011464048 0)
(-0.1648403587 0.08179460196 0)
(-0.1718721424 0.06070885837 0)
(-0.1789506012 0.03785095186 0)
(-0.1860181016 0.01320304371 0)
(-0.1929869429 -0.01322379543 0)
(-0.1997328572 -0.04137848087 0)
(-0.2060876803 -0.07115533955 0)
(-0.2118316307 -0.1023752062 0)
(-0.2166862495 -0.1347615805 0)
(-0.2203091513 -0.1679114483 0)
(-0.2222928954 -0.2012613687 0)
(-0.2221711582 -0.234050994 0)
(-0.2194363585 -0.265288692 0)
(-0.2135735109 -0.29372738 0)
(-0.2041147428 -0.3178627587 0)
(-0.190716766 -0.3359697957 0)
(-0.1732587234 -0.346194505 0)
(-0.1519497357 -0.3467137261 0)
(-0.1274257014 -0.3359623385 0)
(-0.1008077888 -0.3129037697 0)
(-0.07368886859 -0.2772897838 0)
(-0.04799787517 -0.2298299174 0)
(-0.0257666702 -0.1721848215 0)
(-0.009260092368 -0.1067454473 0)
(-0.001376975384 -0.03630696335 0)
(-0.0002809061156 0.02443820774 0)
(-0.001923797959 0.06690926834 0)
(-0.005410484147 0.1031776391 0)
(-0.01021003736 0.1335823539 0)
(-0.01597355786 0.1585673427 0)
(-0.02243458371 0.1786444743 0)
(-0.0293466969 0.1943560916 0)
(-0.03649946806 0.2062420562 0)
(-0.04372589304 0.2148135721 0)
(-0.05090017242 0.2205344495 0)
(-0.05793358326 0.2238094787 0)
(-0.06476969553 0.224978958 0)
(-0.0713792481 0.2243181141 0)
(-0.07775516422 0.2220400893 0)
(-0.08390800506 0.2183012699 0)
(-0.0898619713 0.2132079201 0)
(-0.09565145845 0.206823315 0)
(-0.1013181136 0.199174798 0)
(-0.1069083096 0.1902603945 0)
(-0.1124709385 0.1800547878 0)
(-0.1180554177 0.1685145923 0)
(-0.1237098003 0.1555829602 0)
(-0.1294788766 0.1411936233 0)
(-0.1354021471 0.1252745245 0)
(-0.141511537 0.1077512323 0)
(-0.1478287122 0.08855038238 0)
(-0.1543618411 0.06760344213 0)
(-0.1611016376 0.04485118055 0)
(-0.1680164988 0.02024933578 0)
(-0.1750465195 -0.006223896428 0)
(-0.1820964747 -0.03455782318 0)
(-0.1890273938 -0.06469536744 0)
(-0.1956470392 -0.09651470379 0)
(-0.2016999999 -0.1298047224 0)
(-0.2068582241 -0.1642334896 0)
(-0.2107141445 -0.1993092596 0)
(-0.2127796198 -0.2343350111 0)
(-0.2124953968 -0.2683600743 0)
(-0.2092572002 -0.3001363914 0)
(-0.2024652746 -0.328092406 0)
(-0.1916031192 -0.3503436665 0)
(-0.1763468515 -0.3647638149 0)
(-0.1566977817 -0.3691388218 0)
(-0.1331180626 -0.3614157578 0)
(-0.1066366941 -0.3400305647 0)
(-0.07887917963 -0.3042583326 0)
(-0.05194987116 -0.2544854665 0)
(-0.02817926148 -0.1922788163 0)
(-0.0102415327 -0.1201728523 0)
(-0.001552803563 -0.04127070801 0)
(-0.0002798398352 0.02541285181 0)
(-0.001922954482 0.06959944073 0)
(-0.005401138098 0.1072894866 0)
(-0.01015473417 0.1388019904 0)
(-0.01580490984 0.1645907463 0)
(-0.02205979014 0.1851963725 0)
(-0.02865502972 0.2012011431 0)
(-0.03537050735 0.2131895734 0)
(-0.04203700176 0.2217173824 0)
(-0.04853249812 0.227289655 0)
(-0.0547764308 0.2303475538 0)
(-0.06072342378 0.2312622183 0)
(-0.06635698276 0.2303342263 0)
(-0.071683652 0.2277970077 0)
(-0.07672790841 0.2238227751 0)
(-0.08152785052 0.2185297977 0)
(-0.08613162959 0.2119901316 0)
(-0.09059451807 0.2042371872 0)
(-0.09497648878 0.195272746 0)
(-0.09934017482 0.185073227 0)
(-0.1037490832 0.1735951354 0)
(-0.1082659407 0.1607797289 0)
(-0.1129510521 0.1465570007 0)
(-0.1178605482 0.1308491239 0)
(-0.1230443944 0.1135735429 0)
(-0.1285440147 0.0946459374 0)
(-0.1343893687 0.07398333724 0)
(-0.1405952932 0.05150775157 0)
(-0.1471568939 0.02715078831 0)
(-0.1540437467 0.00085988116 0)
(-0.1611925965 -0.02739308207 0)
(-0.1684984806 -0.05759930924 0)
(-0.1758040718 -0.0896960599 0)
(-0.1828873135 -0.1235427194 0)
(-0.1894482341 -0.1588885075 0)
(-0.1950963766 -0.1953302289 0)
(-0.1993418519 -0.2322594922 0)
(-0.2015948737 -0.2688012283 0)
(-0.2011808466 -0.303749452 0)
(-0.1973801075 -0.335512804 0)
(-0.1895019469 -0.3620910256 0)
(-0.1769996773 -0.3811123205 0)
(-0.1596249406 -0.3899661851 0)
(-0.1376044742 -0.3860593448 0)
(-0.1118039679 -0.3671953358 0)
(-0.08381907893 -0.332026768 0)
(-0.05589620959 -0.2804614995 0)
(-0.03067343341 -0.2138496959 0)
(-0.01128571776 -0.1348110666 0)
(-0.001746448864 -0.04676403161 0)
(-0.0002866553895 0.02639551733 0)
(-0.001968567405 0.07230970789 0)
(-0.005507770969 0.1114044883 0)
(-0.01029072664 0.143971072 0)
(-0.01589154982 0.1704762159 0)
(-0.02198238709 0.1914974367 0)
(-0.02827509108 0.2076668051 0)
(-0.03453803978 0.2196229229 0)
(-0.04060100811 0.2279738509 0)
(-0.04634883454 0.2332717768 0)
(-0.05171307806 0.2359981538 0)
(-0.05666359223 0.2365572939 0)
(-0.06120058173 0.235276272 0)
(-0.06534764089 0.2324091506 0)
(-0.06914596882 0.2281438373 0)
(-0.07264971917 0.2226102517 0)
(-0.07592233643 0.2158888348 0)
(-0.07903369428 0.2080187509 0)
(-0.08205784968 0.1990053908 0)
(-0.08507124053 0.1888269793 0)
(-0.08815117355 0.1774402332 0)
(-0.09137446727 0.1647851118 0)
(-0.09481612539 0.1507887608 0)
(-0.09854791953 0.1353687928 0)
(-0.1026367567 0.118436079 0)
(-0.1071426941 0.09989725885 0)
(-0.1121164405 0.07965722272 0)
(-0.1175961509 0.05762189248 0)
(-0.1236032839 0.0337017374 0)
(-0.1301372382 0.007816618606 0)
(-0.1371683125 -0.0200972103 0)
(-0.1446288418 -0.05007682694 0)
(-0.1524019867 -0.08211750489 0)
(-0.1603078388 -0.1161507597 0)
(-0.1680872521 -0.1520131071 0)
(-0.1753841365 -0.1894028569 0)
(-0.1817286301 -0.2278225635 0)
(-0.1865256393 -0.2665067055 0)
(-0.1890561576 -0.3043377809 0)
(-0.1885022879 -0.3397612706 0)
(-0.1840094904 -0.370720763 0)
(-0.1747991756 -0.394648015 0)
(-0.160337929 -0.4085546433 0)
(-0.140553901 -0.409273477 0)
(-0.1160667277 -0.3938750967 0)
(-0.0883598233 -0.3602263641 0)
(-0.05976679585 -0.3075628268 0)
(-0.03322852281 -0.2368482098 0)
(-0.01239217758 -0.1506924479 0)
(-0.001959519437 -0.05282238937 0)
(-0.000304886554 0.02741458547 0)
(-0.002080417769 0.07510825028 0)
(-0.005778445786 0.1156082901 0)
(-0.0106960305 0.1491720404 0)
(-0.01633712118 0.1762875913 0)
(-0.02232465287 0.1975835571 0)
(-0.02834014512 0.2137570592 0)
(-0.03413938629 0.225514307 0)
(-0.03955383827 0.2335262016 0)
(-0.04447998261 0.2383993005 0)
(-0.04886711024 0.2406597709 0)
(-0.0527058718 0.2407473046 0)
(-0.05601818653 0.2390161187 0)
(-0.05884890634 0.2357405659 0)
(-0.06125926882 0.2311233725 0)
(-0.06332192966 0.2253050271 0)
(-0.06511728173 0.2183732953 0)
(-0.06673076417 0.2103721995 0)
(-0.06825089533 0.2013100916 0)
(-0.06976780487 0.1911666505 0)
(-0.07137208016 0.1798987735 0)
(-0.07315377808 0.1674454281 0)
(-0.07520147557 0.1537315729 0)
(-0.0776012421 0.1386712967 0)
(-0.08043542152 0.1221703417 0)
(-0.08378110015 0.1041282021 0)
(-0.08770811457 0.08444002051 0)
(-0.09227641534 0.06299856563 0)
(-0.09753255473 0.03969666941 0)
(-0.1035049861 0.01443065071 0)
(-0.1101977203 -0.01289451662 0)
(-0.1175819503 -0.04235729632 0)
(-0.125584956 -0.07400718727 0)
(-0.1340756624 -0.1078458368 0)
(-0.1428465608 -0.1437986511 0)
(-0.1515919147 -0.1816732621 0)
(-0.159883807 -0.2211004732 0)
(-0.1671495666 -0.2614547834 0)
(-0.1726574525 -0.3017537275 0)
(-0.1755225304 -0.3405425737 0)
(-0.1747495854 -0.3757831556 0)
(-0.1693329597 -0.4047836071 0)
(-0.1584299433 -0.4242263929 0)
(-0.1416101663 -0.4303656298 0)
(-0.119155507 -0.4194535655 0)
(-0.09233342815 -0.3883973461 0)
(-0.06348301171 -0.3355258746 0)
(-0.03582312664 -0.2611882103 0)
(-0.01356192343 -0.1678383011 0)
(-0.002194239614 -0.05948200183 0)
(-0.0003393847395 0.02851016885 0)
(-0.002284687564 0.07809006795 0)
(-0.006275078383 0.1200187634 0)
(-0.01146843737 0.1545172442 0)
(-0.01726774272 0.1821117173 0)
(-0.02323068863 0.2035050008 0)
(-0.02900189539 0.2194819469 0)
(-0.03432510966 0.2308351507 0)
(-0.03903855704 0.2383119936 0)
(-0.04305760622 0.2425821131 0)
(-0.04635703369 0.2442210671 0)
(-0.04895554222 0.243705652 0)
(-0.05090299433 0.2414170043 0)
(-0.05227050037 0.2376484082 0)
(-0.05314310755 0.2326155154 0)
(-0.05361462053 0.2264673691 0)
(-0.05378405417 0.2192971814 0)
(-0.05375327309 0.2111522441 0)
(-0.05362545174 0.2020426477 0)
(-0.05350406946 0.1919487007 0)
(-0.05349221978 0.1808270621 0)
(-0.05369207487 0.1686156975 0)
(-0.05420438001 0.1552377816 0)
(-0.05512786834 0.1406047097 0)
(-0.05655850192 0.1246183855 0)
(-0.05858843778 0.1071729583 0)
(-0.06130459483 0.08815620127 0)
(-0.06478665977 0.06745076783 0)
(-0.06910431794 0.04493563737 0)
(-0.0743134045 0.02048817558 0)
(-0.08045052866 -0.006012565939 0)
(-0.08752564461 -0.03468040469 0)
(-0.0955117458 -0.06561285219 0)
(-0.104330806 -0.09887618804 0)
(-0.1138350988 -0.134481511 0)
(-0.1237827493 -0.1723476697 0)
(-0.1338081548 -0.2122442303 0)
(-0.1433893104 -0.2537098716 0)
(-0.1518172811 -0.2959400475 0)
(-0.1581796827 -0.3376449051 0)
(-0.1613770206 -0.3768905031 0)
(-0.1601980627 -0.4109578103 0)
(-0.1534826991 -0.4362837569 0)
(-0.1403913633 -0.4485781251 0)
(-0.1207719821 -0.4432185835 0)
(-0.0955509206 -0.415979294 0)
(-0.06695816959 -0.3640086196 0)
(-0.03843722542 -0.2867415049 0)
(-0.01479917711 -0.1862589627 0)
(-0.002453934081 -0.06678119596 0)
(-0.000396998482 0.02973815113 0)
(-0.002616665573 0.08138484481 0)
(-0.00707829082 0.124793411 0)
(-0.01273095053 0.160153222 0)
(-0.01883611912 0.1880587619 0)
(-0.02486773432 0.209323177 0)
(-0.03042817897 0.2248517929 0)
(-0.03525283927 0.235548907 0)
(-0.03919548684 0.2422554706 0)
(-0.04220103948 0.245714091 0)
(-0.04428025167 0.246554125 0)
(-0.0454891081 0.2452901389 0)
(-0.04591292706 0.2423285698 0)
(-0.04565480736 0.2379788312 0)
(-0.04482769771 0.2324662707 0)
(-0.04354923947 0.2259453094 0)
(-0.04193860643 0.2185117626 0)
(-0.04011470983 0.2102138185 0)
(-0.03819528624 0.2010614583 0)
(-0.03629652076 0.1910343041 0)
(-0.03453294329 0.180087961 0)
(-0.03301743982 0.168159072 0)
(-0.03186126424 0.1551691776 0)
(-0.03117394348 0.1410276028 0)
(-0.0310630131 0.1256335337 0)
(-0.03163350989 0.108877443 0)
(-0.03298712493 0.0906420257 0)
(-0.03522088111 0.07080283778 0)
(-0.03842516148 0.04922888281 0)
(-0.04268082402 0.02578344797 0)
(-0.04805498235 0.0003256556118 0)
(-0.05459483803 -0.02728652806 0)
(-0.06231872529 -0.05719054294 0)
(-0.07120327818 -0.08950875367 0)
(-0.08116563164 -0.1243300622 0)
(-0.09203782003 -0.161680459 0)
(-0.1035336975 -0.2014706306 0)
(-0.1152085014 -0.2434187162 0)
(-0.1264129997 -0.286933235 0)
(-0.1362532047 -0.3309512065 0)
(-0.1435742771 -0.3737353094 0)
(-0.1469994018 -0.4126566624 0)
(-0.145064043 -0.4440277622 0)
(-0.1364852499 -0.4630978478 0)
(-0.1205830086 -0.4643598517 0)
(-0.09779782312 -0.4422996325 0)
(-0.07009696607 -0.3925778689 0)
(-0.04105499756 -0.3133317106 0)
(-0.01611412048 -0.2059550951 0)
(-0.002743867443 -0.07476299487 0)
(-0.0004876805618 0.03117607202 0)
(-0.003124806376 0.08516756199 0)
(-0.008294083397 0.130138192 0)
(-0.01463834666 0.1662641983 0)
(-0.02122509215 0.1942597526 0)
(-0.02742474799 0.215103335 0)
(-0.03279570022 0.2298668343 0)
(-0.03707414611 0.239599327 0)
(-0.04014374739 0.2452557905 0)
(-0.04199426253 0.2476621431 0)
(-0.04268629533 0.2475047522 0)
(-0.04232453742 0.2453346806 0)
(-0.04103851347 0.2415799369 0)
(-0.03896958085 0.2365612847 0)
(-0.0362627551 0.2305088372 0)
(-0.03306199191 0.2235778286 0)
(-0.02950779851 0.2158627373 0)
(-0.02573632898 0.2074094344 0)
(-0.02187935476 0.1982253027 0)
(-0.018064725 0.1882874859 0)
(-0.01441698191 0.1775493544 0)
(-0.01105801715 0.1659456331 0)
(-0.008107687606 0.1533961635 0)
(-0.005684247244 0.1398086465 0)
(-0.003904601877 0.125080517 0)
(-0.002884342439 0.1091000958 0)
(-0.002737488355 0.09174716572 0)
(-0.003575828761 0.07289311445 0)
(-0.005507748164 0.0524008001 0)
(-0.008636339132 0.03012434655 0)
(-0.01305641394 0.005909178766 0)
(-0.01884983363 -0.02040720193 0)
(-0.02607820921 -0.04899282162 0)
(-0.03477179979 -0.08001532325 0)
(-0.04491474633 -0.1136295033 0)
(-0.05641893329 -0.1499586465 0)
(-0.06908997114 -0.1890482666 0)
(-0.08258320267 -0.2308004963 0)
(-0.0963444523 -0.2748604235 0)
(-0.1095471781 -0.3204448714 0)
(-0.121040647 -0.3661048266 0)
(-0.1293415209 -0.409433865 0)
(-0.1327193761 -0.4467779428 0)
(-0.1294384872 -0.4730676054 0)
(-0.1182084997 -0.4819663262 0)
(-0.09882446537 -0.4665586154 0)
(-0.07279238919 -0.420691673 0)
(-0.04366816462 -0.3407256828 0)
(-0.0175272583 -0.2269204738 0)
(-0.003072734137 -0.08347975262 0)
(-0.0006263459072 0.03293187749 0)
(-0.003876901825 0.08967282379 0)
(-0.01006286163 0.1363174583 0)
(-0.01738435864 0.173073122 0)
(-0.02464864077 0.200858819 0)
(-0.03110475364 0.2209004416 0)
(-0.03627304428 0.2344996927 0)
(-0.0399087694 0.2428920443 0)
(-0.04194789299 0.2471694615 0)
(-0.0424463603 0.2482504809 0)
(-0.04153246432 0.2468789861 0)
(-0.03937327021 0.2436380666 0)
(-0.03615224308 0.2389705284 0)
(-0.03205542345 0.2332011049 0)
(-0.02726372168 0.2265576612 0)
(-0.02194929657 0.2191900882 0)
(-0.01627447928 0.2111864059 0)
(-0.01039218406 0.2025861089 0)
(-0.004447061581 0.1933908874 0)
(0.001422954999 0.183573164 0)
(0.007085181084 0.1730826524 0)
(0.01241079017 0.1618513433 0)
(0.01727349539 0.1497971566 0)
(0.02154857325 0.1368264986 0)
(0.02511207462 0.1228359161 0)
(0.02784026141 0.1077129991 0)
(0.02960930328 0.09133666119 0)
(0.03029528608 0.07357689532 0)
(0.02977461335 0.05429407834 0)
(0.02792495678 0.0333379455 0)
(0.02462703736 0.01054639294 0)
(0.01976771233 -0.01425564402 0)
(0.01324545695 -0.04125670538 0)
(0.004979735886 -0.07065751316 0)
(-0.00507982587 -0.1026659707 0)
(-0.01692661732 -0.1374840022 0)
(-0.03046462416 -0.1752795719 0)
(-0.04546653572 -0.2161315492 0)
(-0.06150396118 -0.2599300864 0)
(-0.07786628819 -0.3062095269 0)
(-0.09347345597 -0.3538913738 0)
(-0.1068126746 -0.4009296695 0)
(-0.1159552528 -0.4438933254 0)
(-0.1187372471 -0.4775993451 0)
(-0.1131997881 -0.4950228886 0)
(-0.09832735194 -0.4878087722 0)
(-0.07491719074 -0.4476733102 0)
(-0.04627918841 -0.3686196651 0)
(-0.01907635783 -0.2491462984 0)
(-0.00345537667 -0.09300119939 0)
(-0.0008361072166 0.03515723391 0)
(-0.004969639158 0.09521404909 0)
(-0.01257132994 0.143663765 0)
(-0.02120786183 0.1808368692 0)
(-0.0293460514 0.2079957096 0)
(-0.03610423003 0.2267337681 0)
(-0.04098536214 0.2386668038 0)
(-0.04379633915 0.2452664237 0)
(-0.04455910063 0.2477847747 0)
(-0.04342466328 0.2472386411 0)
(-0.04061114826 0.2444249257 0)
(-0.03636357957 0.2399493637 0)
(-0.03092945988 0.2342585975 0)
(-0.02454539234 0.2276706618 0)
(-0.01743101034 0.2204017226 0)
(-0.009787409082 0.2125884409 0)
(-0.001798082735 0.204306065 0)
(0.006368821147 0.1955828611 0)
(0.01455779681 0.1864112584 0)
(0.0226232055 0.1767564227 0)
(0.03042670252 0.1665627707 0)
(0.03783500806 0.1557586574 0)
(0.04471794063 0.1442598105 0)
(0.05094682007 0.1319716342 0)
(0.05639314837 0.1187906118 0)
(0.0609275442 0.1046049674 0)
(0.0644189183 0.08929468977 0)
(0.06673389505 0.07273098482 0)
(0.06773652084 0.05477518311 0)
(0.06728836249 0.03527712384 0)
(0.06524918589 0.01407302406 0)
(0.06147858907 -0.009017139788 0)
(0.05583946665 -0.03419256236 0)
(0.04820405887 -0.06167425111 0)
(0.03846264843 -0.09170718252 0)
(0.02654288447 -0.1245527358 0)
(0.01243819288 -0.1604801318 0)
(-0.003749499406 -0.1997260878 0)
(-0.02174090847 -0.242417575 0)
(-0.04098519618 -0.2884234533 0)
(-0.06054194528 -0.3370986578 0)
(-0.07896093995 -0.3868886763 0)
(-0.094213799 -0.4347955357 0)
(-0.1037764119 -0.4757906052 0)
(-0.1050039415 -0.5024068869 0)
(-0.09591569291 -0.5049267105 0)
(-0.07630457905 -0.4726714832 0)
(-0.0489023409 -0.3966147507 0)
(-0.02082744155 -0.2726262441 0)
(-0.003917860277 -0.1034282785 0)
(-0.00115414072 0.03806835696 0)
(-0.00654371434 0.1022086709 0)
(-0.01606735002 0.1525842346 0)
(-0.02639388423 0.1898289975 0)
(-0.03556038107 0.2157708783 0)
(-0.04256679372 0.2325430586 0)
(-0.04694537008 0.2421830841 0)
(-0.04860883601 0.2464535604 0)
(-0.04771372449 0.2467855947 0)
(-0.04454368001 0.244291837 0)
(-0.03943273744 0.2398094116 0)
(-0.03272033288 0.2339502097 0)
(-0.02472720213 0.22714826 0)
(-0.0157446244 0.2197002807 0)
(-0.006031720456 0.211798596 0)
(0.004182771614 0.2035569838 0)
(0.01469668832 0.1950305902 0)
(0.02532979202 0.1862309804 0)
(0.03591908964 0.1771374316 0)
(0.0463146138 0.167705236 0)
(0.05637568577 0.1578718227 0)
(0.06596776311 0.1475610701 0)
(0.07495978937 0.1366863205 0)
(0.08322200565 0.1251523333 0)
(0.09062413087 0.1128563918 0)
(0.09703383782 0.09968871103 0)
(0.1023154687 0.08553223532 0)
(0.1063289545 0.07026186082 0)
(0.1089289351 0.05374307252 0)
(0.1099641304 0.03582993751 0)
(0.1092770518 0.01636235055 0)
(0.106704291 -0.004837669211 0)
(0.102078274 -0.02797088682 0)
(0.09523042308 -0.05326609275 0)
(0.08599730905 -0.08098721278 0)
(0.07423390003 -0.1114368735 0)
(0.05983592292 -0.1449576996 0)
(0.04277772579 -0.1819150879 0)
(0.02317574632 -0.222647438 0)
(0.001386344221 -0.2673501967 0)
(-0.02185517219 -0.3158453634 0)
(-0.0452627124 -0.3671780555 0)
(-0.06683701768 -0.4189964171 0)
(-0.0838143792 -0.4667475288 0)
(-0.09290802423 -0.5028873287 0)
(-0.09105397109 -0.516576145 0)
(-0.07670833959 -0.4945993552 0)
(-0.05155749373 -0.4241718395 0)
(-0.02289168313 -0.2973592511 0)
(-0.004507020474 -0.1149168858 0)
(-0.001642699586 0.04197967635 0)
(-0.008808101073 0.1112097558 0)
(-0.02087618204 0.1635556202 0)
(-0.03325935373 0.20029747 0)
(-0.0434830083 0.2241800652 0)
(-0.05048719622 0.238115312 0)
(-0.05392358519 0.2446919325 0)
(-0.05389587467 0.2460155537 0)
(-0.05076212962 0.2437021738 0)
(-0.04498467328 0.2389432685 0)
(-0.03704159568 0.2325906356 0)
(-0.02738161286 0.2252361129 0)
(-0.01640457617 0.2172778693 0)
(-0.004456683464 0.2089722513 0)
(0.0081664561 0.2004728868 0)
(0.0212132023 0.1918595459 0)
(0.03446813467 0.1831591666 0)
(0.04774440252 0.1743609092 0)
(0.06087685285 0.1654270096 0)
(0.07371613652 0.1563004156 0)
(0.08612377137 0.1469101612 0)
(0.09796808982 0.1371750389 0)
(0.1091209239 0.1270060345 0)
(0.1194548924 0.1163078128 0)
(0.1288411513 0.1049794596 0)
(0.1371474894 0.09291460963 0)
(0.1442366751 0.08000103001 0)
(0.1499649783 0.06611966891 0)
(0.1541808301 0.05114312294 0)
(0.1567236224 0.03493341132 0)
(0.1574226237 0.01733887537 0)
(0.1560960129 -0.001810177121 0)
(0.1525515676 -0.02270776604 0)
(0.146587114 -0.0455790324 0)
(0.1379931886 -0.07069159189 0)
(0.1265613306 -0.09836700778 0)
(0.1120991843 -0.1289926822 0)
(0.0944594086 -0.1630258748 0)
(0.07359279232 -0.2009751297 0)
(0.04963939884 -0.243327729 0)
(0.02307399466 -0.2903685555 0)
(-0.005084520693 -0.3418092487 0)
(-0.03302050077 -0.3961347785 0)
(-0.05791052607 -0.4496206808 0)
(-0.07595571347 -0.4951331048 0)
(-0.08296671634 -0.5211636974 0)
(-0.07572469383 -0.5120431963 0)
(-0.05424409979 -0.4505289105 0)
(-0.02544910185 -0.3233417627 0)
(-0.005308122867 -0.1277186105 0)
(-0.002410232682 0.0473603299 0)
(-0.01207885518 0.1229414628 0)
(-0.02741094168 0.1770903065 0)
(-0.04209969553 0.2123737054 0)
(-0.0531269219 0.2329967429 0)
(-0.05952071509 0.2429662416 0)
(-0.06121078486 0.2455609941 0)
(-0.058617767 0.2432620212 0)
(-0.05238732687 0.2378492085 0)
(-0.04321138941 0.2305516236 0)
(-0.03173717122 0.222191906 0)
(-0.01853085796 0.2133032104 0)
(-0.004069577196 0.204216851 0)
(0.01125273342 0.1951253253 0)
(0.02711356834 0.1861265187 0)
(0.04324857583 0.1772542228 0)
(0.05943892048 0.1684989702 0)
(0.07550020933 0.1598221836 0)
(0.0912732181 0.1511657412 0)
(0.1066163347 0.1424583707 0)
(0.1213994947 0.1336198838 0)
(0.1354993505 0.124563903 0)
(0.148795417 0.1151995288 0)
(0.1611669664 0.1054322337 0)
(0.1724904784 0.09516416379 0)
(0.1826374825 0.08429395494 0)
(0.1914726627 0.07271610412 0)
(0.1988521198 0.06031988374 0)
(0.2046217176 0.04698772146 0)
(0.2086154889 0.0325928979 0)
(0.21065396 0.0169963251 0)
(0.2105420557 4.190674856e-05 0)
(0.2080693583 -0.01845037118 0)
(0.2030079763 -0.03869225574 0)
(0.195111837 -0.06094118636 0)
(0.1841206706 -0.08551689088 0)
(0.1697674486 -0.1128223841 0)
(0.151796321 -0.1433657126 0)
(0.1300008462 -0.1777719633 0)
(0.1042985273 -0.2167598162 0)
(0.07486570647 -0.2610294456 0)
(0.04236030023 -0.3109673228 0)
(0.008243741171 -0.3660303277 0)
(-0.02484208837 -0.4236653668 0)
(-0.05282699303 -0.4777417298 0)
(-0.07048543572 -0.5167935787 0)
(-0.07264520408 -0.523129937 0)
(-0.05686735499 -0.4745514416 0)
(-0.02877439236 -0.3505293476 0)
(-0.006475935899 -0.142250643 0)
(-0.003651931302 0.05493261421 0)
(-0.01683832646 0.1383260535 0)
(-0.03615307116 0.1936331622 0)
(-0.05303961641 0.2258881607 0)
(-0.0640516621 0.2415672162 0)
(-0.06861437736 0.2461550647 0)
(-0.06719326822 0.2437351399 0)
(-0.06069761224 0.2371451272 0)
(-0.05015847844 0.2282590801 0)
(-0.03654162974 0.2182657501 0)
(-0.02067390098 0.2078906293 0)
(-0.003230704974 0.1975552705 0)
(0.01525072316 0.1874856229 0)
(0.03434899628 0.177783644 0)
(0.05373489998 0.1684736948 0)
(0.07314988863 0.1595321761 0)
(0.09238799611 0.1509062837 0)
(0.1112812293 0.1425257665 0)
(0.129688063 0.134310223 0)
(0.1474845095 0.1261735549 0)
(0.1645572299 0.1180266108 0)
(0.1807982227 0.1097786648 0)
(0.1961006961 0.1013381284 0)
(0.2103558108 0.09261273748 0)
(0.2234500406 0.08350935138 0)
(0.235262953 0.0739334294 0)
(0.245665251 0.06378819512 0)
(0.2545169482 0.0529734479 0)
(0.261665582 0.04138392387 0)
(0.2669444146 0.02890704207 0)
(0.2701703626 0.01541978547 0)
(0.2711410647 0.0007841422214 0)
(0.2696350951 -0.01516060824 0)
(0.2654075127 -0.03260424141 0)
(0.2581864399 -0.0517823154 0)
(0.2476732439 -0.07299475227 0)
(0.2335427799 -0.09663278739 0)
(0.2154498338 -0.1232136057 0)
(0.1930497242 -0.1534180302 0)
(0.1660482169 -0.1881146295 0)
(0.1343083371 -0.2283270185 0)
(0.0980563756 -0.2750518187 0)
(0.05823371573 -0.3287608746 0)
(0.01700465606 -0.3883488271 0)
(-0.02166759781 -0.4493139859 0)
(-0.05180944976 -0.5012393672 0)
(-0.06619045762 -0.5253470735 0)
(-0.05905916812 -0.4944705376 0)
(-0.03324147745 -0.3787197605 0)
(-0.008283479952 -0.1592081208 0)
(-0.00572458225 0.06584414325 0)
(-0.02381184661 0.1584620787 0)
(-0.04752878997 0.2133036237 0)
(-0.06565290826 0.2400128394 0)
(-0.07478051876 0.2484676407 0)
(-0.0753076805 0.2460125665 0)
(-0.06861394542 0.2375506142 0)
(-0.05629842703 0.2261527255 0)
(-0.03985888344 0.2136383723 0)
(-0.02054460745 0.201027911 0)
(0.0006647512937 0.1888539105 0)
(0.02302601032 0.1773603825 0)
(0.04598599424 0.16662512 0)
(0.06913695557 0.1566332338 0)
(0.09217866071 0.1473203492 0)
(0.1148882144 0.1385974651 0)
(0.1370969145 0.1303649148 0)
(0.1586728643 0.1225199455 0)
(0.1795080636 0.1149606161 0)
(0.1995088746 0.1075875988 0)
(0.2185889797 0.100304809 0)
(0.236664148 0.09301938488 0)
(0.253648296 0.08564130845 0)
(0.2694504563 0.07808281823 0)
(0.2839723638 0.07025767833 0)
(0.2971064411 0.06208031636 0)
(0.3087340116 0.05346480026 0)
(0.3187236044 0.04432358452 0)
(0.3269292498 0.03456591017 0)
(0.3331887227 0.02409566271 0)
(0.3373213531 0.01280831541 0)
(0.3391235877 0.0005867604915 0)
(0.3383715867 -0.01270257943 0)
(0.3348134487 -0.02722447218 0)
(0.328162947 -0.04318318302 0)
(0.3180982384 -0.06084384973 0)
(0.3042551609 -0.08056216797 0)
(0.2862229901 -0.1028258176 0)
(0.2635469532 -0.1283094287 0)
(0.2357489671 -0.1579371017 0)
(0.2023919955 -0.1929260578 0)
(0.1632364525 -0.2347379336 0)
(0.1185658651 -0.2847734853 0)
(0.06976481786 -0.3435083418 0)
(0.02015088935 -0.4086462746 0)
(-0.02413856453 -0.4719958494 0)
(-0.05404351249 -0.515344109 0)
(-0.05977859101 -0.5074561619 0)
(-0.03922294007 -0.4072450108 0)
(-0.01117383596 -0.1796960679 0)
(-0.009260812161 0.08194419417 0)
(-0.03399732621 0.1844334723 0)
(-0.06145762532 0.2353232392 0)
(-0.07802890133 0.2526253213 0)
(-0.08158823772 0.2509905789 0)
(-0.07444234672 0.2398087238 0)
(-0.05934176666 0.2245728178 0)
(-0.03872904912 0.2082782545 0)
(-0.01456061766 0.1924286001 0)
(0.01171131746 0.1776908097 0)
(0.03905630013 0.1642865633 0)
(0.06676176949 0.1522126889 0)
(0.09434345619 0.1413611561 0)
(0.1214763249 0.1315822972 0)
(0.1479435024 0.1227166351 0)
(0.173599711 0.1146097704 0)
(0.1983455518 0.1071184071 0)
(0.2221095779 0.1001119315 0)
(0.244835839 0.09347190348 0)
(0.2664752207 0.08709068227 0)
(0.2869793921 0.08086979734 0)
(0.3062965289 0.07471834181 0)
(0.3243682357 0.06855149531 0)
(0.3411272605 0.0622891933 0)
(0.356495716 0.05585491499 0)
(0.3703835999 0.04917453661 0)
(0.382687455 0.04217517748 0)
(0.3932890428 0.03478394255 0)
(0.4020539156 0.02692643802 0)
(0.4088297191 0.01852487071 0)
(0.4134441448 0.009495304299 0)
(0.4157038906 -0.0002561738309 0)
(0.415388896 -0.01083533827 0)
(0.412247885 -0.02237564699 0)
(0.4059969268 -0.0350436802 0)
(0.3963075401 -0.04905924982 0)
(0.3827975152 -0.06472398334 0)
(0.3650182061 -0.08246354821 0)
(0.3424405105 -0.102889671 0)
(0.3144461558 -0.1268857198 0)
(0.2803420447 -0.1557089714 0)
(0.2394402238 -0.191068833 0)
(0.1912917536 -0.2350553951 0)
(0.1362203676 -0.289619298 0)
(0.07631252733 -0.3550355113 0)
(0.01688517275 -0.4265642034 0)
(-0.03204798189 -0.4888370043 0)
(-0.05645091946 -0.5090005911 0)
(-0.04662485189 -0.4342652779 0)
(-0.01571151248 -0.2052856341 0)
(-0.01522170601 0.1062104788 0)
(-0.04828809048 0.2165795362 0)
(-0.07588211277 0.2567849309 0)
(-0.08452936538 0.2592621615 0)
(-0.07606113708 0.2445107178 0)
(-0.05591034692 0.2235145053 0)
(-0.02848939816 0.2016507214 0)
(0.003019052519 0.181255888 0)
(0.03644190498 0.1631339563 0)
(0.07038187468 0.1473792206 0)
(0.1039806131 0.1337912893 0)
(0.1367315701 0.1220722222 0)
(0.1683507962 0.1119152214 0)
(0.19869144 0.1030402321 0)
(0.2276880805 0.09520459744 0)
(0.2553210674 0.08820275427 0)
(0.2815939339 0.08186174666 0)
(0.3065191745 0.07603568084 0)
(0.3301093229 0.0706004459 0)
(0.3523713641 0.06544917247 0)
(0.3733032332 0.06048851401 0)
(0.3928916064 0.05563567402 0)
(0.4111104782 0.05081604855 0)
(0.4279201999 0.04596134545 0)
(0.4432667658 0.04100805212 0)
(0.4570811983 0.03589613532 0)
(0.4692789225 0.03056786365 0)
(0.4797590402 0.02496663846 0)
(0.4884034263 0.01903571992 0)
(0.4950754427 0.01271671641 0)
(0.4996179984 0.005947448151 0)
(0.5018531265 -0.001341707138 0)
(0.5015762989 -0.009230940504 0)
(0.4985514841 -0.01781743681 0)
(0.4925084653 -0.0272267532 0)
(0.4831304126 -0.03762721798 0)
(0.4700407955 -0.04925399678 0)
(0.4527842369 -0.06244680889 0)
(0.4307996476 -0.0777087517 0)
(0.4033862088 -0.09579646311 0)
(0.3696690732 -0.1178513894 0)
(0.3285906487 -0.1455682591 0)
(0.2790000383 -0.1813424474 0)
(0.2200030382 -0.228183311 0)
(0.1518627119 -0.2888353284 0)
(0.07785177006 -0.3629661604 0)
(0.007137580626 -0.4407533203 0)
(-0.04319864648 -0.4921169718 0)
(-0.05347756463 -0.4554285989 0)
(-0.02209737609 -0.2381198508 0)
(-0.02437004821 0.1437469646 0)
(-0.06535305761 0.2521437803 0)
(-0.08227016262 0.2696989445 0)
(-0.07058604304 0.2511917275 0)
(-0.04050990432 0.2217300281 0)
(-0.001148660245 0.1918646031 0)
(0.04199065306 0.1654234285 0)
(0.08573441175 0.1432482802 0)
(0.1283607948 0.1250369454 0)
(0.1690351281 0.1101565515 0)
(0.2074252772 0.0979551699 0)
(0.2434663092 0.08786460577 0)
(0.2772265042 0.07942227877 0)
(0.308832619 0.07226296841 0)
(0.3384290338 0.06610155486 0)
(0.3661562841 0.06071540173 0)
(0.3921404178 0.05592934316 0)
(0.4164882155 0.0516038232 0)
(0.4392854891 0.04762587055 0)
(0.460596925 0.04390236408 0)
(0.4804666366 0.04035505462 0)
(0.498918982 0.03691689233 0)
(0.515959413 0.03352930568 0)
(0.5315752399 0.03014016234 0)
(0.5457362513 0.02670220771 0)
(0.5583951563 0.02317182315 0)
(0.5694878171 0.01950797712 0)
(0.5789332552 0.01567126152 0)
(0.5866334175 0.01162290958 0)
(0.59247238 0.007323685852 0)
(0.596314245 0.002732183174 0)
(0.5980046639 -0.002197475534 0)
(0.5973649403 -0.007517886504 0)
(0.5941864489 -0.01329385623 0)
(0.5882281006 -0.01960973741 0)
(0.5792043235 -0.02658030398 0)
(0.5667699533 -0.03436867268 0)
(0.5504975424 -0.04321518013 0)
(0.5298426682 -0.0534843557 0)
(0.50409249 -0.0657419576 0)
(0.4722933496 -0.08088051103 0)
(0.4331610722 -0.1003169868 0)
(0.3850077454 -0.1262753928 0)
(0.3257984943 -0.1620900372 0)
(0.2536468247 -0.2121863152 0)
(0.1685093215 -0.2806290737 0)
(0.07601193052 -0.365626904 0)
(-0.007603701512 -0.446401332 0)
(-0.0528225863 -0.4615348607 0)
(-0.02852082449 -0.2812906842 0)
(-0.03378834791 0.2024316585 0)
(-0.07343390888 0.2790813296 0)
(-0.05317219454 0.2554959687 0)
(-0.001779313438 0.2132343355 0)
(0.0594532456 0.1729459859 0)
(0.1210684043 0.1397404525 0)
(0.1791270547 0.1139771145 0)
(0.2322014844 0.09439176821 0)
(0.2801230544 0.07949926855 0)
(0.3232701565 0.06806373951 0)
(0.3621911742 0.0591540245 0)
(0.3974408539 0.05209118917 0)
(0.4295186331 0.04638634057 0)
(0.4588500591 0.04168811454 0)
(0.4857867663 0.03774234199 0)
(0.5106138879 0.03436281105 0)
(0.5335594125 0.03141077192 0)
(0.554803081 0.02878077135 0)
(0.5744840068 0.02639089576 0)
(0.5927068913 0.02417603999 0)
(0.6095469661 0.02208324063 0)
(0.6250538665 0.02006841531 0)
(0.6392546451 0.01809405945 0)
(0.6521561014 0.01612759445 0)
(0.6637465667 0.01414015637 0)
(0.6739972467 0.01210567449 0)
(0.682863191 0.01000012898 0)
(0.6902839362 0.00780090241 0)
(0.6961838481 0.005486134171 0)
(0.7004716436 0.00303387247 0)
(0.7030391817 0.0004203891257 0)
(0.703764074 -0.002375125334 0)
(0.7025023935 -0.005384242074 0)
(0.6990855579 -0.008642805874 0)
(0.6933182575 -0.01219741024 0)
(0.6849669256 -0.01611278221 0)
(0.6737453472 -0.02048254118 0)
(0.6592922475 -0.025446957 0)
(0.6411353096 -0.03122275803 0)
(0.6186337767 -0.03815426469 0)
(0.5908873799 -0.04680306435 0)
(0.5565952458 -0.05810746212 0)
(0.5138519728 -0.07366475836 0)
(0.4598966655 -0.09620783655 0)
(0.3909777349 -0.1302800911 0)
(0.3031203308 -0.1826150343 0)
(0.195231445 -0.2599244444 0)
(0.07481573659 -0.3582345601 0)
(-0.02613656671 -0.4338860447 0)
(-0.02566589479 -0.3319695815 0)
(-0.01193401531 0.2647977979 0)
(-0.01523258439 0.2631165501 0)
(0.08741797466 0.1896817102 0)
(0.1931518501 0.1349668469 0)
(0.2819224698 0.0973370229 0)
(0.3554062705 0.07148578893 0)
(0.4163301374 0.05395917641 0)
(0.4670251221 0.04205443035 0)
(0.5096434014 0.03381090348 0)
(0.5459805917 0.02794657357 0)
(0.5774115862 0.02365152501 0)
(0.6049603059 0.02041122457 0)
(0.6293883641 0.01789419331 0)
(0.6512642788 0.01588344336 0)
(0.671014276 0.01423398423 0)
(0.688959506 0.0128464637 0)
(0.7053428795 0.01165087117 0)
(0.7203481616 0.01059640474 0)
(0.7341135378 0.009645088124 0)
(0.7467413096 0.008767686124 0)
(0.7583048857 0.007941047432 0)
(0.7688538754 0.007146345518 0)
(0.7784178409 0.006367892102 0)
(0.7870090947 0.005592319701 0)
(0.7946248015 0.004808002897 0)
(0.8012485653 0.004004631362 0)
(0.806851617 0.003172870611 0)
(0.8113936738 0.002304054529 0)
(0.8148233912 0.001389861145 0)
(0.8170772688 0.0004221203521 0)
(0.8180855474 -0.0006053226141 0)
(0.8177634805 -0.001702175475 0)
(0.8160094117 -0.002880821555 0)
(0.8127113981 -0.004154052691 0)
(0.807736547 -0.005539375165 0)
(0.800924575 -0.007061966298 0)
(0.7920773006 -0.008758952301 0)
(0.7809409339 -0.01068682386 0)
(0.7671770482 -0.01293412824 0)
(0.7503145486 -0.01564386434 0)
(0.7296685904 -0.01905480205 0)
(0.7042011836 -0.0235814569 0)
(0.6722792603 -0.02997692436 0)
(0.6312528296 -0.03967964205 0)
(0.5767712052 -0.0555559121 0)
(0.5021129938 -0.08336016234 0)
(0.3979725544 -0.133729227 0)
(0.2522931536 -0.2204592822 0)
(0.07956712294 -0.3360634769 0)
(0.02858536837 -0.3403925221 0)
(0.2770865546 0.1475651467 0)
(0.3582474016 0.1245741364 0)
(0.5145960076 0.07648502761 0)
(0.6265751753 0.04644258514 0)
(0.6959683681 0.0288642741 0)
(0.74247442 0.0183821878 0)
(0.7759867401 0.01216677496 0)
(0.801131465 0.008482516304 0)
(0.8206992197 0.006249828412 0)
(0.836488822 0.004844064459 0)
(0.8496286555 0.003917329565 0)
(0.8608324351 0.003275500031 0)
(0.8705681882 0.002808470805 0)
(0.8791534222 0.002452471874 0)
(0.8868092665 0.002169511947 0)
(0.8936931225 0.001936103692 0)
(0.8999189278 0.001737083104 0)
(0.9055699331 0.001562197007 0)
(0.9107069452 0.001404185902 0)
(0.9153737989 0.001257681338 0)
(0.9196010878 0.001118554609 0)
(0.9234087768 0.0009835207676 0)
(0.9268080738 0.0008498902948 0)
(0.929802805 0.0007154080082 0)
(0.9323904432 0.0005781439618 0)
(0.9345628888 0.000436414216 0)
(0.9363070595 0.0002887144186 0)
(0.9376053229 0.000133647337 0)
(0.9384359015 -3.017374335e-05 0)
(0.9387741866 -0.0002039957601 0)
(0.9385894621 -0.0003858388322 0)
(0.9378460215 -0.0005815524673 0)
(0.9365061614 -0.0007917726766 0)
(0.9345252017 -0.00101811572 0)
(0.9318503177 -0.00126358019 0)
(0.9284179179 -0.001532698772 0)
(0.9241488027 -0.001832313891 0)
(0.918940231 -0.002173035617 0)
(0.9126529691 -0.00257173418 0)
(0.9050895898 -0.003056013412 0)
(0.8959567503 -0.003672807393 0)
(0.8847964245 -0.004506207583 0)
(0.8708530617 -0.005717783212 0)
(0.8527961009 -0.007645959358 0)
(0.8281020118 -0.01106214386 0)
(0.7917775437 -0.01783184791 0)
(0.7332049963 -0.03251942731 0)
(0.6246014218 -0.06503361104 0)
(0.4364585681 -0.1263315634 0)
(0.3122343237 -0.159183212 0)
)
;

boundaryField
{
    movingWall
    {
        type            fixedValue;
        value           uniform (1 0 0);
    }
    fixedWalls
    {
        type            noSlip;
    }
    frontAndBack
    {
        type            empty;
    }
}


// ************************************************************************* //
