/*--------------------------------*- C++ -*----------------------------------*\
  =========                 |
  \\      /  F ield         | OpenFOAM: The Open Source CFD Toolbox
   \\    /   O peration     | Website:  https://openfoam.org
    \\  /    A nd           | Version:  11
     \\/     M anipulation  |
\*---------------------------------------------------------------------------*/
FoamFile
{
    format      ascii;
    class       volScalarField;
    location    "20";
    object      p;
}
// * * * * * * * * * * * * * * * * * * * * * * * * * * * * * * * * * * * * * //

dimensions      [0 2 -2 0 0 0 0];

internalField   nonuniform List<scalar> 
2500
(
-3.70959627e-11
8.363676393e-06
-2.790584197e-05
-0.0001004409108
-0.0002036217297
-0.0003328701463
-0.0004843862849
-0.0006564491549
-0.0008484175127
-0.001060157891
-0.001291435772
-0.001541260325
-0.001807311894
-0.002085335922
-0.002368631897
-0.002647662567
-0.002909870097
-0.003139804304
-0.003319672739
-0.003430399398
-0.003453220994
-0.003371763395
-0.003174449967
-0.002857023214
-0.002424811116
-0.001893814338
-0.00129002773
-0.0006590076119
-4.510332257e-05
0.000497774474
0.0009160840101
0.001163096969
0.001205244311
0.001027797875
0.0006372612334
5.853663816e-05
-0.0006583877008
-0.001458217566
-0.002281190005
-0.003072723541
-0.003789989347
-0.004405435309
-0.004906527735
-0.005293045668
-0.005573022857
-0.00575819942
-0.005860450453
-0.005891744418
-0.005865614695
-0.005784128988
-9.314006215e-06
-1.790634591e-06
-3.6554816e-05
-0.0001022388681
-0.0001939975355
-0.0003088405403
-0.000443674999
-0.0005972949709
-0.0007690619214
-0.0009587914845
-0.001166280005
-0.001390821329
-0.001630697061
-0.001882656608
-0.002141426511
-0.002399288936
-0.002645798492
-0.002867736307
-0.003049424068
-0.003173503753
-0.003222242638
-0.00317938873
-0.003032529719
-0.002775994058
-0.002413897643
-0.001960093022
-0.001429982302
-0.0008644467959
-0.0003108368048
0.0001800585959
0.0005572816019
0.000775821217
0.0008032170964
0.0006252280145
0.0002489381889
-0.0002979581588
-0.0009753612877
-0.001719764752
-0.002479091363
-0.003202979598
-0.00385282132
-0.004407318879
-0.004857217801
-0.005204832881
-0.00545963018
-0.005633729715
-0.005738932872
-0.005786141483
-0.005779781284
-0.005698784322
2.888506238e-05
3.058023414e-05
-6.181980922e-06
-7.016089219e-05
-0.00015624444
-0.0002651330801
-0.000389381556
-0.0005311046342
-0.0006899177954
-0.0008661823594
-0.001060519053
-0.0012733104
-0.001504189569
-0.001751472446
-0.002011543785
-0.002278236222
-0.00254229104
-0.002791045422
-0.003008526347
-0.003176134539
-0.003274029765
-0.003283200734
-0.003188217201
-0.002980230713
-0.00265830091
-0.002229261315
-0.001723805315
-0.001175510806
-0.0006290910367
-0.0001368602012
0.0002480042149
0.0004779806177
0.0005180704676
0.0003518054116
-1.519216451e-05
-0.0005549731654
-0.001221635738
-0.001959075225
-0.00270402791
-0.003406660392
-0.004028949793
-0.004548987428
-0.004963057556
-0.005275973381
-0.005500781854
-0.005652502229
-0.005744433054
-0.005787004193
-0.005778849594
-0.005681599023
0.0001081604475
9.486918061e-05
5.20761408e-05
-1.355143101e-05
-9.829181431e-05
-0.0002006731213
-0.0003184783432
-0.0004521917866
-0.0006028319093
-0.0007721851113
-0.0009625580431
-0.001176329084
-0.001415343444
-0.001680138417
-0.001969016521
-0.002277042033
-0.002595133242
-0.002909503231
-0.003201727713
-0.003449657316
-0.003629234647
-0.003717089016
-0.003693664303
-0.003546315241
-0.003271222871
-0.002874815727
-0.00238348375
-0.001832883544
-0.001268558594
-0.0007443176324
-0.0003162350458
-3.599342599e-05
5.641534836e-05
-6.063447719e-05
-0.0003859155231
-0.0008941901759
-0.001539196102
-0.002261136579
-0.002995564085
-0.003687256388
-0.004291687078
-0.00478750533
-0.005169751638
-0.005448642331
-0.005640225838
-0.005763361016
-0.005834124299
-0.005863791396
-0.005848393765
-0.005740059206
0.0002235375657
0.0001860496706
0.000134058602
6.47717749e-05
-2.044479955e-05
-0.0001204973209
-0.0002354368558
-0.0003668417637
-0.0005175349878
-0.0006915802736
-0.0008940118933
-0.001130248365
-0.00140518204
-0.001721949176
-0.002080469379
-0.00247595957
-0.002897744625
-0.003328731986
-0.003745834191
-0.004121464695
-0.00442601634
-0.004630942318
-0.004711786319
-0.004650760006
-0.004439864297
-0.004086121258
-0.003613086462
-0.003054149778
-0.002454352998
-0.001868479449
-0.001355643387
-0.0009728202277
-0.0007674378949
-0.0007700161149
-0.0009883762686
-0.001404938671
-0.001978118647
-0.002648443132
-0.003348742865
-0.004016421348
-0.00460257472
-0.005078598437
-0.005435735676
-0.005687692967
-0.005850354552
-0.005946546758
-0.005995764572
-0.006011449425
-0.005990276693
-0.005883835721
0.0003665177337
0.0002983391701
0.0002346859367
0.0001597798363
7.154279958e-05
-3.077177952e-05
-0.0001494829777
-0.0002884653772
-0.0004533426711
-0.0006516020331
-0.0008921811703
-0.001184495112
-0.001536930258
-0.001954912619
-0.002438818594
-0.002982136047
-0.003570331803
-0.004180782844
-0.004783888044
-0.00534528821
-0.005828968027
-0.006200649722
-0.006430415561
-0.00649436792
-0.006378648647
-0.006089033571
-0.005646321053
-0.005078468085
-0.004427995565
-0.003748979358
-0.003102671169
-0.002551600999
-0.002152534148
-0.001948691239
-0.001962625909
-0.002191332647
-0.002605143921
-0.003151553906
-0.003764158876
-0.004374918393
-0.004926296498
-0.005380626277
-0.005723546605
-0.005956127916
-0.006100386953
-0.006179308605
-0.006214220972
-0.006221031826
-0.006199084178
-0.006106066743
0.0005249500105
0.0004213028241
0.0003441001688
0.0002620903568
0.0001674745392
5.663830429e-05
-7.582975503e-05
-0.0002372332437
-0.0004372603345
-0.0006881207664
-0.001003745818
-0.001398113087
-0.001882874061
-0.002464615847
-0.003142287278
-0.003905358603
-0.004733178918
-0.005595696404
-0.006455376866
-0.00727005695
-0.007996512314
-0.008594097588
-0.009027078406
-0.009265310944
-0.009287616635
-0.009092495701
-0.008698738667
-0.008128944584
-0.007420402072
-0.006623469148
-0.00579904162
-0.005013616432
-0.00433322535
-0.003815964005
-0.003504096783
-0.003416844003
-0.003545954874
-0.003855731511
-0.004288700998
-0.004776434288
-0.005252973241
-0.005667314506
-0.005990962058
-0.006217583282
-0.006357536533
-0.006434295712
-0.006468149881
-0.006476400626
-0.006461297339
-0.006389747698
0.0006845001898
0.0005390567846
0.0004477429541
0.00035679562
0.000251041887
0.0001228620581
-3.739933625e-05
-0.000241797245
-0.0005054887877
-0.0008466444436
-0.00128491757
-0.001838758693
-0.002522035084
-0.003340600431
-0.004289577775
-0.005351939039
-0.006498683327
-0.007690496539
-0.008880474644
-0.01001752541
-0.01105035021
-0.01193134847
-0.01261887072
-0.01307671604
-0.01327512553
-0.01320346465
-0.01288611892
-0.01233413315
-0.01157577654
-0.01065488919
-0.009628446367
-0.008562945453
-0.007530275433
-0.006601801023
-0.005841023494
-0.005294981042
-0.004986603732
-0.004909705593
-0.005028959923
-0.005286274975
-0.005612898132
-0.005944165852
-0.006232167076
-0.006452210872
-0.006601339001
-0.006691326035
-0.006739882952
-0.006762746288
-0.006763485242
-0.00671786966
0.0008185833132
0.0006312246051
0.0005253025027
0.0004226636678
0.0002990377456
0.0001414910296
-6.518718354e-05
-0.0003392371256
-0.0007026471457
-0.001180464434
-0.001798162355
-0.002577730032
-0.003533324167
-0.004667441234
-0.005968451081
-0.007409958679
-0.008952017685
-0.01054386653
-0.01212761813
-0.01364243492
-0.01502880101
-0.01623249117
-0.01720691616
-0.01791234671
-0.01831407673
-0.01839231358
-0.01818130196
-0.01767235871
-0.01688623291
-0.01585872808
-0.0146387852
-0.01328693358
-0.01187401341
-0.01047780348
-0.009177843448
-0.008048360278
-0.007149181611
-0.006515773183
-0.006151907463
-0.006027787494
-0.006085937725
-0.006254579503
-0.006464573712
-0.00666399482
-0.006825162668
-0.006942238372
-0.007021312116
-0.007072027478
-0.007097841308
-0.007079873624
0.0009025128606
0.000672454471
0.0005509593377
0.0004324035764
0.0002816857328
7.923324596e-05
-0.0001970922135
-0.0005731121942
-0.001078725462
-0.001746173271
-0.002605980929
-0.003681748663
-0.004985032542
-0.006511496612
-0.008239070191
-0.01012847058
-0.01212584032
-0.01416685072
-0.0161816178
-0.01809975147
-0.01985488117
-0.0213881373
-0.02265024373
-0.02360260798
-0.02421865455
-0.02448370095
-0.02438348175
-0.02393523722
-0.02315254537
-0.0220589436
-0.02069017307
-0.01909426915
-0.01733212672
-0.01547738987
-0.0136150033
-0.01183727014
-0.01023637221
-0.008893886044
-0.007867576071
-0.007178451664
-0.006804613313
-0.006685650715
-0.006738405103
-0.006879048531
-0.007042807826
-0.007192878307
-0.007314358587
-0.007404975025
-0.007464491079
-0.00747470104
0.0009044884532
0.0006327338461
0.0004941532596
0.0003536796851
0.0001640534549
-0.0001021503447
-0.0004752824702
-0.0009898850376
-0.001684292406
-0.002597397595
-0.003762943398
-0.005203080938
-0.006922800014
-0.008906495439
-0.01111730133
-0.01349924729
-0.01598176788
-0.01848568693
-0.02092963656
-0.02323588329
-0.02533468006
-0.0271667853
-0.02868489204
-0.02985546312
-0.0306597819
-0.0310862299
-0.03111183875
-0.03074799307
-0.03000536405
-0.02889925018
-0.0274521169
-0.02569570257
-0.02367351621
-0.02144371422
-0.0190817472
-0.01668153431
-0.01435330212
-0.01221621373
-0.01038428649
-0.008947019291
-0.007947693535
-0.00736961816
-0.007139105797
-0.007147201375
-0.007282565693
-0.007460149491
-0.007631305863
-0.007771857402
-0.007870053928
-0.007910974831
0.0007902386396
0.0004794155989
0.0003214342059
0.0001512453439
-9.136928579e-05
-0.0004426805025
-0.0009422703172
-0.001634042391
-0.002564484048
-0.00377753227
-0.005307119451
-0.007169723009
-0.009358850402
-0.0118425583
-0.01456463162
-0.01744916072
-0.02040756274
-0.02334669565
-0.02617657887
-0.02881642564
-0.03119815771
-0.03326749674
-0.03498409321
-0.0363223802
-0.03727098613
-0.03782291836
-0.03795882143
-0.03768512346
-0.0370093032
-0.03594014538
-0.03448870211
-0.03267070984
-0.03050954445
-0.02804066132
-0.02531716295
-0.02241593588
-0.01944249704
-0.01653155541
-0.01383925267
-0.01152373455
-0.009714456304
-0.008476865909
-0.00778854056
-0.007543454687
-0.007587593401
-0.007771684149
-0.007990820347
-0.008187035924
-0.008330830007
-0.008405473344
0.0005255484638
0.0001796875057
-8.369208831e-07
-0.0002100006829
-0.0005211590237
-0.0009800805816
-0.00163614655
-0.002542549723
-0.003752661525
-0.005312707936
-0.007252662771
-0.009578242832
-0.01226600563
-0.01526269889
-0.01848923737
-0.02184845247
-0.02523498847
-0.02854530233
-0.03168589338
-0.03457853428
-0.03716214936
-0.03939205501
-0.04123832404
-0.04268473882
-0.04372660122
-0.04436241116
-0.04458183907
-0.04438906994
-0.04378988008
-0.04278869375
-0.0413887016
-0.03959334968
-0.0374084942
-0.03484650805
-0.0319325894
-0.02871361827
-0.02526872883
-0.02171913213
-0.01823222058
-0.0150127609
-0.01227434424
-0.01019061014
-0.008839632993
-0.008170296519
-0.008016191011
-0.008159963094
-0.008415692407
-0.008669916541
-0.008864983815
-0.008980722463
7.924196574e-05
-0.0002963929557
-0.0005032057603
-0.0007613952757
-0.001156948078
-0.001745327185
-0.002585674109
-0.003739550217
-0.005264924425
-0.007206561645
-0.009585558536
-0.01239144414
-0.01557874375
-0.01906924959
-0.02275969416
-0.02653314587
-0.03027156088
-0.03386678338
-0.03722805146
-0.04028529885
-0.04298871612
-0.04530593759
-0.04721866263
-0.04871982571
-0.04981033555
-0.05049333736
-0.0507683323
-0.05063958189
-0.05011177681
-0.04918749527
-0.0478662223
-0.04614451021
-0.04401678384
-0.04147785749
-0.03852790811
-0.03518106256
-0.03147819034
-0.02750322753
-0.02339948776
-0.01937798789
-0.01570547558
-0.01266014334
-0.01045500177
-0.00915601728
-0.008645923987
-0.008665895907
-0.008931229436
-0.009241068323
-0.009493544839
-0.009659671605
-0.000573565977
-0.0009726359879
-0.001209664696
-0.001526806469
-0.002021480989
-0.002758506649
-0.003806055307
-0.005232295921
-0.007096658965
-0.009438043192
-0.01226362682
-0.01554185994
-0.0192015992
-0.02313832995
-0.02722614169
-0.03133265569
-0.03533333802
-0.03912214139
-0.04261696578
-0.04576015407
-0.04851543373
-0.05086320061
-0.05279585039
-0.05431395946
-0.05542285278
-0.05612905361
-0.05643769316
-0.05635417792
-0.05588354203
-0.05502839707
-0.05378773967
-0.05215618109
-0.05012344005
-0.04767490387
-0.04479414232
-0.0414689766
-0.03770271466
-0.03353199347
-0.02905062023
-0.02443409889
-0.0199519472
-0.01594752604
-0.01276661521
-0.01063986771
-0.009576033808
-0.00934199845
-0.009565303454
-0.009921814228
-0.01023693417
-0.01046631433
-0.001448471161
-0.001863706087
-0.002134511218
-0.002519386037
-0.003125341026
-0.004025654562
-0.005296129148
-0.007009080476
-0.009221752078
-0.01196273595
-0.01522088618
-0.01894007034
-0.02302204519
-0.02733734052
-0.0317415934
-0.03609322772
-0.04026814474
-0.04416854624
-0.04772531727
-0.05089533318
-0.05365595133
-0.05599887185
-0.05792482285
-0.05943958029
-0.06055108161
-0.06126738993
-0.06159569015
-0.06154241246
-0.06111320584
-0.06031166146
-0.05913823618
-0.05758902654
-0.05565434994
-0.0533176943
-0.05055580246
-0.04734122106
-0.04364956456
-0.0394743921
-0.03485186645
-0.02989455773
-0.02482578206
-0.01999337894
-0.01583071323
-0.01273969057
-0.01092023271
-0.01025736347
-0.01035161175
-0.01073447848
-0.01111521227
-0.01142300021
-0.00254949503
-0.002972822483
-0.003280012702
-0.003739292005
-0.004464875085
-0.005537086169
-0.007037410226
-0.009039448165
-0.01159458658
-0.01471730145
-0.01837494495
-0.02248529767
-0.02692402019
-0.03154043378
-0.03617765133
-0.04069173322
-0.04496523998
-0.04891305281
-0.05248116808
-0.05564096271
-0.05838176775
-0.06070393283
-0.06261356569
-0.06411903144
-0.06522885112
-0.06595079257
-0.06629212699
-0.06625934691
-0.06585820371
-0.06509346507
-0.06396788991
-0.06248089114
-0.06062668595
-0.05839221458
-0.05575529483
-0.05268408115
-0.04913981985
-0.04508602155
-0.04050855151
-0.0354499764
-0.03005651306
-0.02462267102
-0.01959884405
-0.01551321451
-0.01278341225
-0.01149708399
-0.01133239807
-0.01170296771
-0.0121477604
-0.01255017475
-0.003867840772
-0.00429050838
-0.004635209159
-0.005172680788
-0.006021559235
-0.00726739595
-0.008995078178
-0.01127659208
-0.01415426515
-0.01762577499
-0.02163545394
-0.02607561329
-0.03079893247
-0.03563882969
-0.04043234313
-0.04503930894
-0.0493534843
-0.05330468818
-0.0568540462
-0.05998574825
-0.06269841636
-0.06499806726
-0.06689335785
-0.06839290967
-0.06950413538
-0.07023320611
-0.07058599772
-0.07056824993
-0.07018544095
-0.06944325001
-0.06834673489
-0.06689911587
-0.06509988529
-0.06294229888
-0.0604104052
-0.05747624565
-0.05409866708
-0.05022657665
-0.04581143613
-0.04083549224
-0.03536007089
-0.02958916844
-0.02392130872
-0.01893312942
-0.01522760208
-0.01314884417
-0.01256061659
-0.0128529984
-0.01335434793
-0.01386595563
-0.005381777883
-0.005794525597
-0.006176001625
-0.006792109444
-0.007762912537
-0.009177120565
-0.01112065556
-0.01366129911
-0.01683000946
-0.02060633436
-0.02491185335
-0.02961585354
-0.03455255217
-0.03954529813
-0.04443092813
-0.04907765129
-0.05339290121
-0.05732166591
-0.06083864075
-0.06393821032
-0.06662533605
-0.0689089009
-0.07079777762
-0.07229911202
-0.0734180575
-0.07415842509
-0.07452392053
-0.07451889543
-0.07414832017
-0.07341841006
-0.07233609995
-0.07090808642
-0.06913915956
-0.06702973252
-0.06457247994
-0.0617482812
-0.05852228206
-0.05484213179
-0.05064263317
-0.04586413823
-0.04049379402
-0.03463356517
-0.02858252031
-0.02288386583
-0.01824803558
-0.01527695995
-0.01409703798
-0.01420991463
-0.01475098255
-0.01538432785
-0.007057821794
-0.00745110758
-0.007866567793
-0.008558288929
-0.00964475386
-0.01121567942
-0.01335579762
-0.01612667192
-0.01954670189
-0.02357734833
-0.02811927841
-0.03302247039
-0.03810777462
-0.04319392389
-0.04812212743
-0.05277170307
-0.05706432882
-0.06095887357
-0.06444114644
-0.06751284831
-0.0701825411
-0.07245970323
-0.07435175594
-0.07586328235
-0.07699654541
-0.07775265097
-0.07813295416
-0.07814015964
-0.07777856727
-0.07705457896
-0.07597646532
-0.07455369384
-0.07279561589
-0.07070933653
-0.06829650362
-0.06554886719
-0.06244283455
-0.05893422214
-0.0549563305
-0.05042795412
-0.0452824629
-0.03952929325
-0.03334822955
-0.02718619394
-0.02176835811
-0.01789519395
-0.01599624178
-0.01579774853
-0.01634866077
-0.01711299629
-0.008852956611
-0.009217255955
-0.009661835688
-0.01042286811
-0.01161440472
-0.01332508854
-0.0156365583
-0.01860286957
-0.02222979256
-0.02646199891
-0.03118222414
-0.03622548742
-0.04140421637
-0.04653698997
-0.05147237181
-0.05610177083
-0.06036020818
-0.06421823671
-0.06767002516
-0.07072190859
-0.07338381297
-0.07566418379
-0.07756796388
-0.07909664377
-0.08024939983
-0.08102459575
-0.08142134674
-0.08144098661
-0.08108692264
-0.08036551561
-0.07928589797
-0.07785954046
-0.07609932084
-0.07401788951
-0.07162495968
-0.06892311508
-0.06590191105
-0.06253066493
-0.05875187802
-0.0544803847
-0.04961875614
-0.04410520117
-0.03800469809
-0.0316335949
-0.02564983847
-0.0209585486
-0.01828424257
-0.01763832164
-0.0181482913
-0.01904937858
-0.01071758103
-0.01104378281
-0.01151065034
-0.01233184895
-0.01361437709
-0.01544392081
-0.01789755185
-0.02102127643
-0.02480913536
-0.02919129142
-0.03403619475
-0.03916831933
-0.04439595619
-0.04954072898
-0.05446000274
-0.05905686393
-0.06327783237
-0.06710257146
-0.07053097543
-0.07357177797
-0.07623462861
-0.07852591895
-0.0804476176
-0.08199800989
-0.0831733082
-0.08396936055
-0.08438326905
-0.08441538435
-0.0840681827
-0.08334788593
-0.08226415568
-0.08082981182
-0.07906024439
-0.07697230099
-0.07458224572
-0.07190223394
-0.06893471426
-0.06566454745
-0.0620496461
-0.05801362401
-0.05344900463
-0.04824781677
-0.04238027367
-0.03602534134
-0.0297179428
-0.02437034912
-0.02093933204
-0.01974481571
-0.02013685933
-0.02117786265
-0.01259876168
-0.01287870164
-0.01335928521
-0.01422927123
-0.01558613965
-0.01751109987
-0.02007563562
-0.02331783181
-0.02722161566
-0.03170559787
-0.0366278204
-0.04180629056
-0.04704852799
-0.05218114202
-0.05707047796
-0.06162992528
-0.06581518136
-0.0696124478
-0.07302506451
-0.07606245429
-0.07873291445
-0.08104026529
-0.08298340141
-0.08455756094
-0.08575628971
-0.08657331169
-0.08700404024
-0.08704822154
-0.0867073131
-0.08598751849
-0.08489885892
-0.08345502962
-0.08167310471
-0.07957289308
-0.0771755876
-0.07450110617
-0.07156329267
-0.06836229684
-0.06487404219
-0.06103870135
-0.05675447004
-0.05189139625
-0.04635080898
-0.04018840476
-0.03379006204
-0.02799413548
-0.02389188755
-0.02210814859
-0.02228689445
-0.02346594179
-0.01444382238
-0.01466994749
-0.01515497978
-0.01606076279
-0.0174735511
-0.01946917543
-0.0221128686
-0.02543537766
-0.02941265033
-0.03395508998
-0.03891411072
-0.04410471648
-0.04933605483
-0.05444061117
-0.05929298104
-0.06381492588
-0.06796886715
-0.07174519032
-0.07514883086
-0.07818868954
-0.0808711052
-0.08319719123
-0.08516293864
-0.08676086429
-0.08798221992
-0.08881915035
-0.08926636385
-0.08932066362
-0.08898503663
-0.08826528413
-0.08717157962
-0.08571819065
-0.08392330189
-0.08180872789
-0.07939916993
-0.07672044701
-0.07379575453
-0.07063894325
-0.06724398737
-0.06357132905
-0.05953512506
-0.05500316935
-0.04983441708
-0.04398636177
-0.03769510401
-0.03166985888
-0.02703597598
-0.02468412815
-0.02455926825
-0.02586379564
-0.01620842921
-0.01636691828
-0.01684984062
-0.01777677088
-0.01922579376
-0.02126700958
-0.02395875737
-0.02732524252
-0.03133690449
-0.03589947947
-0.04086124208
-0.04603687932
-0.05123873858
-0.05630536008
-0.06111826125
-0.06560538763
-0.06973350798
-0.07349514171
-0.0768953751
-0.07994179051
-0.08263851489
-0.0849840755
-0.08697188696
-0.08859216083
-0.0898342557
-0.09068885952
-0.09114956038
-0.0912132821
-0.09088196445
-0.09016162565
-0.08906271278
-0.08759996286
-0.08579234581
-0.08366305151
-0.08123922213
-0.07855098448
-0.07562879588
-0.07249803556
-0.06916922686
-0.06562383215
-0.06179755235
-0.05756988857
-0.0527815762
-0.0473191007
-0.04128606413
-0.03523549577
-0.03024261459
-0.02738914648
-0.02690603678
-0.02830795204
-0.01784111364
-0.01793310071
-0.01840370671
-0.01933484317
-0.02079965369
-0.02286170902
-0.02557167511
-0.02894805731
-0.03295837879
-0.03750722567
-0.04244360713
-0.04758253269
-0.05274123801
-0.05776401897
-0.06253762272
-0.06699396483
-0.07110197144
-0.07485453713
-0.07825577506
-0.08131145155
-0.08402346255
-0.08638801913
-0.08839636174
-0.09003682014
-0.09129723259
-0.09216710687
-0.092639172
-0.09271015796
-0.09238158672
-0.09165955659
-0.09055476311
-0.08908237188
-0.08726198621
-0.08511781319
-0.08267873704
-0.07997801401
-0.0770515755
-0.07393408664
-0.07065041757
-0.06720187796
-0.06354778044
-0.05958800383
-0.05516403473
-0.05011743145
-0.04444559683
-0.03854240138
-0.0333722158
-0.03011103524
-0.02926990371
-0.03072773539
-0.01930978027
-0.01933135214
-0.01977993552
-0.02070194886
-0.02216126917
-0.02422011643
-0.02691986667
-0.03027442503
-0.03425074765
-0.03875486792
-0.04364272077
-0.04872605042
-0.0538309316
-0.05880634254
-0.0635422606
-0.06797242856
-0.07206592762
-0.07581450398
-0.07922040761
-0.08228728339
-0.08501490507
-0.08739749954
-0.08942454647
-0.09108288299
-0.09235913686
-0.09324186806
-0.09372310632
-0.09379925472
-0.0934715998
-0.0927462853
-0.09163423733
-0.09015105568
-0.08831693171
-0.0861568719
-0.08370112547
-0.08098537831
-0.07804971715
-0.07493607651
-0.07168128531
-0.06830442019
-0.0647880524
-0.06105680593
-0.05696607256
-0.05233600974
-0.04708524145
-0.04146259462
-0.03628499041
-0.03273489877
-0.03157850416
-0.03304995124
-0.02058881993
-0.02054068016
-0.02095340178
-0.02184917833
-0.02328764569
-0.02531924443
-0.02798132411
-0.03128495624
-0.03519798172
-0.03962661465
-0.0444469303
-0.04945538571
-0.05449771121
-0.05942322106
-0.06412356673
-0.06853225148
-0.07261664922
-0.07636601923
-0.0797800123
-0.08285993
-0.08560355317
-0.08800344111
-0.09004769098
-0.09172198627
-0.09301199602
-0.09390552511
-0.09439393393
-0.09447327814
-0.0941445923
-0.09341399524
-0.0922926061
-0.09079648036
-0.08894637408
-0.08676794055
-0.0842926541
-0.08155844519
-0.07860877743
-0.07549093137
-0.07225159705
-0.06892540181
-0.06551634203
-0.0619750176
-0.05817884747
-0.05394576807
-0.0491407921
-0.04389202304
-0.0388568663
-0.03515772154
-0.03374229
-0.03520015261
-0.02166145964
-0.0215467042
-0.02191372977
-0.02276722352
-0.02416239693
-0.02614372559
-0.02874342453
-0.03197124039
-0.03579525037
-0.04012803624
-0.04483822291
-0.04975998866
-0.05473076578
-0.05960438534
-0.06427212455
-0.06866461476
-0.07274550584
-0.07650055704
-0.07992638317
-0.08302175649
-0.08578251377
-0.08819978744
-0.0902606073
-0.09194978755
-0.0932522302
-0.09415519611
-0.09464918408
-0.09473000437
-0.09439834047
-0.0936601937
-0.09252681119
-0.09101465159
-0.08914463365
-0.08694366685
-0.08444413477
-0.08168631105
-0.07871662224
-0.07558620432
-0.07235004032
-0.06905618996
-0.06572759276
-0.06233993332
-0.05879688185
-0.0549278901
-0.0505668067
-0.04574950652
-0.0409805568
-0.03727388261
-0.03567289072
-0.03710428952
-0.02252069231
-0.02234425905
-0.02265799227
-0.02345354715
-0.02478375509
-0.026690312
-0.02920045766
-0.03232258138
-0.0360278283
-0.04023702281
-0.04482644143
-0.04964497079
-0.05453390049
-0.0593504102
-0.0639846497
-0.0683633222
-0.07244503554
-0.07621067203
-0.07965279721
-0.08276715981
-0.08554752917
-0.08798370167
-0.09006182929
-0.091766074
-0.09308074419
-0.09399236376
-0.09449115456
-0.09457222538
-0.09423578875
-0.09348772266
-0.0923393274
-0.09080740643
-0.08891153237
-0.08668257451
-0.08415259681
-0.08136408654
-0.07836454505
-0.07521196567
-0.07196677912
-0.06868823812
-0.06541581075
-0.06214809918
-0.05881635329
-0.05527037234
-0.05133207947
-0.04697295123
-0.04256314752
-0.03897890527
-0.03728202243
-0.03869115956
-0.02316855684
-0.02293746966
-0.02319180552
-0.02391449428
-0.02515896107
-0.02696593585
-0.02935883501
-0.03234553432
-0.03590261229
-0.0399617254
-0.04441125699
-0.04910936789
-0.05390448904
-0.05865704891
-0.06325556178
-0.06762193059
-0.07170854438
-0.07549012686
-0.07895411949
-0.08209255961
-0.08489682229
-0.08735528708
-0.08945327959
-0.09117440816
-0.09250248585
-0.09342346723
-0.09392703446
-0.09400771216
-0.09366495189
-0.09290449209
-0.09173734016
-0.09018008617
-0.08825460445
-0.08599006433
-0.08342180173
-0.08059421013
-0.07754935146
-0.07436412199
-0.07109658923
-0.06781570877
-0.06457642271
-0.06139699617
-0.05823527204
-0.05496636434
-0.05141608376
-0.04751543731
-0.04352508709
-0.04017365274
-0.03848324031
-0.03989110452
-0.02361498079
-0.02333840775
-0.02352904367
-0.02416522301
-0.02530355509
-0.02698595899
-0.02923389231
-0.03205591819
-0.03543531375
-0.03931581315
-0.04359941112
-0.04815590302
-0.0528419489
-0.05752122279
-0.06208015714
-0.06643491647
-0.07053043655
-0.07433400365
-0.07782681394
-0.08099634143
-0.08383100892
-0.08631747621
-0.08844012152
-0.09018198069
-0.09152639594
-0.09245879494
-0.09296824352
-0.09304867525
-0.09269866416
-0.09192359546
-0.09073412635
-0.08914680356
-0.08718425074
-0.08487589693
-0.08225857146
-0.07937711066
-0.07628419149
-0.07304927064
-0.06974218865
-0.06643859468
-0.0632091919
-0.060087505
-0.05705511356
-0.05401436135
-0.0508063406
-0.04734158757
-0.04379779802
-0.04076384343
-0.03918940166
-0.04062967133
-0.02387633773
-0.02356516256
-0.02369015448
-0.02422812592
-0.02524050942
-0.02677284546
-0.02884713672
-0.0314741412
-0.03464471349
-0.03831557935
-0.04240399323
-0.04679386783
-0.05135159894
-0.05594467349
-0.06045738214
-0.0647994455
-0.06890720337
-0.07273919219
-0.07626909309
-0.07947872909
-0.08235274068
-0.08487550793
-0.08703013406
-0.08879892005
-0.09016466763
-0.09111224532
-0.09163001758
-0.09171097658
-0.09135401042
-0.09056269558
-0.08934753759
-0.08772504468
-0.0857181679
-0.08335703013
-0.0806797636
-0.07773343916
-0.07457562151
-0.07127598539
-0.06791252455
-0.06456852557
-0.0613222073
-0.05822681555
-0.05528308349
-0.05241909596
-0.04949798552
-0.04642555508
-0.04332177977
-0.0406581878
-0.03930616951
-0.04081693872
-0.02397377147
-0.02363997927
-0.02370003566
-0.02413069979
-0.02499847178
-0.02635474705
-0.02822515003
-0.03062479626
-0.03355329833
-0.0369813757
-0.04084304548
-0.04503814272
-0.04944448035
-0.05393450303
-0.05839086032
-0.06271657641
-0.06683851702
-0.07070520466
-0.07428140477
-0.07754196093
-0.08046661614
-0.08303663252
-0.08523327415
-0.08703776949
-0.08843220138
-0.08940080271
-0.08993126734
-0.09001585872
-0.08965234111
-0.08884384261
-0.0876002703
-0.08593787344
-0.08387979733
-0.08145690509
-0.07870876714
-0.07568490515
-0.07244628056
-0.06906585973
-0.06562739788
-0.06222107968
-0.05893380358
-0.05583149806
-0.05293451571
-0.05019338624
-0.04749473938
-0.04475066629
-0.04204569785
-0.03976611594
-0.03872229347
-0.04033400458
-0.0239314191
-0.023587476
-0.02358596878
-0.02390332285
-0.02460964456
-0.0257638224
-0.02739863421
-0.02953656429
-0.03218777375
-0.03533804138
-0.03893930624
-0.04290874011
-0.04713720889
-0.05150358541
-0.05588985298
-0.06019257537
-0.06432863477
-0.06823544893
-0.07186744617
-0.07519099736
-0.07817958663
-0.08081024975
-0.08306159676
-0.08491324261
-0.0863462297
-0.08734398213
-0.08789341847
-0.08798595984
-0.08761842812
-0.08679322411
-0.08551970719
-0.0838137684
-0.08169866629
-0.0792060013
-0.07637682944
-0.07326303941
-0.06992874671
-0.06645092198
-0.06291840111
-0.05942756875
-0.05607296001
-0.05293071565
-0.05003502922
-0.04736043249
-0.04481094356
-0.04231108815
-0.03992761229
-0.03799654085
-0.03730002831
-0.03902027724
-0.02377467171
-0.02343299498
-0.02337569632
-0.02357702963
-0.02410747697
-0.02503413934
-0.02640071883
-0.02824095642
-0.03057809932
-0.03341421973
-0.03672003456
-0.04043109816
-0.04445274904
-0.04867183219
-0.05297095279
-0.05724089671
-0.06138848461
-0.06533924231
-0.0690359684
-0.07243503153
-0.07550213847
-0.0782087681
-0.08052982545
-0.0824425595
-0.08392648601
-0.08496394094
-0.08554093148
-0.08564797446
-0.08528098847
-0.08444137964
-0.08313823034
-0.08138700068
-0.07921098278
-0.07664247987
-0.07372399498
-0.07050968267
-0.06706673705
-0.06347603246
-0.05983104865
-0.05623354666
-0.0527842868
-0.04956712453
-0.04662727595
-0.0439557097
-0.04147397997
-0.03911479918
-0.03693813483
-0.03525919471
-0.03487214216
-0.03666748904
-0.02352859145
-0.0232012054
-0.02309573633
-0.02318134097
-0.02352418212
-0.02419917196
-0.0252646574
-0.02677032215
-0.02875585025
-0.03124124902
-0.03421660543
-0.03763641042
-0.041421437
-0.04546784958
-0.04966028
-0.05388478061
-0.05803849597
-0.06203469766
-0.06580355621
-0.06929003771
-0.07245053247
-0.07524950466
-0.07765692178
-0.07964672351
-0.08119624621
-0.08228633702
-0.08290189885
-0.08303250997
-0.08267328538
-0.08182402005
-0.08049412348
-0.0786986017
-0.07646074345
-0.07381347747
-0.07080063604
-0.06747845884
-0.06391696069
-0.06020049946
-0.05642653858
-0.0527011406
-0.04912963861
-0.04580126485
-0.0427687134
-0.0400303705
-0.03752668334
-0.03518605666
-0.03306442174
-0.03147062383
-0.03125288348
-0.03302674486
-0.02321657906
-0.02291506518
-0.02277007036
-0.02274230402
-0.0228882039
-0.02328904464
-0.02402122821
-0.02515563354
-0.02675254953
-0.02885202849
-0.03146396618
-0.0345617286
-0.0380817853
-0.04193047694
-0.0459957306
-0.05016011878
-0.05431193232
-0.05835233768
-0.06219833253
-0.06578239649
-0.06905022034
-0.07195781184
-0.07446888709
-0.07655300231
-0.07818451971
-0.07934226778
-0.08000972357
-0.08017539594
-0.07983369769
-0.07898333652
-0.07763303052
-0.07579785768
-0.07350129693
-0.0707767397
-0.06766911177
-0.06423640868
-0.06055095614
-0.05669982578
-0.05278337711
-0.04891047011
-0.04518900271
-0.04171076487
-0.03853172365
-0.03565428994
-0.03302525264
-0.03056379623
-0.02831152548
-0.02656387976
-0.0262630555
-0.02783042685
-0.0228593867
-0.02259522625
-0.02241930619
-0.02228092033
-0.02222185237
-0.02232773783
-0.02269604763
-0.02342429137
-0.02459809873
-0.02628001019
-0.02850011821
-0.03124992537
-0.03448100594
-0.03810997933
-0.04202891444
-0.04611814473
-0.05025825918
-0.05433899616
-0.05826420742
-0.06195329763
-0.06534022805
-0.06837130532
-0.07100274402
-0.07319861485
-0.07492943612
-0.0761714078
-0.07690615895
-0.07712080848
-0.07680843258
-0.07596999422
-0.07460974069
-0.07274417694
-0.07039722155
-0.06760244018
-0.06440549369
-0.06086559728
-0.05705654671
-0.0530668986
-0.04899824515
-0.04496010627
-0.04106033252
-0.03739005602
-0.03400462437
-0.03090578175
-0.02803481649
-0.0252942112
-0.0226950783
-0.0204918835
-0.01975210415
-0.02082141395
-0.02247466805
-0.02225998239
-0.02206036911
-0.02181209488
-0.02153935877
-0.02133056028
-0.02130705748
-0.02159812441
-0.02231944209
-0.02355852191
-0.02536583758
-0.02774971539
-0.03067534034
-0.03406879504
-0.03782647188
-0.04182744384
-0.04594589705
-0.05006127339
-0.05406491777
-0.05786319596
-0.06137784263
-0.06454460761
-0.06731119187
-0.069635189
-0.071482427
-0.07282585778
-0.07364495417
-0.07392556584
-0.07365998919
-0.07284728666
-0.07149109145
-0.06960952349
-0.06722629046
-0.06437473972
-0.06110076136
-0.05746393255
-0.05353823199
-0.0494118793
-0.04518529589
-0.04096567526
-0.03685737232
-0.03294694509
-0.02928465661
-0.0258656703
-0.02261775546
-0.0194139744
-0.01622022686
-0.0132051339
-0.01158525624
-0.01177299677
-0.02207743291
-0.02192604249
-0.02170678897
-0.02134422588
-0.02084566964
-0.02030238708
-0.0198627105
-0.01969203478
-0.01993990101
-0.02072065463
-0.02210488805
-0.02411594788
-0.02673030318
-0.02988177484
-0.03347048034
-0.03737474742
-0.04146359273
-0.04560759335
-0.04968677929
-0.05359517836
-0.05724245263
-0.06055349068
-0.06346687932
-0.06593301278
-0.06791232921
-0.06937394898
-0.07029475285
-0.07065905783
-0.07045843404
-0.06969212601
-0.0683588373
-0.06648050443
-0.06408056023
-0.06119209399
-0.05786040019
-0.05414403738
-0.05011529005
-0.04585948889
-0.04147260014
-0.03705547355
-0.03270443732
-0.02849638571
-0.02447085285
-0.02060900884
-0.01681591205
-0.01292347811
-0.008852459535
-0.004592565073
-0.001576585159
-0.000472706778
-0.02168138574
-0.02161146642
-0.02136983568
-0.02087972411
-0.02013649893
-0.01923747088
-0.01836170862
-0.01771412933
-0.01747979666
-0.01780021
-0.01876508509
-0.02041041696
-0.02272100393
-0.02563595954
-0.02905781892
-0.03286414062
-0.03691976771
-0.04108795183
-0.04523900546
-0.04925591746
-0.05303710184
-0.05649692128
-0.05956478944
-0.06218359007
-0.06430795513
-0.06590274745
-0.06694187167
-0.0674074863
-0.06728944851
-0.06658582332
-0.06530628312
-0.06345643672
-0.06106449745
-0.05816479268
-0.05480093732
-0.0510286169
-0.04691592891
-0.0425419646
-0.03799400615
-0.03336137405
-0.02872650895
-0.02414981838
-0.0196525045
-0.01519120347
-0.0106355743
-0.005763719293
-0.0004834378024
0.005594520534
0.01058852782
0.01338156337
-0.02130353002
-0.02134268169
-0.02106136744
-0.0204172764
-0.01940059411
-0.01812227857
-0.01679535268
-0.01566841961
-0.01495909686
-0.01483417469
-0.01540040462
-0.01670329871
-0.01873261802
-0.0214299466
-0.02469848181
-0.02841454591
-0.03243950456
-0.03663076692
-0.04085073839
-0.04497310752
-0.04888644514
-0.05249554834
-0.05572118773
-0.05849892557
-0.06077755625
-0.06251754677
-0.06368970562
-0.06427423049
-0.06426032452
-0.06364645778
-0.06243990669
-0.06064431193
-0.05828977717
-0.05540871761
-0.05204199398
-0.04824059915
-0.04406555196
-0.03958568563
-0.03487450917
-0.03000333078
-0.02503315339
-0.01999836556
-0.01489097413
-0.009628842855
-0.004037453662
0.002163881511
0.009191431565
0.01778133182
0.02534858223
0.03042341365
-0.02099096708
-0.02115646597
-0.02080347878
-0.01995673941
-0.01862602292
-0.01694351224
-0.01515395009
-0.01356191522
-0.01240315377
-0.01186733752
-0.01207447621
-0.01307533744
-0.01486110127
-0.01737302176
-0.02051312276
-0.02415582516
-0.02815948844
-0.03237702614
-0.0366647858
-0.04088913303
-0.04493060713
-0.04868590808
-0.05206822937
-0.05500650153
-0.05744408094
-0.05933725126
-0.06065383899
-0.06137202185
-0.06147944746
-0.06097248409
-0.05985652362
-0.0581487965
-0.05586247012
-0.05303011537
-0.04968958677
-0.04588465368
-0.0416663997
-0.03708931778
-0.03220759738
-0.02706659473
-0.02169606056
-0.01609048005
-0.01019615652
-0.003869367579
0.003128250431
0.01117310248
0.0206128525
0.03250443713
0.04340686474
0.05178341805
-0.0208396163
-0.02113719975
-0.0206430338
-0.01951150941
-0.0178060084
-0.01570882897
-0.01343951476
-0.01141505473
-0.00985094697
-0.008958873402
-0.008864996255
-0.009620102755
-0.01121344799
-0.01358348532
-0.01662949873
-0.02022345382
-0.02422112236
-0.02847214551
-0.03282858403
-0.03715150167
-0.0413154058
-0.04521067255
-0.04874435727
-0.05183982419
-0.05443572291
-0.05648459084
-0.05795149244
-0.05881261707
-0.05905433486
-0.05867208978
-0.05767037276
-0.05606082363
-0.05386122335
-0.05109936753
-0.0478078968
-0.04401779142
-0.03976781508
-0.03509439824
-0.03002695736
-0.02457529837
-0.01872531292
-0.01241045668
-0.005505599659
0.002233549379
0.01114619088
0.0217639599
0.03457085313
0.05051880992
0.06589217535
0.07957353961
-0.02107586017
-0.02146536932
-0.02068625897
-0.01914467302
-0.01697707807
-0.0144007993
-0.01172417383
-0.009279075873
-0.00736722242
-0.006191755549
-0.005869532991
-0.006446790609
-0.00790807414
-0.01018697486
-0.01317895868
-0.01675331702
-0.02076374031
-0.02505771773
-0.0294846177
-0.03390207138
-0.0381804899
-0.04220573434
-0.04588028569
-0.04912317098
-0.05186922624
-0.05406779365
-0.05568147533
-0.05668453771
-0.05706199717
-0.05680802644
-0.05592551347
-0.05442332643
-0.05231638472
-0.04962461719
-0.04638987236
-0.04262001297
-0.03833942265
-0.03356157993
-0.0282860426
-0.02247577822
-0.01605753523
-0.008872637703
-0.0006861990896
0.008912835247
0.02043023464
0.03463580172
0.05208127936
0.07351209631
0.0949330041
0.1175590459
-0.02231921981
-0.02256566108
-0.0211812009
-0.01901169288
-0.01625983948
-0.01315691797
-0.01004285566
-0.007254578156
-0.00505609953
-0.003678159923
-0.003206511735
-0.003678195667
-0.005070339094
-0.007309967725
-0.01028813086
-0.01387150585
-0.01791224441
-0.02225664245
-0.02675270447
-0.03125621219
-0.03563518976
-0.03977265153
-0.04356804216
-0.04693734885
-0.0498126886
-0.05214094968
-0.05388282701
-0.05501091834
-0.05550908485
-0.05537008672
-0.05459572328
-0.05319354511
-0.0511780942
-0.04856279503
-0.04535427732
-0.04158650933
-0.03726481732
-0.03236841692
-0.02686194342
-0.02064847905
-0.01358104941
-0.00536945549
0.004379943939
0.01634438158
0.03130537372
0.05044260179
0.07446605062
0.1040237995
0.1349637134
0.1717734012
-0.02665801142
-0.02497729639
-0.02227858221
-0.0193156544
-0.01589057344
-0.01221470683
-0.008652150869
-0.005544549646
-0.003123421037
-0.001606586261
-0.001047834137
-0.001470357486
-0.002840246478
-0.005076674211
-0.008066096661
-0.01167290515
-0.01574820151
-0.02013783105
-0.02468947676
-0.02925834891
-0.03371154351
-0.03793071952
-0.04181375308
-0.04527484558
-0.04824446787
-0.05066782833
-0.05250438963
-0.05372535773
-0.05431379765
-0.05426094983
-0.0535677038
-0.05223829999
-0.05028385062
-0.04771100683
-0.04453460966
-0.0407612541
-0.03638945245
-0.03136791047
-0.02562684066
-0.01899514578
-0.01124373995
-0.001911863487
0.009593353615
0.02433306332
0.04350887245
0.06902075429
0.1021355915
0.1443013895
0.1922457647
0.2522465229
-0.03306687294
-0.03071019773
-0.02630565832
-0.02140883801
-0.01662882829
-0.01206445521
-0.007919234596
-0.004435401262
-0.001805968822
-0.0001535868439
0.0004766673252
8.882583085e-05
-0.001266834861
-0.003501020036
-0.006495703515
-0.01011324952
-0.01420434799
-0.01861519915
-0.02319406142
-0.0277965332
-0.0322898131
-0.03655522285
-0.04049005913
-0.04400758446
-0.04703737851
-0.04952349997
-0.05142462188
-0.05271075874
-0.0533644264
-0.05337543365
-0.05274426313
-0.05147293422
-0.04957184044
-0.047042319
-0.04389031003
-0.04010669369
-0.03568622216
-0.03054834528
-0.02459866216
-0.01759144278
-0.009229931027
0.001126325443
0.01425779489
0.03169703337
0.05519472327
0.08790679908
0.1324225754
0.1931148952
0.2691873401
0.3712824854
-0.08324253994
-0.03223429242
-0.02031930674
-0.01578955267
-0.01164103402
-0.007557555528
-0.003943327477
-0.0009932935385
0.001188938779
0.002501880583
0.002878927195
0.00230417281
0.0008116155168
-0.001522929177
-0.004592248013
-0.008267407106
-0.0124061722
-0.01686035812
-0.02148248134
-0.02613115069
-0.03067549744
-0.03499784876
-0.03899578032
-0.04258226484
-0.04568622428
-0.04825079178
-0.05023360038
-0.05160346289
-0.0523416793
-0.05243655599
-0.05188733154
-0.05069473679
-0.04887046467
-0.04641902711
-0.04335353005
-0.03963453541
-0.03523288764
-0.03005734577
-0.02401346465
-0.01681143522
-0.008129973824
0.002787618926
0.01678214314
0.03570984496
0.06165591664
0.0992978294
0.1537851503
0.2368871313
0.3553402142
0.5237715247
)
;

boundaryField
{
    movingWall
    {
        type            zeroGradient;
    }
    fixedWalls
    {
        type            zeroGradient;
    }
    frontAndBack
    {
        type            empty;
    }
}


// ************************************************************************* //
