/*--------------------------------*- C++ -*----------------------------------*\
  =========                 |
  \\      /  F ield         | OpenFOAM: The Open Source CFD Toolbox
   \\    /   O peration     | Website:  https://openfoam.org
    \\  /    A nd           | Version:  11
     \\/     M anipulation  |
\*---------------------------------------------------------------------------*/
FoamFile
{
    format      ascii;
    class       volScalarField;
    location    "30";
    object      p;
}
// * * * * * * * * * * * * * * * * * * * * * * * * * * * * * * * * * * * * * //

dimensions      [0 2 -2 0 0 0 0];

internalField   nonuniform List<scalar> 
2500
(
-5.235649442e-09
2.917757977e-05
-1.072331384e-05
-0.0001091227394
-0.0002579337902
-0.0004476623098
-0.0006702719778
-0.0009215783834
-0.001201100686
-0.001510662235
-0.001852609793
-0.002228181447
-0.0026358605
-0.003070762371
-0.003523641815
-0.003980468891
-0.004422216414
-0.004825095338
-0.005161435656
-0.005401342306
-0.005515140187
-0.005476474209
-0.005265804717
-0.004874026957
-0.004305785272
-0.003581096367
-0.002734304505
-0.001826598278
-0.0009209082524
-9.26965999e-05
0.0005807348758
0.001029932859
0.001202688655
0.001073213481
0.0006466259322
-5.368870932e-05
-0.0009482097053
-0.001966670375
-0.003023619374
-0.004041105109
-0.004958766839
-0.005738688708
-0.006365061442
-0.006839770676
-0.007176649119
-0.007394530687
-0.007511743993
-0.007545227362
-0.007511924849
-0.007413892632
-2.973010051e-05
-8.561617411e-07
-4.16600012e-05
-0.0001324303276
-0.0002648197806
-0.0004321111188
-0.0006285155641
-0.0008512875864
-0.001100353446
-0.001377490568
-0.001684940877
-0.002023993628
-0.002393961102
-0.002791342441
-0.003209092196
-0.003635992232
-0.004056211347
-0.004449221582
-0.004790276436
-0.005051627302
-0.00520456458
-0.005222250731
-0.005083265569
-0.00477597402
-0.004303457186
-0.003683675494
-0.002932052414
-0.002108511863
-0.001277985771
-0.0005137918256
0.0001095105126
0.0005242188
0.0006791121497
0.0005483452064
0.0001367048951
-0.0005214884206
-0.001369159913
-0.00231964366
-0.003296070211
-0.004226199967
-0.005055467152
-0.005754424054
-0.006312748538
-0.006735826637
-0.007039485617
-0.007242734868
-0.007363252017
-0.007416170002
-0.007407135355
-0.007310067063
9.826195178e-06
3.569464124e-05
-8.587409284e-06
-9.909109271e-05
-0.0002258308247
-0.0003821445993
-0.000563073554
-0.0007668175503
-0.0009948533609
-0.001250536972
-0.001537782921
-0.00185982471
-0.002218221814
-0.002611970807
-0.003036559871
-0.003482976933
-0.003936787193
-0.004377601114
-0.004779298951
-0.005111296151
-0.005340940834
-0.005436956103
-0.005373728802
-0.005135419411
-0.004716928327
-0.004124405408
-0.003405508598
-0.002602747345
-0.001778333663
-0.001007111821
-0.0003666664509
7.167349945e-05
0.0002528102303
0.0001470736251
-0.0002438122304
-0.0008855256447
-0.001715315075
-0.002652107954
-0.003609351863
-0.00451066989
-0.005302366693
-0.005954243978
-0.006463522571
-0.006838312507
-0.007099761744
-0.007271068639
-0.007372067363
-0.007417412402
-0.007405773067
-0.007290341333
0.0001133897173
0.000123384644
6.964583298e-05
-2.581361292e-05
-0.0001522219817
-0.0003026064917
-0.0004728173802
-0.0006630313484
-0.0008771598095
-0.001121559216
-0.001403523279
-0.001729955283
-0.002106181749
-0.00253467503
-0.003013508946
-0.003534652139
-0.004082508514
-0.00463325861
-0.005155468391
-0.005612152154
-0.005964132944
-0.006174297366
-0.006212131128
-0.006057437282
-0.005702265974
-0.005154229562
-0.004452185924
-0.003644077855
-0.00279256028
-0.001973131985
-0.001266256671
-0.0007482743201
-0.0004810377118
-0.0005019773331
-0.0008167358047
-0.001396266184
-0.002179326385
-0.003082539058
-0.004014501481
-0.004895967186
-0.005660443654
-0.006278527364
-0.006741932554
-0.007068606032
-0.007283309304
-0.007414126302
-0.00748482517
-0.00751153683
-0.007490206787
-0.00736356915
0.0002797608355
0.0002594334505
0.0001901572082
8.575203693e-05
-4.442494222e-05
-0.0001940394734
-0.0003607738715
-0.0005477215032
-0.000762746917
-0.001016935828
-0.001322817971
-0.001692611481
-0.002136349098
-0.00265967029
-0.003261355611
-0.003931061604
-0.004647964209
-0.005380882437
-0.00609006584
-0.006730452024
-0.007255932136
-0.007623887664
-0.007798957798
-0.007755623919
-0.007482228844
-0.006990141581
-0.006312858843
-0.005493923289
-0.004594705193
-0.003690565217
-0.002864257063
-0.002197601084
-0.001761496003
-0.001605455673
-0.001748597314
-0.002174405243
-0.002830979226
-0.003638613901
-0.004503908977
-0.005337687443
-0.006068299769
-0.006654766078
-0.007084160041
-0.007372569958
-0.007547662681
-0.007641660613
-0.00768265913
-0.007689910688
-0.007660829834
-0.007539253624
0.0005034039117
0.0004396342815
0.0003505146729
0.0002350278443
9.62002595e-05
-6.060310593e-05
-0.0002363676926
-0.0004388123368
-0.0006815177331
-0.0009821129393
-0.001359882867
-0.001833027478
-0.002415531547
-0.003113770086
-0.003923423359
-0.00482747792
-0.005795989359
-0.006787735486
-0.007753402793
-0.008639792481
-0.009394492262
-0.009970122816
-0.01032698074
-0.0104345918
-0.01027700071
-0.009864386256
-0.009224264771
-0.008395067834
-0.007433495936
-0.006411556931
-0.005411810243
-0.004520309655
-0.003817714825
-0.003368958637
-0.003212920371
-0.003354381909
-0.003760843788
-0.004366194536
-0.005082001181
-0.005814265131
-0.006481148913
-0.007027715527
-0.007431247701
-0.007695024731
-0.007846816713
-0.007918839132
-0.007941626077
-0.007937491065
-0.007907591262
-0.007805068159
0.0007711559062
0.0006549067281
0.0005464814251
0.0004144512893
0.0002604729265
8.472025598e-05
-0.0001193847467
-0.0003660870842
-0.0006764957611
-0.001076164427
-0.001591526134
-0.002245628122
-0.00305355233
-0.004018256435
-0.005127794837
-0.00635462524
-0.007657163075
-0.008983062823
-0.01027343876
-0.01146749808
-0.01250715429
-0.0133407407
-0.013924733
-0.01422444943
-0.01421922046
-0.01391450325
-0.01333400146
-0.01250763043
-0.01148388705
-0.01032761172
-0.009117060077
-0.007938749264
-0.006880619168
-0.006023064066
-0.005428363799
-0.005130507217
-0.005127867633
-0.00538129893
-0.005819881327
-0.006354329068
-0.006895243138
-0.007371171164
-0.00774016419
-0.007991404933
-0.008138222848
-0.008208786418
-0.008231955003
-0.008231234047
-0.008210845903
-0.008136422413
0.001061416999
0.0008888677189
0.0007550852755
0.00060552395
0.000427954117
0.0002162424999
-4.348132589e-05
-0.0003738819437
-0.0008049700406
-0.001370497695
-0.002102694871
-0.003026312053
-0.004153046345
-0.005477603056
-0.006976256661
-0.008608125373
-0.01031856554
-0.01204375786
-0.01371559954
-0.01526643242
-0.01663332353
-0.01776131231
-0.01860466908
-0.01912689135
-0.0193039299
-0.01913425287
-0.01863932517
-0.01783901342
-0.01677116837
-0.01548994536
-0.01406428631
-0.01257507077
-0.01111101431
-0.009762219701
-0.008611879741
-0.007726146807
-0.007143463698
-0.006866304242
-0.006858941697
-0.007053299358
-0.007363279264
-0.007704023135
-0.008009676867
-0.008243823481
-0.008399458309
-0.00848882176
-0.008531855905
-0.008552207557
-0.008552903555
-0.008510745048
0.001346571635
0.001109445028
0.0009518975336
0.000779371784
0.0005650949404
0.0002942200343
-5.657305939e-05
-0.0005198606704
-0.001134918943
-0.001942378171
-0.002977036603
-0.004260609657
-0.005796137957
-0.007565314711
-0.009529111552
-0.01163122284
-0.01380309001
-0.01596943573
-0.01805364432
-0.01998251651
-0.02169014971
-0.02312063379
-0.0242291439
-0.02498157912
-0.0253545501
-0.02533928129
-0.02495184245
-0.02420556853
-0.02312771045
-0.02175929051
-0.0201549684
-0.01838264287
-0.01652246087
-0.01466427392
-0.01290286133
-0.01133016549
-0.01002497211
-0.009041384505
-0.008397540151
-0.008069991145
-0.007997451058
-0.008095029593
-0.00827508715
-0.008467269791
-0.008630227982
-0.008752245416
-0.00883609185
-0.008892635835
-0.008924915429
-0.008915768018
0.001579445912
0.001279945254
0.001097388478
0.0008938243023
0.0006253669821
0.0002662698916
-0.0002178067368
-0.0008698952958
-0.001737470074
-0.002864986554
-0.004285011827
-0.006010555412
-0.008030558198
-0.010309345
-0.0127896723
-0.01539816088
-0.01805185103
-0.02066475307
-0.02315365801
-0.02544271793
-0.02746656747
-0.02917208619
-0.03051908355
-0.03147973862
-0.0320359628
-0.03217675284
-0.03190931134
-0.03124334188
-0.0301975628
-0.02879991651
-0.02708817458
-0.02511157309
-0.02293242719
-0.02062749459
-0.01828795458
-0.01601685588
-0.01392269463
-0.01210824249
-0.0106555644
-0.009609319867
-0.008963799241
-0.008662137707
-0.008610759701
-0.008705379372
-0.008858342521
-0.009015053753
-0.009150339737
-0.009256460328
-0.009328591366
-0.00935225197
0.001712061037
0.00135285821
0.001142465433
0.0008967627754
0.0005526254119
7.191173199e-05
-0.0005914174082
-0.001490141231
-0.002677298185
-0.004196596721
-0.006072544017
-0.008303487583
-0.01085913569
-0.0136826222
-0.01669615148
-0.01980857478
-0.02292348056
-0.02594664745
-0.02879199102
-0.03138547411
-0.03366691492
-0.03559025536
-0.03712326135
-0.03824674089
-0.0389510178
-0.03922856121
-0.03907750074
-0.03850701995
-0.03752984052
-0.03616280168
-0.03442754863
-0.03235308914
-0.02997867673
-0.02735778803
-0.02456230522
-0.0216859998
-0.01884523195
-0.01617423787
-0.01381238305
-0.01188246214
-0.01046366461
-0.009567001642
-0.009128468462
-0.009027168972
-0.009124075915
-0.009303500261
-0.009493896147
-0.009657822262
-0.009776029352
-0.009833281631
0.001688984217
0.001274901597
0.001032417747
0.0007307725781
0.0002868326631
-0.0003505086815
-0.001238589444
-0.002437866398
-0.004002899971
-0.005971033391
-0.008352558721
-0.01112548295
-0.01423577117
-0.01760259763
-0.02112679769
-0.02470066933
-0.02821747708
-0.03157931604
-0.03470244217
-0.03751975965
-0.03998078306
-0.04205005324
-0.04370542668
-0.04493684614
-0.04574328075
-0.04612388944
-0.04607159855
-0.04559706183
-0.04470912397
-0.04341659572
-0.04172865084
-0.03965701738
-0.03721862739
-0.0344402295
-0.03136470737
-0.02805901707
-0.024622196
-0.02119048302
-0.01793465332
-0.01504388585
-0.01269294711
-0.01099761143
-0.009973985825
-0.009527437177
-0.009483577176
-0.009652798029
-0.00989132083
-0.01011689144
-0.0102863234
-0.01038101961
0.001454582984
0.0009925077752
0.000712409609
0.000339501795
-0.0002286858258
-0.001055792462
-0.002208909333
-0.003752867089
-0.005738717959
-0.008191469803
-0.0111013548
-0.01442116634
-0.01807008589
-0.02194245513
-0.02591921619
-0.02987979266
-0.03371241539
-0.03732143768
-0.04063103048
-0.04358551302
-0.04614719355
-0.04829300646
-0.05001144896
-0.05130068669
-0.05216620762
-0.05261349029
-0.05263650234
-0.05224677701
-0.05145074162
-0.05025258513
-0.04865397513
-0.04665507789
-0.0442560463
-0.04146057529
-0.03828193433
-0.03475230256
-0.03093523395
-0.02693957908
-0.0229301906
-0.01912710681
-0.01578272679
-0.01313048174
-0.01131367713
-0.01032654726
-0.01000771748
-0.01010255071
-0.01037040621
-0.01065661757
-0.01088203615
-0.01102127284
0.00095953766
0.0004579198803
0.0001340825255
-0.0003251996261
-0.001039720897
-0.00208424653
-0.003533050734
-0.005451164676
-0.007880738324
-0.01082880794
-0.01426064826
-0.01810065426
-0.02224030758
-0.02655072428
-0.03089697033
-0.03515138723
-0.03920365701
-0.04296637562
-0.04637619749
-0.0493915961
-0.05198868308
-0.05415652775
-0.05589324807
-0.05720354892
-0.05809665039
-0.0585814922
-0.05865804384
-0.05833622126
-0.057621568
-0.05651655475
-0.05501978508
-0.05312583585
-0.05082541951
-0.04810707039
-0.04496122769
-0.04138805943
-0.03741029837
-0.03309150418
-0.02855749069
-0.02401369647
-0.01974468287
-0.01607808378
-0.0133031699
-0.01156360347
-0.01078633255
-0.01069980479
-0.01095850916
-0.01129897184
-0.01158570533
-0.01178052224
0.0001667657063
-0.0003647299462
-0.0007380389951
-0.001296725253
-0.002174760747
-0.003455803127
-0.005218020364
-0.007522108871
-0.01039619896
-0.01382477181
-0.01774492222
-0.02205165525
-0.02661031476
-0.03127285877
-0.03589445256
-0.04034712182
-0.04452824949
-0.04836336014
-0.0518042127
-0.05482404351
-0.05741180036
-0.05956677812
-0.06129450752
-0.06260409515
-0.0635062223
-0.06401054748
-0.06412352122
-0.06385252768
-0.06320311804
-0.06217776422
-0.06077494398
-0.05898819205
-0.05680524545
-0.05420797191
-0.0511738794
-0.04768079711
-0.04371686864
-0.0392979446
-0.03449337932
-0.02945696171
-0.02445133366
-0.01984334693
-0.01604266638
-0.01337363477
-0.01192829784
-0.01150454833
-0.01168624647
-0.01206716374
-0.01241895791
-0.01268355614
-0.0009436887777
-0.001494408599
-0.001921483144
-0.002588876354
-0.003640758592
-0.005166865897
-0.007245620181
-0.009929049591
-0.01322717597
-0.01709884764
-0.02145188203
-0.02615324985
-0.03104599543
-0.03596874645
-0.04077353236
-0.04533842071
-0.04957328072
-0.053419171
-0.05684340335
-0.05983272927
-0.06238660421
-0.06451172777
-0.06621829408
-0.06751761192
-0.06842043734
-0.06893610012
-0.06907379284
-0.06883974721
-0.06823946653
-0.06727609395
-0.06594948204
-0.06425488679
-0.06218150029
-0.05971106728
-0.05681725316
-0.05346706619
-0.04962638205
-0.04527282275
-0.04041947581
-0.03515082518
-0.02966538872
-0.02430561775
-0.01953892075
-0.01585019233
-0.0135476979
-0.01259415829
-0.01259059264
-0.0129839942
-0.01340205454
-0.0137525789
-0.002371702338
-0.002930149265
-0.003412956179
-0.004193486182
-0.005421625749
-0.007190088738
-0.009574028775
-0.01261323553
-0.01629693222
-0.02055711539
-0.02527337888
-0.03028806979
-0.03542733835
-0.04052297746
-0.045430182
-0.05003793187
-0.05427127806
-0.05808726075
-0.0614673969
-0.06440948308
-0.06692056717
-0.06901188238
-0.07069573203
-0.0719837389
-0.07288583912
-0.07341041712
-0.07356637439
-0.07335944907
-0.07279503214
-0.07187701635
-0.07060705073
-0.06898325195
-0.06699854596
-0.0646386165
-0.06187982967
-0.05868797733
-0.05501956733
-0.05082877923
-0.04608479694
-0.04080468988
-0.03510314292
-0.02924843781
-0.02369154924
-0.01901222307
-0.01573417562
-0.01405831156
-0.01371854241
-0.01407457055
-0.01455505336
-0.01500749403
-0.00409624124
-0.004650234193
-0.005187836979
-0.00608056133
-0.00747938067
-0.009476906127
-0.01214198144
-0.01549976794
-0.01951750848
-0.02410105332
-0.02910465527
-0.03435084912
-0.03965490802
-0.04484787188
-0.04979301622
-0.05439311098
-0.05858900483
-0.06235244643
-0.06567668304
-0.06856762466
-0.07103705214
-0.07309823222
-0.07476360042
-0.07604376225
-0.07694721759
-0.07748097961
-0.0776522491
-0.07746628237
-0.07692820763
-0.07604248005
-0.07481237401
-0.07323893642
-0.0713194584
-0.069045303
-0.06639915665
-0.06335208778
-0.05986154077
-0.05587274587
-0.05132819338
-0.04619225502
-0.04049771641
-0.03441381004
-0.02831435004
-0.02278975842
-0.01852089079
-0.01597884188
-0.0151281912
-0.01536495161
-0.01589674773
-0.01646521749
-0.006076784704
-0.006613711091
-0.007202090978
-0.008200870586
-0.00975764938
-0.01196212588
-0.01487453004
-0.01850431125
-0.0227970837
-0.02763487493
-0.03285074818
-0.03825284216
-0.04365128047
-0.04888124166
-0.05381718852
-0.05837660554
-0.06251511208
-0.06621682826
-0.06948383718
-0.07232731517
-0.07476133085
-0.07679930399
-0.07845249629
-0.07972971728
-0.08063765704
-0.08118172374
-0.08136718015
-0.08119858947
-0.08068066896
-0.07981816509
-0.07861556287
-0.07707635777
-0.07520184373
-0.07298919151
-0.07042865217
-0.06749988202
-0.06416789863
-0.06038028134
-0.0560693448
-0.05116642026
-0.0456385872
-0.0395552717
-0.03317851488
-0.0270340076
-0.02187022714
-0.01840082612
-0.01688142863
-0.01688030427
-0.01744203786
-0.0181377162
-0.008256769009
-0.008763931697
-0.009396129653
-0.01049032018
-0.01218667243
-0.01456959223
-0.01768925449
-0.02153953397
-0.02604611776
-0.03107068418
-0.03642987973
-0.04192273617
-0.04735901996
-0.05258138359
-0.05747680301
-0.06197683862
-0.06604981249
-0.06968944822
-0.0729038614
-0.07570706538
-0.07811356526
-0.08013568217
-0.08178277604
-0.0830615261
-0.08397668443
-0.08453201793
-0.08473115147
-0.08457780879
-0.08407622661
-0.08323121224
-0.08204802391
-0.08053194375
-0.07868745159
-0.07651675135
-0.07401734687
-0.07117837151
-0.06797565531
-0.06436629715
-0.06028525958
-0.05564989265
-0.05038347371
-0.04447162819
-0.03805677201
-0.03154980667
-0.02567620112
-0.02131229741
-0.01902451995
-0.01864457857
-0.01919858788
-0.02002930979
-0.01056827445
-0.01103335786
-0.01169981358
-0.01287529556
-0.01468896254
-0.01721803561
-0.02050208252
-0.02452050336
-0.0291817964
-0.03433139932
-0.03977435114
-0.0453052082
-0.05073691358
-0.05592136785
-0.0607579206
-0.0651905278
-0.06919766865
-0.07277994112
-0.0759490786
-0.07872006624
-0.0811065881
-0.083119147
-0.08476490146
-0.08604837451
-0.08697246189
-0.08753942062
-0.08775162573
-0.08761199914
-0.08712431101
-0.08629329819
-0.08512465208
-0.08362483102
-0.0818006021
-0.0796580785
-0.07720088638
-0.07442698983
-0.07132375901
-0.06786132392
-0.06398556041
-0.05961493393
-0.0546509063
-0.04901874095
-0.04275379462
-0.03613091056
-0.02978115747
-0.02464417376
-0.02156526343
-0.02067828416
-0.02116188369
-0.02213270825
-0.0129372173
-0.01334892295
-0.01403789009
-0.01527826801
-0.01718489851
-0.01982647003
-0.02323214527
-0.02736868542
-0.03213074956
-0.03735181814
-0.04282974145
-0.04835828922
-0.05375581522
-0.05888391229
-0.06365312909
-0.06801758718
-0.07196332008
-0.07549539169
-0.07862724707
-0.08137353975
-0.08374638223
-0.08575414197
-0.08740176096
-0.08869176279
-0.08962540175
-0.09020365894
-0.09042795186
-0.09030056838
-0.08982490406
-0.08900559337
-0.0878485573
-0.08636098255
-0.08455116367
-0.08242801499
-0.07999989435
-0.07727217959
-0.07424293375
-0.07089614041
-0.06719283816
-0.06306273288
-0.05840372257
-0.05310533951
-0.04711934733
-0.0405877781
-0.03400498131
-0.02828197789
-0.02446008504
-0.02298798962
-0.02331246142
-0.02442558207
-0.01528856066
-0.01563659776
-0.016335245
-0.01762308389
-0.01959767338
-0.02231862981
-0.0258054604
-0.03001456253
-0.03483033082
-0.04007839891
-0.04555321262
-0.05105043598
-0.05639492238
-0.06145740862
-0.06615784923
-0.07045812906
-0.07434943646
-0.07783932559
-0.08094155669
-0.08366962913
-0.0860337221
-0.08804002665
-0.08969141973
-0.09098866577
-0.09193163469
-0.09252028006
-0.09275529525
-0.09263850787
-0.09217306455
-0.0913635372
-0.0902159975
-0.08873809751
-0.08693912804
-0.08482991638
-0.08242225902
-0.07972732818
-0.07675225379
-0.07349399389
-0.06993001264
-0.06600687378
-0.06163185229
-0.05668083584
-0.0510482462
-0.04476308762
-0.03816865917
-0.03207678479
-0.02762264278
-0.02555135804
-0.02561717035
-0.02686774325
-0.01755675348
-0.01782412748
-0.01852231865
-0.01983955404
-0.02185729389
-0.02462635001
-0.02815746448
-0.03239908446
-0.03722884708
-0.04246828612
-0.04791151731
-0.05335785895
-0.05863885468
-0.06363318496
-0.06826813276
-0.0725110156
-0.07635610103
-0.07981189086
-0.08289150337
-0.08560683023
-0.08796602486
-0.08997322899
-0.09162948672
-0.09293406072
-0.09388567494
-0.0944834635
-0.09472757646
-0.09461951868
-0.09416230046
-0.09336050292
-0.09222035537
-0.09074986718
-0.08895902356
-0.08685996364
-0.08446691618
-0.08179537742
-0.07885972913
-0.07566816349
-0.07221389001
-0.06846251328
-0.0643385725
-0.05972122375
-0.05447279313
-0.04853588929
-0.04211019442
-0.03586523218
-0.03093489183
-0.02830704775
-0.02803259513
-0.02940216777
-0.01967268269
-0.01985603047
-0.02053995807
-0.02186685637
-0.02390356029
-0.02669182423
-0.0302345006
-0.03447421816
-0.03928515319
-0.0444880575
-0.04987912938
-0.05526236569
-0.06047556781
-0.06540379723
-0.06997953239
-0.0741733863
-0.07798096791
-0.0814105553
-0.08447400309
-0.08718139636
-0.0895389361
-0.09154892687
-0.09321083313
-0.09452265025
-0.09548214791
-0.09608778895
-0.09633929623
-0.0962379424
-0.09578667913
-0.09499016553
-0.0938548357
-0.09238904948
-0.09060336461
-0.08851089773
-0.08612764451
-0.08347229116
-0.08056481894
-0.07742268382
-0.07405311915
-0.07044062734
-0.06653082222
-0.06221747131
-0.05735253712
-0.05181890872
-0.04569415728
-0.03948911718
-0.03426178172
-0.03115513025
-0.03050668192
-0.03196012716
-0.02158376406
-0.02167591836
-0.02234186611
-0.02365527215
-0.02568819684
-0.02846911683
-0.03199468363
-0.03620296426
-0.04096789449
-0.04611238606
-0.05143660232
-0.05674972918
-0.06189499838
-0.06676211674
-0.07128669374
-0.0754407355
-0.07921975129
-0.08263091266
-0.08568440903
-0.08838846805
-0.09074749323
-0.09276219003
-0.09443067916
-0.09574988138
-0.09671674901
-0.09732916094
-0.09758646654
-0.09748974499
-0.09704192374
-0.0962477834
-0.09511401277
-0.09364936346
-0.09186496122
-0.0897747691
-0.08739618408
-0.08475032763
-0.08186149821
-0.07875458102
-0.07544877997
-0.07194598296
-0.06821382491
-0.06416727233
-0.05966416076
-0.05455224565
-0.04881426588
-0.04280651389
-0.03745982682
-0.03397720914
-0.0329757452
-0.03446721813
-0.02325234208
-0.02325256994
-0.02387917251
-0.0251681569
-0.02717563925
-0.02992461989
-0.03340805293
-0.03755888763
-0.0422547035
-0.04732293834
-0.05256932315
-0.05780851496
-0.06288816676
-0.06770082787
-0.07218326348
-0.07630717821
-0.08006675334
-0.08346738115
-0.08651728998
-0.08922286209
-0.09158687738
-0.09360866485
-0.09528519884
-0.09661247007
-0.09758669847
-0.09820521413
-0.09846699535
-0.09837291503
-0.0979258688
-0.09713076507
-0.09599457391
-0.09452648758
-0.09273826401
-0.09064471509
-0.08826446299
-0.08562066035
-0.08274107997
-0.07965656317
-0.0763962788
-0.07297745133
-0.06938884005
-0.06556952395
-0.06139398952
-0.0566963006
-0.05139078621
-0.04569729129
-0.04039279253
-0.03666160075
-0.03535607259
-0.03684607809
-0.02465199173
-0.02456255321
-0.0251349297
-0.02637944794
-0.02834213489
-0.03103969164
-0.03445542631
-0.03852552131
-0.04313137359
-0.04810741761
-0.05326660105
-0.05842935951
-0.06344676706
-0.06821236905
-0.07266210683
-0.07676583952
-0.08051533124
-0.083913721
-0.08696694319
-0.08967954848
-0.0920528345
-0.09408492857
-0.09577180539
-0.09710862294
-0.09809091008
-0.09871544178
-0.0989807869
-0.09888756733
-0.09843858782
-0.09763885861
-0.09649561938
-0.09501853327
-0.09322007834
-0.09111597117
-0.08872599871
-0.08607522751
-0.08319447989
-0.08011948831
-0.07688767711
-0.07352954139
-0.07005305231
-0.066421796
-0.06253326547
-0.05822454072
-0.05336529828
-0.04806463858
-0.0429412495
-0.0391019114
-0.03755419584
-0.03901737891
-0.02576923891
-0.02559440005
-0.02610166907
-0.02728212559
-0.02917760648
-0.03180022307
-0.03512737531
-0.03909602557
-0.04359317285
-0.04846209891
-0.05352448488
-0.05860715942
-0.06356424752
-0.06828911806
-0.07271523218
-0.07680887889
-0.08055831795
-0.08396339693
-0.08702768794
-0.08975388442
-0.09214185965
-0.0941886209
-0.09588923699
-0.09723808786
-0.0982300163
-0.09886120586
-0.09912975558
-0.09903594238
-0.09858240012
-0.09777419683
-0.096618791
-0.09512633002
-0.09331004354
-0.09118633907
-0.08877674804
-0.08610804413
-0.08321391651
-0.08013435697
-0.07691387183
-0.07359437395
-0.07020071134
-0.06671976906
-0.06307511936
-0.05911842589
-0.05469542899
-0.04983246072
-0.04500100611
-0.04118924943
-0.03947701551
-0.0409026646
-0.02660335912
-0.02634998772
-0.02678307274
-0.02788094992
-0.02968616237
-0.03220907763
-0.03542372235
-0.03926845227
-0.04363756617
-0.0483845854
-0.0533407317
-0.05833932713
-0.06323700912
-0.06792599938
-0.07233611785
-0.07642893754
-0.08018810731
-0.0836095557
-0.08669388698
-0.08944164836
-0.09185119772
-0.09391843136
-0.09563753702
-0.09700212542
-0.09800633264
-0.09864569524
-0.09891774737
-0.09882235623
-0.09836188153
-0.09754131318
-0.09636830686
-0.09485350986
-0.09301092532
-0.09085655562
-0.08841595584
-0.08571647308
-0.08279436833
-0.07969400488
-0.07646655164
-0.07316365346
-0.06982472147
-0.06645782229
-0.0630132525
-0.05936445008
-0.05535059098
-0.05094144163
-0.04648156871
-0.04281809771
-0.04103233807
-0.04242654975
-0.0271649377
-0.02684300168
-0.02719426536
-0.02819166985
-0.02988329105
-0.03228081475
-0.03535681301
-0.03905263412
-0.04327150853
-0.04787865249
-0.0527158438
-0.05762327746
-0.06245984874
-0.06711589234
-0.07151655522
-0.07561754286
-0.07939675461
-0.08284527956
-0.08596004434
-0.08873900573
-0.09117876516
-0.09327399532
-0.09501794622
-0.09640341898
-0.0974237946
-0.09807389532
-0.09835060428
-0.09825325871
-0.09778381844
-0.09694710796
-0.09575085008
-0.094205973
-0.09232696278
-0.09013234912
-0.0876471566
-0.08490215219
-0.08193497192
-0.07879529314
-0.07554087004
-0.07223048724
-0.06891840894
-0.06563052149
-0.06234228351
-0.05895281323
-0.05530864559
-0.05134506409
-0.04730465941
-0.04388898432
-0.04213017041
-0.04351464659
-0.02747400258
-0.02709625702
-0.02736030076
-0.02824031389
-0.02979436492
-0.03203902828
-0.03494784644
-0.038466712
-0.04250920274
-0.04695381016
-0.05165435859
-0.05645889861
-0.06122883826
-0.06585217288
-0.07024839489
-0.07436608183
-0.07817608804
-0.08166351179
-0.08482070601
-0.08764240109
-0.09012302201
-0.09225575896
-0.09403277031
-0.09544595083
-0.09648785085
-0.09715250086
-0.09743603843
-0.09733716175
-0.09685729962
-0.09600102615
-0.09477598954
-0.09319334272
-0.09126821852
-0.08902053587
-0.08647633763
-0.08366877851
-0.08063964654
-0.07744195982
-0.07413837892
-0.0707922363
-0.06747853768
-0.06423500172
-0.06105931615
-0.0578776731
-0.05455371001
-0.05100638264
-0.04740185311
-0.04430743762
-0.04267975667
-0.04408712739
-0.02755787572
-0.02713913925
-0.02731363227
-0.02806127005
-0.02945333473
-0.03151525571
-0.03422493842
-0.03753478359
-0.04137013312
-0.04562437382
-0.05016514602
-0.05484980244
-0.05954300348
-0.06413031737
-0.06852478713
-0.07266661788
-0.07651820741
-0.08005730907
-0.08327055085
-0.08614854162
-0.08868288476
-0.09086485538
-0.0926852473
-0.09413488076
-0.09520536516
-0.09588985543
-0.09618366565
-0.096084777
-0.09559378288
-0.09471510192
-0.09345614627
-0.09182818958
-0.08984695544
-0.08753346759
-0.08491529431
-0.08202801128
-0.07891695152
-0.07563884092
-0.0722611788
-0.06885880216
-0.06550994446
-0.06227369825
-0.05916601236
-0.0561380778
-0.05307591799
-0.04989620919
-0.04671256855
-0.04398177791
-0.04258302173
-0.04404862392
-0.02744883459
-0.02700511142
-0.02709134031
-0.02769472756
-0.02890083745
-0.03074781838
-0.03322234991
-0.03628628047
-0.03987854077
-0.0439091181
-0.04826133791
-0.05280356571
-0.05740484409
-0.06194862616
-0.06634100834
-0.07051271146
-0.07441622205
-0.07802041439
-0.08130477723
-0.08425462085
-0.08685782832
-0.08910312446
-0.09097952
-0.09247649855
-0.09358456543
-0.09429589391
-0.09460493177
-0.09450906563
-0.09400725643
-0.09310421279
-0.09180693987
-0.09012673436
-0.08807979625
-0.08568816229
-0.0829810479
-0.0799964986
-0.07678323015
-0.07340211257
-0.06992623275
-0.06643851637
-0.06302471329
-0.05975721479
-0.05667116468
-0.05373998138
-0.05087257581
-0.04799304019
-0.04518324804
-0.04282074935
-0.04172550105
-0.04327608258
-0.02718171996
-0.02672929186
-0.02673236582
-0.02718384941
-0.02818173938
-0.02978001882
-0.03197939288
-0.03475538858
-0.03806314092
-0.04183118591
-0.0459604408
-0.05033211274
-0.05482103411
-0.05930922212
-0.06369566479
-0.06790069065
-0.07186545513
-0.07554830193
-0.07891994678
-0.08195896178
-0.08464835361
-0.08697344136
-0.08892086495
-0.09047839389
-0.09163519637
-0.09238229672
-0.09271303342
-0.09262349784
-0.09211403836
-0.09118629385
-0.08984757707
-0.08810937497
-0.08598826139
-0.08350721512
-0.08069709902
-0.07759842219
-0.07426325997
-0.07075681191
-0.06715771762
-0.06355575906
-0.06004458043
-0.0567072502
-0.05359343441
-0.05069870046
-0.04795039745
-0.04528490807
-0.04276852749
-0.0407322625
-0.03996814543
-0.04160801571
-0.02679165353
-0.02634626907
-0.02627489238
-0.02657179612
-0.02734224436
-0.02865766854
-0.03053858472
-0.03297978828
-0.03595637016
-0.03941781822
-0.0432845735
-0.04745248312
-0.051803691
-0.05621972276
-0.06059261515
-0.06483165814
-0.068865389
-0.07263995707
-0.0761155402
-0.07926232767
-0.08205706274
-0.08448058415
-0.08651639172
-0.08815003242
-0.08936903237
-0.09016312288
-0.09052460504
-0.09044874034
-0.08993426041
-0.08898293353
-0.08760159034
-0.08580157126
-0.08359974921
-0.08101999984
-0.07809478216
-0.07486700345
-0.07139203007
-0.06773930703
-0.06399269835
-0.06024808475
-0.05660619729
-0.05315867767
-0.04996695002
-0.04704088422
-0.04432851488
-0.04177261613
-0.03943432776
-0.03762486473
-0.03714584696
-0.03884032284
-0.02631200333
-0.02588831146
-0.02575407763
-0.02589874345
-0.02642662306
-0.02742606948
-0.02894313659
-0.03099877929
-0.03359316746
-0.03669981973
-0.04026066368
-0.04418777665
-0.04837201767
-0.05269545442
-0.05704358151
-0.06131430611
-0.06542250649
-0.06930060276
-0.07289647005
-0.07617016591
-0.07909061584
-0.08163291589
-0.08377648189
-0.08550398938
-0.08680091901
-0.08765548129
-0.08805877407
-0.08800496526
-0.08749177403
-0.08652051566
-0.0850979177
-0.08323503573
-0.0809489119
-0.078264262
-0.07521505261
-0.07184643783
-0.06821685204
-0.06439964074
-0.06048331702
-0.05656897046
-0.05276301266
-0.04916343828
-0.04583954893
-0.04281045714
-0.04004146022
-0.03747218452
-0.03516185407
-0.03341389921
-0.03307871903
-0.03473364814
-0.0257726844
-0.0253840668
-0.02520033238
-0.02519914545
-0.02547372523
-0.02612647797
-0.02723387978
-0.02885094118
-0.03100946902
-0.03371087793
-0.03692060006
-0.04056815473
-0.04455413081
-0.04876201991
-0.05307130602
-0.0573684708
-0.06155404026
-0.06554545642
-0.0692766949
-0.07269597578
-0.07576279651
-0.07844513213
-0.08071723223
-0.08255811935
-0.08395071631
-0.0848814238
-0.08534005496
-0.08531973666
-0.08481716911
-0.08383217969
-0.08237279787
-0.08044959507
-0.07807955916
-0.07528813089
-0.07211061682
-0.06859414131
-0.06479976865
-0.06080407659
-0.05669925494
-0.05259023343
-0.0485872015
-0.04479183024
-0.04127768512
-0.03806938617
-0.03513529278
-0.03241348978
-0.0299494326
-0.02803082314
-0.02759476004
-0.02903266697
-0.02519883383
-0.02485779463
-0.02463825958
-0.02449951268
-0.02451357089
-0.02479211146
-0.02544569274
-0.02657147549
-0.02824054246
-0.03048689402
-0.03330146562
-0.0366319382
-0.04038901351
-0.0444580715
-0.04871305283
-0.05302921201
-0.05729243784
-0.06140437697
-0.065283862
-0.06886579769
-0.07209874465
-0.07494218057
-0.07736404618
-0.07933884135
-0.08084632326
-0.08187069465
-0.08240032942
-0.08242760396
-0.08194967969
-0.08096036353
-0.07947235534
-0.07749552078
-0.07504688686
-0.07215235356
-0.06884819503
-0.06518303058
-0.06121981787
-0.0570372546
-0.05272965474
-0.04840372022
-0.0441707985
-0.04013298381
-0.03636404973
-0.03288840266
-0.02967007924
-0.02663515912
-0.02380567941
-0.02142470735
-0.02054689086
-0.02148972284
-0.02460997796
-0.02432914433
-0.02408624912
-0.02381688176
-0.02356434984
-0.02344422702
-0.02360363304
-0.02418933155
-0.02531940385
-0.02706553765
-0.02944606019
-0.03242694306
-0.03592860447
-0.03983814681
-0.04402417249
-0.04835103646
-0.05269011542
-0.05692697865
-0.06096459572
-0.06472350243
-0.06814010338
-0.07116416269
-0.07375622854
-0.0758854069
-0.07752765106
-0.07866454068
-0.07928246527
-0.07937200271
-0.07892814569
-0.07795625123
-0.07645380942
-0.07443524927
-0.07191942988
-0.0689322648
-0.06551041509
-0.06170327342
-0.05757455687
-0.05320338441
-0.04868387117
-0.04412149216
-0.03962516358
-0.03529321072
-0.03119476615
-0.02734785703
-0.02370493923
-0.02016877009
-0.01672788127
-0.01353702526
-0.01179576558
-0.01187902332
-0.02402020582
-0.02381349768
-0.02355666606
-0.02315805796
-0.02263022902
-0.02208890699
-0.0217196435
-0.02172469775
-0.02227567358
-0.02348634563
-0.02540396523
-0.02801220294
-0.03124001597
-0.03497536038
-0.03908131373
-0.04341167005
-0.04782377815
-0.05218742175
-0.05638962969
-0.06033610926
-0.0639503669
-0.06717157404
-0.06995200963
-0.07225461703
-0.07405095112
-0.07531961766
-0.07604520411
-0.07621772606
-0.07583243847
-0.07488907315
-0.07338794997
-0.0713458228
-0.06878112704
-0.06571923473
-0.06219669412
-0.05826260019
-0.05397973911
-0.04942520528
-0.04468964334
-0.03987314381
-0.03507734844
-0.03039125915
-0.02587324854
-0.02152749912
-0.01728645132
-0.01301934196
-0.008671788888
-0.004242898902
-0.001144924792
2.054286646e-05
-0.02343917353
-0.02332366429
-0.02305673372
-0.02251979603
-0.0217005117
-0.020715639
-0.01979101757
-0.01918805996
-0.01913564407
-0.01979195808
-0.0212335123
-0.02346029036
-0.0264079368
-0.02996380682
-0.03398490194
-0.03831475384
-0.04279746116
-0.04728786367
-0.05165765599
-0.0557979557
-0.05961925174
-0.06304974192
-0.06603292153
-0.06852504363
-0.07049281458
-0.07191154027
-0.07276373244
-0.07303847503
-0.07273081486
-0.07184184209
-0.07036399515
-0.06832156437
-0.06573191072
-0.06262002937
-0.05902153148
-0.05498347789
-0.05056532119
-0.04583880498
-0.04088676253
-0.03579840091
-0.03066172931
-0.02554897055
-0.02049960407
-0.01549384398
-0.010433768
-0.005143796198
0.0004762247981
0.006711354503
0.0117264017
0.01452265695
-0.0228697052
-0.0228792074
-0.02259078031
-0.02189106804
-0.02075128821
-0.01929959499
-0.0178024795
-0.01658239156
-0.0159248324
-0.01603102118
-0.01700484342
-0.01886018226
-0.02153699744
-0.02492031074
-0.02886035369
-0.03319073152
-0.03774334068
-0.04235941196
-0.04689656186
-0.05123227011
-0.05526457836
-0.05891093203
-0.06210601162
-0.064799206
-0.06695216066
-0.06853665171
-0.0695328381
-0.06992792386
-0.06971506738
-0.06889420409
-0.06748049487
-0.0654686759
-0.06288304132
-0.05975156387
-0.05610788642
-0.05199476895
-0.04746533896
-0.04258181515
-0.03741384889
-0.03203280217
-0.02650487812
-0.02087529104
-0.01515332
-0.00928065802
-0.003117771362
0.003569029111
0.01096239288
0.01971846067
0.02724982853
0.03226356199
-0.02235016074
-0.02251308653
-0.02216086254
-0.02126014022
-0.01975251058
-0.01780992606
-0.01573441629
-0.01391072161
-0.01267457876
-0.01226378462
-0.01280452897
-0.01432074588
-0.01675399511
-0.01998535225
-0.02385779903
-0.02819559989
-0.03281982765
-0.03755988858
-0.04226114446
-0.04678903395
-0.05103038448
-0.05489273127
-0.05830244369
-0.06120229662
-0.06354896488
-0.06531071583
-0.06646546129
-0.06699933869
-0.06690588958
-0.06618633205
-0.06484779269
-0.06289456803
-0.06034634838
-0.05722900104
-0.05357301847
-0.04941501016
-0.04479876412
-0.03977229344
-0.03438598977
-0.0286848336
-0.02270277793
-0.01644351306
-0.009869490122
-0.002861295848
0.004781585187
0.01338357565
0.02323961182
0.03525483221
0.04610064365
0.05436352128
-0.02195909569
-0.02228570153
-0.02181069493
-0.02061382332
-0.01869596519
-0.01622954531
-0.01358031898
-0.01119042449
-0.009433416273
-0.008570316432
-0.008740809077
-0.009973382435
-0.01220833806
-0.01532159281
-0.01914892733
-0.02350635395
-0.02820594706
-0.03306750677
-0.03792643276
-0.042638238
-0.04708031695
-0.05115167274
-0.05477135365
-0.05787617457
-0.06041825591
-0.0623626096
-0.06368510573
-0.06437074512
-0.06441242479
-0.06380958622
-0.06256772251
-0.06069867483
-0.05821604285
-0.05514179212
-0.05150164893
-0.047323452
-0.04263897568
-0.03747741776
-0.03186381639
-0.02580652545
-0.01929407251
-0.01226725764
-0.004616183135
0.003878069817
0.01351236318
0.0247555931
0.03800798802
0.05408525618
0.06936126639
0.08288854936
-0.02191424822
-0.02237550754
-0.02164006494
-0.0200175595
-0.01758346488
-0.01456742845
-0.01138515298
-0.008477754022
-0.006284667808
-0.005063234954
-0.004951042791
-0.005974901943
-0.008071360335
-0.01111041894
-0.01492136103
-0.01931367171
-0.02409273038
-0.02907130294
-0.03407742294
-0.0389590972
-0.04358639519
-0.04785149731
-0.0516674395
-0.05496599616
-0.05769535115
-0.0598175815
-0.06130658586
-0.06214598922
-0.06232784673
-0.06185079934
-0.06071999414
-0.05894464777
-0.05653744332
-0.05351979419
-0.04991074843
-0.04572557214
-0.04098141822
-0.03568381786
-0.02982719722
-0.02337154438
-0.01624445184
-0.008292902732
0.0007030747435
0.01112686385
0.02343547868
0.03832121839
0.05623238414
0.07779340011
0.09905981913
0.1214748047
-0.02284638689
-0.02323694079
-0.02192527913
-0.01964623865
-0.01655649591
-0.01292988866
-0.009223842042
-0.005909497351
-0.003360036005
-0.001893150307
-0.001600806681
-0.002502125083
-0.0045278213
-0.007541253326
-0.01136630103
-0.01580804799
-0.02066772383
-0.02575376118
-0.03088951025
-0.03591798872
-0.04070419324
-0.04513537052
-0.04912006809
-0.05258613521
-0.05547862328
-0.05775715492
-0.05939404902
-0.06037168206
-0.06068149096
-0.06032141907
-0.05929607545
-0.05761314776
-0.05528403368
-0.05231716871
-0.04873127178
-0.04453543222
-0.03972922165
-0.0342882997
-0.02817274441
-0.021281483
-0.01346701295
-0.004443893165
0.00616614489
0.01900793338
0.03480584745
0.05464599645
0.0791239519
0.1087794398
0.1394965456
0.1759451243
-0.0269982898
-0.02552459942
-0.02292934493
-0.01980906817
-0.01594925175
-0.01164851681
-0.00741539972
-0.003735611335
-0.0009193012914
0.0006993755847
0.001086980467
0.0002368710776
-0.001771510004
-0.004793888391
-0.008649771024
-0.01314181327
-0.01806947847
-0.02323929932
-0.02847241969
-0.03360926852
-0.03851201542
-0.04306493938
-0.04717378899
-0.05076379726
-0.05377791874
-0.0561739285
-0.05792294553
-0.05900616943
-0.05941456835
-0.05914491003
-0.05820098619
-0.05658745602
-0.05431370475
-0.05138537616
-0.04781576368
-0.04360200282
-0.03873232093
-0.03314948456
-0.02677963071
-0.01944794577
-0.01092482144
-0.0007555254939
0.01163537472
0.02727131576
0.04728917286
0.07348168805
0.1069930378
0.1491653901
0.196758281
0.2562812929
-0.03359911876
-0.03153502145
-0.02722519819
-0.02203779525
-0.01667404349
-0.01135494817
-0.006454494328
-0.002343164896
0.0006871109099
0.002458198344
0.002922662405
0.002108536751
0.0001140934707
-0.002908843573
-0.006776524271
-0.01129040033
-0.01624972434
-0.02146099124
-0.02674500972
-0.03194136494
-0.03691099787
-0.04153659844
-0.0457222782
-0.04939152494
-0.05248584254
-0.0549615183
-0.05678872347
-0.05794749434
-0.05842840846
-0.05822713027
-0.05734759228
-0.05579276352
-0.05357098809
-0.05067860677
-0.04711941899
-0.04288502535
-0.03795872825
-0.03225199092
-0.02566548841
-0.01795078934
-0.008812458344
0.002379827399
0.01638413372
0.03468931749
0.05897818215
0.09229839981
0.137117407
0.1977051007
0.2733083334
0.374892297
-0.08406323874
-0.03338462321
-0.02148399181
-0.01658423519
-0.01180302502
-0.006941850958
-0.002546564844
0.001058319375
0.003672394872
0.005136752931
0.005377986415
0.004406367761
0.002303052889
-0.0007963261626
-0.004720839637
-0.009281559238
-0.01428496489
-0.01954273921
-0.02487902297
-0.03013514202
-0.03517254265
-0.03987352278
-0.04414120851
-0.0478977564
-0.05108318497
-0.05365227896
-0.0555737623
-0.05682627414
-0.05739906798
-0.05728644789
-0.05649152559
-0.05501743821
-0.05287682169
-0.05007315535
-0.04660645586
-0.042421815
-0.03750038638
-0.03174976584
-0.02506754717
-0.01715982881
-0.007707469145
0.004032137452
0.01887350898
0.03861994366
0.06528256602
0.1034333957
0.1581259175
0.2410582086
0.3590256413
0.5269562653
)
;

boundaryField
{
    movingWall
    {
        type            zeroGradient;
    }
    fixedWalls
    {
        type            zeroGradient;
    }
    frontAndBack
    {
        type            empty;
    }
}


// ************************************************************************* //
